0.112800 0.036800 0.015200
0.131200 0.036800 0.011200
0.145600 0.036800 0.011200
0.159200 0.037600 0.008800
0.170400 0.038400 0.016800
0.633600 0.055200 0.016000
0.576000 0.056000 0.012800
0.624000 0.056000 0.015200
0.643200 0.056000 0.016000
0.514400 0.056800 0.011200
0.552800 0.056800 0.012800
0.591200 0.056800 0.008800
0.614400 0.056800 0.008800
0.722400 0.056800 0.016800
0.856800 0.056800 0.011200
0.342400 0.057600 0.014400
0.416800 0.057600 0.011200
0.474400 0.057600 0.010400
0.492800 0.057600 0.011200
0.529600 0.057600 0.009600
0.602400 0.057600 0.008800
0.656000 0.057600 0.008800
0.709600 0.057600 0.011200
0.731200 0.057600 0.016800
0.798400 0.057600 0.012000
0.819200 0.057600 0.011200
0.837600 0.057600 0.011200
0.877600 0.057600 0.011200
0.897600 0.057600 0.012800
0.917600 0.057600 0.011200
0.104000 0.058400 0.011200
0.130400 0.058400 0.011200
0.194400 0.058400 0.011200
0.364800 0.058400 0.011200
0.399200 0.058400 0.010400
0.744000 0.058400 0.013600
0.752000 0.058400 0.005600
0.772000 0.058400 0.016000
0.121600 0.059200 0.011200
0.144000 0.059200 0.008000
0.161600 0.059200 0.011200
0.188000 0.059200 0.013600
0.206400 0.059200 0.008800
0.314400 0.059200 0.013600
0.320000 0.059200 0.013600
0.382400 0.059200 0.010400
0.436800 0.059200 0.010400
0.454400 0.059200 0.011200
0.691200 0.059200 0.011200
0.220800 0.060000 0.008800
0.235200 0.060000 0.008800
0.244800 0.060000 0.008800
0.265600 0.060000 0.014400
0.672000 0.060000 0.011200
0.177600 0.060800 0.008800
0.273600 0.060800 0.019200
0.286400 0.060800 0.008800
0.295200 0.061600 0.011200
0.544800 0.075200 0.012800
0.523200 0.076000 0.011200
0.568000 0.076000 0.011200
0.501600 0.076800 0.012800
0.588000 0.076800 0.012000
0.609600 0.076800 0.011200
0.629600 0.076800 0.011200
0.411200 0.077600 0.012800
0.461600 0.077600 0.012800
0.482400 0.077600 0.011200
0.647200 0.077600 0.011200
0.664000 0.077600 0.009600
0.830400 0.077600 0.011200
0.920800 0.077600 0.016000
0.171200 0.078400 0.011200
0.207200 0.078400 0.012800
0.320000 0.078400 0.008800
0.432000 0.078400 0.011200
0.676000 0.078400 0.008800
0.706400 0.078400 0.012800
0.753600 0.078400 0.011200
0.857600 0.078400 0.011200
0.156000 0.079200 0.008800
0.231200 0.079200 0.012800
0.283200 0.079200 0.011200
0.302400 0.079200 0.011200
0.391200 0.079200 0.012800
0.770400 0.079200 0.008800
0.787200 0.079200 0.011200
0.803200 0.079200 0.008800
0.816000 0.079200 0.008800
0.840800 0.079200 0.011200
0.877600 0.079200 0.008800
0.117600 0.080000 0.013600
0.127200 0.080000 0.008800
0.193600 0.080000 0.012800
0.249600 0.080000 0.011200
0.730400 0.080000 0.012800
0.887200 0.080000 0.011200
0.105600 0.080800 0.013600
0.141600 0.080800 0.010400
0.270400 0.080800 0.011200
0.330400 0.080800 0.009600
0.341600 0.081600 0.008800
0.372800 0.081600 0.013600
0.361600 0.082400 0.015200
0.563200 0.096800 0.013600
0.572800 0.096800 0.008800
0.676000 0.096800 0.012800
0.880800 0.096800 0.008800
0.319200 0.097600 0.012000
0.545600 0.097600 0.010400
0.716000 0.097600 0.008800
0.858400 0.097600 0.011200
0.892800 0.097600 0.009600
0.912800 0.097600 0.012800
0.108000 0.098400 0.012000
0.180800 0.098400 0.011200
0.212800 0.098400 0.008800
0.224800 0.098400 0.007200
0.448000 0.098400 0.009600
0.462400 0.098400 0.008000
0.474400 0.098400 0.008800
0.628800 0.098400 0.012800
0.652000 0.098400 0.011200
0.733600 0.098400 0.008800
0.751200 0.098400 0.009600
0.767200 0.098400 0.008800
0.778400 0.098400 0.007200
0.160000 0.099200 0.010400
0.197600 0.099200 0.009600
0.254400 0.099200 0.016000
0.296800 0.099200 0.011200
0.335200 0.099200 0.008000
0.348800 0.099200 0.011200
0.493600 0.099200 0.012800
0.512800 0.099200 0.011200
0.525600 0.099200 0.011200
0.697600 0.099200 0.012800
0.143200 0.100000 0.009600
0.398400 0.100000 0.008800
0.596800 0.100000 0.016000
0.839200 0.100000 0.011200
0.280000 0.100800 0.009600
0.386400 0.100800 0.009600
0.822400 0.100800 0.011200
0.127200 0.101600 0.011200
0.369600 0.101600 0.009600
0.424000 0.101600 0.014400
0.806400 0.101600 0.014400
0.755200 0.116800 0.011200
0.734400 0.117600 0.013600
0.900800 0.117600 0.013600
0.156000 0.118400 0.008800
0.225600 0.118400 0.009600
0.252000 0.118400 0.008800
0.547200 0.118400 0.008800
0.761600 0.118400 0.013600
0.922400 0.118400 0.013600
0.927200 0.118400 0.015200
0.140800 0.119200 0.008800
0.168000 0.119200 0.008800
0.195200 0.119200 0.012800
0.239200 0.119200 0.008800
0.268800 0.119200 0.010400
0.321600 0.119200 0.011200
0.342400 0.119200 0.012800
0.363200 0.119200 0.011200
0.375200 0.119200 0.011200
0.457600 0.119200 0.012800
0.495200 0.119200 0.008800
0.504800 0.119200 0.005600
0.516800 0.119200 0.010400
0.535200 0.119200 0.009600
0.579200 0.119200 0.013600
0.634400 0.119200 0.011200
0.655200 0.119200 0.010400
0.688000 0.119200 0.008800
0.698400 0.119200 0.008000
0.721600 0.119200 0.013600
0.104800 0.120000 0.008800
0.121600 0.120000 0.011200
0.211200 0.120000 0.008800
0.288000 0.120000 0.011200
0.304800 0.120000 0.008800
0.395200 0.120000 0.010400
0.410400 0.120000 0.009600
0.480800 0.120000 0.011200
0.575200 0.120000 0.013600
0.670400 0.120000 0.009600
0.780800 0.120000 0.008800
0.796000 0.120000 0.011200
0.422400 0.120800 0.007200
0.616000 0.120800 0.011200
0.444000 0.121600 0.011200
0.604800 0.121600 0.011200
0.821600 0.123200 0.012800
0.841600 0.124800 0.011200
0.874400 0.124800 0.015200
0.107200 0.137600 0.012800
0.528000 0.137600 0.011200
0.516800 0.138400 0.011200
0.548000 0.138400 0.013600
0.560000 0.138400 0.011200
0.649600 0.138400 0.013600
0.806400 0.138400 0.012000
0.510400 0.139200 0.011200
0.577600 0.139200 0.011200
0.613600 0.139200 0.010400
0.123200 0.140000 0.008800
0.154400 0.140000 0.011200
0.428800 0.140000 0.012000
0.493600 0.140000 0.013600
0.637600 0.140000 0.012800
0.139200 0.140800 0.009600
0.335200 0.140800 0.010400
0.596000 0.140800 0.010400
0.668800 0.140800 0.013600
0.708800 0.140800 0.007200
0.746400 0.140800 0.012800
0.785600 0.140800 0.012800
0.830400 0.140800 0.012000
0.180800 0.141600 0.015200
0.206400 0.141600 0.011200
0.223200 0.141600 0.010400
0.241600 0.141600 0.012800
0.321600 0.141600 0.008800
0.352000 0.141600 0.010400
0.368800 0.141600 0.010400
0.388800 0.141600 0.012000
0.408800 0.141600 0.011200
0.462400 0.141600 0.011200
0.686400 0.141600 0.013600
0.699200 0.141600 0.008800
0.728000 0.141600 0.012800
0.265600 0.142400 0.011200
0.308000 0.142400 0.013600
0.446400 0.142400 0.009600
0.766400 0.143200 0.011200
0.837600 0.143200 0.011200
0.853600 0.143200 0.011200
0.867200 0.143200 0.008800
0.280000 0.144000 0.012800
0.918400 0.144000 0.013600
0.900000 0.145600 0.013600
0.117600 0.158400 0.011200
0.138400 0.158400 0.011200
0.103200 0.159200 0.011200
0.165600 0.160800 0.011200
0.188000 0.160800 0.011200
0.439200 0.160800 0.011200
0.584800 0.160800 0.011200
0.368800 0.161600 0.009600
0.420800 0.161600 0.011200
0.455200 0.161600 0.010400
0.595200 0.161600 0.011200
0.206400 0.162400 0.010400
0.224000 0.162400 0.009600
0.315200 0.162400 0.012800
0.330400 0.162400 0.008800
0.340800 0.162400 0.008800
0.565600 0.162400 0.015200
0.612800 0.162400 0.011200
0.240000 0.163200 0.009600
0.256800 0.163200 0.010400
0.353600 0.163200 0.008800
0.384800 0.163200 0.009600
0.401600 0.163200 0.011200
0.492000 0.163200 0.013600
0.516800 0.163200 0.012800
0.558400 0.163200 0.016800
0.632000 0.163200 0.013600
0.748800 0.163200 0.010400
0.292800 0.164000 0.010400
0.479200 0.164000 0.012800
0.537600 0.164000 0.012800
0.644800 0.164000 0.011200
0.664000 0.164000 0.012800
0.732800 0.164000 0.011200
0.275200 0.164800 0.010400
0.708800 0.164800 0.013600
0.717600 0.164800 0.011200
0.765600 0.164800 0.011200
0.689600 0.165600 0.012800
0.783200 0.165600 0.012800
0.801600 0.165600 0.012000
0.859200 0.166400 0.012000
0.893600 0.166400 0.009600
0.915200 0.166400 0.013600
0.841600 0.167200 0.011200
0.878400 0.167200 0.011200
0.826400 0.168000 0.013600
0.190400 0.180800 0.011200
0.106400 0.181600 0.012800
0.128800 0.182400 0.013600
0.170400 0.182400 0.012000
0.203200 0.182400 0.011200
0.223200 0.183200 0.012000
0.241600 0.184000 0.009600
0.258400 0.184000 0.011200
0.328800 0.184000 0.012800
0.416000 0.184000 0.012000
0.149600 0.184800 0.012000
0.436000 0.184800 0.011200
0.599200 0.184800 0.012800
0.281600 0.185600 0.013600
0.358400 0.185600 0.016000
0.302400 0.186400 0.012800
0.344000 0.186400 0.008800
0.368800 0.186400 0.005600
0.580800 0.186400 0.012800
0.623200 0.186400 0.012800
0.658400 0.186400 0.009600
0.398400 0.187200 0.009600
0.468000 0.187200 0.012800
0.524000 0.187200 0.009600
0.541600 0.187200 0.011200
0.561600 0.187200 0.010400
0.640000 0.187200 0.011200
0.490400 0.188000 0.013600
0.510400 0.188000 0.008800
0.673600 0.188000 0.008800
0.688800 0.188000 0.009600
0.706400 0.188000 0.011200
0.383200 0.188800 0.011200
0.450400 0.188800 0.008800
0.724800 0.189600 0.011200
0.744800 0.189600 0.012000
0.773600 0.189600 0.013600
0.794400 0.190400 0.011200
0.825600 0.190400 0.013600
0.886400 0.190400 0.008800
0.900800 0.190400 0.008800
0.845600 0.191200 0.011200
0.865600 0.191200 0.013600
0.912800 0.191200 0.008800
0.808000 0.192000 0.011200
0.105600 0.206400 0.015200
0.188800 0.206400 0.012800
0.127200 0.207200 0.013600
0.141600 0.207200 0.012800
0.165600 0.207200 0.013600
0.564800 0.207200 0.013600
0.212000 0.208000 0.012800
0.285600 0.208000 0.013600
0.307200 0.208000 0.011200
0.236800 0.208800 0.013600
0.327200 0.208800 0.013600
0.609600 0.208800 0.011200
0.259200 0.209600 0.012800
0.350400 0.209600 0.012800
0.589600 0.209600 0.012800
0.628000 0.209600 0.011200
0.651200 0.209600 0.012800
0.740000 0.209600 0.013600
0.747200 0.209600 0.016000
0.759200 0.209600 0.007200
0.388800 0.210400 0.010400
0.447200 0.210400 0.012800
0.469600 0.210400 0.011200
0.672000 0.210400 0.011200
0.691200 0.210400 0.011200
0.707200 0.210400 0.009600
0.723200 0.210400 0.009600
0.368000 0.211200 0.011200
0.406400 0.211200 0.011200
0.492800 0.211200 0.013600
0.769600 0.211200 0.011200
0.514400 0.212000 0.012800
0.544000 0.212000 0.013600
0.423200 0.212800 0.013600
0.781600 0.213600 0.011200
0.829600 0.213600 0.011200
0.808800 0.214400 0.016000
0.878400 0.216800 0.013600
0.856000 0.218400 0.019200
0.894400 0.218400 0.011200
0.910400 0.218400 0.008800
0.923200 0.218400 0.020800
0.783200 0.247200 0.008000
0.793600 0.248000 0.007200
0.772800 0.248800 0.008000
0.800800 0.248800 0.011200
0.762400 0.249600 0.008800
0.807200 0.250400 0.005600
0.757600 0.251200 0.011200
0.750400 0.252000 0.005600
0.815200 0.252000 0.005600
0.744000 0.254400 0.011200
0.821600 0.254400 0.012000
0.739200 0.256800 0.010400
0.803200 0.260000 0.005600
0.733600 0.260800 0.016000
0.829600 0.261600 0.008000
0.597600 0.262400 0.032000
0.661600 0.262400 0.011200
0.674400 0.262400 0.010400
0.792800 0.262400 0.008000
0.836000 0.263200 0.011200
0.612000 0.264000 0.024000
0.728800 0.264000 0.008800
0.628000 0.265600 0.008000
0.645600 0.265600 0.024800
0.720800 0.276000 0.009600
0.831200 0.279200 0.003200
0.841600 0.280000 0.013600
0.825600 0.280800 0.005600
0.817600 0.282400 0.005600
0.720800 0.283200 0.004800
0.765600 0.283200 0.005600
0.788800 0.283200 0.012800
0.796800 0.283200 0.005600
0.806400 0.283200 0.008000
0.759200 0.284000 0.005600
0.772800 0.284000 0.005600
0.783200 0.284000 0.008800
0.743200 0.284800 0.011200
0.748000 0.284800 0.008800
0.736800 0.285600 0.005600
0.730400 0.286400 0.005600
0.721600 0.296000 0.004000
0.721600 0.303200 0.005600
0.809600 0.320800 0.006400
0.831200 0.321600 0.016000
0.800000 0.322400 0.007200
0.760000 0.323200 0.014400
0.790400 0.323200 0.007200
0.780000 0.324000 0.007200
0.769600 0.324800 0.005600
0.812000 0.330400 0.005600
