0.862400 0.048000 0.023200
0.173600 0.052800 0.011200
0.190400 0.052800 0.011200
0.206400 0.052800 0.011200
0.160000 0.053600 0.008800
0.138400 0.054400 0.018400
0.224000 0.054400 0.024800
0.190400 0.086400 0.013600
0.166400 0.087200 0.015200
0.212000 0.087200 0.011200
0.400800 0.087200 0.013600
0.299200 0.088000 0.012800
0.382400 0.088000 0.013600
0.128000 0.088800 0.016000
0.233600 0.088800 0.013600
0.255200 0.088800 0.013600
0.280000 0.088800 0.011200
0.318400 0.088800 0.012000
0.038400 0.089600 0.013600
0.057600 0.089600 0.011200
0.423200 0.089600 0.013600
0.451200 0.089600 0.015200
0.605600 0.089600 0.015200
0.268000 0.090400 0.008800
0.339200 0.090400 0.012800
0.354400 0.090400 0.016000
0.482400 0.090400 0.013600
0.076800 0.091200 0.012800
0.094400 0.091200 0.013600
0.506400 0.091200 0.012800
0.551200 0.091200 0.013600
0.577600 0.091200 0.015200
0.726400 0.091200 0.011200
0.628800 0.092000 0.013600
0.710400 0.092000 0.008000
0.528000 0.092800 0.013600
0.649600 0.092800 0.011200
0.688000 0.092800 0.018400
0.698400 0.092800 0.008800
0.670400 0.093600 0.012800
0.828000 0.094400 0.013600
0.742400 0.095200 0.010400
0.763200 0.095200 0.014400
0.791200 0.095200 0.013600
0.811200 0.095200 0.010400
0.848800 0.095200 0.013600
0.240800 0.109600 0.015200
0.192800 0.110400 0.011200
0.213600 0.110400 0.012800
0.308000 0.110400 0.011200
0.400000 0.111200 0.016000
0.170400 0.112000 0.013600
0.287200 0.112000 0.013600
0.320800 0.112000 0.013600
0.347200 0.112000 0.011200
0.497600 0.112000 0.012000
0.564000 0.112000 0.013600
0.272800 0.112800 0.011200
0.364000 0.112800 0.013600
0.372800 0.112800 0.018400
0.472000 0.112800 0.013600
0.386400 0.113600 0.010400
0.426400 0.113600 0.013600
0.516800 0.113600 0.011200
0.535200 0.114400 0.011200
0.588800 0.114400 0.012800
0.154400 0.115200 0.011200
0.448800 0.115200 0.012800
0.547200 0.115200 0.008800
0.608000 0.115200 0.012800
0.726400 0.115200 0.012800
0.777600 0.115200 0.013600
0.781600 0.115200 0.012800
0.668800 0.116000 0.013600
0.809600 0.116000 0.015200
0.870400 0.116000 0.016800
0.876000 0.116000 0.011200
0.641600 0.116800 0.013600
0.709600 0.116800 0.011200
0.743200 0.116800 0.008800
0.756000 0.116800 0.009600
0.856800 0.116800 0.011200
0.689600 0.118400 0.012800
0.836000 0.118400 0.011200
0.167200 0.134400 0.013600
0.196000 0.135200 0.015200
0.245600 0.135200 0.011200
0.265600 0.135200 0.012800
0.351200 0.135200 0.014400
0.179200 0.136000 0.008800
0.284800 0.136000 0.012800
0.296000 0.136000 0.008800
0.404000 0.136000 0.013600
0.468000 0.136000 0.012800
0.223200 0.136800 0.014400
0.383200 0.136800 0.012800
0.445600 0.136800 0.012800
0.524800 0.136800 0.013600
0.315200 0.137600 0.013600
0.618400 0.137600 0.016800
0.723200 0.137600 0.013600
0.752800 0.137600 0.012800
0.775200 0.137600 0.013600
0.327200 0.138400 0.011200
0.368000 0.138400 0.007200
0.499200 0.138400 0.015200
0.556000 0.138400 0.016000
0.607200 0.138400 0.013600
0.636800 0.138400 0.011200
0.702400 0.138400 0.012000
0.430400 0.139200 0.010400
0.586400 0.139200 0.013600
0.677600 0.139200 0.012800
0.800000 0.139200 0.013600
0.844800 0.139200 0.014400
0.870400 0.139200 0.012000
0.822400 0.140000 0.012800
0.864000 0.140000 0.005600
0.656800 0.140800 0.013600
0.188800 0.157600 0.015200
0.216800 0.158400 0.012800
0.167200 0.159200 0.013600
0.244000 0.159200 0.014400
0.269600 0.160000 0.013600
0.348800 0.160000 0.016000
0.379200 0.160800 0.011200
0.428800 0.160800 0.014400
0.294400 0.161600 0.013600
0.323200 0.161600 0.013600
0.364800 0.161600 0.008000
0.398400 0.161600 0.013600
0.453600 0.162400 0.013600
0.714400 0.162400 0.013600
0.310400 0.163200 0.008800
0.479200 0.163200 0.013600
0.499200 0.163200 0.011200
0.522400 0.163200 0.015200
0.706400 0.163200 0.013600
0.604800 0.164000 0.011200
0.690400 0.164000 0.012000
0.563200 0.164800 0.013600
0.585600 0.164800 0.012000
0.624000 0.164800 0.011200
0.644800 0.165600 0.012800
0.668000 0.166400 0.012800
0.218400 0.182400 0.011200
0.236800 0.183200 0.011200
0.352000 0.183200 0.015200
0.360000 0.183200 0.016800
0.161600 0.184000 0.016800
0.184000 0.184000 0.008800
0.200000 0.184000 0.011200
0.328800 0.184000 0.013600
0.174400 0.184800 0.008800
0.279200 0.184800 0.011200
0.314400 0.184800 0.008800
0.688800 0.184800 0.016800
0.258400 0.185600 0.012800
0.296000 0.185600 0.011200
0.376800 0.185600 0.013600
0.408000 0.185600 0.013600
0.762400 0.185600 0.013600
0.430400 0.186400 0.012800
0.682400 0.186400 0.016000
0.483200 0.187200 0.015200
0.509600 0.187200 0.013600
0.536800 0.187200 0.013600
0.632000 0.187200 0.012800
0.652000 0.187200 0.012800
0.785600 0.187200 0.013600
0.126400 0.188000 0.018400
0.451200 0.188000 0.012800
0.607200 0.188000 0.015200
0.743200 0.188000 0.012800
0.808000 0.188000 0.016000
0.564000 0.188800 0.011200
0.864000 0.188800 0.015200
0.576000 0.189600 0.013600
0.717600 0.189600 0.014400
0.841600 0.189600 0.016000
0.188800 0.207200 0.013600
0.198400 0.207200 0.013600
0.234400 0.207200 0.013600
0.257600 0.208000 0.013600
0.268000 0.208000 0.013600
0.300000 0.208000 0.012800
0.406400 0.208000 0.016800
0.168000 0.208800 0.013600
0.216000 0.208800 0.011200
0.281600 0.208800 0.008000
0.324800 0.208800 0.012800
0.346400 0.208800 0.012800
0.207200 0.209600 0.005600
0.375200 0.209600 0.012800
0.454400 0.209600 0.011200
0.433600 0.210400 0.012800
0.518400 0.210400 0.012000
0.543200 0.211200 0.012800
0.564000 0.211200 0.013600
0.480000 0.212000 0.012800
0.498400 0.212000 0.012000
0.591200 0.212000 0.013600
0.789600 0.212000 0.011200
0.619200 0.213600 0.013600
0.647200 0.213600 0.011200
0.664800 0.213600 0.012800
0.677600 0.213600 0.011200
0.698400 0.213600 0.014400
0.740000 0.213600 0.012800
0.760000 0.213600 0.011200
0.771200 0.213600 0.012800
0.800800 0.213600 0.005600
0.813600 0.213600 0.011200
0.724000 0.214400 0.012000
0.835200 0.214400 0.012800
0.852800 0.214400 0.008800
0.867200 0.214400 0.021600
0.265600 0.229600 0.014400
0.296800 0.229600 0.013600
0.244000 0.230400 0.013600
0.318400 0.230400 0.012800
0.340800 0.230400 0.013600
0.363200 0.230400 0.016000
0.389600 0.231200 0.012800
0.416800 0.231200 0.013600
0.439200 0.231200 0.014400
0.168000 0.232000 0.013600
0.208000 0.232000 0.013600
0.371200 0.232000 0.016800
0.408000 0.232000 0.013600
0.463200 0.232000 0.011200
0.479200 0.232000 0.009600
0.497600 0.232000 0.011200
0.508800 0.232000 0.008800
0.527200 0.232000 0.014400
0.188800 0.232800 0.013600
0.628000 0.232800 0.012800
0.653600 0.232800 0.013600
0.684800 0.232800 0.013600
0.733600 0.232800 0.011200
0.551200 0.233600 0.011200
0.589600 0.233600 0.013600
0.569600 0.234400 0.011200
0.707200 0.234400 0.011200
0.720000 0.234400 0.008000
0.745600 0.234400 0.005600
0.759200 0.234400 0.011200
0.831200 0.234400 0.008800
0.612000 0.235200 0.008800
0.777600 0.235200 0.011200
0.796000 0.235200 0.011200
0.813600 0.235200 0.012000
0.454400 0.272000 0.016800
0.420800 0.272800 0.013600
0.473600 0.272800 0.011200
0.489600 0.273600 0.013600
0.202400 0.274400 0.012800
0.314400 0.274400 0.020800
0.518400 0.274400 0.015200
0.544000 0.274400 0.016000
0.644800 0.274400 0.014400
0.221600 0.275200 0.013600
0.402400 0.275200 0.011200
0.828800 0.275200 0.013600
0.160000 0.276000 0.014400
0.183200 0.276000 0.011200
0.267200 0.276000 0.015200
0.299200 0.276000 0.013600
0.564000 0.276000 0.012800
0.602400 0.276000 0.013600
0.678400 0.276000 0.011200
0.245600 0.276800 0.014400
0.276000 0.276800 0.016000
0.345600 0.276800 0.013600
0.361600 0.276800 0.011200
0.384000 0.276800 0.013600
0.587200 0.276800 0.013600
0.623200 0.276800 0.012000
0.699200 0.276800 0.012000
0.722400 0.276800 0.012800
0.796800 0.276800 0.013600
0.665600 0.277600 0.011200
0.752800 0.277600 0.013600
0.772800 0.277600 0.012800
0.853600 0.277600 0.012800
0.814400 0.279200 0.008000
0.867200 0.279200 0.013600
0.674400 0.296800 0.011200
0.548000 0.297600 0.010400
0.571200 0.297600 0.011200
0.688800 0.297600 0.012000
0.819200 0.297600 0.013600
0.844000 0.297600 0.012000
0.505600 0.298400 0.011200
0.522400 0.298400 0.011200
0.561600 0.298400 0.008800
0.620000 0.298400 0.013600
0.643200 0.298400 0.011200
0.656800 0.298400 0.011200
0.707200 0.298400 0.012000
0.865600 0.298400 0.013600
0.160000 0.299200 0.016800
0.280800 0.299200 0.013600
0.484000 0.299200 0.013600
0.537600 0.299200 0.007200
0.584800 0.299200 0.008800
0.599200 0.299200 0.011200
0.737600 0.299200 0.013600
0.761600 0.299200 0.012800
0.784800 0.299200 0.014400
0.200000 0.300000 0.013600
0.223200 0.300000 0.011200
0.296000 0.300000 0.008800
0.313600 0.300000 0.012800
0.333600 0.300000 0.012800
0.440000 0.300000 0.012800
0.460000 0.300000 0.012800
0.242400 0.300800 0.011200
0.260000 0.300800 0.011200
0.355200 0.300800 0.011200
0.396800 0.300800 0.011200
0.371200 0.301600 0.011200
0.385600 0.301600 0.005600
0.416000 0.301600 0.012000
0.744000 0.319200 0.013600
0.611200 0.320000 0.013600
0.531200 0.320800 0.016000
0.636000 0.320800 0.012000
0.670400 0.320800 0.011200
0.455200 0.321600 0.013600
0.660800 0.321600 0.015200
0.767200 0.321600 0.012800
0.817600 0.321600 0.013600
0.156800 0.322400 0.013600
0.218400 0.322400 0.012800
0.476800 0.322400 0.013600
0.686400 0.322400 0.012800
0.843200 0.322400 0.011200
0.862400 0.322400 0.012800
0.198400 0.323200 0.010400
0.370400 0.323200 0.013600
0.410400 0.323200 0.013600
0.432800 0.323200 0.012800
0.560000 0.323200 0.011200
0.714400 0.323200 0.014400
0.792000 0.323200 0.013600
0.180000 0.324000 0.011200
0.302400 0.324000 0.012800
0.396800 0.324000 0.011200
0.505600 0.324000 0.015200
0.239200 0.324800 0.011200
0.257600 0.324800 0.013600
0.264800 0.324800 0.013600
0.283200 0.324800 0.011200
0.344000 0.324800 0.012800
0.579200 0.324800 0.011200
0.328000 0.325600 0.011200
0.179200 0.342400 0.012000
0.662400 0.342400 0.011200
0.686400 0.342400 0.011200
0.574400 0.343200 0.011200
0.612000 0.343200 0.012000
0.632800 0.343200 0.011200
0.858400 0.343200 0.013600
0.212800 0.344000 0.013600
0.239200 0.344000 0.013600
0.316800 0.344000 0.013600
0.534400 0.344000 0.010400
0.552800 0.344000 0.012000
0.593600 0.344000 0.011200
0.648000 0.344000 0.008800
0.744800 0.344000 0.014400
0.841600 0.344000 0.011200
0.156800 0.344800 0.013600
0.346400 0.344800 0.013600
0.514400 0.344800 0.013600
0.699200 0.344800 0.013600
0.735200 0.344800 0.007200
0.820000 0.344800 0.013600
0.269600 0.345600 0.012800
0.291200 0.345600 0.012800
0.488800 0.345600 0.011200
0.504800 0.345600 0.008800
0.768000 0.345600 0.012800
0.788000 0.345600 0.012800
0.367200 0.346400 0.011200
0.395200 0.346400 0.013600
0.418400 0.346400 0.012000
0.434400 0.346400 0.013600
0.464800 0.346400 0.013600
0.720000 0.347200 0.012800
0.340800 0.366400 0.012800
0.869600 0.366400 0.016000
0.260800 0.367200 0.012800
0.284000 0.367200 0.013600
0.314400 0.367200 0.011200
0.364800 0.367200 0.013600
0.478400 0.367200 0.013600
0.507200 0.367200 0.012000
0.531200 0.367200 0.013600
0.668800 0.367200 0.016000
0.756800 0.367200 0.011200
0.788000 0.367200 0.013600
0.409600 0.368000 0.005600
0.448800 0.368000 0.013600
0.492000 0.368000 0.008800
0.566400 0.368000 0.013600
0.640000 0.368000 0.013600
0.688000 0.368000 0.011200
0.707200 0.368000 0.011200
0.808000 0.368000 0.011200
0.824000 0.368000 0.009600
0.157600 0.368800 0.013600
0.180000 0.368800 0.012800
0.195200 0.368800 0.008800
0.210400 0.368800 0.012800
0.235200 0.368800 0.015200
0.301600 0.368800 0.008800
0.396000 0.368800 0.013600
0.426400 0.368800 0.012800
0.587200 0.368800 0.013600
0.616000 0.368800 0.013600
0.726400 0.368800 0.013600
0.746400 0.368800 0.008800
0.769600 0.368800 0.008800
0.859200 0.368800 0.022400
0.841600 0.369600 0.012800
0.332000 0.389600 0.008800
0.368800 0.389600 0.011200
0.396000 0.389600 0.011200
0.415200 0.389600 0.012000
0.346400 0.390400 0.013600
0.252800 0.391200 0.015200
0.294400 0.391200 0.011200
0.319200 0.391200 0.011200
0.355200 0.391200 0.016800
0.468000 0.391200 0.013600
0.609600 0.391200 0.007200
0.618400 0.391200 0.013600
0.180000 0.392000 0.011200
0.224000 0.392000 0.013600
0.261600 0.392000 0.005600
0.280000 0.392000 0.013600
0.306400 0.392000 0.005600
0.527200 0.392000 0.013600
0.550400 0.392000 0.014400
0.576000 0.392000 0.012000
0.595200 0.392000 0.010400
0.160000 0.392800 0.016000
0.200000 0.392800 0.012800
0.244000 0.392800 0.015200
0.443200 0.392800 0.015200
0.499200 0.392800 0.015200
0.269600 0.393600 0.005600
0.398400 0.413600 0.012800
0.613600 0.413600 0.013600
0.559200 0.414400 0.009600
0.866400 0.414400 0.016800
0.209600 0.415200 0.012800
0.271200 0.415200 0.013600
0.459200 0.415200 0.012800
0.484800 0.415200 0.016000
0.528000 0.415200 0.011200
0.544000 0.415200 0.010400
0.647200 0.415200 0.019200
0.200800 0.416000 0.011200
0.226400 0.416000 0.011200
0.250400 0.416000 0.011200
0.356800 0.416000 0.011200
0.375200 0.416000 0.013600
0.418400 0.416000 0.012800
0.439200 0.416000 0.011200
0.508000 0.416000 0.012800
0.596000 0.416000 0.011200
0.752800 0.416000 0.019200
0.300800 0.416800 0.012800
0.320000 0.416800 0.011200
0.340000 0.416800 0.011200
0.580800 0.416800 0.013600
0.673600 0.416800 0.013600
0.770400 0.416800 0.013600
0.848000 0.416800 0.013600
0.172800 0.417600 0.012800
0.572800 0.417600 0.016800
0.707200 0.417600 0.013600
0.692800 0.418400 0.010400
0.786400 0.418400 0.008800
0.796000 0.418400 0.019200
0.808000 0.418400 0.019200
0.155200 0.419200 0.011200
0.825600 0.419200 0.013600
0.728000 0.420000 0.013600
0.196800 0.438400 0.014400
0.312800 0.439200 0.008800
0.172000 0.440000 0.016800
0.220000 0.440000 0.013600
0.295200 0.440000 0.013600
0.324800 0.440000 0.005600
0.333600 0.440000 0.013600
0.161600 0.440800 0.016800
0.240800 0.441600 0.013600
0.261600 0.441600 0.019200
0.275200 0.441600 0.022400
