0.859200 0.043200 0.020800
0.140000 0.044800 0.019200
0.162400 0.044800 0.008800
0.177600 0.044800 0.011200
0.194400 0.044800 0.011200
0.212800 0.044800 0.012800
0.232000 0.046400 0.016800
0.696800 0.078400 0.016800
0.706400 0.078400 0.016000
0.875200 0.078400 0.011200
0.820000 0.079200 0.011200
0.837600 0.079200 0.011200
0.857600 0.079200 0.012800
0.599200 0.080000 0.005600
0.609600 0.080000 0.013600
0.627200 0.080000 0.011200
0.644800 0.080000 0.012800
0.677600 0.080000 0.013600
0.800000 0.080000 0.011200
0.420000 0.080800 0.015200
0.567200 0.080800 0.015200
0.726400 0.080800 0.012800
0.752000 0.080800 0.012800
0.777600 0.080800 0.013600
0.360800 0.081600 0.013600
0.497600 0.081600 0.011200
0.539200 0.081600 0.013600
0.589600 0.081600 0.013600
0.768800 0.081600 0.008800
0.339200 0.082400 0.011200
0.383200 0.082400 0.011200
0.471200 0.082400 0.013600
0.515200 0.082400 0.011200
0.559200 0.082400 0.013600
0.399200 0.083200 0.011200
0.444000 0.083200 0.012800
0.486400 0.083200 0.008800
0.196000 0.084800 0.012800
0.216800 0.084800 0.012800
0.236800 0.084800 0.010400
0.252800 0.084800 0.010400
0.270400 0.084800 0.011200
0.176000 0.085600 0.011200
0.287200 0.085600 0.011200
0.303200 0.085600 0.011200
0.129600 0.087200 0.018400
0.163200 0.087200 0.008800
0.874400 0.099200 0.013600
0.758400 0.100800 0.011200
0.807200 0.100800 0.014400
0.371200 0.102400 0.013600
0.500800 0.102400 0.011200
0.651200 0.102400 0.011200
0.832800 0.102400 0.011200
0.849600 0.102400 0.011200
0.862400 0.102400 0.008000
0.714400 0.103200 0.013600
0.732000 0.103200 0.013600
0.783200 0.103200 0.015200
0.822400 0.103200 0.005600
0.484800 0.104000 0.013600
0.605600 0.104000 0.011200
0.626400 0.104000 0.013600
0.669600 0.104000 0.011200
0.694400 0.104000 0.013600
0.253600 0.104800 0.011200
0.273600 0.104800 0.011200
0.345600 0.104800 0.015200
0.389600 0.104800 0.008800
0.404000 0.104800 0.013600
0.448000 0.104800 0.008800
0.512800 0.104800 0.011200
0.531200 0.104800 0.011200
0.580800 0.104800 0.012800
0.705600 0.104800 0.005600
0.163200 0.105600 0.012800
0.224800 0.105600 0.011200
0.320000 0.105600 0.013600
0.426400 0.105600 0.013600
0.460000 0.105600 0.013600
0.556000 0.105600 0.013600
0.184800 0.106400 0.012000
0.204800 0.106400 0.011200
0.297600 0.106400 0.012800
0.240000 0.108000 0.007200
0.632000 0.117600 0.005600
0.908000 0.123200 0.013600
0.649600 0.124000 0.012800
0.693600 0.124000 0.013600
0.749600 0.124800 0.013600
0.818400 0.124800 0.010400
0.924800 0.124800 0.013600
0.669600 0.125600 0.011200
0.720000 0.125600 0.010400
0.767200 0.125600 0.013600
0.843200 0.125600 0.013600
0.863200 0.125600 0.013600
0.600000 0.126400 0.013600
0.621600 0.126400 0.015200
0.706400 0.126400 0.008800
0.736000 0.126400 0.008800
0.797600 0.126400 0.013600
0.832800 0.126400 0.008800
0.532000 0.127200 0.016000
0.548800 0.127200 0.008000
0.574400 0.127200 0.013600
0.228000 0.128000 0.014400
0.281600 0.128000 0.013600
0.456000 0.128000 0.013600
0.482400 0.128000 0.013600
0.559200 0.128000 0.011200
0.252800 0.128800 0.012800
0.381600 0.128800 0.014400
0.408800 0.128800 0.015200
0.436000 0.128800 0.012000
0.193600 0.129600 0.011200
0.358400 0.129600 0.013600
0.417600 0.129600 0.011200
0.504800 0.129600 0.013600
0.158400 0.130400 0.011200
0.175200 0.130400 0.011200
0.336800 0.130400 0.011200
0.312000 0.131200 0.016000
0.296800 0.132000 0.008000
0.589600 0.149600 0.012800
0.661600 0.149600 0.013600
0.680800 0.149600 0.015200
0.636000 0.150400 0.016000
0.704000 0.150400 0.013600
0.788000 0.150400 0.011200
0.192000 0.151200 0.015200
0.288000 0.151200 0.013600
0.568000 0.151200 0.012000
0.736000 0.151200 0.013600
0.753600 0.151200 0.008800
0.768000 0.151200 0.012000
0.818400 0.151200 0.013600
0.839200 0.151200 0.011200
0.165600 0.152000 0.013600
0.218400 0.152000 0.011200
0.262400 0.152000 0.013600
0.340800 0.152000 0.012000
0.359200 0.152000 0.010400
0.404800 0.152000 0.013600
0.608800 0.152000 0.011200
0.858400 0.152000 0.013600
0.875200 0.152000 0.011200
0.237600 0.152800 0.013600
0.316000 0.152800 0.013600
0.445600 0.152800 0.008800
0.457600 0.152800 0.013600
0.512000 0.152800 0.012800
0.537600 0.152800 0.013600
0.377600 0.153600 0.012000
0.393600 0.153600 0.008800
0.477600 0.153600 0.011200
0.496000 0.153600 0.009600
0.428800 0.154400 0.015200
0.548000 0.172000 0.008800
0.563200 0.172000 0.011200
0.538400 0.172800 0.013600
0.516000 0.173600 0.012800
0.582400 0.173600 0.011200
0.717600 0.173600 0.013600
0.756000 0.173600 0.012800
0.601600 0.174400 0.012800
0.627200 0.174400 0.012000
0.647200 0.174400 0.011200
0.737600 0.174400 0.011200
0.802400 0.174400 0.013600
0.496800 0.175200 0.011200
0.777600 0.175200 0.012800
0.825600 0.175200 0.013600
0.848800 0.175200 0.011200
0.864800 0.175200 0.011200
0.186400 0.176000 0.011200
0.204800 0.176000 0.011200
0.472800 0.176000 0.011200
0.684800 0.176000 0.011200
0.699200 0.176000 0.010400
0.165600 0.176800 0.013600
0.232800 0.176800 0.011200
0.252800 0.176800 0.012000
0.295200 0.176800 0.008000
0.308000 0.176800 0.012800
0.346400 0.176800 0.012800
0.397600 0.176800 0.012800
0.450400 0.176800 0.013600
0.484800 0.176800 0.007200
0.666400 0.176800 0.011200
0.216000 0.177600 0.011200
0.417600 0.177600 0.012800
0.376000 0.178400 0.013600
0.437600 0.178400 0.010400
0.280000 0.179200 0.015200
0.327200 0.179200 0.011200
0.180000 0.196000 0.011200
0.201600 0.196000 0.012800
0.544000 0.196000 0.013600
0.643200 0.196000 0.012000
0.769600 0.196800 0.008800
0.868000 0.196800 0.016000
0.236800 0.197600 0.011200
0.319200 0.197600 0.012800
0.347200 0.197600 0.012800
0.481600 0.197600 0.012000
0.561600 0.197600 0.011200
0.662400 0.197600 0.010400
0.704000 0.197600 0.011200
0.753600 0.197600 0.010400
0.804000 0.197600 0.010400
0.820000 0.197600 0.009600
0.843200 0.197600 0.011200
0.167200 0.198400 0.005600
0.226400 0.198400 0.013600
0.252800 0.198400 0.009600
0.272800 0.198400 0.011200
0.292800 0.198400 0.012800
0.367200 0.198400 0.008800
0.439200 0.198400 0.012000
0.461600 0.198400 0.011200
0.579200 0.198400 0.011200
0.623200 0.198400 0.013600
0.680000 0.198400 0.012800
0.724800 0.198400 0.013600
0.734400 0.198400 0.013600
0.787200 0.198400 0.011200
0.831200 0.198400 0.005600
0.856000 0.198400 0.008800
0.157600 0.199200 0.013600
0.215200 0.199200 0.008800
0.403200 0.199200 0.011200
0.420000 0.199200 0.009600
0.520800 0.199200 0.012800
0.384000 0.200000 0.011200
0.500000 0.200000 0.011200
0.613600 0.200000 0.006400
0.511200 0.200800 0.005600
0.599200 0.200800 0.011200
0.643200 0.217600 0.013600
0.163200 0.218400 0.012000
0.239200 0.218400 0.011200
0.259200 0.218400 0.011200
0.300000 0.218400 0.013600
0.356800 0.218400 0.012800
0.182400 0.219200 0.011200
0.201600 0.219200 0.012800
0.276000 0.219200 0.010400
0.397600 0.219200 0.011200
0.445600 0.219200 0.011200
0.525600 0.219200 0.012000
0.572000 0.219200 0.013600
0.767200 0.219200 0.011200
0.789600 0.219200 0.013600
0.796800 0.219200 0.013600
0.217600 0.220000 0.012800
0.227200 0.220000 0.008800
0.327200 0.220000 0.013600
0.378400 0.220000 0.010400
0.476800 0.220000 0.012000
0.504000 0.220000 0.011200
0.546400 0.220000 0.011200
0.593600 0.220000 0.011200
0.615200 0.220000 0.012800
0.674400 0.220000 0.011200
0.696000 0.220000 0.013600
0.723200 0.220000 0.013600
0.732800 0.220000 0.008800
0.820800 0.220000 0.010400
0.837600 0.220000 0.011200
0.876000 0.220000 0.011200
0.410400 0.220800 0.008800
0.460800 0.220800 0.008800
0.663200 0.220800 0.008800
0.808000 0.220800 0.008800
0.859200 0.221600 0.011200
0.426400 0.222400 0.012800
0.745600 0.222400 0.013600
0.328800 0.240000 0.013600
0.530400 0.240000 0.011200
0.216000 0.240800 0.012800
0.236000 0.240800 0.011200
0.266400 0.240800 0.013600
0.285600 0.240800 0.011200
0.378400 0.240800 0.012000
0.452000 0.240800 0.015200
0.617600 0.240800 0.011200
0.706400 0.240800 0.012800
0.176800 0.241600 0.011200
0.197600 0.241600 0.011200
0.300800 0.241600 0.010400
0.401600 0.241600 0.012000
0.426400 0.241600 0.013600
0.474400 0.241600 0.009600
0.504800 0.241600 0.009600
0.546400 0.241600 0.008800
0.684000 0.241600 0.012000
0.822400 0.241600 0.012800
0.876000 0.241600 0.011200
0.157600 0.242400 0.012800
0.352800 0.242400 0.013600
0.489600 0.242400 0.008800
0.567200 0.242400 0.012800
0.605600 0.242400 0.011200
0.637600 0.242400 0.012800
0.660000 0.242400 0.013600
0.800800 0.242400 0.012800
0.438400 0.243200 0.008800
0.517600 0.243200 0.007200
0.556800 0.243200 0.005600
0.585600 0.243200 0.012000
0.725600 0.243200 0.011200
0.734400 0.243200 0.015200
0.755200 0.243200 0.011200
0.771200 0.243200 0.011200
0.417600 0.244000 0.011200
0.670400 0.244000 0.005600
0.862400 0.244000 0.010400
0.844000 0.244800 0.013600
0.745600 0.245600 0.007200
0.543200 0.262400 0.012800
0.279200 0.263200 0.013600
0.516000 0.263200 0.013600
0.256800 0.264000 0.011200
0.494400 0.264000 0.012800
0.527200 0.264000 0.007200
0.564800 0.264000 0.011200
0.586400 0.264000 0.012000
0.819200 0.264000 0.011200
0.152800 0.264800 0.013600
0.168800 0.264800 0.013600
0.224800 0.264800 0.011200
0.244800 0.264800 0.011200
0.315200 0.264800 0.011200
0.352000 0.264800 0.012800
0.373600 0.264800 0.013600
0.475200 0.264800 0.011200
0.608800 0.264800 0.012000
0.189600 0.265600 0.012800
0.298400 0.265600 0.011200
0.333600 0.265600 0.011200
0.395200 0.265600 0.011200
0.413600 0.265600 0.012800
0.450400 0.265600 0.015200
0.745600 0.265600 0.014400
0.775200 0.265600 0.016000
0.634400 0.266400 0.013600
0.658400 0.266400 0.010400
0.676000 0.266400 0.013600
0.764000 0.266400 0.008800
0.865600 0.266400 0.011200
0.207200 0.267200 0.011200
0.801600 0.267200 0.012000
0.701600 0.268000 0.011200
0.720000 0.268000 0.012800
0.837600 0.268000 0.011200
0.852800 0.268000 0.007200
0.462400 0.285600 0.012800
0.487200 0.285600 0.013600
0.292000 0.286400 0.009600
0.350400 0.286400 0.011200
0.268800 0.287200 0.013600
0.308800 0.287200 0.011200
0.368800 0.287200 0.011200
0.389600 0.287200 0.013600
0.418400 0.287200 0.015200
0.443200 0.287200 0.011200
0.512800 0.287200 0.012800
0.544800 0.287200 0.013600
0.576000 0.287200 0.007200
0.590400 0.287200 0.012800
0.628000 0.287200 0.011200
0.187200 0.288000 0.013600
0.279200 0.288000 0.005600
0.332000 0.288000 0.011200
0.863200 0.288000 0.013600
0.165600 0.288800 0.013600
0.212000 0.288800 0.011200
0.232000 0.288800 0.012000
0.563200 0.288800 0.011200
0.611200 0.288800 0.012000
0.703200 0.288800 0.012800
0.155200 0.289600 0.016800
0.249600 0.289600 0.011200
0.683200 0.289600 0.013600
0.824800 0.289600 0.012800
0.660800 0.290400 0.011200
0.673600 0.290400 0.007200
0.779200 0.290400 0.016000
0.804000 0.290400 0.011200
0.843200 0.290400 0.011200
0.649600 0.291200 0.008800
0.724800 0.291200 0.011200
0.758400 0.291200 0.011200
0.744000 0.292000 0.011200
0.766400 0.292000 0.016800
0.315200 0.309600 0.013600
0.355200 0.309600 0.015200
0.205600 0.310400 0.013600
0.228000 0.310400 0.011200
0.247200 0.310400 0.011200
0.333600 0.310400 0.013600
0.162400 0.311200 0.011200
0.179200 0.311200 0.011200
0.267200 0.311200 0.012800
0.290400 0.312000 0.015200
0.259200 0.348800 0.018400
0.270400 0.348800 0.011200
0.305600 0.348800 0.011200
0.320800 0.348800 0.011200
0.288000 0.350400 0.013600
0.347200 0.351200 0.013600
0.365600 0.352000 0.012800
0.388000 0.352800 0.015200
0.412800 0.352800 0.013600
0.478400 0.352800 0.016800
0.435200 0.353600 0.013600
0.456000 0.353600 0.013600
0.304000 0.380800 0.011200
0.394400 0.380800 0.016800
0.286400 0.381600 0.011200
0.328000 0.381600 0.016800
0.429600 0.381600 0.013600
0.475200 0.381600 0.013600
0.185600 0.382400 0.011200
0.204000 0.382400 0.011200
0.220800 0.382400 0.011200
0.363200 0.382400 0.016800
0.456000 0.382400 0.014400
0.578400 0.382400 0.012800
0.167200 0.383200 0.011200
0.347200 0.383200 0.011200
0.406400 0.383200 0.016800
0.503200 0.383200 0.013600
0.596800 0.383200 0.013600
0.612000 0.383200 0.011200
0.625600 0.383200 0.019200
0.641600 0.383200 0.008800
0.677600 0.383200 0.012800
0.153600 0.384000 0.008800
0.259200 0.384000 0.013600
0.550400 0.384000 0.016800
0.652800 0.384000 0.016800
0.768000 0.384000 0.016000
0.696800 0.384800 0.013600
0.716000 0.384800 0.011200
0.734400 0.384800 0.016800
0.785600 0.384800 0.008800
0.801600 0.384800 0.013600
0.239200 0.385600 0.012800
0.523200 0.385600 0.015200
0.821600 0.386400 0.012000
0.836800 0.386400 0.007200
0.868800 0.388000 0.013600
0.851200 0.389600 0.011200
0.850400 0.397600 0.040000
0.207200 0.404000 0.013600
0.158400 0.404800 0.016800
0.166400 0.406400 0.016000
0.186400 0.406400 0.012000
0.288800 0.406400 0.013600
0.317600 0.406400 0.012800
0.244800 0.407200 0.011200
0.267200 0.407200 0.012000
0.341600 0.407200 0.012800
0.368000 0.407200 0.008800
0.872000 0.407200 0.013600
0.231200 0.408000 0.008800
0.301600 0.408000 0.008800
0.355200 0.408000 0.008800
0.382400 0.408000 0.013600
0.404800 0.408000 0.012800
0.424000 0.408000 0.013600
0.451200 0.408000 0.013600
0.497600 0.408000 0.014400
0.477600 0.408800 0.012000
0.610400 0.408800 0.014400
0.642400 0.408800 0.013600
0.664000 0.408800 0.012800
0.828800 0.408800 0.012000
0.553600 0.409600 0.013600
0.581600 0.409600 0.015200
0.683200 0.409600 0.013600
0.806400 0.409600 0.013600
0.518400 0.410400 0.008800
0.530400 0.410400 0.012800
0.709600 0.410400 0.016800
0.736800 0.410400 0.012800
0.780000 0.410400 0.015200
0.758400 0.411200 0.013600
0.215200 0.428800 0.016800
0.251200 0.428800 0.012800
0.227200 0.429600 0.016800
0.269600 0.429600 0.011200
0.280800 0.429600 0.018400
0.290400 0.429600 0.016800
0.323200 0.429600 0.008800
0.352800 0.429600 0.016000
0.192800 0.430400 0.016000
0.382400 0.430400 0.013600
0.444000 0.430400 0.008800
0.477600 0.430400 0.012800
0.335200 0.431200 0.011200
0.360800 0.431200 0.016800
0.428800 0.431200 0.011200
0.455200 0.431200 0.016800
0.160800 0.432000 0.013600
0.497600 0.432000 0.011200
0.536800 0.432000 0.013600
0.590400 0.432000 0.012800
0.637600 0.432000 0.015200
0.404800 0.432800 0.015200
0.517600 0.432800 0.012800
0.564000 0.432800 0.015200
0.662400 0.432800 0.012000
0.614400 0.433600 0.013600
