0.144800 0.052800 0.019200
0.167200 0.052800 0.011200
0.183200 0.053600 0.011200
0.200000 0.054400 0.011200
0.216000 0.054400 0.011200
0.235200 0.054400 0.016800
0.861600 0.055200 0.017600
0.536000 0.084800 0.013600
0.659200 0.084800 0.013600
0.681600 0.084800 0.012800
0.753600 0.084800 0.013600
0.833600 0.084800 0.013600
0.164000 0.085600 0.013600
0.292800 0.085600 0.013600
0.508800 0.085600 0.015200
0.557600 0.085600 0.012800
0.702400 0.085600 0.012800
0.715200 0.085600 0.008800
0.732800 0.085600 0.012000
0.777600 0.085600 0.013600
0.195200 0.086400 0.011200
0.238400 0.086400 0.013600
0.252000 0.086400 0.015200
0.403200 0.086400 0.012800
0.427200 0.086400 0.013600
0.478400 0.086400 0.015200
0.804000 0.086400 0.015200
0.185600 0.087200 0.013600
0.210400 0.087200 0.012800
0.275200 0.087200 0.011200
0.320800 0.087200 0.015200
0.345600 0.087200 0.011200
0.362400 0.087200 0.013600
0.390400 0.087200 0.010400
0.452800 0.087200 0.013600
0.583200 0.087200 0.014400
0.628000 0.087200 0.013600
0.260000 0.088000 0.011200
0.606400 0.088000 0.013600
0.855200 0.088000 0.013600
0.548000 0.106400 0.011200
0.713600 0.106400 0.011200
0.528000 0.107200 0.012800
0.568800 0.107200 0.013600
0.733600 0.107200 0.011200
0.833600 0.107200 0.012000
0.856000 0.107200 0.012800
0.873600 0.107200 0.009600
0.164800 0.108000 0.013600
0.219200 0.108000 0.013600
0.396800 0.108000 0.012800
0.418400 0.108000 0.012800
0.445600 0.108000 0.011200
0.503200 0.108000 0.011200
0.644000 0.108000 0.012800
0.665600 0.108000 0.011200
0.757600 0.108000 0.015200
0.786400 0.108000 0.013600
0.813600 0.108000 0.012000
0.243200 0.108800 0.013600
0.264800 0.108800 0.013600
0.375200 0.108800 0.012800
0.433600 0.108800 0.008800
0.483200 0.108800 0.011200
0.597600 0.108800 0.012000
0.620000 0.108800 0.012800
0.191200 0.109600 0.014400
0.297600 0.109600 0.015200
0.464000 0.109600 0.011200
0.691200 0.109600 0.014400
0.356000 0.110400 0.012000
0.329600 0.112000 0.016000
0.712800 0.128800 0.013600
0.665600 0.129600 0.013600
0.784800 0.129600 0.012800
0.480800 0.130400 0.012000
0.596800 0.130400 0.012800
0.456800 0.131200 0.013600
0.501600 0.131200 0.013600
0.616000 0.131200 0.011200
0.634400 0.131200 0.012800
0.685600 0.131200 0.012000
0.881600 0.131200 0.016800
0.732800 0.132000 0.012800
0.770400 0.132000 0.010400
0.804000 0.132000 0.011200
0.822400 0.132000 0.012000
0.845600 0.132000 0.013600
0.167200 0.132800 0.013600
0.427200 0.132800 0.014400
0.528800 0.132800 0.012800
0.569600 0.132800 0.012800
0.752000 0.132800 0.012800
0.864800 0.132800 0.012800
0.187200 0.133600 0.010400
0.204800 0.133600 0.011200
0.380000 0.133600 0.013600
0.650400 0.133600 0.008800
0.220800 0.134400 0.011200
0.280000 0.134400 0.011200
0.355200 0.134400 0.013600
0.404000 0.134400 0.012800
0.549600 0.134400 0.012800
0.231200 0.135200 0.005600
0.242400 0.135200 0.011200
0.342400 0.135200 0.010400
0.263200 0.136000 0.012800
0.294400 0.136000 0.016000
0.320000 0.136000 0.011200
0.616000 0.154400 0.014400
0.500800 0.155200 0.013600
0.237600 0.156000 0.013600
0.342400 0.156000 0.012800
0.364000 0.156000 0.012800
0.592800 0.156000 0.013600
0.721600 0.156000 0.014400
0.523200 0.156800 0.013600
0.564800 0.156800 0.014400
0.661600 0.156800 0.013600
0.681600 0.156800 0.013600
0.257600 0.157600 0.013600
0.282400 0.157600 0.012800
0.320000 0.157600 0.012800
0.384800 0.157600 0.013600
0.414400 0.157600 0.012800
0.478400 0.157600 0.012000
0.544800 0.157600 0.012000
0.640800 0.157600 0.012800
0.695200 0.157600 0.016800
0.749600 0.157600 0.013600
0.774400 0.157600 0.013600
0.795200 0.157600 0.013600
0.823200 0.157600 0.012000
0.876800 0.157600 0.013600
0.180000 0.158400 0.013600
0.214400 0.158400 0.012800
0.294400 0.158400 0.011200
0.458400 0.158400 0.013600
0.160000 0.159200 0.013600
0.304000 0.159200 0.013600
0.434400 0.159200 0.013600
0.858400 0.159200 0.011200
0.198400 0.160000 0.008800
0.840800 0.160000 0.011200
0.505600 0.180800 0.012800
0.632800 0.180800 0.008800
0.182400 0.181600 0.011200
0.463200 0.181600 0.012800
0.484000 0.181600 0.013600
0.539200 0.181600 0.014400
0.568800 0.181600 0.013600
0.200800 0.182400 0.011200
0.351200 0.182400 0.012800
0.597600 0.182400 0.012800
0.619200 0.182400 0.013600
0.648000 0.182400 0.011200
0.231200 0.183200 0.012000
0.378400 0.183200 0.015200
0.404800 0.183200 0.014400
0.437600 0.183200 0.013600
0.671200 0.183200 0.014400
0.696800 0.183200 0.011200
0.714400 0.183200 0.011200
0.738400 0.183200 0.014400
0.787200 0.183200 0.015200
0.813600 0.183200 0.013600
0.836000 0.183200 0.012800
0.868800 0.183200 0.013600
0.163200 0.184000 0.012800
0.214400 0.184000 0.005600
0.254400 0.184000 0.012800
0.276800 0.184000 0.012800
0.298400 0.184000 0.013600
0.329600 0.184000 0.016000
0.855200 0.184000 0.011200
0.764800 0.184800 0.012800
0.196000 0.202400 0.013600
0.796000 0.202400 0.008800
0.524000 0.203200 0.014400
0.228000 0.204000 0.013600
0.552000 0.204000 0.013600
0.767200 0.204000 0.012000
0.162400 0.204800 0.013600
0.272800 0.204800 0.013600
0.356800 0.204800 0.011200
0.442400 0.204800 0.015200
0.579200 0.204800 0.012800
0.600000 0.204800 0.012800
0.662400 0.204800 0.012800
0.740800 0.204800 0.015200
0.172000 0.205600 0.008800
0.293600 0.205600 0.011200
0.375200 0.205600 0.011200
0.393600 0.205600 0.011200
0.467200 0.205600 0.012800
0.477600 0.205600 0.015200
0.504000 0.205600 0.012000
0.612000 0.205600 0.008800
0.785600 0.205600 0.011200
0.840800 0.205600 0.011200
0.877600 0.205600 0.013600
0.249600 0.206400 0.012800
0.306400 0.206400 0.013600
0.413600 0.206400 0.012800
0.624000 0.206400 0.008000
0.637600 0.206400 0.012800
0.707200 0.206400 0.013600
0.859200 0.206400 0.011200
0.333600 0.207200 0.012800
0.684800 0.207200 0.012800
0.185600 0.225600 0.011200
0.833600 0.225600 0.013600
0.880000 0.225600 0.012000
0.164800 0.226400 0.012800
0.203200 0.226400 0.012800
0.284800 0.226400 0.012000
0.311200 0.226400 0.013600
0.388800 0.226400 0.011200
0.564000 0.226400 0.013600
0.617600 0.226400 0.012800
0.220000 0.227200 0.008000
0.232800 0.227200 0.013600
0.241600 0.227200 0.008800
0.366400 0.227200 0.012800
0.538400 0.227200 0.012800
0.592000 0.227200 0.013600
0.640800 0.227200 0.013600
0.257600 0.228000 0.012000
0.340000 0.228000 0.013600
0.408800 0.228000 0.012800
0.453600 0.228000 0.011200
0.472000 0.228000 0.013600
0.516800 0.228000 0.012000
0.667200 0.228000 0.011200
0.679200 0.228000 0.011200
0.858400 0.228000 0.012000
0.422400 0.228800 0.008800
0.436000 0.228800 0.011200
0.497600 0.228800 0.012000
0.723200 0.228800 0.013600
0.780800 0.228800 0.015200
0.808800 0.228800 0.013600
0.752000 0.229600 0.014400
0.698400 0.230400 0.012800
0.294400 0.247200 0.015200
0.587200 0.248000 0.008800
0.223200 0.248800 0.013600
0.268800 0.248800 0.012000
0.320800 0.248800 0.014400
0.348800 0.248800 0.013600
0.373600 0.248800 0.011200
0.532000 0.248800 0.012000
0.553600 0.248800 0.012000
0.776800 0.248800 0.013600
0.798400 0.248800 0.012800
0.846400 0.248800 0.011200
0.865600 0.248800 0.013600
0.176000 0.249600 0.013600
0.192800 0.249600 0.012800
0.390400 0.249600 0.011200
0.506400 0.249600 0.012000
0.573600 0.249600 0.013600
0.605600 0.249600 0.013600
0.632000 0.249600 0.012800
0.751200 0.249600 0.011200
0.827200 0.249600 0.012800
0.251200 0.250400 0.011200
0.406400 0.250400 0.007200
0.656800 0.250400 0.012800
0.702400 0.250400 0.013600
0.732000 0.250400 0.013600
0.167200 0.251200 0.013600
0.242400 0.251200 0.013600
0.418400 0.251200 0.013600
0.447200 0.251200 0.011200
0.464800 0.251200 0.012000
0.485600 0.251200 0.012000
0.680000 0.251200 0.012800
0.400000 0.269600 0.013600
0.166400 0.272000 0.012800
0.291200 0.272000 0.011200
0.192000 0.272800 0.012800
0.244000 0.272800 0.013600
0.269600 0.272800 0.012000
0.311200 0.272800 0.012000
0.375200 0.272800 0.013600
0.420000 0.272800 0.011200
0.440000 0.272800 0.012000
0.495200 0.272800 0.013600
0.504800 0.272800 0.013600
0.525600 0.272800 0.013600
0.547200 0.272800 0.012800
0.571200 0.272800 0.013600
0.215200 0.273600 0.012000
0.462400 0.273600 0.012800
0.481600 0.273600 0.010400
0.600000 0.273600 0.012000
0.648000 0.273600 0.013600
0.744000 0.273600 0.008800
0.334400 0.274400 0.012800
0.671200 0.274400 0.012800
0.705600 0.274400 0.011200
0.758400 0.274400 0.012000
0.779200 0.274400 0.013600
0.348800 0.275200 0.008800
0.692000 0.275200 0.011200
0.727200 0.275200 0.012000
0.803200 0.275200 0.013600
0.828000 0.275200 0.015200
0.623200 0.276000 0.013600
0.851200 0.276800 0.008800
0.866400 0.278400 0.019200
0.156800 0.293600 0.016800
0.169600 0.293600 0.013600
0.426400 0.293600 0.013600
0.532000 0.293600 0.013600
0.214400 0.294400 0.013600
0.240000 0.294400 0.013600
0.295200 0.294400 0.008800
0.351200 0.294400 0.012800
0.444800 0.294400 0.008800
0.459200 0.294400 0.010400
0.479200 0.294400 0.011200
0.500800 0.294400 0.011200
0.191200 0.295200 0.013600
0.275200 0.295200 0.013600
0.310400 0.295200 0.012800
0.332000 0.295200 0.011200
0.520800 0.295200 0.011200
0.575200 0.295200 0.012800
0.599200 0.295200 0.013600
0.390400 0.296000 0.010400
0.404800 0.296000 0.011200
0.657600 0.296000 0.012800
0.555200 0.296800 0.012800
0.631200 0.296800 0.012800
0.681600 0.297600 0.012800
0.725600 0.297600 0.014400
0.806400 0.297600 0.013600
0.704800 0.298400 0.012000
0.753600 0.298400 0.013600
0.779200 0.298400 0.012000
0.800800 0.298400 0.013600
0.871200 0.298400 0.013600
0.824800 0.299200 0.011200
0.849600 0.300000 0.013600
0.342400 0.316000 0.013600
0.237600 0.317600 0.012000
0.380000 0.317600 0.014400
0.216000 0.318400 0.012800
0.260000 0.318400 0.013600
0.354400 0.318400 0.013600
0.428000 0.318400 0.013600
0.160800 0.319200 0.012800
0.183200 0.319200 0.013600
0.321600 0.319200 0.011200
0.404000 0.319200 0.012800
0.454400 0.319200 0.012000
0.473600 0.319200 0.011200
0.492800 0.319200 0.013600
0.600800 0.319200 0.013600
0.752000 0.319200 0.012000
0.282400 0.320000 0.011200
0.302400 0.320000 0.013600
0.523200 0.320000 0.013600
0.548800 0.320000 0.014400
0.576800 0.320000 0.012800
0.772800 0.320000 0.012000
0.792000 0.320000 0.013600
0.626400 0.320800 0.013600
0.651200 0.320800 0.012000
0.704800 0.320800 0.013600
0.816000 0.320800 0.012000
0.730400 0.321600 0.012800
0.668800 0.322400 0.015200
0.835200 0.322400 0.011200
0.850400 0.323200 0.011200
0.866400 0.323200 0.009600
0.877600 0.325600 0.016800
0.239200 0.340000 0.012000
0.407200 0.340000 0.012800
0.199200 0.340800 0.012800
0.260000 0.340800 0.012800
0.283200 0.340800 0.012800
0.332000 0.340800 0.013600
0.432800 0.340800 0.012800
0.154400 0.341600 0.011200
0.176000 0.341600 0.013600
0.217600 0.341600 0.011200
0.308800 0.341600 0.012000
0.371200 0.341600 0.011200
0.388800 0.341600 0.011200
0.464000 0.341600 0.013600
0.516800 0.341600 0.012800
0.354400 0.342400 0.011200
0.379200 0.342400 0.007200
0.487200 0.342400 0.012800
0.503200 0.342400 0.008800
0.540000 0.342400 0.013600
0.568000 0.342400 0.012800
0.650400 0.342400 0.011200
0.740800 0.342400 0.012000
0.787200 0.342400 0.011200
0.872000 0.342400 0.008000
0.145600 0.343200 0.005600
0.588800 0.343200 0.012000
0.609600 0.343200 0.012000
0.630400 0.343200 0.012000
0.671200 0.343200 0.008000
0.763200 0.343200 0.012800
0.834400 0.343200 0.013600
0.857600 0.343200 0.011200
0.690400 0.344000 0.012800
0.712000 0.344000 0.013600
0.804000 0.344000 0.013600
0.202400 0.361600 0.011200
0.377600 0.361600 0.012800
0.305600 0.362400 0.012000
0.328000 0.362400 0.011200
0.285600 0.363200 0.011200
0.352000 0.363200 0.013600
0.401600 0.363200 0.013600
0.672000 0.363200 0.011200
0.180800 0.364000 0.015200
0.213600 0.364000 0.008800
0.244000 0.364000 0.012800
0.266400 0.364000 0.012000
0.538400 0.364000 0.013600
0.632800 0.364000 0.011200
0.700800 0.364000 0.012800
0.716800 0.364000 0.008800
0.876000 0.364000 0.015200
0.157600 0.364800 0.014400
0.431200 0.364800 0.012800
0.452800 0.364800 0.012800
0.510400 0.364800 0.011200
0.612800 0.364800 0.011200
0.652000 0.364800 0.013600
0.729600 0.364800 0.013600
0.779200 0.364800 0.013600
0.227200 0.365600 0.008800
0.473600 0.365600 0.011200
0.560800 0.365600 0.011200
0.754400 0.365600 0.013600
0.832000 0.365600 0.013600
0.576800 0.366400 0.008800
0.590400 0.366400 0.013600
0.797600 0.366400 0.011200
0.811200 0.366400 0.008800
0.854400 0.366400 0.012800
0.492800 0.367200 0.012800
0.240000 0.386400 0.012800
0.338400 0.386400 0.017600
0.263200 0.387200 0.013600
0.284800 0.387200 0.011200
0.303200 0.387200 0.016000
0.327200 0.387200 0.016800
0.416000 0.387200 0.016800
0.210400 0.388000 0.013600
0.370400 0.388000 0.013600
0.545600 0.388000 0.013600
0.626400 0.388000 0.013600
0.389600 0.388800 0.012800
0.479200 0.388800 0.008000
0.658400 0.388800 0.014400
0.164800 0.389600 0.013600
0.188000 0.389600 0.013600
0.435200 0.389600 0.012800
0.464000 0.389600 0.013600
0.559200 0.389600 0.013600
0.603200 0.389600 0.012800
0.685600 0.389600 0.016000
0.711200 0.389600 0.011200
0.724000 0.389600 0.018400
0.772000 0.389600 0.015200
0.496000 0.390400 0.013600
0.580800 0.390400 0.013600
0.847200 0.390400 0.012800
0.523200 0.391200 0.015200
0.736000 0.391200 0.011200
0.752000 0.391200 0.011200
0.799200 0.391200 0.015200
0.828000 0.391200 0.012800
0.862400 0.392000 0.011200
0.877600 0.392800 0.016800
0.275200 0.412000 0.012000
0.468000 0.412000 0.013600
0.218400 0.412800 0.015200
0.251200 0.412800 0.015200
0.296000 0.412800 0.012800
0.446400 0.412800 0.012800
0.496800 0.412800 0.012800
0.678400 0.412800 0.013600
0.163200 0.413600 0.013600
0.189600 0.413600 0.013600
0.347200 0.413600 0.013600
0.423200 0.413600 0.013600
0.620800 0.413600 0.013600
0.652800 0.413600 0.015200
0.700800 0.413600 0.015200
0.320800 0.414400 0.011200
0.368800 0.414400 0.012800
0.392000 0.414400 0.013600
0.558400 0.414400 0.013600
0.585600 0.414400 0.013600
0.527200 0.415200 0.015200
0.601600 0.415200 0.008800
0.731200 0.416000 0.012800
0.785600 0.416800 0.016000
0.876000 0.416800 0.011200
0.820000 0.417600 0.015200
0.756800 0.418400 0.015200
0.849600 0.420000 0.019200
0.269600 0.434400 0.015200
0.300800 0.434400 0.016800
0.208000 0.436000 0.016000
0.252800 0.436000 0.007200
0.507200 0.436000 0.016800
0.236800 0.436800 0.015200
0.369600 0.436800 0.008800
0.480000 0.436800 0.013600
0.160800 0.437600 0.015200
0.184000 0.437600 0.013600
0.324800 0.437600 0.016800
0.352800 0.437600 0.012800
0.384800 0.437600 0.012800
0.454400 0.437600 0.016000
0.605600 0.437600 0.013600
0.631200 0.437600 0.015200
0.654400 0.437600 0.013600
0.712800 0.437600 0.011200
0.404000 0.438400 0.011200
0.422400 0.438400 0.013600
0.519200 0.438400 0.005600
0.563200 0.438400 0.013600
0.677600 0.438400 0.013600
0.700000 0.438400 0.016000
0.535200 0.439200 0.016800
0.584000 0.439200 0.013600
0.600800 0.439200 0.013600
0.728800 0.439200 0.016800
0.756800 0.440000 0.013600
0.782400 0.440000 0.013600
0.851200 0.440000 0.016000
0.871200 0.440000 0.015200
0.804800 0.440800 0.012800
0.824000 0.440800 0.012800
