0.713600 0.036800 0.021600
0.740000 0.036800 0.022400
0.669600 0.037600 0.027200
0.692000 0.037600 0.016800
0.724800 0.037600 0.024800
0.134400 0.040000 0.016800
0.155200 0.040000 0.011200
0.174400 0.040000 0.013600
0.192800 0.040000 0.011200
0.210400 0.040000 0.012800
0.229600 0.040800 0.016800
0.527200 0.076000 0.012800
0.633600 0.076000 0.012800
0.059200 0.076800 0.011200
0.076000 0.076800 0.015200
0.423200 0.076800 0.011200
0.742400 0.076800 0.013600
0.098400 0.077600 0.016800
0.652800 0.077600 0.016000
0.764000 0.077600 0.012800
0.862400 0.077600 0.011200
0.876800 0.077600 0.016800
0.041600 0.078400 0.013600
0.257600 0.078400 0.016000
0.389600 0.078400 0.016800
0.408800 0.078400 0.011200
0.520000 0.078400 0.005600
0.677600 0.078400 0.013600
0.698400 0.078400 0.013600
0.792800 0.078400 0.012800
0.833600 0.078400 0.011200
0.848000 0.078400 0.013600
0.133600 0.079200 0.020800
0.288000 0.079200 0.011200
0.306400 0.079200 0.013600
0.328000 0.079200 0.011200
0.345600 0.079200 0.013600
0.442400 0.079200 0.013600
0.721600 0.079200 0.012800
0.813600 0.079200 0.013600
0.275200 0.080000 0.008800
0.364000 0.080000 0.011200
0.511200 0.080000 0.022400
0.165600 0.080800 0.011200
0.212000 0.080800 0.012800
0.236000 0.080800 0.012000
0.467200 0.080800 0.013600
0.483200 0.080800 0.008800
0.230400 0.081600 0.012800
0.122400 0.082400 0.019200
0.178400 0.082400 0.008800
0.192800 0.082400 0.010400
0.497600 0.082400 0.011200
0.764800 0.101600 0.012800
0.834400 0.101600 0.012800
0.881600 0.101600 0.015200
0.164800 0.102400 0.016000
0.785600 0.102400 0.016000
0.812000 0.102400 0.012800
0.855200 0.102400 0.012800
0.874400 0.102400 0.016800
0.173600 0.103200 0.016800
0.200000 0.103200 0.011200
0.247200 0.103200 0.014400
0.186400 0.104000 0.007200
0.218400 0.104000 0.011200
0.544800 0.104000 0.015200
0.591200 0.104000 0.014400
0.632000 0.104000 0.012800
0.708800 0.104000 0.013600
0.736000 0.104000 0.016800
0.329600 0.104800 0.012800
0.451200 0.104800 0.014400
0.520800 0.104800 0.008800
0.571200 0.104800 0.013600
0.656800 0.104800 0.013600
0.681600 0.104800 0.013600
0.280800 0.105600 0.016800
0.308000 0.105600 0.013600
0.372000 0.105600 0.012800
0.393600 0.105600 0.012800
0.416800 0.105600 0.014400
0.460800 0.105600 0.016000
0.506400 0.105600 0.011200
0.616800 0.105600 0.010400
0.356800 0.106400 0.011200
0.488000 0.106400 0.011200
0.265600 0.107200 0.011200
0.860000 0.124800 0.013600
0.525600 0.125600 0.016000
0.165600 0.126400 0.013600
0.186400 0.126400 0.012800
0.202400 0.126400 0.008800
0.471200 0.126400 0.008800
0.220000 0.127200 0.012000
0.501600 0.127200 0.012000
0.552000 0.127200 0.011200
0.595200 0.127200 0.008800
0.609600 0.127200 0.011200
0.660800 0.127200 0.016000
0.796000 0.127200 0.012000
0.820000 0.127200 0.016000
0.332000 0.128000 0.013600
0.564800 0.128000 0.008800
0.584800 0.128000 0.015200
0.629600 0.128000 0.013600
0.643200 0.128000 0.011200
0.729600 0.128000 0.010400
0.309600 0.128800 0.013600
0.355200 0.128800 0.013600
0.384000 0.128800 0.012000
0.448000 0.128800 0.013600
0.694400 0.128800 0.016800
0.715200 0.128800 0.012800
0.242400 0.129600 0.013600
0.264800 0.129600 0.012000
0.287200 0.129600 0.012000
0.404800 0.129600 0.012800
0.426400 0.129600 0.012800
0.483200 0.129600 0.011200
0.716000 0.150400 0.013600
0.520800 0.151200 0.014400
0.804800 0.151200 0.013600
0.826400 0.151200 0.013600
0.854400 0.151200 0.013600
0.876800 0.151200 0.016800
0.493600 0.152000 0.012800
0.841600 0.152000 0.008800
0.412800 0.152800 0.015200
0.742400 0.152800 0.011200
0.762400 0.152800 0.012800
0.782400 0.152800 0.012800
0.270400 0.153600 0.008800
0.544800 0.153600 0.013600
0.284800 0.154400 0.011200
0.381600 0.154400 0.014400
0.450400 0.154400 0.014400
0.474400 0.154400 0.011200
0.166400 0.155200 0.011200
0.180800 0.155200 0.008800
0.196000 0.155200 0.012000
0.217600 0.155200 0.012000
0.255200 0.155200 0.011200
0.563200 0.155200 0.008800
0.575200 0.155200 0.018400
0.239200 0.156000 0.011200
0.304000 0.156000 0.012800
0.603200 0.156000 0.013600
0.608800 0.156000 0.011200
0.233600 0.156800 0.011200
0.324000 0.156800 0.011200
0.355200 0.156800 0.011200
0.590400 0.156800 0.011200
0.340800 0.158400 0.011200
0.876000 0.175200 0.013600
0.715200 0.176000 0.013600
0.831200 0.176000 0.011200
0.852000 0.176000 0.012800
0.211200 0.176800 0.011200
0.324800 0.176800 0.011200
0.688000 0.176800 0.012800
0.738400 0.176800 0.012800
0.811200 0.176800 0.012800
0.165600 0.177600 0.011200
0.261600 0.177600 0.013600
0.400000 0.177600 0.011200
0.470400 0.177600 0.012800
0.493600 0.177600 0.012800
0.560800 0.177600 0.012000
0.640000 0.177600 0.013600
0.760000 0.177600 0.013600
0.785600 0.177600 0.015200
0.184000 0.178400 0.013600
0.272000 0.178400 0.013600
0.414400 0.178400 0.011200
0.424800 0.178400 0.016000
0.534400 0.178400 0.016000
0.582400 0.178400 0.012800
0.616800 0.178400 0.013600
0.666400 0.178400 0.013600
0.776000 0.178400 0.011200
0.223200 0.179200 0.008800
0.244800 0.179200 0.013600
0.288800 0.179200 0.013600
0.339200 0.179200 0.008000
0.355200 0.179200 0.012000
0.448000 0.179200 0.013600
0.376000 0.180800 0.013600
0.832000 0.196800 0.016800
0.165600 0.199200 0.013600
0.671200 0.199200 0.013600
0.697600 0.199200 0.014400
0.720000 0.199200 0.013600
0.185600 0.200000 0.013600
0.753600 0.200000 0.012000
0.845600 0.200000 0.016800
0.211200 0.200800 0.012800
0.295200 0.200800 0.013600
0.468800 0.200800 0.013600
0.492800 0.200800 0.016800
0.644800 0.200800 0.013600
0.811200 0.200800 0.013600
0.233600 0.201600 0.011200
0.272800 0.201600 0.012800
0.319200 0.201600 0.011200
0.338400 0.201600 0.013600
0.405600 0.201600 0.012800
0.424800 0.201600 0.013600
0.448000 0.201600 0.012800
0.547200 0.201600 0.016000
0.604000 0.201600 0.013600
0.624800 0.201600 0.013600
0.657600 0.201600 0.005600
0.732800 0.201600 0.011200
0.747200 0.201600 0.016800
0.360000 0.202400 0.013600
0.372000 0.202400 0.005600
0.384000 0.202400 0.015200
0.521600 0.202400 0.013600
0.576800 0.202400 0.016000
0.253600 0.203200 0.012800
0.501600 0.204000 0.019200
0.406400 0.240000 0.013600
0.490400 0.240000 0.011200
0.606400 0.240000 0.016800
0.388800 0.240800 0.013600
0.418400 0.240800 0.019200
0.424800 0.240800 0.013600
0.468800 0.240800 0.016000
0.507200 0.240800 0.016800
0.516800 0.240800 0.008800
0.534400 0.240800 0.015200
0.626400 0.240800 0.013600
0.718400 0.240800 0.013600
0.736800 0.240800 0.013600
0.368000 0.241600 0.012800
0.443200 0.241600 0.013600
0.560800 0.241600 0.015200
0.651200 0.241600 0.014400
0.672000 0.241600 0.011200
0.700000 0.241600 0.011200
0.744800 0.241600 0.004800
0.751200 0.241600 0.013600
0.283200 0.242400 0.019200
0.329600 0.242400 0.012800
0.580000 0.242400 0.016000
0.686400 0.242400 0.008800
0.295200 0.243200 0.008800
0.311200 0.243200 0.011200
0.345600 0.243200 0.013600
0.351200 0.243200 0.011200
0.541600 0.289600 0.008000
0.703200 0.289600 0.019200
0.602400 0.290400 0.019200
0.716000 0.290400 0.021600
0.769600 0.290400 0.011200
0.784800 0.290400 0.011200
0.800000 0.290400 0.013600
0.842400 0.290400 0.008800
0.854400 0.290400 0.018400
0.650400 0.291200 0.010400
0.730400 0.291200 0.011200
0.744000 0.291200 0.011200
0.826400 0.291200 0.016800
0.876800 0.291200 0.013600
0.232800 0.292000 0.009600
0.472800 0.292000 0.008800
0.565600 0.292000 0.016800
0.628000 0.292000 0.017600
0.682400 0.292000 0.013600
0.758400 0.292000 0.008000
0.167200 0.292800 0.013600
0.180000 0.292800 0.008800
0.216000 0.292800 0.012000
0.252000 0.292800 0.011200
0.160800 0.293600 0.012800
0.193600 0.293600 0.011200
0.272000 0.293600 0.011200
0.291200 0.293600 0.011200
0.313600 0.293600 0.012800
0.434400 0.293600 0.015200
0.458400 0.293600 0.010400
0.135200 0.294400 0.011200
0.343200 0.294400 0.012800
0.361600 0.294400 0.009600
0.408000 0.294400 0.013600
0.380800 0.296000 0.012800
0.122400 0.296800 0.027200
0.176000 0.312800 0.015200
0.199200 0.312800 0.012800
0.232800 0.312800 0.013600
0.283200 0.312800 0.008800
0.217600 0.313600 0.008800
0.269600 0.313600 0.008000
0.328800 0.313600 0.016800
0.538400 0.313600 0.016800
0.556800 0.313600 0.008800
0.298400 0.314400 0.013600
0.454400 0.314400 0.013600
0.480000 0.314400 0.016800
0.511200 0.314400 0.019200
0.257600 0.315200 0.011200
0.363200 0.315200 0.016000
0.498400 0.315200 0.008800
0.700800 0.315200 0.018400
0.409600 0.316000 0.011200
0.429600 0.316000 0.013600
0.570400 0.316000 0.011200
0.590400 0.316000 0.011200
0.644000 0.316000 0.012800
0.725600 0.316000 0.013600
0.768000 0.316000 0.008800
0.388000 0.316800 0.013600
0.400000 0.316800 0.005600
0.672000 0.316800 0.019200
0.686400 0.316800 0.008800
0.749600 0.316800 0.014400
0.780800 0.316800 0.019200
0.818400 0.316800 0.008800
0.880000 0.316800 0.013600
0.604800 0.317600 0.008800
0.620000 0.317600 0.013600
0.800800 0.317600 0.013600
0.831200 0.317600 0.010400
0.864000 0.317600 0.011200
0.846400 0.318400 0.011200
0.280800 0.340800 0.011200
0.411200 0.340800 0.013600
0.212800 0.341600 0.013600
0.249600 0.341600 0.013600
0.301600 0.341600 0.013600
0.355200 0.341600 0.012800
0.432000 0.341600 0.013600
0.465600 0.341600 0.011200
0.492000 0.341600 0.015200
0.267200 0.342400 0.008000
0.316000 0.342400 0.013600
0.389600 0.342400 0.008800
0.401600 0.342400 0.008800
0.453600 0.342400 0.011200
0.480000 0.342400 0.008800
0.170400 0.343200 0.013600
0.376800 0.343200 0.012800
0.546400 0.343200 0.013600
0.567200 0.343200 0.013600
0.518400 0.344000 0.013600
0.598400 0.344000 0.013600
0.588800 0.344800 0.008800
0.615200 0.345600 0.012800
0.637600 0.345600 0.009600
0.654400 0.345600 0.013600
0.672800 0.345600 0.011200
0.690400 0.345600 0.010400
0.394400 0.360800 0.008800
0.429600 0.360800 0.011200
0.210400 0.361600 0.011200
0.228800 0.361600 0.011200
0.239200 0.361600 0.012800
0.357600 0.361600 0.011200
0.378400 0.361600 0.011200
0.407200 0.361600 0.011200
0.454400 0.361600 0.012000
0.499200 0.361600 0.013600
0.269600 0.362400 0.011200
0.477600 0.362400 0.012800
0.257600 0.363200 0.008800
0.284800 0.363200 0.008800
0.525600 0.363200 0.012000
0.544800 0.363200 0.009600
0.172000 0.364000 0.013600
0.563200 0.364000 0.012000
0.590400 0.364800 0.011200
0.611200 0.364800 0.012000
0.636000 0.365600 0.013600
0.679200 0.365600 0.011200
0.660800 0.366400 0.011200
0.711200 0.366400 0.011200
0.692800 0.367200 0.011200
0.207200 0.380000 0.013600
0.171200 0.380800 0.013600
0.427200 0.380800 0.013600
0.228000 0.381600 0.008800
0.238400 0.381600 0.011200
0.284000 0.381600 0.010400
0.268000 0.382400 0.011200
0.400800 0.382400 0.012800
0.470400 0.382400 0.012800
0.520800 0.383200 0.011200
0.548000 0.383200 0.013600
0.252800 0.384000 0.008000
0.447200 0.384000 0.012800
0.498400 0.384000 0.012800
0.868000 0.384000 0.011200
0.377600 0.384800 0.012000
0.575200 0.384800 0.013600
0.852800 0.384800 0.011200
0.599200 0.385600 0.011200
0.880800 0.385600 0.021600
0.619200 0.386400 0.011200
0.657600 0.386400 0.009600
0.833600 0.386400 0.012800
0.637600 0.387200 0.012000
0.711200 0.387200 0.011200
0.736000 0.387200 0.016000
0.357600 0.388000 0.013600
0.698400 0.388000 0.008800
0.814400 0.388000 0.011200
0.757600 0.388800 0.015200
0.780800 0.388800 0.011200
0.796000 0.388800 0.011200
0.674400 0.389600 0.011200
0.204000 0.402400 0.012800
0.228000 0.402400 0.012800
0.276800 0.402400 0.011200
0.169600 0.403200 0.013600
0.245600 0.404000 0.008800
0.260000 0.404000 0.011200
0.465600 0.404000 0.013600
0.412800 0.404800 0.013600
0.436000 0.404800 0.012800
0.460000 0.404800 0.013600
0.513600 0.404800 0.012800
0.356800 0.405600 0.012800
0.489600 0.405600 0.012800
0.528000 0.405600 0.008000
0.542400 0.405600 0.012000
0.392000 0.406400 0.008800
0.376800 0.407200 0.011200
0.562400 0.408000 0.012000
0.575200 0.408000 0.008800
0.652800 0.408000 0.011200
0.587200 0.408800 0.008800
0.597600 0.409600 0.013600
0.633600 0.409600 0.011200
0.705600 0.409600 0.011200
0.725600 0.409600 0.011200
0.680800 0.410400 0.013600
0.616000 0.411200 0.011200
0.744000 0.413600 0.011200
0.284000 0.420000 0.011200
0.234400 0.422400 0.013600
0.208000 0.423200 0.015200
0.239200 0.423200 0.012800
0.268000 0.423200 0.009600
0.253600 0.424000 0.008000
0.770400 0.424000 0.018400
0.172800 0.425600 0.013600
0.431200 0.425600 0.012800
0.361600 0.426400 0.012000
0.407200 0.426400 0.012800
0.478400 0.426400 0.010400
0.500800 0.426400 0.012800
0.456000 0.427200 0.012800
0.384000 0.428000 0.011200
0.727200 0.428000 0.012800
0.531200 0.428800 0.011200
0.572800 0.428800 0.010400
0.757600 0.428800 0.011200
0.554400 0.429600 0.012000
0.584800 0.429600 0.013600
0.635200 0.429600 0.008800
0.648000 0.429600 0.011200
0.612800 0.430400 0.012800
0.708000 0.431200 0.011200
0.748000 0.431200 0.011200
0.679200 0.432800 0.013600
0.172000 0.438400 0.008800
0.321600 0.438400 0.020800
0.055200 0.439200 0.008800
0.310400 0.439200 0.024000
0.293600 0.442400 0.011200
0.264800 0.444000 0.013600
0.240800 0.444800 0.011200
0.281600 0.444800 0.008000
0.358400 0.444800 0.012000
0.380000 0.445600 0.011200
0.429600 0.445600 0.012800
0.453600 0.445600 0.011200
0.216800 0.446400 0.013600
0.405600 0.446400 0.013600
0.471200 0.446400 0.012000
0.491200 0.446400 0.011200
0.065600 0.447200 0.012000
0.201600 0.447200 0.011200
0.520800 0.447200 0.008800
0.563200 0.447200 0.012000
0.171200 0.448000 0.016800
0.510400 0.448000 0.016000
0.537600 0.448000 0.011200
0.628000 0.448800 0.012000
0.591200 0.449600 0.013600
0.608800 0.449600 0.010400
0.648800 0.449600 0.012000
0.811200 0.451200 0.027200
0.668800 0.452000 0.008800
0.681600 0.452000 0.011200
0.706400 0.452000 0.011200
0.820800 0.452000 0.016800
0.721600 0.452800 0.008800
0.731200 0.452800 0.016800
0.756800 0.452800 0.012800
0.774400 0.452800 0.011200
0.794400 0.452800 0.013600
0.843200 0.454400 0.013600
0.881600 0.454400 0.013600
0.864800 0.456000 0.011200
0.070400 0.461600 0.011200
