0
0
0
1
1
1
1
1
1
2
2
3
3
4
4
4
4
4
4
4
4
4
4
4
4
4
4
4
4
4
4
4
4
4
4
4
4
4
4
4
4
4
4
4
4
4
4
4
4
4
4
4
4
4
4
4
4
4
4
4
4
4
4
4
4
4
4
4
4
4
4
4
4
4
15
4
18
16
15
18
5
5
5
5
5
5
5
5
5
5
5
5
5
5
5
5
5
5
5
5
5
5
5
5
5
5
5
5
5
5
5
5
5
5
5
5
5
5
5
5
5
5
5
5
5
5
5
5
5
5
5
5
16
5
5
5
5
5
5
5
5
5
5
5
5
15
18
15
16
6
6
6
18
6
6
6
6
6
6
6
6
6
6
6
6
6
6
6
6
6
6
6
6
6
6
6
6
6
6
6
6
6
6
6
6
6
6
6
6
6
6
6
6
6
6
6
6
6
6
15
16
6
6
6
6
6
6
6
6
6
18
7
7
16
7
7
7
7
7
7
7
15
18
7
7
7
7
7
7
7
7
7
7
7
7
7
7
7
7
7
7
7
7
7
7
7
7
7
7
7
7
7
7
7
7
7
7
7
16
7
7
7
7
7
7
7
7
7
7
7
15
7
7
7
7
7
18
16
8
8
8
8
8
8
8
15
8
8
8
8
8
8
8
8
8
8
8
8
8
8
8
8
8
8
8
8
18
8
8
8
8
8
8
8
8
8
8
8
8
8
8
8
8
8
8
8
8
8
16
8
8
8
8
8
8
8
8
18
15
16
9
9
9
9
9
9
9
9
9
9
9
9
9
9
9
18
9
9
9
9
9
9
9
9
9
9
9
9
9
9
9
9
9
9
9
9
16
9
9
9
9
9
9
9
9
9
9
9
9
9
9
9
9
9
9
9
9
9
9
9
9
9
9
16
15
18
10
10
10
15
10
10
10
10
10
10
10
10
10
10
10
10
10
10
10
10
10
10
10
10
10
10
10
10
10
10
10
10
10
18
10
10
10
10
10
16
10
10
10
10
10
10
10
10
10
10
10
10
10
10
10
10
10
10
10
10
10
10
10
10
15
18
16
11
11
15
12
16
18
13
15
14
14
14
14
16
14
14
14
14
14
14
14
14
14
14
15
14
14
14
14
14
14
14
14
14
14
14
14
14
14
14
14
14
14
14
14
14
14
14
14
14
18
16
14
14
14
14
14
14
14
14
14
14
14
14
14
14
14
14
14
14
14
14
15
18
16
15
17
17
17
17
17
17
17
17
17
17
17
17
17
17
17
17
17
17
16
17
17
17
17
17
17
17
17
17
17
17
17
17
17
17
17
17
17
17
17
17
17
17
17
17
17
17
17
17
17
17
17
17
17
17
17
17
17
17
17
17
17
17
17
17
17
17
18
16
15
19
18
19
19
19
19
19
19
19
19
19
19
15
19
19
19
16
19
19
19
19
19
19
19
19
19
19
19
19
19
19
19
19
19
19
19
19
19
19
19
19
19
19
19
19
19
19
19
19
19
19
19
19
19
19
19
19
19
19
19
19
19
19
19
19
19
15
18
16
20
15
20
20
20
20
20
20
20
20
20
20
20
20
20
20
20
20
20
20
20
20
20
20
20
20
20
20
20
20
20
20
20
20
20
20
20
20
20
20
20
20
20
20
20
20
20
20
20
20
20
20
20
20
20
20
20
20
20
20
20
20
20
18
20
16
15
18
15
16
18
21
21
21
21
21
21
21
21
21
21
21
21
21
21
21
21
21
21
21
21
21
21
21
21
21
18
16
15
22
22
22
22
18
16
22
22
22
22
22
22
22
22
22
22
22
22
22
22
22
22
22
22
22
22
22
22
22
22
22
22
22
22
22
22
22
22
22
22
22
15
18
15
16
23
23
23
23
18
23
23
23
23
23
23
23
23
23
23
23
23
23
23
23
23
23
23
23
23
23
23
23
23
23
23
23
23
23
23
23
23
23
23
23
23
23
23
23
23
23
23
23
23
23
23
23
23
23
23
23
23
23
15
23
23
23
23
16
18
24
24
24
24
24
24
24
24
24
24
15
24
24
24
24
24
24
24
24
24
24
24
24
24
24
24
24
24
24
24
24
24
24
16
24
24
24
24
24
24
18
24
24
24
24
24
24
24
24
24
24
24
24
24
24
24
24
24
24
24
24
24
24
18
16
15
25
25
25
25
25
25
25
25
25
25
25
25
25
25
25
25
25
25
25
25
25
25
25
25
25
25
25
15
25
25
25
25
25
25
25
25
25
25
25
25
25
25
25
25
25
25
16
25
25
25
25
25
25
25
18
25
25
25
25
25
25
25
25
25
25
25
15
16
26
18
26
26
26
26
26
26
26
26
26
26
26
26
26
26
26
26
26
26
26
26
26
26
26
26
26
26
26
26
26
26
26
26
26
26
26
26
26
26
26
26
26
26
26
26
26
26
26
26
26
26
26
26
26
26
26
26
26
26
26
26
26
26
26
26
26
26
18
16
15
18
16
18
27
27
27
27
27
27
27
27
27
27
27
27
27
27
27
27
27
27
27
27
27
27
27
27
27
27
27
27
27
27
27
27
27
27
27
27
27
27
27
27
27
27
27
27
27
27
27
27
27
27
27
27
27
27
27
27
27
27
27
27
27
27
27
27
27
27
27
27
28
28
29
29
29
29
29
29
29
29
29
29
29
29
29
29
29
29
29
29
29
29
30
30