0.172000 0.064800 0.029600
0.228000 0.064800 0.010400
0.854400 0.064800 0.022400
0.919200 0.064800 0.013600
0.212800 0.065600 0.011200
0.242400 0.065600 0.008800
0.840800 0.066400 0.024800
0.258400 0.067200 0.024800
0.192800 0.068800 0.011200
0.898400 0.072000 0.012800
0.917600 0.072800 0.005600
0.919200 0.087200 0.009600
0.899200 0.089600 0.009600
0.854400 0.098400 0.008800
0.113600 0.099200 0.011200
0.865600 0.099200 0.007200
0.600800 0.100000 0.008800
0.692000 0.100000 0.008800
0.728000 0.100000 0.011200
0.875200 0.100000 0.014400
0.640000 0.100800 0.008800
0.667200 0.100800 0.008800
0.680000 0.100800 0.008000
0.702400 0.100800 0.005600
0.712000 0.100800 0.008800
0.740800 0.100800 0.008800
0.842400 0.100800 0.008800
0.918400 0.100800 0.008800
0.626400 0.101600 0.008800
0.653600 0.101600 0.008800
0.756800 0.101600 0.010400
0.771200 0.101600 0.008800
0.784800 0.101600 0.008800
0.794400 0.101600 0.004800
0.801600 0.101600 0.005600
0.808800 0.101600 0.004800
0.817600 0.101600 0.008800
0.829600 0.101600 0.008800
0.586400 0.102400 0.008800
0.613600 0.102400 0.008000
0.898400 0.102400 0.008800
0.415200 0.103200 0.008800
0.440800 0.103200 0.009600
0.496800 0.103200 0.009600
0.543200 0.103200 0.008800
0.552800 0.103200 0.008800
0.568000 0.103200 0.012800
0.348800 0.104000 0.008800
0.406400 0.104000 0.015200
0.427200 0.104000 0.008800
0.454400 0.104000 0.008800
0.468000 0.104000 0.008800
0.481600 0.104000 0.008800
0.512000 0.104000 0.008800
0.527200 0.104000 0.011200
0.331200 0.104800 0.012800
0.365600 0.104800 0.011200
0.376800 0.104800 0.008800
0.189600 0.105600 0.008800
0.301600 0.105600 0.012000
0.318400 0.105600 0.011200
0.390400 0.105600 0.011200
0.145600 0.106400 0.009600
0.260800 0.106400 0.008800
0.271200 0.106400 0.008800
0.284800 0.106400 0.008000
0.295200 0.106400 0.013600
0.132000 0.107200 0.008800
0.174400 0.107200 0.008800
0.203200 0.107200 0.008800
0.215200 0.107200 0.008000
0.160800 0.108000 0.008800
0.228000 0.108000 0.008800
0.240000 0.108000 0.008000
0.251200 0.108800 0.008800
0.114400 0.112000 0.011200
0.919200 0.112000 0.008800
0.900800 0.112800 0.013600
0.920000 0.118400 0.012800
0.859200 0.120000 0.007200
0.636000 0.120800 0.009600
0.680800 0.120800 0.008800
0.696000 0.120800 0.009600
0.803200 0.120800 0.008800
0.848800 0.120800 0.008800
0.877600 0.120800 0.011200
0.709600 0.121600 0.008800
0.721600 0.121600 0.008800
0.734400 0.121600 0.008800
0.812800 0.121600 0.008800
0.607200 0.122400 0.008800
0.652800 0.122400 0.011200
0.668800 0.122400 0.008800
0.748800 0.122400 0.008800
0.762400 0.122400 0.008800
0.778400 0.122400 0.010400
0.791200 0.122400 0.008800
0.829600 0.122400 0.013600
0.556800 0.123200 0.007200
0.595200 0.123200 0.011200
0.620800 0.123200 0.008800
0.365600 0.124000 0.008800
0.411200 0.124000 0.007200
0.422400 0.124000 0.014400
0.547200 0.124000 0.007200
0.568800 0.124000 0.008800
0.580800 0.124000 0.010400
0.587200 0.124000 0.004800
0.352800 0.124800 0.008000
0.378400 0.124800 0.008800
0.391200 0.124800 0.008800
0.402400 0.124800 0.007200
0.428800 0.124800 0.012800
0.444000 0.124800 0.010400
0.513600 0.124800 0.008800
0.525600 0.124800 0.008000
0.920000 0.124800 0.011200
0.334400 0.125600 0.007200
0.343200 0.125600 0.005600
0.458400 0.125600 0.010400
0.474400 0.125600 0.008800
0.487200 0.125600 0.008000
0.499200 0.125600 0.010400
0.537600 0.125600 0.007200
0.112800 0.126400 0.011200
0.144000 0.126400 0.010400
0.180000 0.126400 0.009600
0.305600 0.126400 0.010400
0.130400 0.127200 0.008800
0.161600 0.127200 0.011200
0.192800 0.127200 0.008800
0.206400 0.127200 0.008800
0.216000 0.127200 0.004800
0.222400 0.127200 0.011200
0.232800 0.127200 0.005600
0.252000 0.127200 0.008800
0.266400 0.127200 0.008800
0.291200 0.127200 0.008800
0.321600 0.127200 0.008800
0.240000 0.128000 0.012000
0.279200 0.128000 0.008000
0.897600 0.130400 0.009600
0.112000 0.136800 0.013600
0.918400 0.140000 0.011200
0.808000 0.141600 0.003200
0.857600 0.141600 0.010400
0.872000 0.141600 0.016800
0.814400 0.142400 0.010400
0.845600 0.142400 0.008800
0.785600 0.143200 0.007200
0.798400 0.143200 0.008800
0.828800 0.143200 0.010400
0.753600 0.144000 0.008800
0.762400 0.144000 0.005600
0.773600 0.144000 0.008800
0.605600 0.144800 0.008000
0.616800 0.144800 0.007200
0.627200 0.144800 0.007200
0.699200 0.144800 0.008800
0.712000 0.144800 0.008800
0.582400 0.145600 0.008800
0.639200 0.145600 0.008800
0.652000 0.145600 0.008800
0.725600 0.145600 0.008800
0.738400 0.145600 0.011200
0.568000 0.146400 0.012800
0.592800 0.146400 0.008800
0.664800 0.146400 0.008000
0.675200 0.146400 0.005600
0.684800 0.146400 0.008800
0.362400 0.147200 0.008000
0.421600 0.147200 0.008800
0.496800 0.147200 0.008800
0.521600 0.147200 0.011200
0.550400 0.147200 0.008800
0.900000 0.147200 0.010400
0.351200 0.148000 0.008800
0.372800 0.148000 0.005600
0.408000 0.148000 0.007200
0.433600 0.148000 0.011200
0.508800 0.148000 0.008800
0.529600 0.148000 0.004800
0.538400 0.148000 0.008800
0.313600 0.148800 0.008800
0.384800 0.148800 0.008800
0.397600 0.148800 0.008000
0.449600 0.148800 0.008800
0.461600 0.148800 0.008000
0.473600 0.148800 0.007200
0.484800 0.148800 0.008800
0.918400 0.148800 0.016800
0.153600 0.149600 0.011200
0.186400 0.149600 0.008800
0.244000 0.149600 0.010400
0.339200 0.149600 0.008000
0.112000 0.150400 0.010400
0.128000 0.150400 0.008800
0.139200 0.150400 0.008000
0.171200 0.150400 0.011200
0.198400 0.150400 0.008800
0.210400 0.150400 0.008000
0.220800 0.150400 0.005600
0.229600 0.150400 0.005600
0.236800 0.150400 0.004000
0.256800 0.150400 0.008000
0.268000 0.150400 0.007200
0.277600 0.150400 0.008800
0.302400 0.150400 0.007200
0.327200 0.150400 0.008800
0.291200 0.151200 0.008000
0.916800 0.157600 0.011200
0.869600 0.162400 0.013600
0.899200 0.163200 0.008800
0.863200 0.164000 0.004000
0.108000 0.164800 0.013600
0.791200 0.164800 0.010400
0.833600 0.164800 0.005600
0.854400 0.164800 0.011200
0.842400 0.165600 0.008800
0.701600 0.166400 0.008000
0.733600 0.166400 0.009600
0.804000 0.166400 0.008800
0.815200 0.166400 0.007200
0.825600 0.166400 0.013600
0.879200 0.166400 0.012800
0.663200 0.167200 0.008800
0.688800 0.167200 0.008800
0.711200 0.167200 0.005600
0.720000 0.167200 0.007200
0.748000 0.167200 0.008800
0.761600 0.167200 0.008800
0.775200 0.167200 0.008800
0.460800 0.168000 0.008800
0.652000 0.168000 0.005600
0.365600 0.168800 0.007200
0.445600 0.168800 0.008800
0.472800 0.168800 0.008000
0.484000 0.168800 0.008800
0.497600 0.168800 0.008800
0.527200 0.168800 0.011200
0.565600 0.168800 0.004800
0.598400 0.168800 0.009600
0.628000 0.168800 0.010400
0.642400 0.168800 0.008800
0.676000 0.168800 0.008000
0.352800 0.169600 0.011200
0.376800 0.169600 0.008800
0.391200 0.169600 0.009600
0.430400 0.169600 0.008800
0.509600 0.169600 0.008800
0.556000 0.169600 0.008800
0.573600 0.169600 0.011200
0.584800 0.169600 0.007200
0.612800 0.169600 0.008800
0.324800 0.170400 0.008000
0.336800 0.170400 0.011200
0.418400 0.170400 0.007200
0.542400 0.170400 0.011200
0.269600 0.171200 0.013600
0.286400 0.171200 0.008800
0.300000 0.171200 0.008800
0.406400 0.171200 0.008800
0.164000 0.172000 0.011200
0.183200 0.172000 0.010400
0.234400 0.172000 0.008800
0.246400 0.172000 0.008800
0.258400 0.172000 0.008800
0.312000 0.172000 0.008800
0.344000 0.172000 0.004800
0.145600 0.172800 0.011200
0.196000 0.172800 0.008800
0.208800 0.172800 0.007200
0.219200 0.172800 0.008800
0.108800 0.173600 0.005600
0.131200 0.173600 0.011200
0.897600 0.173600 0.008000
0.916000 0.176000 0.011200
0.108000 0.182400 0.011200
0.899200 0.184000 0.013600
0.853600 0.186400 0.010400
0.690400 0.187200 0.008800
0.871200 0.187200 0.011200
0.654400 0.188000 0.008800
0.676000 0.188000 0.008800
0.804000 0.188000 0.008800
0.820000 0.188000 0.011200
0.839200 0.188000 0.011200
0.664000 0.188800 0.011200
0.721600 0.188800 0.008000
0.733600 0.188800 0.008000
0.745600 0.188800 0.009600
0.764000 0.188800 0.011200
0.776800 0.188800 0.009600
0.791200 0.188800 0.008000
0.917600 0.188800 0.008800
0.511200 0.189600 0.012800
0.622400 0.189600 0.004800
0.630400 0.189600 0.011200
0.641600 0.189600 0.008000
0.707200 0.189600 0.009600
0.500000 0.190400 0.008800
0.528800 0.190400 0.008000
0.599200 0.190400 0.011200
0.612000 0.190400 0.008800
0.425600 0.191200 0.008800
0.451200 0.191200 0.008800
0.464000 0.191200 0.008000
0.567200 0.191200 0.009600
0.580800 0.191200 0.008800
0.593600 0.191200 0.010400
0.332800 0.192000 0.008800
0.369600 0.192000 0.008800
0.380000 0.192000 0.008800
0.395200 0.192000 0.008800
0.439200 0.192000 0.008000
0.476000 0.192000 0.008000
0.487200 0.192000 0.008800
0.517600 0.192000 0.011200
0.540800 0.192000 0.008000
0.262400 0.192800 0.011200
0.276800 0.192800 0.008800
0.288000 0.192800 0.011200
0.315200 0.192800 0.012800
0.322400 0.192800 0.013600
0.344800 0.192800 0.007200
0.355200 0.192800 0.011200
0.408000 0.192800 0.010400
0.552800 0.192800 0.008000
0.900000 0.192800 0.012800
0.216800 0.193600 0.008000
0.253600 0.193600 0.004800
0.304000 0.193600 0.008000
0.160800 0.194400 0.008800
0.190400 0.194400 0.008800
0.203200 0.194400 0.008800
0.227200 0.194400 0.005600
0.235200 0.194400 0.007200
0.245600 0.194400 0.005600
0.129600 0.195200 0.011200
0.150400 0.195200 0.005600
0.177600 0.195200 0.009600
0.108000 0.196800 0.011200
0.141600 0.196800 0.013600
0.900000 0.199200 0.010400
0.916800 0.201600 0.008800
0.868800 0.207200 0.007200
0.877600 0.207200 0.013600
0.665600 0.208000 0.011200
0.808000 0.208000 0.008000
0.817600 0.208000 0.003200
0.823200 0.208000 0.008800
0.844800 0.208000 0.008800
0.856800 0.208000 0.008800
0.648800 0.208800 0.008800
0.680800 0.208800 0.008800
0.693600 0.208800 0.008000
0.715200 0.208800 0.008800
0.732000 0.208800 0.013600
0.742400 0.208800 0.007200
0.753600 0.208800 0.008000
0.764000 0.208800 0.005600
0.773600 0.208800 0.007200
0.784800 0.208800 0.007200
0.832800 0.208800 0.008800
0.635200 0.209600 0.010400
0.704800 0.209600 0.007200
0.375200 0.210400 0.008800
0.603200 0.210400 0.011200
0.617600 0.210400 0.010400
0.795200 0.210400 0.008800
0.388800 0.211200 0.008800
0.545600 0.211200 0.011200
0.560000 0.211200 0.011200
0.571200 0.211200 0.011200
0.578400 0.211200 0.005600
0.305600 0.212000 0.008800
0.322400 0.212000 0.010400
0.336000 0.212000 0.008800
0.348800 0.212000 0.008800
0.360800 0.212000 0.008000
0.400000 0.212000 0.008800
0.437600 0.212000 0.008800
0.452000 0.212000 0.008800
0.464800 0.212000 0.008800
0.504800 0.212000 0.011200
0.521600 0.212000 0.008800
0.535200 0.212000 0.007200
0.552800 0.212000 0.004800
0.586400 0.212000 0.011200
0.916800 0.212000 0.007200
0.292000 0.212800 0.009600
0.411200 0.212800 0.008800
0.425600 0.212800 0.008800
0.488800 0.212800 0.008800
0.898400 0.212800 0.009600
0.476800 0.213600 0.008800
0.105600 0.214400 0.011200
0.236000 0.214400 0.008800
0.249600 0.214400 0.011200
0.264800 0.214400 0.011200
0.276800 0.214400 0.008800
0.223200 0.215200 0.008800
0.256800 0.215200 0.004800
0.129600 0.216000 0.008800
0.172000 0.216000 0.007200
0.153600 0.216800 0.005600
0.160800 0.216800 0.013600
0.142400 0.217600 0.008800
0.183200 0.217600 0.008800
0.209600 0.217600 0.009600
0.195200 0.218400 0.008800
0.917600 0.222400 0.008800
0.897600 0.226400 0.008800
0.106400 0.228800 0.013600
0.918400 0.231200 0.005600
0.104800 0.236800 0.005600
0.916800 0.238400 0.012800
0.899200 0.241600 0.008800
0.104000 0.246400 0.008800
0.916000 0.249600 0.013600
0.833600 0.250400 0.011200
0.861600 0.250400 0.011200
0.816800 0.251200 0.010400
0.845600 0.251200 0.008800
0.898400 0.251200 0.008000
0.642400 0.252000 0.010400
0.659200 0.252000 0.011200
0.673600 0.252000 0.008800
0.686400 0.252000 0.013600
0.704000 0.252000 0.013600
0.800800 0.252000 0.009600
0.875200 0.252000 0.011200
0.506400 0.252800 0.008800
0.576000 0.252800 0.008800
0.600800 0.252800 0.008800
0.628000 0.252800 0.008800
0.730400 0.252800 0.007200
0.744800 0.252800 0.011200
0.757600 0.252800 0.011200
0.520000 0.253600 0.008800
0.531200 0.253600 0.005600
0.548000 0.253600 0.008800
0.562400 0.253600 0.009600
0.587200 0.253600 0.008800
0.612800 0.253600 0.011200
0.712000 0.253600 0.004800
0.720000 0.253600 0.016000
0.774400 0.253600 0.008800
0.788000 0.253600 0.008800
0.221600 0.254400 0.008800
0.249600 0.254400 0.010400
0.263200 0.254400 0.008800
0.274400 0.254400 0.016800
0.408800 0.254400 0.011200
0.494400 0.254400 0.008800
0.537600 0.254400 0.004800
0.192800 0.255200 0.009600
0.207200 0.255200 0.008800
0.282400 0.255200 0.012800
0.298400 0.255200 0.011200
0.334400 0.255200 0.012800
0.348000 0.255200 0.008800
0.359200 0.255200 0.005600
0.368000 0.255200 0.008800
0.392800 0.255200 0.008800
0.422400 0.255200 0.008800
0.467200 0.255200 0.011200
0.480800 0.255200 0.008800
0.126400 0.256000 0.011200
0.140000 0.256000 0.009600
0.153600 0.256000 0.008800
0.166400 0.256000 0.008800
0.179200 0.256000 0.008000
0.236000 0.256000 0.008800
0.315200 0.256000 0.010400
0.380000 0.256000 0.008000
0.436000 0.256000 0.008800
0.448800 0.256000 0.008800
0.104000 0.257600 0.016800
0.916800 0.257600 0.013600
0.896800 0.262400 0.012800
0.896800 0.268800 0.011200
0.916000 0.269600 0.008000
0.873600 0.272800 0.013600
0.127200 0.275200 0.010400
0.682400 0.276000 0.009600
0.695200 0.276000 0.013600
0.856000 0.276000 0.011200
0.711200 0.276800 0.008800
0.828800 0.276800 0.008800
0.841600 0.276800 0.011200
0.178400 0.277600 0.008800
0.316800 0.277600 0.011200
0.372000 0.277600 0.011200
0.387200 0.277600 0.010400
0.399200 0.277600 0.007200
0.450400 0.277600 0.008800
0.478400 0.277600 0.009600
0.506400 0.277600 0.013600
0.512000 0.277600 0.012800
0.521600 0.277600 0.005600
0.528000 0.277600 0.011200
0.543200 0.277600 0.011200
0.557600 0.277600 0.009600
0.574400 0.277600 0.010400
0.646400 0.277600 0.007200
0.668000 0.277600 0.007200
0.725600 0.277600 0.008800
0.739200 0.277600 0.008800
0.753600 0.277600 0.009600
0.779200 0.277600 0.007200
0.804000 0.277600 0.009600
0.817600 0.277600 0.008000
0.141600 0.278400 0.008800
0.165600 0.278400 0.007200
0.332000 0.278400 0.008000
0.354400 0.278400 0.008800
0.366400 0.278400 0.011200
0.410400 0.278400 0.011200
0.426400 0.278400 0.007200
0.436800 0.278400 0.007200
0.463200 0.278400 0.008800
0.493600 0.278400 0.009600
0.588800 0.278400 0.008800
0.603200 0.278400 0.011200
0.656800 0.278400 0.007200
0.768000 0.278400 0.008800
0.790400 0.278400 0.008800
0.153600 0.279200 0.008800
0.191200 0.279200 0.011200
0.207200 0.279200 0.008800
0.225600 0.279200 0.011200
0.297600 0.279200 0.008800
0.341600 0.279200 0.005600
0.620000 0.279200 0.011200
0.634400 0.279200 0.008800
0.196000 0.280000 0.011200
0.242400 0.280000 0.009600
0.256000 0.280000 0.008000
0.269600 0.280000 0.009600
0.284000 0.280000 0.008800
0.917600 0.280000 0.013600
0.899200 0.284800 0.012800
0.915200 0.284800 0.010400
0.897600 0.294400 0.007200
0.160000 0.298400 0.012800
0.300000 0.298400 0.007200
0.311200 0.298400 0.008800
0.354400 0.298400 0.008800
0.374400 0.298400 0.005600
0.383200 0.298400 0.007200
0.421600 0.298400 0.005600
0.428800 0.298400 0.012000
0.476000 0.298400 0.008800
0.491200 0.298400 0.009600
0.127200 0.299200 0.013600
0.146400 0.299200 0.008800
0.179200 0.299200 0.008800
0.189600 0.299200 0.005600
0.224800 0.299200 0.008800
0.237600 0.299200 0.008800
0.249600 0.299200 0.013600
0.272000 0.299200 0.011200
0.288000 0.299200 0.008800
0.340800 0.299200 0.010400
0.364000 0.299200 0.008800
0.396800 0.299200 0.009600
0.410400 0.299200 0.008800
0.444000 0.299200 0.011200
0.504000 0.299200 0.005600
0.520800 0.299200 0.007200
0.531200 0.299200 0.015200
0.164800 0.300000 0.012800
0.199200 0.300000 0.008800
0.212000 0.300000 0.008800
0.257600 0.300000 0.005600
0.324800 0.300000 0.008800
0.463200 0.300000 0.011200
0.512000 0.300000 0.005600
0.916800 0.300000 0.008800
0.897600 0.305600 0.008000
0.916800 0.312000 0.011200
0.839200 0.316000 0.010400
0.876000 0.316000 0.012800
0.696800 0.316800 0.007200
0.814400 0.316800 0.008800
0.826400 0.316800 0.008800
0.856000 0.316800 0.011200
0.705600 0.317600 0.004800
0.712000 0.317600 0.011200
0.733600 0.317600 0.007200
0.747200 0.317600 0.008800
0.802400 0.317600 0.009600
0.724000 0.318400 0.007200
0.768000 0.318400 0.005600
0.778400 0.318400 0.008000
0.789600 0.318400 0.005600
0.898400 0.318400 0.008800
0.916000 0.318400 0.011200
0.611200 0.319200 0.008800
0.624800 0.319200 0.008800
0.638400 0.319200 0.009600
0.676000 0.319200 0.004800
0.684800 0.319200 0.008800
0.759200 0.319200 0.005600
0.542400 0.320000 0.011200
0.653600 0.320000 0.008800
0.555200 0.320800 0.012800
0.572800 0.320800 0.008800
0.599200 0.320800 0.008800
0.666400 0.320800 0.008800
0.586400 0.321600 0.008800
0.514400 0.322400 0.013600
0.523200 0.324000 0.011200
0.914400 0.329600 0.008800
0.899200 0.332800 0.008800
0.876000 0.339200 0.011200
0.619200 0.340000 0.013600
0.845600 0.340000 0.008800
0.546400 0.340800 0.010400
0.607200 0.340800 0.008800
0.744800 0.340800 0.008800
0.804000 0.340800 0.011200
0.816000 0.340800 0.005600
0.824000 0.340800 0.013600
0.834400 0.340800 0.007200
0.857600 0.340800 0.011200
0.640800 0.341600 0.010400
0.684800 0.341600 0.008800
0.694400 0.341600 0.015200
0.731200 0.341600 0.008000
0.759200 0.341600 0.008800
0.774400 0.341600 0.010400
0.788000 0.341600 0.008800
0.409600 0.342400 0.011200
0.513600 0.342400 0.008800
0.528800 0.342400 0.009600
0.560000 0.342400 0.008800
0.576800 0.342400 0.010400
0.625600 0.342400 0.012800
0.658400 0.342400 0.010400
0.672800 0.342400 0.008800
0.707200 0.342400 0.008800
0.147200 0.343200 0.011200
0.196000 0.343200 0.008800
0.273600 0.343200 0.011200
0.285600 0.343200 0.016800
0.398400 0.343200 0.004000
0.439200 0.343200 0.010400
0.498400 0.343200 0.009600
0.591200 0.343200 0.008800
0.720000 0.343200 0.008000
0.185600 0.344000 0.007200
0.209600 0.344000 0.008800
0.257600 0.344000 0.011200
0.304000 0.344000 0.008800
0.340000 0.344000 0.008800
0.380000 0.344000 0.007200
0.424000 0.344000 0.008800
0.452800 0.344000 0.008800
0.468800 0.344000 0.011200
0.484800 0.344000 0.008800
0.128000 0.344800 0.012800
0.162400 0.344800 0.008800
0.174400 0.344800 0.007200
0.220000 0.344800 0.007200
0.245600 0.344800 0.008800
0.316800 0.344800 0.008000
0.328000 0.344800 0.007200
0.366400 0.344800 0.009600
0.390400 0.344800 0.007200
0.232800 0.345600 0.008800
0.352000 0.345600 0.008800
0.898400 0.346400 0.011200
0.916800 0.346400 0.011200
0.907200 0.347200 0.003200
0.953600 0.357600 0.015200
0.916800 0.358400 0.007200
0.933600 0.358400 0.008800
0.943200 0.358400 0.008800
0.879200 0.360800 0.010400
0.716000 0.362400 0.008800
0.731200 0.362400 0.009600
0.846400 0.362400 0.009600
0.896800 0.362400 0.011200
0.680800 0.363200 0.004800
0.687200 0.363200 0.011200
0.703200 0.363200 0.011200
0.743200 0.363200 0.008800
0.756000 0.363200 0.008000
0.768800 0.363200 0.008800
0.782400 0.363200 0.008800
0.794400 0.363200 0.008000
0.804800 0.363200 0.008800
0.818400 0.363200 0.009600
0.832000 0.363200 0.011200
0.859200 0.363200 0.016000
0.537600 0.364000 0.008800
0.633600 0.364000 0.008800
0.659200 0.364000 0.008800
0.300000 0.364800 0.007200
0.525600 0.364800 0.008000
0.563200 0.364800 0.008000
0.575200 0.364800 0.008800
0.588000 0.364800 0.013600
0.596800 0.364800 0.005600
0.644000 0.364800 0.011200
0.672000 0.364800 0.008800
0.697600 0.364800 0.011200
0.156800 0.365600 0.004800
0.197600 0.365600 0.008800
0.324800 0.365600 0.011200
0.342400 0.365600 0.008000
0.390400 0.365600 0.011200
0.449600 0.365600 0.005600
0.480800 0.365600 0.009600
0.492800 0.365600 0.004800
0.500800 0.365600 0.011200
0.551200 0.365600 0.008800
0.607200 0.365600 0.011200
0.620800 0.365600 0.008800
0.127200 0.366400 0.011200
0.140000 0.366400 0.005600
0.147200 0.366400 0.012800
0.167200 0.366400 0.011200
0.183200 0.366400 0.011200
0.206400 0.366400 0.004800
0.213600 0.366400 0.005600
0.234400 0.366400 0.008000
0.248000 0.366400 0.008800
0.273600 0.366400 0.008000
0.311200 0.366400 0.008800
0.331200 0.366400 0.005600
0.361600 0.366400 0.007200
0.372800 0.366400 0.008800
0.436800 0.366400 0.011200
0.456800 0.366400 0.011200
0.468800 0.366400 0.008000
0.513600 0.366400 0.008000
0.223200 0.367200 0.007200
0.262400 0.367200 0.008800
0.286400 0.367200 0.009600
0.352000 0.367200 0.005600
0.405600 0.367200 0.008800
0.420000 0.367200 0.008800
0.916000 0.368000 0.007200
0.898400 0.372800 0.003200
0.933600 0.375200 0.010400
0.946400 0.378400 0.011200
0.916800 0.380000 0.008000
0.900000 0.380800 0.008000
0.738400 0.384000 0.008800
0.542400 0.384800 0.008800
0.552000 0.384800 0.008000
0.581600 0.384800 0.008800
0.718400 0.384800 0.004800
0.725600 0.384800 0.010400
0.753600 0.384800 0.012800
0.456800 0.385600 0.008000
0.528000 0.385600 0.008800
0.565600 0.385600 0.010400
0.593600 0.385600 0.008800
0.613600 0.385600 0.011200
0.649600 0.385600 0.012800
0.661600 0.385600 0.008800
0.673600 0.385600 0.008000
0.709600 0.385600 0.012800
0.432000 0.386400 0.008800
0.470400 0.386400 0.008800
0.515200 0.386400 0.008800
0.604800 0.386400 0.005600
0.628800 0.386400 0.009600
0.640800 0.386400 0.005600
0.686400 0.386400 0.008000
0.696800 0.386400 0.008800
0.773600 0.386400 0.008800
0.787200 0.386400 0.008800
0.871200 0.386400 0.011200
0.201600 0.387200 0.005600
0.263200 0.387200 0.004800
0.354400 0.387200 0.009600
0.369600 0.387200 0.008800
0.381600 0.387200 0.007200
0.404800 0.387200 0.009600
0.419200 0.387200 0.008000
0.444800 0.387200 0.008800
0.484800 0.387200 0.008800
0.500000 0.387200 0.010400
0.796800 0.387200 0.007200
0.810400 0.387200 0.008800
0.823200 0.387200 0.008800
0.854400 0.387200 0.010400
0.882400 0.387200 0.013600
0.124800 0.388000 0.011200
0.190400 0.388000 0.008800
0.208000 0.388000 0.013600
0.225600 0.388000 0.005600
0.239200 0.388000 0.008800
0.256000 0.388000 0.005600
0.340000 0.388000 0.008800
0.392000 0.388000 0.007200
0.840800 0.388000 0.011200
0.155200 0.388800 0.008800
0.217600 0.388800 0.005600
0.270400 0.388800 0.011200
0.281600 0.388800 0.008000
0.293600 0.388800 0.008800
0.303200 0.388800 0.004800
0.310400 0.388800 0.012000
0.317600 0.388800 0.013600
0.328800 0.388800 0.008000
0.140000 0.389600 0.008800
0.168000 0.389600 0.008800
0.178400 0.389600 0.007200
0.250400 0.390400 0.010400
0.899200 0.392000 0.007200
0.914400 0.392800 0.008000
0.898400 0.403200 0.008000
0.916000 0.404000 0.008800
0.752000 0.405600 0.008800
0.779200 0.405600 0.008000
0.791200 0.405600 0.011200
0.550400 0.406400 0.011200
0.595200 0.406400 0.011200
0.678400 0.406400 0.009600
0.727200 0.406400 0.008000
0.739200 0.406400 0.008000
0.765600 0.406400 0.008800
0.796800 0.406400 0.011200
0.531200 0.407200 0.010400
0.564800 0.407200 0.005600
0.572000 0.407200 0.004800
0.580000 0.407200 0.007200
0.589600 0.407200 0.013600
0.692800 0.407200 0.008000
0.716000 0.407200 0.008000
0.316000 0.408000 0.012000
0.372000 0.408000 0.009600
0.504000 0.408000 0.011200
0.518400 0.408000 0.008800
0.606400 0.408000 0.008000
0.618400 0.408000 0.008800
0.629600 0.408000 0.005600
0.636800 0.408000 0.004000
0.644000 0.408000 0.005600
0.704000 0.408000 0.007200
0.809600 0.408000 0.008800
0.824000 0.408000 0.008800
0.863200 0.408000 0.008800
0.385600 0.408800 0.008800
0.400000 0.408800 0.008800
0.412800 0.408800 0.008800
0.425600 0.408800 0.008800
0.452000 0.408800 0.009600
0.466400 0.408800 0.008800
0.478400 0.408800 0.007200
0.488800 0.408800 0.009600
0.655200 0.408800 0.007200
0.837600 0.408800 0.008000
0.848800 0.408800 0.008000
0.875200 0.408800 0.011200
0.122400 0.409600 0.012000
0.326400 0.409600 0.008800
0.358400 0.409600 0.007200
0.438400 0.409600 0.008800
0.665600 0.409600 0.007200
0.138400 0.410400 0.012000
0.144800 0.410400 0.011200
0.186400 0.410400 0.008800
0.217600 0.410400 0.007200
0.229600 0.410400 0.008800
0.264800 0.410400 0.007200
0.275200 0.410400 0.007200
0.310400 0.410400 0.011200
0.338400 0.410400 0.007200
0.348800 0.410400 0.007200
0.495200 0.410400 0.004000
0.127200 0.411200 0.013600
0.156800 0.411200 0.008800
0.172000 0.411200 0.008800
0.241600 0.411200 0.007200
0.252800 0.411200 0.007200
0.286400 0.411200 0.008000
0.298400 0.411200 0.008000
0.206400 0.412000 0.008800
0.093600 0.412800 0.015200
0.197600 0.412800 0.005600
0.897600 0.413600 0.008000
0.915200 0.415200 0.008000
0.693600 0.425600 0.008800
0.796000 0.425600 0.009600
0.457600 0.426400 0.008800
0.501600 0.426400 0.005600
0.636000 0.426400 0.008800
0.764800 0.426400 0.008800
0.914400 0.426400 0.008000
0.468800 0.427200 0.008000
0.510400 0.427200 0.005600
0.560800 0.427200 0.008800
0.573600 0.427200 0.008000
0.584000 0.427200 0.007200
0.596000 0.427200 0.008800
0.662400 0.427200 0.008800
0.678400 0.427200 0.010400
0.730400 0.427200 0.007200
0.740800 0.427200 0.008800
0.780800 0.427200 0.010400
0.811200 0.427200 0.008800
0.824000 0.427200 0.008800
0.896000 0.427200 0.010400
0.199200 0.428000 0.007200
0.389600 0.428000 0.007200
0.433600 0.428000 0.004800
0.442400 0.428000 0.011200
0.480800 0.428000 0.007200
0.492000 0.428000 0.007200
0.516000 0.428000 0.011200
0.608000 0.428000 0.007200
0.622400 0.428000 0.009600
0.649600 0.428000 0.008800
0.708000 0.428000 0.008800
0.720800 0.428000 0.007200
0.752000 0.428000 0.008800
0.865600 0.428000 0.008000
0.877600 0.428000 0.008800
0.188800 0.428800 0.007200
0.211200 0.428800 0.008000
0.230400 0.428800 0.005600
0.252000 0.428800 0.011200
0.268000 0.428800 0.008800
0.310400 0.428800 0.011200
0.324000 0.428800 0.008800
0.426400 0.428800 0.011200
0.548000 0.428800 0.008000
0.835200 0.428800 0.013600
0.841600 0.428800 0.011200
0.854400 0.428800 0.008000
0.134400 0.429600 0.009600
0.176000 0.429600 0.008800
0.223200 0.429600 0.008800
0.240000 0.429600 0.008800
0.276000 0.429600 0.003200
0.292800 0.429600 0.008800
0.339200 0.429600 0.008800
0.352000 0.429600 0.008800
0.364800 0.429600 0.008800
0.400000 0.429600 0.008800
0.413600 0.429600 0.008800
0.525600 0.429600 0.007200
0.536800 0.429600 0.008800
0.123200 0.430400 0.009600
0.148000 0.430400 0.008800
0.159200 0.430400 0.010400
0.281600 0.430400 0.008800
0.377600 0.430400 0.008800
0.896000 0.437600 0.007200
0.914400 0.439200 0.008800
0.781600 0.448000 0.007200
0.792800 0.448000 0.013600
0.800800 0.448000 0.005600
0.121600 0.448800 0.011200
0.175200 0.448800 0.012000
0.180800 0.448800 0.011200
0.225600 0.448800 0.005600
0.579200 0.448800 0.008800
0.590400 0.448800 0.008800
0.603200 0.448800 0.008800
0.615200 0.448800 0.008800
0.686400 0.448800 0.008800
0.713600 0.448800 0.009600
0.731200 0.448800 0.013600
0.810400 0.448800 0.008800
0.822400 0.448800 0.008800
0.835200 0.448800 0.008800
0.850400 0.448800 0.011200
0.865600 0.448800 0.008800
0.134400 0.449600 0.008800
0.144000 0.449600 0.005600
0.192000 0.449600 0.007200
0.214400 0.449600 0.008000
0.554400 0.449600 0.007200
0.564800 0.449600 0.007200
0.628000 0.449600 0.008800
0.636800 0.449600 0.004800
0.676800 0.449600 0.005600
0.700000 0.449600 0.008800
0.741600 0.449600 0.011200
0.748800 0.449600 0.003200
0.756000 0.449600 0.005600
0.764000 0.449600 0.005600
0.769600 0.449600 0.009600
0.163200 0.450400 0.008000
0.203200 0.450400 0.007200
0.232800 0.450400 0.005600
0.243200 0.450400 0.007200
0.257600 0.450400 0.009600
0.644800 0.450400 0.012000
0.659200 0.450400 0.009600
0.669600 0.450400 0.005600
0.880000 0.450400 0.008800
0.914400 0.450400 0.007200
0.153600 0.451200 0.005600
0.270400 0.451200 0.008000
0.305600 0.451200 0.008800
0.320800 0.451200 0.008800
0.540800 0.451200 0.009600
0.335200 0.452000 0.008800
0.347200 0.452000 0.008800
0.360800 0.452000 0.008800
0.430400 0.452000 0.008000
0.447200 0.452000 0.011200
0.464000 0.452000 0.008800
0.476800 0.452000 0.008800
0.499200 0.452000 0.008800
0.513600 0.452000 0.009600
0.283200 0.452800 0.008800
0.292000 0.452800 0.013600
0.420000 0.452800 0.007200
0.487200 0.452800 0.008000
0.527200 0.452800 0.008800
0.408800 0.453600 0.007200
0.372800 0.454400 0.008000
0.384000 0.454400 0.007200
0.396000 0.454400 0.008000
0.897600 0.456800 0.010400
0.912800 0.461600 0.008800
0.306400 0.468800 0.008800
0.118400 0.469600 0.008800
0.128800 0.469600 0.007200
0.221600 0.469600 0.008000
0.318400 0.469600 0.013600
0.336800 0.469600 0.008800
0.139200 0.470400 0.007200
0.152000 0.470400 0.008800
0.168800 0.470400 0.010400
0.196800 0.470400 0.007200
0.208000 0.470400 0.008800
0.236800 0.470400 0.012800
0.292800 0.470400 0.010400
0.407200 0.470400 0.009600
0.185600 0.471200 0.008800
0.246400 0.471200 0.004800
0.277600 0.471200 0.007200
0.422400 0.471200 0.008800
0.254400 0.472000 0.005600
0.265600 0.472000 0.008000
0.287200 0.472000 0.005600
0.325600 0.472000 0.013600
0.432800 0.472000 0.009600
0.470400 0.472000 0.008000
0.486400 0.472000 0.011200
0.556000 0.472000 0.005600
0.574400 0.472000 0.015200
0.350400 0.472800 0.008800
0.377600 0.472800 0.008800
0.438400 0.472800 0.004800
0.446400 0.472800 0.011200
0.457600 0.472800 0.008800
0.480800 0.472800 0.013600
0.525600 0.472800 0.009600
0.546400 0.472800 0.005600
0.568000 0.472800 0.011200
0.584000 0.472800 0.007200
0.894400 0.472800 0.005600
0.363200 0.473600 0.009600
0.391200 0.473600 0.010400
0.510400 0.473600 0.008800
0.537600 0.473600 0.005600
0.595200 0.473600 0.007200
0.605600 0.473600 0.007200
0.628800 0.473600 0.004000
0.787200 0.473600 0.016800
0.837600 0.473600 0.005600
0.873600 0.473600 0.011200
0.497600 0.474400 0.008800
0.616000 0.474400 0.005600
0.622400 0.474400 0.004000
0.636000 0.474400 0.005600
0.642400 0.474400 0.004000
0.649600 0.474400 0.011200
0.664000 0.474400 0.019200
0.673600 0.474400 0.005600
0.680800 0.474400 0.004800
0.776800 0.474400 0.013600
0.796800 0.474400 0.016800
0.810400 0.474400 0.008800
0.828000 0.474400 0.013600
0.847200 0.474400 0.008800
0.859200 0.474400 0.011200
0.888000 0.474400 0.011200
0.758400 0.475200 0.011200
0.903200 0.475200 0.010400
0.689600 0.476000 0.007200
0.699200 0.476000 0.005600
0.708000 0.476000 0.005600
0.716000 0.476000 0.005600
0.740800 0.476000 0.011200
0.724800 0.477600 0.013600
