0.075200 0.056000 0.005600
0.062400 0.056800 0.011200
0.214400 0.056800 0.011200
0.229600 0.056800 0.008800
0.047200 0.057600 0.011200
0.156000 0.057600 0.019200
0.246400 0.057600 0.013600
0.197600 0.058400 0.011200
0.180800 0.060000 0.011200
0.057600 0.070400 0.008800
0.854400 0.070400 0.028800
0.873600 0.070400 0.016800
0.044000 0.076000 0.011200
0.056000 0.080000 0.018400
0.100000 0.100000 0.011200
0.162400 0.100000 0.011200
0.304000 0.100000 0.008800
0.114400 0.100800 0.008800
0.125600 0.100800 0.007200
0.136000 0.100800 0.007200
0.147200 0.100800 0.008800
0.179200 0.100800 0.011200
0.264000 0.100800 0.008800
0.290400 0.100800 0.008800
0.317600 0.100800 0.008800
0.394400 0.100800 0.013600
0.195200 0.101600 0.011200
0.207200 0.101600 0.015200
0.213600 0.101600 0.011200
0.228800 0.101600 0.009600
0.252800 0.101600 0.007200
0.277600 0.101600 0.008800
0.344000 0.101600 0.012800
0.363200 0.101600 0.011200
0.377600 0.101600 0.011200
0.386400 0.101600 0.004000
0.242400 0.102400 0.007200
0.330400 0.102400 0.008800
0.406400 0.104000 0.008800
0.419200 0.104000 0.008800
0.428000 0.104000 0.005600
0.470400 0.104000 0.016000
0.487200 0.104000 0.008800
0.437600 0.104800 0.008000
0.448800 0.104800 0.008000
0.460000 0.104800 0.007200
0.500800 0.104800 0.008800
0.521600 0.104800 0.013600
0.537600 0.105600 0.008800
0.570400 0.105600 0.008800
0.588800 0.105600 0.008800
0.680800 0.105600 0.008800
0.740800 0.105600 0.016800
0.749600 0.105600 0.016000
0.764000 0.105600 0.013600
0.550400 0.106400 0.008800
0.559200 0.106400 0.008800
0.580000 0.106400 0.005600
0.601600 0.106400 0.008800
0.653600 0.106400 0.009600
0.667200 0.106400 0.008800
0.695200 0.106400 0.008800
0.706400 0.106400 0.007200
0.877600 0.106400 0.011200
0.616000 0.107200 0.008000
0.639200 0.107200 0.008000
0.716000 0.107200 0.008800
0.729600 0.107200 0.007200
0.772000 0.107200 0.008800
0.783200 0.107200 0.008000
0.794400 0.107200 0.013600
0.822400 0.107200 0.016800
0.830400 0.107200 0.005600
0.627200 0.108000 0.008000
0.802400 0.108000 0.003200
0.810400 0.108000 0.011200
0.840000 0.108000 0.007200
0.861600 0.108000 0.008800
0.891200 0.108000 0.008800
0.850400 0.108800 0.007200
0.904800 0.108800 0.011200
0.112000 0.120000 0.010400
0.095200 0.120800 0.012800
0.105600 0.121600 0.004800
0.124000 0.122400 0.005600
0.132000 0.122400 0.005600
0.163200 0.122400 0.011200
0.213600 0.122400 0.013600
0.220800 0.122400 0.012800
0.140000 0.123200 0.005600
0.156000 0.123200 0.004800
0.176000 0.123200 0.008800
0.233600 0.123200 0.008800
0.320800 0.123200 0.008800
0.333600 0.123200 0.008800
0.148000 0.124000 0.005600
0.189600 0.124000 0.008800
0.202400 0.124000 0.008000
0.270400 0.124000 0.008800
0.297600 0.124000 0.007200
0.308000 0.124000 0.008000
0.371200 0.124000 0.008800
0.247200 0.124800 0.008000
0.257600 0.124800 0.007200
0.279200 0.124800 0.004800
0.287200 0.124800 0.007200
0.346400 0.124800 0.008800
0.358400 0.124800 0.008800
0.383200 0.124800 0.008800
0.415200 0.124800 0.008800
0.398400 0.125600 0.010400
0.430400 0.125600 0.008800
0.468800 0.125600 0.008800
0.535200 0.125600 0.013600
0.443200 0.126400 0.008800
0.455200 0.126400 0.008800
0.599200 0.126400 0.008800
0.482400 0.127200 0.008800
0.495200 0.127200 0.008800
0.517600 0.127200 0.008800
0.545600 0.127200 0.007200
0.559200 0.127200 0.009600
0.614400 0.127200 0.009600
0.504800 0.128000 0.008800
0.574400 0.128000 0.010400
0.586400 0.128000 0.008000
0.628800 0.128800 0.008800
0.643200 0.128800 0.008800
0.829600 0.128800 0.011200
0.701600 0.129600 0.008800
0.769600 0.129600 0.008800
0.658400 0.130400 0.008800
0.672000 0.130400 0.008800
0.719200 0.130400 0.011200
0.730400 0.130400 0.007200
0.740000 0.130400 0.008800
0.755200 0.130400 0.009600
0.784000 0.130400 0.008800
0.814400 0.130400 0.010400
0.904000 0.130400 0.011200
0.684800 0.131200 0.011200
0.797600 0.131200 0.009600
0.848800 0.131200 0.012800
0.884000 0.131200 0.011200
0.867200 0.132000 0.011200
0.116000 0.140800 0.011200
0.097600 0.141600 0.011200
0.212000 0.141600 0.009600
0.228000 0.141600 0.009600
0.170400 0.142400 0.008800
0.195200 0.142400 0.009600
0.257600 0.142400 0.008800
0.132800 0.143200 0.011200
0.150400 0.143200 0.011200
0.160800 0.143200 0.005600
0.181600 0.143200 0.008000
0.244800 0.143200 0.009600
0.319200 0.143200 0.011200
0.274400 0.144000 0.011200
0.397600 0.144000 0.008800
0.413600 0.144000 0.008800
0.297600 0.144800 0.005600
0.306400 0.144800 0.013600
0.384000 0.144800 0.008800
0.287200 0.145600 0.008000
0.355200 0.145600 0.008800
0.368800 0.145600 0.009600
0.424800 0.145600 0.005600
0.434400 0.145600 0.008000
0.343200 0.146400 0.008800
0.463200 0.146400 0.008800
0.334400 0.147200 0.005600
0.448800 0.147200 0.009600
0.490400 0.147200 0.010400
0.479200 0.148000 0.008800
0.548000 0.148000 0.007200
0.560800 0.148000 0.008800
0.537600 0.148800 0.011200
0.572000 0.148800 0.008000
0.583200 0.148800 0.015200
0.591200 0.148800 0.012800
0.495200 0.149600 0.009600
0.505600 0.149600 0.011200
0.520800 0.149600 0.008800
0.531200 0.149600 0.004000
0.605600 0.149600 0.009600
0.620800 0.149600 0.008800
0.642400 0.149600 0.008800
0.633600 0.150400 0.008800
0.656000 0.150400 0.008800
0.673600 0.150400 0.012800
0.690400 0.150400 0.010400
0.664800 0.151200 0.004800
0.701600 0.151200 0.007200
0.748800 0.151200 0.012000
0.711200 0.152000 0.005600
0.720000 0.152000 0.008800
0.731200 0.152000 0.008000
0.741600 0.152000 0.005600
0.876800 0.152000 0.010400
0.891200 0.152000 0.012000
0.906400 0.152000 0.011200
0.773600 0.152800 0.008800
0.788000 0.152800 0.008800
0.801600 0.152800 0.008800
0.828000 0.152800 0.008800
0.844000 0.152800 0.010400
0.860800 0.152800 0.011200
0.884000 0.152800 0.004000
0.761600 0.153600 0.008800
0.814400 0.153600 0.008800
0.901600 0.153600 0.014400
0.097600 0.162400 0.013600
0.136800 0.163200 0.008800
0.116800 0.164000 0.012800
0.152000 0.164000 0.008800
0.108000 0.164800 0.005600
0.197600 0.164800 0.011200
0.213600 0.164800 0.009600
0.231200 0.164800 0.010400
0.244000 0.164800 0.008800
0.164800 0.165600 0.008000
0.258400 0.166400 0.008800
0.178400 0.167200 0.011200
0.284000 0.167200 0.004800
0.274400 0.168000 0.012800
0.293600 0.168000 0.008800
0.344800 0.168000 0.011200
0.392800 0.168000 0.010400
0.498400 0.168000 0.008800
0.308000 0.168800 0.011200
0.328000 0.168800 0.009600
0.361600 0.168800 0.008800
0.409600 0.168800 0.008800
0.422400 0.168800 0.008800
0.435200 0.168800 0.008000
0.447200 0.168800 0.009600
0.512800 0.168800 0.008800
0.376800 0.169600 0.010400
0.461600 0.169600 0.007200
0.472000 0.169600 0.007200
0.527200 0.169600 0.009600
0.572000 0.169600 0.011200
0.483200 0.170400 0.011200
0.542400 0.170400 0.008000
0.559200 0.170400 0.011200
0.588800 0.170400 0.008800
0.639200 0.170400 0.008800
0.552000 0.171200 0.005600
0.612800 0.171200 0.007200
0.676800 0.171200 0.004800
0.623200 0.172000 0.011200
0.653600 0.172000 0.008800
0.684800 0.172000 0.011200
0.698400 0.172000 0.008800
0.755200 0.172000 0.008000
0.601600 0.172800 0.008800
0.665600 0.172800 0.008800
0.711200 0.172800 0.008800
0.781600 0.172800 0.011200
0.787200 0.172800 0.010400
0.724000 0.173600 0.008000
0.737600 0.173600 0.010400
0.769600 0.173600 0.008800
0.799200 0.173600 0.008800
0.832800 0.173600 0.012800
0.864800 0.173600 0.008800
0.825600 0.174400 0.011200
0.845600 0.174400 0.011200
0.877600 0.174400 0.011200
0.884800 0.174400 0.008800
0.895200 0.174400 0.007200
0.908800 0.174400 0.011200
0.812000 0.175200 0.008800
0.096000 0.185600 0.011200
0.112800 0.185600 0.011200
0.123200 0.187200 0.008800
0.235200 0.188000 0.008800
0.137600 0.188800 0.008800
0.167200 0.188800 0.011200
0.179200 0.188800 0.008800
0.192000 0.188800 0.008800
0.201600 0.188800 0.007200
0.216800 0.188800 0.004800
0.224800 0.188800 0.005600
0.252800 0.188800 0.013600
0.263200 0.188800 0.008000
0.275200 0.188800 0.008800
0.300800 0.188800 0.008800
0.315200 0.188800 0.008800
0.330400 0.188800 0.008800
0.401600 0.188800 0.007200
0.412800 0.188800 0.008800
0.148800 0.189600 0.008800
0.162400 0.189600 0.011200
0.246400 0.189600 0.012800
0.288000 0.189600 0.008800
0.344800 0.189600 0.008800
0.361600 0.189600 0.010400
0.376000 0.189600 0.007200
0.434400 0.189600 0.005600
0.442400 0.189600 0.004800
0.211200 0.190400 0.011200
0.387200 0.190400 0.010400
0.424800 0.190400 0.007200
0.449600 0.190400 0.005600
0.466400 0.190400 0.005600
0.508800 0.190400 0.008800
0.527200 0.190400 0.012000
0.574400 0.190400 0.004800
0.582400 0.190400 0.005600
0.650400 0.190400 0.009600
0.664800 0.190400 0.011200
0.458400 0.191200 0.005600
0.479200 0.191200 0.009600
0.494400 0.191200 0.010400
0.542400 0.191200 0.009600
0.567200 0.191200 0.011200
0.741600 0.191200 0.008800
0.884000 0.191200 0.013600
0.519200 0.192000 0.005600
0.592800 0.192000 0.008000
0.636000 0.192000 0.008800
0.684000 0.192000 0.008800
0.700000 0.192000 0.009600
0.772800 0.192000 0.010400
0.787200 0.192000 0.008800
0.872000 0.192000 0.008800
0.555200 0.192800 0.008800
0.624000 0.192800 0.013600
0.714400 0.192800 0.008800
0.727200 0.192800 0.008800
0.756000 0.192800 0.008800
0.800800 0.192800 0.008000
0.604800 0.193600 0.008800
0.616000 0.193600 0.005600
0.890400 0.193600 0.011200
0.904800 0.193600 0.010400
0.812800 0.194400 0.008800
0.828000 0.194400 0.008000
0.840000 0.194400 0.008800
0.853600 0.194400 0.011200
0.096800 0.208800 0.011200
0.119200 0.208800 0.012800
0.111200 0.209600 0.005600
0.134400 0.209600 0.009600
0.146400 0.210400 0.008000
0.161600 0.210400 0.009600
0.248000 0.210400 0.008000
0.261600 0.210400 0.008800
0.347200 0.210400 0.008800
0.359200 0.210400 0.007200
0.391200 0.210400 0.012800
0.176000 0.211200 0.008800
0.192800 0.211200 0.011200
0.220000 0.211200 0.008800
0.233600 0.211200 0.011200
0.276000 0.211200 0.008800
0.291200 0.211200 0.008800
0.316800 0.211200 0.008800
0.331200 0.211200 0.011200
0.382400 0.211200 0.004800
0.406400 0.211200 0.009600
0.446400 0.211200 0.010400
0.461600 0.211200 0.010400
0.548800 0.211200 0.005600
0.207200 0.212000 0.008800
0.304000 0.212000 0.008800
0.370400 0.212000 0.011200
0.419200 0.212000 0.011200
0.424800 0.212000 0.013600
0.435200 0.212000 0.007200
0.528000 0.212000 0.005600
0.538400 0.212000 0.007200
0.653600 0.212000 0.009600
0.474400 0.212800 0.008800
0.518400 0.212800 0.005600
0.559200 0.212800 0.007200
0.680800 0.212800 0.011200
0.816000 0.212800 0.009600
0.500000 0.213600 0.007200
0.509600 0.213600 0.005600
0.570400 0.213600 0.008000
0.637600 0.213600 0.008800
0.667200 0.213600 0.008800
0.740000 0.213600 0.003200
0.799200 0.213600 0.011200
0.886400 0.213600 0.008800
0.488800 0.214400 0.008800
0.582400 0.214400 0.017600
0.597600 0.214400 0.011200
0.626400 0.214400 0.009600
0.698400 0.214400 0.010400
0.721600 0.214400 0.007200
0.746400 0.214400 0.008800
0.756800 0.214400 0.008000
0.768800 0.214400 0.008000
0.782400 0.214400 0.008800
0.828000 0.214400 0.008800
0.843200 0.214400 0.008800
0.870400 0.214400 0.009600
0.898400 0.214400 0.008800
0.613600 0.215200 0.011200
0.620000 0.215200 0.003200
0.711200 0.215200 0.008000
0.856000 0.215200 0.008800
0.908000 0.215200 0.013600
0.732800 0.216000 0.011200
0.767200 0.236000 0.010400
0.098400 0.254400 0.018400
0.109600 0.254400 0.008800
0.172800 0.254400 0.011200
0.354400 0.254400 0.010400
0.439200 0.254400 0.008800
0.588800 0.254400 0.008800
0.667200 0.254400 0.011200
0.698400 0.254400 0.013600
0.756000 0.254400 0.008800
0.860800 0.254400 0.018400
0.135200 0.255200 0.008800
0.147200 0.255200 0.008000
0.160000 0.255200 0.008800
0.188800 0.255200 0.008800
0.268800 0.255200 0.008800
0.281600 0.255200 0.008800
0.312000 0.255200 0.011200
0.328000 0.255200 0.008800
0.340000 0.255200 0.008800
0.453600 0.255200 0.008800
0.680800 0.255200 0.008800
0.714400 0.255200 0.009600
0.727200 0.255200 0.008800
0.122400 0.256000 0.008800
0.295200 0.256000 0.008800
0.412800 0.256000 0.011200
0.428000 0.256000 0.008000
0.497600 0.256000 0.008800
0.566400 0.256000 0.005600
0.577600 0.256000 0.007200
0.600000 0.256000 0.007200
0.609600 0.256000 0.005600
0.617600 0.256000 0.013600
0.633600 0.256000 0.011200
0.647200 0.256000 0.008800
0.657600 0.256000 0.005600
0.689600 0.256000 0.005600
0.738400 0.256000 0.016800
0.744000 0.256000 0.013600
0.767200 0.256000 0.005600
0.777600 0.256000 0.015200
0.808000 0.256000 0.008800
0.200800 0.256800 0.008800
0.233600 0.256800 0.008800
0.245600 0.256800 0.008800
0.256800 0.256800 0.007200
0.371200 0.256800 0.010400
0.384800 0.256800 0.008800
0.398400 0.256800 0.008800
0.470400 0.256800 0.010400
0.483200 0.256800 0.008800
0.512000 0.256800 0.009600
0.533600 0.256800 0.005600
0.543200 0.256800 0.005600
0.551200 0.256800 0.005600
0.558400 0.256800 0.004800
0.628000 0.256800 0.013600
0.795200 0.256800 0.010400
0.823200 0.256800 0.008800
0.848800 0.256800 0.008800
0.212800 0.257600 0.008000
0.224000 0.257600 0.005600
0.525600 0.257600 0.005600
0.907200 0.257600 0.016800
0.835200 0.258400 0.008800
0.881600 0.258400 0.011200
0.896000 0.258400 0.008000
0.676000 0.275200 0.013600
0.687200 0.275200 0.011200
0.130400 0.276000 0.010400
0.112800 0.276800 0.008800
0.170400 0.276800 0.005600
0.179200 0.276800 0.012800
0.367200 0.276800 0.011200
0.458400 0.276800 0.005600
0.468000 0.276800 0.005600
0.656000 0.276800 0.008800
0.748000 0.276800 0.005600
0.100000 0.277600 0.011200
0.144000 0.277600 0.008800
0.157600 0.277600 0.009600
0.291200 0.277600 0.008800
0.304800 0.277600 0.008800
0.341600 0.277600 0.008800
0.375200 0.277600 0.004000
0.517600 0.277600 0.011200
0.620000 0.277600 0.005600
0.629600 0.277600 0.008800
0.643200 0.277600 0.008800
0.668000 0.277600 0.005600
0.702400 0.277600 0.008800
0.716800 0.277600 0.009600
0.754400 0.277600 0.011200
0.792000 0.277600 0.009600
0.858400 0.277600 0.010400
0.194400 0.278400 0.008800
0.233600 0.278400 0.008800
0.253600 0.278400 0.004800
0.276800 0.278400 0.009600
0.316800 0.278400 0.007200
0.354400 0.278400 0.008800
0.384000 0.278400 0.007200
0.393600 0.278400 0.005600
0.404000 0.278400 0.007200
0.414400 0.278400 0.007200
0.424800 0.278400 0.005600
0.432800 0.278400 0.007200
0.474400 0.278400 0.012000
0.500800 0.278400 0.009600
0.553600 0.278400 0.009600
0.569600 0.278400 0.008800
0.584000 0.278400 0.012800
0.592800 0.278400 0.005600
0.612000 0.278400 0.007200
0.736800 0.278400 0.011200
0.764800 0.278400 0.008800
0.776000 0.278400 0.008000
0.831200 0.278400 0.007200
0.842400 0.278400 0.007200
0.853600 0.278400 0.011200
0.872800 0.278400 0.008800
0.889600 0.278400 0.008800
0.213600 0.279200 0.013600
0.224000 0.279200 0.005600
0.263200 0.279200 0.008800
0.327200 0.279200 0.008800
0.444800 0.279200 0.009600
0.486400 0.279200 0.008800
0.538400 0.279200 0.011200
0.601600 0.279200 0.007200
0.806400 0.279200 0.008800
0.819200 0.279200 0.008000
0.904000 0.279200 0.009600
0.206400 0.280000 0.008800
0.245600 0.280000 0.007200
0.148000 0.297600 0.009600
0.175200 0.297600 0.009600
0.189600 0.297600 0.008800
0.097600 0.298400 0.008800
0.117600 0.298400 0.007200
0.128800 0.298400 0.011200
0.162400 0.298400 0.008000
0.201600 0.298400 0.007200
0.326400 0.298400 0.008800
0.392000 0.298400 0.012800
0.402400 0.298400 0.004800
0.423200 0.298400 0.008000
0.436800 0.298400 0.012800
0.549600 0.298400 0.008800
0.585600 0.298400 0.005600
0.594400 0.298400 0.007200
0.606400 0.298400 0.008800
0.884000 0.298400 0.008800
0.900800 0.298400 0.011200
0.212800 0.299200 0.008000
0.261600 0.299200 0.010400
0.301600 0.299200 0.009600
0.313600 0.299200 0.008800
0.341600 0.299200 0.009600
0.357600 0.299200 0.009600
0.412000 0.299200 0.008000
0.484000 0.299200 0.007200
0.493600 0.299200 0.005600
0.504800 0.299200 0.008800
0.519200 0.299200 0.008800
0.536000 0.299200 0.010400
0.575200 0.299200 0.008000
0.740000 0.299200 0.007200
0.764000 0.299200 0.008800
0.796000 0.299200 0.011200
0.845600 0.299200 0.007200
0.870400 0.299200 0.008800
0.108800 0.300000 0.007200
0.224800 0.300000 0.007200
0.248000 0.300000 0.008800
0.280000 0.300000 0.011200
0.372800 0.300000 0.010400
0.455200 0.300000 0.012800
0.463200 0.300000 0.004800
0.472000 0.300000 0.008800
0.562400 0.300000 0.008800
0.617600 0.300000 0.008000
0.631200 0.300000 0.008800
0.648000 0.300000 0.011200
0.664800 0.300000 0.011200
0.716000 0.300000 0.009600
0.728800 0.300000 0.008800
0.752000 0.300000 0.008800
0.778400 0.300000 0.011200
0.810400 0.300000 0.008800
0.821600 0.300000 0.008000
0.833600 0.300000 0.008800
0.860000 0.300000 0.009600
0.236000 0.300800 0.008000
0.443200 0.300800 0.013600
0.677600 0.300800 0.015200
0.684800 0.300800 0.012800
0.700000 0.300800 0.010400
0.097600 0.316800 0.011200
0.125600 0.318400 0.008800
0.139200 0.318400 0.008800
0.155200 0.318400 0.010400
0.111200 0.319200 0.008800
0.208800 0.319200 0.011200
0.228000 0.319200 0.008800
0.334400 0.319200 0.009600
0.413600 0.319200 0.007200
0.425600 0.319200 0.008800
0.492000 0.319200 0.008800
0.531200 0.319200 0.008800
0.541600 0.319200 0.005600
0.549600 0.319200 0.005600
0.559200 0.319200 0.014400
0.566400 0.319200 0.012000
0.580800 0.319200 0.011200
0.168800 0.320000 0.008800
0.179200 0.320000 0.005600
0.184800 0.320000 0.010400
0.213600 0.320000 0.010400
0.240000 0.320000 0.007200
0.249600 0.320000 0.007200
0.293600 0.320000 0.008800
0.307200 0.320000 0.008800
0.349600 0.320000 0.008800
0.392000 0.320000 0.011200
0.403200 0.320000 0.007200
0.516800 0.320000 0.008800
0.596800 0.320000 0.008800
0.832000 0.320000 0.008800
0.844000 0.320000 0.008800
0.858400 0.320000 0.008800
0.196000 0.320800 0.008800
0.260000 0.320800 0.007200
0.273600 0.320800 0.008800
0.284800 0.320800 0.005600
0.320000 0.320800 0.008800
0.362400 0.320800 0.008800
0.462400 0.320800 0.007200
0.505600 0.320800 0.008800
0.624000 0.320800 0.011200
0.637600 0.320800 0.010400
0.688000 0.320800 0.008000
0.806400 0.320800 0.009600
0.820000 0.320800 0.008800
0.871200 0.320800 0.008800
0.374400 0.321600 0.008800
0.439200 0.321600 0.007200
0.476800 0.321600 0.009600
0.608000 0.321600 0.005600
0.617600 0.321600 0.015200
0.631200 0.321600 0.005600
0.652000 0.321600 0.008800
0.663200 0.321600 0.008000
0.675200 0.321600 0.008800
0.700800 0.321600 0.008000
0.772000 0.321600 0.008800
0.792800 0.321600 0.007200
0.888000 0.321600 0.011200
0.448800 0.322400 0.008800
0.731200 0.322400 0.012000
0.744800 0.322400 0.009600
0.758400 0.322400 0.008800
0.901600 0.322400 0.011200
0.713600 0.323200 0.008800
0.724800 0.323200 0.013600
0.783200 0.323200 0.007200
0.150400 0.338400 0.013600
0.156800 0.339200 0.011200
0.204000 0.339200 0.011200
0.221600 0.339200 0.011200
0.098400 0.340000 0.011200
0.111200 0.340000 0.008000
0.121600 0.340000 0.008800
0.138400 0.340000 0.011200
0.169600 0.340000 0.008000
0.181600 0.340000 0.008800
0.376000 0.340000 0.005600
0.394400 0.340000 0.008000
0.408000 0.340000 0.008800
0.463200 0.340000 0.008000
0.194400 0.340800 0.008800
0.237600 0.340800 0.008800
0.252800 0.340800 0.011200
0.267200 0.340800 0.008800
0.316000 0.340800 0.007200
0.327200 0.340800 0.008800
0.340800 0.340800 0.008800
0.353600 0.340800 0.008800
0.365600 0.340800 0.008000
0.383200 0.340800 0.013600
0.420800 0.340800 0.008800
0.453600 0.340800 0.005600
0.280000 0.341600 0.007200
0.288800 0.341600 0.005600
0.304000 0.341600 0.011200
0.434400 0.341600 0.011200
0.444000 0.341600 0.008800
0.469600 0.357600 0.011200
0.482400 0.359200 0.008000
0.511200 0.359200 0.005600
0.523200 0.359200 0.008800
0.572000 0.359200 0.011200
0.586400 0.359200 0.008800
0.602400 0.359200 0.009600
0.614400 0.359200 0.005600
0.660800 0.359200 0.007200
0.684800 0.359200 0.008800
0.701600 0.359200 0.013600
0.492800 0.360000 0.007200
0.503200 0.360000 0.005600
0.624000 0.360000 0.008000
0.671200 0.360000 0.008800
0.798400 0.360000 0.008800
0.809600 0.360000 0.016000
0.557600 0.360800 0.013600
0.635200 0.360800 0.008000
0.648000 0.360800 0.008800
0.711200 0.360800 0.005600
0.719200 0.360800 0.005600
0.728000 0.360800 0.005600
0.740000 0.360800 0.009600
0.754400 0.360800 0.008800
0.767200 0.360800 0.008800
0.782400 0.360800 0.010400
0.816800 0.360800 0.012000
0.832000 0.360800 0.010400
0.864000 0.360800 0.008800
0.877600 0.360800 0.008800
0.541600 0.361600 0.003200
0.549600 0.361600 0.005600
0.846400 0.361600 0.010400
0.901600 0.361600 0.008800
0.912000 0.361600 0.016000
0.534400 0.362400 0.005600
0.890400 0.362400 0.008800
0.278400 0.378400 0.008800
0.290400 0.378400 0.007200
0.310400 0.378400 0.005600
0.100800 0.379200 0.013600
0.116000 0.379200 0.009600
0.142400 0.379200 0.008800
0.168800 0.379200 0.011200
0.205600 0.379200 0.011200
0.220800 0.379200 0.009600
0.261600 0.379200 0.012800
0.266400 0.379200 0.011200
0.301600 0.379200 0.016800
0.320800 0.379200 0.013600
0.340000 0.379200 0.011200
0.379200 0.379200 0.008800
0.393600 0.379200 0.008800
0.405600 0.379200 0.008000
0.417600 0.379200 0.008800
0.430400 0.379200 0.008800
0.779200 0.379200 0.008800
0.129600 0.380000 0.008800
0.154400 0.380000 0.008800
0.186400 0.380000 0.011200
0.366400 0.380000 0.008800
0.445600 0.380000 0.009600
0.477600 0.380000 0.007200
0.488800 0.380000 0.008800
0.234400 0.380800 0.008800
0.354400 0.380800 0.008800
0.458400 0.380800 0.008000
0.468800 0.380800 0.005600
0.500000 0.380800 0.008800
0.610400 0.380800 0.008800
0.648000 0.380800 0.008800
0.660000 0.380800 0.012800
0.700800 0.380800 0.007200
0.713600 0.380800 0.008800
0.764800 0.380800 0.008800
0.860800 0.380800 0.010400
0.876000 0.380800 0.010400
0.908800 0.380800 0.011200
0.248800 0.381600 0.009600
0.596800 0.381600 0.008800
0.621600 0.381600 0.005600
0.631200 0.381600 0.005600
0.640000 0.381600 0.004800
0.668000 0.381600 0.005600
0.677600 0.381600 0.008800
0.689600 0.381600 0.007200
0.727200 0.381600 0.008800
0.790400 0.381600 0.005600
0.800000 0.381600 0.007200
0.810400 0.381600 0.007200
0.820800 0.381600 0.008800
0.833600 0.381600 0.008000
0.844800 0.381600 0.008000
0.896000 0.381600 0.011200
0.548000 0.382400 0.008800
0.560000 0.382400 0.008800
0.752000 0.382400 0.008800
0.516000 0.383200 0.010400
0.532800 0.383200 0.009600
0.569600 0.383200 0.008800
0.582400 0.383200 0.008800
0.739200 0.384000 0.008800
0.235200 0.400000 0.010400
0.099200 0.400800 0.010400
0.156800 0.400800 0.011200
0.460800 0.400800 0.009600
0.631200 0.400800 0.008800
0.645600 0.400800 0.010400
0.700800 0.400800 0.008800
0.713600 0.400800 0.008800
0.174400 0.401600 0.011200
0.253600 0.401600 0.011200
0.399200 0.401600 0.011200
0.412800 0.401600 0.008800
0.502400 0.401600 0.008800
0.552800 0.401600 0.008800
0.605600 0.401600 0.008800
0.617600 0.401600 0.008800
0.660800 0.401600 0.008800
0.673600 0.401600 0.008800
0.787200 0.401600 0.007200
0.120000 0.402400 0.011200
0.139200 0.402400 0.011200
0.189600 0.402400 0.010400
0.220000 0.402400 0.008800
0.269600 0.402400 0.009600
0.311200 0.402400 0.004800
0.318400 0.402400 0.005600
0.357600 0.402400 0.005600
0.366400 0.402400 0.012000
0.444000 0.402400 0.011200
0.487200 0.402400 0.008800
0.515200 0.402400 0.011200
0.520000 0.402400 0.011200
0.539200 0.402400 0.013600
0.569600 0.402400 0.011200
0.580000 0.402400 0.005600
0.688000 0.402400 0.008800
0.726400 0.402400 0.008800
0.776800 0.402400 0.008000
0.797600 0.402400 0.013600
0.850400 0.402400 0.008800
0.206400 0.403200 0.008800
0.284800 0.403200 0.009600
0.299200 0.403200 0.008800
0.346400 0.403200 0.008800
0.381600 0.403200 0.011200
0.426400 0.403200 0.008800
0.472800 0.403200 0.008800
0.531200 0.403200 0.008800
0.589600 0.403200 0.011200
0.739200 0.403200 0.007200
0.750400 0.403200 0.008000
0.762400 0.403200 0.008800
0.812800 0.403200 0.007200
0.824000 0.403200 0.008000
0.838400 0.403200 0.008800
0.331200 0.404000 0.010400
0.866400 0.404000 0.011200
0.896800 0.404000 0.008800
0.880800 0.404800 0.011200
0.906400 0.404800 0.015200
0.110400 0.423200 0.008800
0.097600 0.424000 0.011200
0.122400 0.424000 0.007200
0.181600 0.424000 0.008800
0.196000 0.424000 0.008800
0.498400 0.424000 0.008800
0.621600 0.424000 0.007200
0.157600 0.424800 0.007200
0.168800 0.424800 0.008800
0.208800 0.424800 0.008800
0.358400 0.424800 0.011200
0.444000 0.424800 0.008800
0.485600 0.424800 0.008800
0.555200 0.424800 0.010400
0.631200 0.424800 0.007200
0.675200 0.424800 0.010400
0.809600 0.424800 0.011200
0.821600 0.424800 0.008800
0.132000 0.425600 0.008800
0.144800 0.425600 0.008800
0.285600 0.425600 0.013600
0.473600 0.425600 0.010400
0.510400 0.425600 0.005600
0.519200 0.425600 0.008800
0.608000 0.425600 0.008800
0.643200 0.425600 0.009600
0.658400 0.425600 0.008800
0.688800 0.425600 0.008800
0.700800 0.425600 0.007200
0.722400 0.425600 0.008800
0.782400 0.425600 0.008800
0.793600 0.425600 0.008800
0.803200 0.425600 0.005600
0.830400 0.425600 0.008800
0.221600 0.426400 0.008800
0.238400 0.426400 0.010400
0.252000 0.426400 0.008800
0.265600 0.426400 0.007200
0.276000 0.426400 0.005600
0.300800 0.426400 0.008800
0.314400 0.426400 0.010400
0.341600 0.426400 0.011200
0.374400 0.426400 0.008800
0.457600 0.426400 0.011200
0.534400 0.426400 0.011200
0.569600 0.426400 0.008800
0.583200 0.426400 0.009600
0.711200 0.426400 0.007200
0.736000 0.426400 0.008800
0.751200 0.426400 0.009600
0.764000 0.426400 0.012800
0.843200 0.426400 0.008800
0.857600 0.426400 0.007200
0.881600 0.426400 0.008800
0.402400 0.427200 0.008800
0.429600 0.427200 0.008800
0.596000 0.427200 0.007200
0.868000 0.427200 0.008800
0.896800 0.427200 0.008800
0.328800 0.428000 0.008800
0.388000 0.428000 0.008800
0.415200 0.428000 0.008800
0.911200 0.428800 0.010400
0.552800 0.444800 0.012800
0.604000 0.444800 0.009600
0.096800 0.445600 0.013600
0.116000 0.445600 0.013600
0.544000 0.445600 0.012000
0.664800 0.445600 0.014400
0.829600 0.445600 0.011200
0.848000 0.445600 0.008800
0.108000 0.446400 0.013600
0.124000 0.446400 0.004800
0.176000 0.446400 0.009600
0.294400 0.446400 0.008800
0.316800 0.446400 0.003200
0.353600 0.446400 0.008800
0.508000 0.446400 0.008000
0.557600 0.446400 0.010400
0.816000 0.446400 0.010400
0.130400 0.447200 0.010400
0.188800 0.447200 0.005600
0.252800 0.447200 0.010400
0.268800 0.447200 0.011200
0.283200 0.447200 0.008800
0.306400 0.447200 0.008800
0.380800 0.447200 0.009600
0.408800 0.447200 0.008000
0.431200 0.447200 0.008000
0.464800 0.447200 0.010400
0.479200 0.447200 0.008800
0.519200 0.447200 0.005600
0.527200 0.447200 0.013600
0.538400 0.447200 0.011200
0.572800 0.447200 0.009600
0.588800 0.447200 0.008800
0.634400 0.447200 0.005600
0.670400 0.447200 0.011200
0.741600 0.447200 0.011200
0.754400 0.447200 0.011200
0.769600 0.447200 0.008800
0.781600 0.447200 0.008800
0.792000 0.447200 0.004800
0.800800 0.447200 0.012800
0.860800 0.447200 0.008800
0.895200 0.447200 0.013600
0.144000 0.448000 0.009600
0.160800 0.448000 0.008800
0.197600 0.448000 0.011200
0.212800 0.448000 0.008800
0.277600 0.448000 0.003200
0.324000 0.448000 0.008800
0.343200 0.448000 0.005600
0.366400 0.448000 0.008800
0.396000 0.448000 0.008800
0.419200 0.448000 0.008000
0.447200 0.448000 0.011200
0.492800 0.448000 0.011200
0.616800 0.448000 0.007200
0.625600 0.448000 0.005600
0.644000 0.448000 0.007200
0.655200 0.448000 0.008800
0.682400 0.448000 0.008800
0.736000 0.448000 0.013600
0.873600 0.448000 0.008800
0.884800 0.448000 0.008000
0.227200 0.448800 0.009600
0.240800 0.448800 0.007200
0.334400 0.448800 0.005600
0.695200 0.448800 0.008800
0.709600 0.448800 0.009600
0.724000 0.448800 0.010400
0.911200 0.448800 0.013600
0.141600 0.467200 0.008800
0.155200 0.467200 0.012000
0.174400 0.467200 0.010400
0.190400 0.467200 0.011200
0.203200 0.467200 0.005600
0.260800 0.467200 0.010400
0.274400 0.467200 0.012800
0.360800 0.467200 0.008800
0.406400 0.467200 0.010400
0.130400 0.468000 0.005600
0.243200 0.468000 0.011200
0.280800 0.468000 0.011200
0.294400 0.468000 0.008800
0.307200 0.468000 0.008800
0.320800 0.468000 0.008800
0.333600 0.468000 0.008000
0.374400 0.468000 0.008800
0.389600 0.468000 0.009600
0.420800 0.468000 0.008800
0.210400 0.468800 0.012000
0.226400 0.468800 0.010400
0.348800 0.468800 0.008800
0.432800 0.468800 0.008800
0.445600 0.468800 0.008800
0.458400 0.468800 0.008800
0.468800 0.468800 0.004800
0.476000 0.468800 0.011200
0.102400 0.469600 0.013600
0.118400 0.469600 0.009600
0.489600 0.469600 0.008800
0.516800 0.469600 0.008800
0.502400 0.470400 0.008800
0.540000 0.470400 0.005600
0.550400 0.470400 0.008000
0.561600 0.470400 0.016800
0.529600 0.472800 0.008800
0.935200 0.492000 0.013600
0.950400 0.492000 0.011200
0.930400 0.515200 0.040000
0.944000 0.517600 0.022400
