0.232800 0.061600 0.013600
0.201600 0.062400 0.010400
0.216800 0.062400 0.010400
0.142400 0.064000 0.019200
0.186400 0.064000 0.013600
0.164000 0.066400 0.011200
0.843200 0.068000 0.021600
0.140000 0.100800 0.009600
0.189600 0.101600 0.004800
0.206400 0.101600 0.014400
0.110400 0.102400 0.013600
0.125600 0.102400 0.008800
0.153600 0.102400 0.008800
0.172800 0.102400 0.007200
0.181600 0.102400 0.005600
0.196000 0.102400 0.011200
0.266400 0.102400 0.008800
0.331200 0.102400 0.009600
0.164000 0.103200 0.005600
0.213600 0.103200 0.013600
0.293600 0.103200 0.008800
0.548800 0.103200 0.008800
0.227200 0.104000 0.011200
0.279200 0.104000 0.011200
0.305600 0.104000 0.007200
0.316800 0.104000 0.008000
0.344800 0.104000 0.008000
0.356800 0.104000 0.008000
0.368800 0.104000 0.008800
0.535200 0.104000 0.008800
0.805600 0.104000 0.011200
0.820000 0.104000 0.013600
0.243200 0.104800 0.008800
0.254400 0.104800 0.007200
0.400800 0.104800 0.008800
0.415200 0.104800 0.008800
0.428000 0.104800 0.011200
0.444000 0.104800 0.008800
0.497600 0.104800 0.008000
0.521600 0.104800 0.009600
0.562400 0.104800 0.008800
0.627200 0.104800 0.008800
0.837600 0.104800 0.012800
0.386400 0.105600 0.012800
0.508800 0.105600 0.005600
0.588800 0.105600 0.011200
0.602400 0.105600 0.008800
0.613600 0.105600 0.011200
0.685600 0.105600 0.008800
0.706400 0.105600 0.011200
0.720800 0.105600 0.008800
0.732800 0.105600 0.007200
0.790400 0.105600 0.008800
0.855200 0.105600 0.007200
0.865600 0.105600 0.005600
0.876800 0.105600 0.016000
0.455200 0.106400 0.008800
0.470400 0.106400 0.010400
0.484800 0.106400 0.011200
0.574400 0.106400 0.008800
0.695200 0.106400 0.004800
0.743200 0.106400 0.007200
0.760800 0.106400 0.012800
0.844000 0.106400 0.016800
0.669600 0.107200 0.008800
0.774400 0.107200 0.011200
0.638400 0.108000 0.008800
0.656000 0.108000 0.008800
0.164800 0.121600 0.008800
0.105600 0.123200 0.008800
0.150400 0.123200 0.008800
0.180000 0.123200 0.008800
0.192000 0.123200 0.008800
0.206400 0.123200 0.008800
0.414400 0.123200 0.004800
0.308000 0.124000 0.011200
0.340000 0.124000 0.009600
0.421600 0.124000 0.011200
0.530400 0.124000 0.008800
0.731200 0.124000 0.008800
0.744800 0.124000 0.008800
0.117600 0.124800 0.008800
0.131200 0.124800 0.011200
0.218400 0.124800 0.013600
0.238400 0.124800 0.008800
0.255200 0.124800 0.010400
0.272800 0.124800 0.009600
0.290400 0.124800 0.009600
0.504000 0.124800 0.008800
0.543200 0.124800 0.008800
0.556800 0.124800 0.008000
0.709600 0.124800 0.004800
0.139200 0.125600 0.005600
0.225600 0.125600 0.011200
0.324000 0.125600 0.011200
0.353600 0.125600 0.008800
0.388800 0.125600 0.011200
0.405600 0.125600 0.008800
0.452800 0.125600 0.008800
0.468000 0.125600 0.008800
0.516800 0.125600 0.008800
0.606400 0.125600 0.010400
0.623200 0.125600 0.008800
0.638400 0.125600 0.011200
0.688800 0.125600 0.007200
0.700000 0.125600 0.007200
0.718400 0.125600 0.007200
0.763200 0.125600 0.010400
0.803200 0.125600 0.007200
0.813600 0.125600 0.007200
0.825600 0.125600 0.008000
0.836000 0.125600 0.005600
0.846400 0.125600 0.008000
0.367200 0.126400 0.008800
0.492800 0.126400 0.005600
0.568000 0.126400 0.007200
0.650400 0.126400 0.008800
0.663200 0.126400 0.008000
0.675200 0.126400 0.008800
0.778400 0.126400 0.008000
0.790400 0.126400 0.007200
0.858400 0.126400 0.008800
0.377600 0.127200 0.008800
0.437600 0.127200 0.008800
0.482400 0.127200 0.008800
0.578400 0.127200 0.008000
0.590400 0.127200 0.007200
0.872800 0.127200 0.011200
0.879200 0.127200 0.010400
0.866400 0.128000 0.004800
0.108000 0.141600 0.011200
0.911200 0.141600 0.018400
0.763200 0.143200 0.008800
0.123200 0.144000 0.008800
0.136800 0.144000 0.008000
0.165600 0.144000 0.011200
0.182400 0.144000 0.012000
0.199200 0.144000 0.007200
0.778400 0.144000 0.008800
0.149600 0.144800 0.008800
0.191200 0.144800 0.004800
0.210400 0.144800 0.008000
0.276800 0.144800 0.008800
0.287200 0.144800 0.005600
0.294400 0.144800 0.011200
0.591200 0.144800 0.008800
0.790400 0.144800 0.008000
0.832000 0.144800 0.008000
0.844800 0.144800 0.008800
0.858400 0.144800 0.008000
0.869600 0.144800 0.005600
0.224000 0.145600 0.008000
0.249600 0.145600 0.008800
0.406400 0.145600 0.007200
0.417600 0.145600 0.011200
0.609600 0.145600 0.005600
0.621600 0.145600 0.008800
0.689600 0.145600 0.008800
0.749600 0.145600 0.008800
0.877600 0.145600 0.012800
0.236000 0.146400 0.008800
0.261600 0.146400 0.010400
0.333600 0.146400 0.008000
0.348000 0.146400 0.009600
0.435200 0.146400 0.008800
0.464800 0.146400 0.008000
0.493600 0.146400 0.009600
0.508000 0.146400 0.008800
0.601600 0.146400 0.005600
0.675200 0.146400 0.008000
0.703200 0.146400 0.008800
0.734400 0.146400 0.010400
0.807200 0.146400 0.010400
0.820800 0.146400 0.007200
0.307200 0.147200 0.009600
0.322400 0.147200 0.008000
0.364800 0.147200 0.008800
0.397600 0.147200 0.004000
0.477600 0.147200 0.008800
0.535200 0.147200 0.008800
0.548800 0.147200 0.008800
0.663200 0.147200 0.008000
0.716800 0.147200 0.008800
0.378400 0.148000 0.008800
0.391200 0.148000 0.010400
0.452800 0.148000 0.011200
0.522400 0.148000 0.008800
0.565600 0.148000 0.009600
0.577600 0.148000 0.007200
0.646400 0.148000 0.009600
0.633600 0.148800 0.007200
0.108000 0.164000 0.011200
0.199200 0.164000 0.009600
0.122400 0.164800 0.008800
0.135200 0.164800 0.008800
0.183200 0.164800 0.008800
0.147200 0.165600 0.012000
0.213600 0.165600 0.008800
0.229600 0.165600 0.010400
0.245600 0.165600 0.008800
0.341600 0.165600 0.008800
0.356800 0.165600 0.008800
0.391200 0.165600 0.010400
0.439200 0.165600 0.011200
0.453600 0.165600 0.004800
0.650400 0.165600 0.008800
0.666400 0.165600 0.009600
0.680800 0.165600 0.013600
0.796000 0.165600 0.007200
0.821600 0.165600 0.011200
0.832000 0.165600 0.008800
0.843200 0.165600 0.008800
0.856800 0.165600 0.008800
0.255200 0.166400 0.004800
0.280800 0.166400 0.008800
0.326400 0.166400 0.008800
0.369600 0.166400 0.011200
0.376800 0.166400 0.011200
0.464800 0.166400 0.009600
0.481600 0.166400 0.011200
0.505600 0.166400 0.007200
0.590400 0.166400 0.013600
0.607200 0.166400 0.008800
0.687200 0.166400 0.012800
0.784800 0.166400 0.008800
0.805600 0.166400 0.011200
0.869600 0.166400 0.005600
0.169600 0.167200 0.011200
0.264800 0.167200 0.011200
0.296000 0.167200 0.010400
0.312800 0.167200 0.008800
0.406400 0.167200 0.011200
0.423200 0.167200 0.008800
0.496800 0.167200 0.005600
0.580000 0.167200 0.005600
0.636000 0.167200 0.010400
0.712800 0.167200 0.008800
0.515200 0.168000 0.008800
0.527200 0.168000 0.007200
0.536800 0.168000 0.005600
0.544000 0.168000 0.005600
0.553600 0.168000 0.007200
0.567200 0.168000 0.009600
0.620800 0.168000 0.008800
0.700800 0.168000 0.008800
0.769600 0.168000 0.011200
0.880000 0.168000 0.015200
0.724800 0.168800 0.008800
0.756000 0.168800 0.008800
0.742400 0.169600 0.011200
0.137600 0.184000 0.008800
0.109600 0.184800 0.011200
0.124000 0.184800 0.008800
0.212800 0.184800 0.008800
0.337600 0.184800 0.010400
0.154400 0.185600 0.009600
0.197600 0.185600 0.009600
0.224800 0.185600 0.008800
0.238400 0.185600 0.008800
0.251200 0.185600 0.008800
0.263200 0.185600 0.008000
0.277600 0.185600 0.008800
0.324000 0.185600 0.008000
0.468800 0.185600 0.010400
0.170400 0.186400 0.008800
0.296800 0.186400 0.011200
0.354400 0.186400 0.008800
0.451200 0.186400 0.011200
0.864000 0.186400 0.009600
0.183200 0.187200 0.008800
0.311200 0.187200 0.008800
0.365600 0.187200 0.008800
0.394400 0.187200 0.010400
0.414400 0.187200 0.009600
0.429600 0.187200 0.009600
0.641600 0.187200 0.011200
0.795200 0.187200 0.009600
0.808800 0.187200 0.008000
0.837600 0.187200 0.010400
0.880000 0.187200 0.011200
0.381600 0.188000 0.011200
0.488800 0.188000 0.010400
0.502400 0.188000 0.010400
0.508800 0.188000 0.005600
0.517600 0.188000 0.008000
0.529600 0.188000 0.008800
0.564800 0.188000 0.011200
0.578400 0.188000 0.008800
0.589600 0.188000 0.008000
0.628000 0.188000 0.008800
0.659200 0.188000 0.008800
0.674400 0.188000 0.009600
0.820800 0.188000 0.008800
0.851200 0.188000 0.008000
0.544800 0.188800 0.009600
0.560000 0.188800 0.010400
0.615200 0.188800 0.008800
0.688000 0.188800 0.008800
0.700000 0.188800 0.008800
0.713600 0.188800 0.009600
0.728800 0.188800 0.008800
0.748000 0.188800 0.012000
0.780000 0.188800 0.008800
0.601600 0.189600 0.008800
0.765600 0.189600 0.010400
0.139200 0.204800 0.010400
0.108800 0.205600 0.011200
0.124000 0.205600 0.008800
0.153600 0.206400 0.008800
0.419200 0.206400 0.007200
0.430400 0.206400 0.007200
0.443200 0.206400 0.008800
0.460000 0.206400 0.010400
0.180800 0.207200 0.008800
0.194400 0.207200 0.008000
0.275200 0.207200 0.008800
0.344800 0.207200 0.011200
0.399200 0.207200 0.003200
0.407200 0.207200 0.010400
0.500800 0.207200 0.010400
0.561600 0.207200 0.008800
0.576000 0.207200 0.008800
0.162400 0.208000 0.013600
0.167200 0.208000 0.010400
0.205600 0.208000 0.008800
0.224000 0.208000 0.011200
0.242400 0.208000 0.012800
0.261600 0.208000 0.008800
0.288800 0.208000 0.008000
0.299200 0.208000 0.008800
0.312800 0.208000 0.008800
0.328000 0.208000 0.009600
0.360000 0.208000 0.005600
0.368000 0.208000 0.005600
0.377600 0.208000 0.008000
0.390400 0.208000 0.008800
0.472000 0.208000 0.008800
0.484000 0.208000 0.008800
0.545600 0.208000 0.005600
0.587200 0.208000 0.007200
0.602400 0.208000 0.009600
0.680800 0.208000 0.009600
0.808000 0.208000 0.011200
0.824000 0.208000 0.012800
0.515200 0.208800 0.008800
0.525600 0.208800 0.008000
0.537600 0.208800 0.007200
0.640800 0.208800 0.008800
0.652800 0.208800 0.008800
0.667200 0.208800 0.010400
0.720000 0.208800 0.008800
0.733600 0.208800 0.008800
0.756800 0.208800 0.007200
0.774400 0.208800 0.011200
0.832000 0.208800 0.015200
0.852000 0.208800 0.005600
0.922400 0.208800 0.011200
0.942400 0.208800 0.012800
0.616800 0.209600 0.008800
0.628800 0.209600 0.008000
0.693600 0.209600 0.008000
0.746400 0.209600 0.007200
0.766400 0.209600 0.005600
0.788800 0.209600 0.009600
0.842400 0.209600 0.007200
0.905600 0.209600 0.011200
0.705600 0.210400 0.008800
0.860000 0.210400 0.004000
0.867200 0.210400 0.010400
0.879200 0.211200 0.010400
0.902400 0.226400 0.008800
0.920000 0.226400 0.008800
0.355200 0.227200 0.008800
0.424000 0.227200 0.011200
0.081600 0.228000 0.015200
0.373600 0.228000 0.011200
0.390400 0.228000 0.009600
0.584000 0.228000 0.009600
0.933600 0.228000 0.008000
0.108000 0.228800 0.012800
0.124800 0.228800 0.007200
0.184000 0.228800 0.013600
0.224000 0.228800 0.004800
0.408000 0.228800 0.011200
0.549600 0.228800 0.008800
0.597600 0.228800 0.008000
0.608800 0.228800 0.008800
0.668800 0.228800 0.008800
0.755200 0.228800 0.008800
0.766400 0.228800 0.008800
0.779200 0.228800 0.008800
0.790400 0.228800 0.007200
0.802400 0.228800 0.008800
0.135200 0.229600 0.007200
0.147200 0.229600 0.010400
0.176800 0.229600 0.013600
0.213600 0.229600 0.008800
0.233600 0.229600 0.008800
0.315200 0.229600 0.011200
0.343200 0.229600 0.008000
0.436800 0.229600 0.008800
0.448800 0.229600 0.008800
0.471200 0.229600 0.009600
0.496000 0.229600 0.011200
0.532000 0.229600 0.011200
0.572000 0.229600 0.005600
0.644800 0.229600 0.008000
0.681600 0.229600 0.008800
0.710400 0.229600 0.008800
0.724000 0.229600 0.008800
0.736800 0.229600 0.012800
0.828800 0.229600 0.008800
0.846400 0.229600 0.011200
0.862400 0.229600 0.011200
0.878400 0.229600 0.012800
0.884800 0.229600 0.011200
0.947200 0.229600 0.011200
0.163200 0.230400 0.008800
0.199200 0.230400 0.009600
0.252800 0.230400 0.012800
0.460000 0.230400 0.008800
0.482400 0.230400 0.005600
0.511200 0.230400 0.013600
0.516800 0.230400 0.012800
0.563200 0.230400 0.008800
0.623200 0.230400 0.008800
0.633600 0.230400 0.008800
0.656800 0.230400 0.008800
0.696800 0.230400 0.009600
0.743200 0.230400 0.012800
0.816000 0.230400 0.008800
0.268000 0.231200 0.009600
0.281600 0.231200 0.008800
0.296800 0.231200 0.012000
0.331200 0.231200 0.011200
0.904000 0.241600 0.009600
0.919200 0.243200 0.010400
0.172000 0.247200 0.008800
0.940800 0.248800 0.013600
0.181600 0.249600 0.008000
0.964800 0.249600 0.013600
0.908800 0.264000 0.011200
0.924000 0.267200 0.011200
0.180800 0.268000 0.011200
0.191200 0.268000 0.008800
0.154400 0.268800 0.007200
0.164800 0.268800 0.007200
0.123200 0.269600 0.011200
0.138400 0.269600 0.011200
0.146400 0.269600 0.004000
0.938400 0.269600 0.008800
0.204000 0.270400 0.008800
0.214400 0.270400 0.008000
0.322400 0.270400 0.008800
0.952800 0.270400 0.011200
0.226400 0.271200 0.008000
0.238400 0.271200 0.008000
0.248000 0.271200 0.005600
0.308000 0.271200 0.011200
0.259200 0.272000 0.014400
0.291200 0.272000 0.008800
0.336000 0.272000 0.008800
0.348000 0.272000 0.008800
0.446400 0.272000 0.004800
0.277600 0.272800 0.008800
0.356000 0.272800 0.013600
0.368800 0.272800 0.008800
0.380000 0.272800 0.008800
0.392800 0.272800 0.008800
0.408000 0.272800 0.008800
0.436000 0.272800 0.013600
0.456000 0.272800 0.013600
0.463200 0.272800 0.020800
0.542400 0.272800 0.003200
0.595200 0.272800 0.008800
0.607200 0.272800 0.008800
0.420000 0.273600 0.008800
0.477600 0.273600 0.008800
0.489600 0.273600 0.008000
0.533600 0.273600 0.011200
0.568000 0.273600 0.008800
0.583200 0.273600 0.010400
0.619200 0.273600 0.008800
0.760800 0.273600 0.004800
0.795200 0.273600 0.011200
0.806400 0.273600 0.008800
0.516800 0.274400 0.008800
0.552000 0.274400 0.011200
0.633600 0.274400 0.008800
0.661600 0.274400 0.008800
0.672800 0.274400 0.008000
0.748800 0.274400 0.010400
0.819200 0.274400 0.013600
0.502400 0.275200 0.008800
0.644000 0.275200 0.005600
0.652800 0.275200 0.013600
0.686400 0.275200 0.008800
0.724000 0.275200 0.008800
0.768000 0.275200 0.011200
0.863200 0.275200 0.008800
0.711200 0.276000 0.011200
0.733600 0.276000 0.008800
0.780000 0.276000 0.008800
0.828000 0.276000 0.005600
0.836800 0.276000 0.007200
0.848800 0.276000 0.008800
0.883200 0.276000 0.013600
0.699200 0.276800 0.008800
0.136000 0.290400 0.007200
0.147200 0.290400 0.008000
0.180000 0.290400 0.007200
0.108000 0.291200 0.012800
0.123200 0.291200 0.008800
0.160000 0.291200 0.007200
0.169600 0.291200 0.005600
0.198400 0.291200 0.011200
0.212000 0.291200 0.011200
0.220000 0.291200 0.004000
0.242400 0.291200 0.011200
0.250400 0.291200 0.013600
0.282400 0.291200 0.004800
0.190400 0.292000 0.005600
0.228800 0.292000 0.011200
0.260000 0.292000 0.011200
0.274400 0.292000 0.005600
0.289600 0.292000 0.005600
0.303200 0.292000 0.008800
0.346400 0.292000 0.007200
0.360000 0.292000 0.008800
0.373600 0.292000 0.008800
0.267200 0.292800 0.004800
0.315200 0.292800 0.005600
0.324800 0.292800 0.007200
0.336000 0.292800 0.007200
0.475200 0.292800 0.008800
0.508000 0.292800 0.010400
0.552000 0.292800 0.004800
0.386400 0.293600 0.008000
0.490400 0.293600 0.008800
0.520000 0.293600 0.005600
0.528000 0.293600 0.012000
0.543200 0.293600 0.008800
0.667200 0.293600 0.007200
0.680800 0.293600 0.009600
0.833600 0.293600 0.011200
0.398400 0.294400 0.012000
0.403200 0.294400 0.011200
0.463200 0.294400 0.008000
0.572800 0.294400 0.008800
0.615200 0.294400 0.008800
0.628800 0.294400 0.009600
0.644000 0.294400 0.008800
0.655200 0.294400 0.008000
0.724000 0.294400 0.008800
0.738400 0.294400 0.008800
0.769600 0.294400 0.012800
0.881600 0.294400 0.013600
0.414400 0.295200 0.005600
0.422400 0.295200 0.011200
0.436000 0.295200 0.008800
0.559200 0.295200 0.011200
0.582400 0.295200 0.005600
0.590400 0.295200 0.011200
0.603200 0.295200 0.008800
0.692800 0.295200 0.008800
0.708000 0.295200 0.008800
0.752000 0.295200 0.010400
0.808800 0.295200 0.013600
0.848000 0.295200 0.008800
0.862400 0.295200 0.008800
0.447200 0.296000 0.011200
0.792000 0.296000 0.011200
0.126400 0.312000 0.009600
0.140800 0.312000 0.008800
0.153600 0.312800 0.008000
0.165600 0.312800 0.008000
0.207200 0.312800 0.011200
0.327200 0.312800 0.008800
0.258400 0.313600 0.009600
0.304000 0.313600 0.011200
0.316800 0.313600 0.008000
0.343200 0.313600 0.011200
0.490400 0.313600 0.007200
0.110400 0.314400 0.011200
0.179200 0.314400 0.008800
0.192000 0.314400 0.008800
0.224800 0.314400 0.011200
0.242400 0.314400 0.011200
0.272000 0.314400 0.008800
0.284800 0.314400 0.010400
0.375200 0.314400 0.011200
0.386400 0.314400 0.005600
0.394400 0.314400 0.013600
0.410400 0.314400 0.011200
0.474400 0.314400 0.005600
0.092000 0.315200 0.011200
0.359200 0.315200 0.011200
0.423200 0.315200 0.008800
0.482400 0.315200 0.004800
0.499200 0.315200 0.004800
0.506400 0.315200 0.011200
0.536800 0.315200 0.011200
0.582400 0.315200 0.007200
0.592800 0.315200 0.007200
0.078400 0.316000 0.023200
0.436000 0.316000 0.008800
0.447200 0.316000 0.013600
0.453600 0.316000 0.016000
0.464000 0.316000 0.007200
0.520000 0.316000 0.008800
0.550400 0.316000 0.008800
0.560000 0.316000 0.005600
0.571200 0.316000 0.008000
0.601600 0.316800 0.013600
0.138400 0.352800 0.008800
0.184000 0.352800 0.008800
0.226400 0.352800 0.008800
0.254400 0.352800 0.011200
0.379200 0.352800 0.013600
0.700000 0.352800 0.008800
0.110400 0.353600 0.013600
0.124000 0.353600 0.009600
0.155200 0.353600 0.010400
0.196000 0.353600 0.007200
0.308800 0.353600 0.008800
0.340000 0.353600 0.011200
0.608000 0.353600 0.012800
0.686400 0.353600 0.008800
0.726400 0.353600 0.008800
0.739200 0.353600 0.008800
0.755200 0.353600 0.010400
0.802400 0.353600 0.011200
0.169600 0.354400 0.008800
0.207200 0.354400 0.008000
0.216800 0.354400 0.004800
0.240000 0.354400 0.008800
0.279200 0.354400 0.008800
0.293600 0.354400 0.010400
0.354400 0.354400 0.012000
0.369600 0.354400 0.004800
0.512000 0.354400 0.008800
0.587200 0.354400 0.011200
0.624000 0.354400 0.008800
0.660000 0.354400 0.011200
0.675200 0.354400 0.008800
0.712800 0.354400 0.008800
0.769600 0.354400 0.008800
0.785600 0.354400 0.011200
0.268000 0.355200 0.008800
0.324000 0.355200 0.008800
0.361600 0.355200 0.005600
0.397600 0.355200 0.011200
0.466400 0.355200 0.010400
0.528000 0.355200 0.010400
0.555200 0.355200 0.010400
0.570400 0.355200 0.008800
0.637600 0.355200 0.016800
0.645600 0.355200 0.016000
0.818400 0.355200 0.011200
0.846400 0.355200 0.008800
0.864000 0.355200 0.012800
0.873600 0.355200 0.005600
0.415200 0.356000 0.011200
0.430400 0.356000 0.008800
0.440000 0.356000 0.005600
0.450400 0.356000 0.008800
0.480000 0.356000 0.008800
0.500800 0.356000 0.005600
0.882400 0.356000 0.013600
0.493600 0.356800 0.012800
0.540000 0.356800 0.008800
0.834400 0.356800 0.010400
0.196800 0.373600 0.008000
0.208800 0.373600 0.008800
0.145600 0.374400 0.012800
0.224000 0.374400 0.008800
0.363200 0.374400 0.011200
0.108000 0.375200 0.013600
0.114400 0.375200 0.011200
0.164000 0.375200 0.008800
0.173600 0.375200 0.007200
0.185600 0.375200 0.008000
0.312000 0.375200 0.011200
0.428800 0.375200 0.008800
0.788000 0.375200 0.011200
0.832800 0.375200 0.010400
0.848800 0.375200 0.008800
0.863200 0.375200 0.008800
0.130400 0.376000 0.010400
0.273600 0.376000 0.008800
0.284800 0.376000 0.008800
0.298400 0.376000 0.008800
0.316800 0.376000 0.011200
0.344800 0.376000 0.010400
0.376800 0.376000 0.005600
0.400000 0.376000 0.010400
0.554400 0.376000 0.008800
0.568800 0.376000 0.011200
0.612800 0.376000 0.008000
0.669600 0.376000 0.013600
0.683200 0.376000 0.010400
0.728000 0.376000 0.009600
0.748800 0.376000 0.012800
0.768000 0.376000 0.011200
0.242400 0.376800 0.011200
0.257600 0.376800 0.009600
0.329600 0.376800 0.008800
0.385600 0.376800 0.012800
0.416000 0.376800 0.009600
0.445600 0.376800 0.008800
0.457600 0.376800 0.007200
0.468800 0.376800 0.007200
0.535200 0.376800 0.011200
0.583200 0.376800 0.005600
0.661600 0.376800 0.011200
0.713600 0.376800 0.009600
0.812000 0.376800 0.012800
0.876000 0.376800 0.007200
0.886400 0.376800 0.016000
0.479200 0.377600 0.005600
0.509600 0.377600 0.008800
0.518400 0.377600 0.011200
0.592800 0.377600 0.008800
0.603200 0.377600 0.005600
0.628800 0.377600 0.011200
0.699200 0.377600 0.008800
0.486400 0.378400 0.012800
0.497600 0.378400 0.008000
0.645600 0.378400 0.009600
0.112800 0.394400 0.011200
0.845600 0.394400 0.009600
0.160800 0.395200 0.011200
0.861600 0.395200 0.009600
0.129600 0.396000 0.008800
0.143200 0.396000 0.008800
0.194400 0.396000 0.011200
0.209600 0.396000 0.007200
0.332000 0.396000 0.016000
0.828800 0.396000 0.010400
0.221600 0.396800 0.011200
0.272800 0.396800 0.007200
0.338400 0.396800 0.012000
0.386400 0.396800 0.005600
0.568800 0.396800 0.009600
0.584800 0.396800 0.008800
0.693600 0.396800 0.010400
0.777600 0.396800 0.010400
0.812800 0.396800 0.009600
0.874400 0.396800 0.007200
0.884800 0.396800 0.008800
0.178400 0.397600 0.008800
0.231200 0.397600 0.008800
0.243200 0.397600 0.008800
0.255200 0.397600 0.007200
0.264800 0.397600 0.004800
0.284800 0.397600 0.008800
0.319200 0.397600 0.008800
0.356000 0.397600 0.011200
0.396800 0.397600 0.008800
0.454400 0.397600 0.009600
0.509600 0.397600 0.009600
0.553600 0.397600 0.008800
0.604800 0.397600 0.011200
0.620800 0.397600 0.009600
0.638400 0.397600 0.009600
0.676000 0.397600 0.010400
0.745600 0.397600 0.008800
0.794400 0.397600 0.011200
0.303200 0.398400 0.011200
0.372000 0.398400 0.011200
0.408800 0.398400 0.008800
0.421600 0.398400 0.011200
0.438400 0.398400 0.008800
0.472000 0.398400 0.010400
0.483200 0.398400 0.007200
0.524000 0.398400 0.008800
0.538400 0.398400 0.008800
0.655200 0.398400 0.012000
0.712000 0.398400 0.011200
0.729600 0.398400 0.010400
0.760000 0.398400 0.011200
0.494400 0.399200 0.008000
0.284000 0.416800 0.010400
0.772800 0.416800 0.008800
0.144800 0.417600 0.005600
0.152800 0.417600 0.005600
0.162400 0.417600 0.005600
0.265600 0.417600 0.010400
0.546400 0.417600 0.011200
0.568000 0.417600 0.011200
0.598400 0.417600 0.008000
0.691200 0.417600 0.005600
0.700000 0.417600 0.013600
0.732800 0.417600 0.009600
0.764800 0.417600 0.013600
0.820000 0.417600 0.011200
0.116000 0.418400 0.012800
0.132800 0.418400 0.008800
0.168000 0.418400 0.011200
0.238400 0.418400 0.008800
0.250400 0.418400 0.008800
0.427200 0.418400 0.004800
0.455200 0.418400 0.008800
0.503200 0.418400 0.009600
0.516000 0.418400 0.008800
0.529600 0.418400 0.009600
0.554400 0.418400 0.003200
0.609600 0.418400 0.008000
0.650400 0.418400 0.008800
0.665600 0.418400 0.009600
0.680000 0.418400 0.008800
0.717600 0.418400 0.008800
0.751200 0.418400 0.011200
0.784800 0.418400 0.008800
0.833600 0.418400 0.008800
0.846400 0.418400 0.008000
0.183200 0.419200 0.011200
0.206400 0.419200 0.012800
0.222400 0.419200 0.010400
0.297600 0.419200 0.008000
0.309600 0.419200 0.008000
0.324800 0.419200 0.010400
0.336800 0.419200 0.008800
0.368000 0.419200 0.009600
0.387200 0.419200 0.011200
0.400000 0.419200 0.008000
0.410400 0.419200 0.005600
0.419200 0.419200 0.005600
0.433600 0.419200 0.004800
0.442400 0.419200 0.008800
0.468000 0.419200 0.008800
0.485600 0.419200 0.011200
0.585600 0.419200 0.009600
0.621600 0.419200 0.008800
0.636800 0.419200 0.008800
0.800800 0.419200 0.011200
0.858400 0.419200 0.008800
0.876800 0.419200 0.011200
0.889600 0.419200 0.016800
0.348800 0.420000 0.011200
0.771200 0.436800 0.011200
0.764000 0.437600 0.005600
0.752000 0.438400 0.011200
0.130400 0.439200 0.008800
0.876800 0.439200 0.009600
0.192800 0.440000 0.005600
0.203200 0.440000 0.013600
0.223200 0.440000 0.011200
0.290400 0.440000 0.012800
0.308000 0.440000 0.008800
0.321600 0.440000 0.008800
0.358400 0.440000 0.013600
0.515200 0.440000 0.013600
0.534400 0.440000 0.011200
0.569600 0.440000 0.011200
0.727200 0.440000 0.013600
0.736800 0.440000 0.008800
0.113600 0.440800 0.012800
0.143200 0.440800 0.008800
0.180800 0.440800 0.009600
0.240800 0.440800 0.012000
0.296800 0.440800 0.017600
0.416000 0.440800 0.009600
0.431200 0.440800 0.010400
0.460800 0.440800 0.011200
0.477600 0.440800 0.010400
0.552800 0.440800 0.011200
0.673600 0.440800 0.012800
0.156000 0.441600 0.008800
0.168800 0.441600 0.008800
0.259200 0.441600 0.010400
0.338400 0.441600 0.011200
0.380000 0.441600 0.008800
0.394400 0.441600 0.013600
0.444800 0.441600 0.008800
0.584800 0.441600 0.011200
0.601600 0.441600 0.011200
0.618400 0.441600 0.011200
0.653600 0.441600 0.011200
0.708000 0.441600 0.011200
0.849600 0.441600 0.008800
0.859200 0.441600 0.008800
0.272800 0.442400 0.008800
0.404000 0.442400 0.005600
0.494400 0.442400 0.011200
0.636800 0.442400 0.011200
0.690400 0.442400 0.011200
