0.257600 0.030400 0.011200
0.222400 0.032000 0.022400
0.240800 0.032000 0.011200
0.276000 0.033600 0.026400
0.167200 0.034400 0.018400
0.191200 0.035200 0.013600
0.868000 0.040000 0.013600
0.850400 0.040800 0.016800
0.924000 0.056000 0.013600
0.049600 0.062400 0.014400
0.145600 0.062400 0.008800
0.165600 0.062400 0.004800
0.058400 0.063200 0.005600
0.117600 0.063200 0.005600
0.124800 0.063200 0.005600
0.134400 0.063200 0.008800
0.156800 0.063200 0.007200
0.172800 0.063200 0.011200
0.184000 0.063200 0.007200
0.065600 0.064000 0.004800
0.073600 0.064000 0.013600
0.096000 0.064000 0.007200
0.107200 0.064000 0.007200
0.193600 0.064000 0.008000
0.207200 0.064000 0.008800
0.217600 0.064000 0.004800
0.225600 0.064000 0.007200
0.858400 0.064000 0.005600
0.868000 0.064000 0.007200
0.895200 0.064000 0.019200
0.084800 0.064800 0.008800
0.252800 0.064800 0.012000
0.836800 0.064800 0.008800
0.849600 0.064800 0.005600
0.236800 0.065600 0.007200
0.247200 0.065600 0.016800
0.488000 0.065600 0.011200
0.504000 0.065600 0.011200
0.675200 0.065600 0.008800
0.729600 0.065600 0.005600
0.737600 0.065600 0.005600
0.745600 0.065600 0.005600
0.754400 0.065600 0.005600
0.796800 0.065600 0.007200
0.813600 0.065600 0.016800
0.824800 0.065600 0.007200
0.880000 0.065600 0.008800
0.260800 0.066400 0.004000
0.268000 0.066400 0.005600
0.274400 0.066400 0.003200
0.288800 0.066400 0.007200
0.304000 0.066400 0.010400
0.337600 0.066400 0.007200
0.347200 0.066400 0.008800
0.359200 0.066400 0.007200
0.412000 0.066400 0.008800
0.472000 0.066400 0.010400
0.572800 0.066400 0.005600
0.594400 0.066400 0.005600
0.685600 0.066400 0.007200
0.696000 0.066400 0.007200
0.719200 0.066400 0.007200
0.786400 0.066400 0.007200
0.297600 0.067200 0.004800
0.328000 0.067200 0.005600
0.368000 0.067200 0.005600
0.375200 0.067200 0.005600
0.384800 0.067200 0.007200
0.395200 0.067200 0.011200
0.425600 0.067200 0.008800
0.437600 0.067200 0.008000
0.448000 0.067200 0.007200
0.457600 0.067200 0.008800
0.516000 0.067200 0.008800
0.524000 0.067200 0.013600
0.529600 0.067200 0.009600
0.543200 0.067200 0.008800
0.554400 0.067200 0.005600
0.563200 0.067200 0.007200
0.602400 0.067200 0.005600
0.610400 0.067200 0.011200
0.650400 0.067200 0.007200
0.661600 0.067200 0.009600
0.708000 0.067200 0.008800
0.764000 0.067200 0.008800
0.775200 0.067200 0.007200
0.805600 0.067200 0.005600
0.315200 0.068000 0.008800
0.581600 0.068000 0.016800
0.635200 0.068000 0.015200
0.640000 0.068000 0.011200
0.624800 0.068800 0.008800
0.924800 0.072000 0.012000
0.925600 0.080800 0.004800
0.093600 0.081600 0.008800
0.117600 0.083200 0.011200
0.133600 0.083200 0.008800
0.146400 0.084800 0.008800
0.159200 0.084800 0.008800
0.172800 0.084800 0.010400
0.204000 0.084800 0.005600
0.316000 0.084800 0.011200
0.186400 0.085600 0.005600
0.195200 0.085600 0.005600
0.239200 0.085600 0.007200
0.249600 0.085600 0.015200
0.213600 0.086400 0.013600
0.228000 0.086400 0.008800
0.297600 0.086400 0.009600
0.364800 0.086400 0.008800
0.397600 0.086400 0.007200
0.257600 0.087200 0.013600
0.268800 0.087200 0.013600
0.331200 0.087200 0.010400
0.345600 0.087200 0.011200
0.352000 0.087200 0.011200
0.377600 0.087200 0.007200
0.386400 0.087200 0.007200
0.474400 0.087200 0.008800
0.571200 0.087200 0.008800
0.284800 0.088000 0.011200
0.409600 0.088000 0.008800
0.432800 0.088000 0.008800
0.446400 0.088000 0.008000
0.461600 0.088000 0.009600
0.488000 0.088000 0.007200
0.584800 0.088000 0.008800
0.600000 0.088000 0.010400
0.613600 0.088000 0.008800
0.622400 0.088000 0.008800
0.277600 0.088800 0.013600
0.420800 0.088800 0.007200
0.497600 0.088800 0.007200
0.509600 0.088800 0.008800
0.524000 0.088800 0.008800
0.539200 0.088800 0.008800
0.560800 0.088800 0.005600
0.728000 0.088800 0.011200
0.740000 0.088800 0.016000
0.822400 0.088800 0.008800
0.836800 0.088800 0.008800
0.552800 0.089600 0.011200
0.635200 0.089600 0.010400
0.659200 0.089600 0.008800
0.680000 0.089600 0.005600
0.686400 0.089600 0.012000
0.716800 0.089600 0.008000
0.760000 0.089600 0.008800
0.796000 0.089600 0.007200
0.808800 0.089600 0.008800
0.847200 0.089600 0.004800
0.648800 0.090400 0.008800
0.670400 0.090400 0.005600
0.704000 0.090400 0.011200
0.749600 0.090400 0.008800
0.772800 0.090400 0.008800
0.785600 0.090400 0.008800
0.855200 0.090400 0.007200
0.872000 0.090400 0.011200
0.886400 0.090400 0.008800
0.899200 0.090400 0.011200
0.925600 0.090400 0.019200
0.865600 0.091200 0.005600
0.092000 0.096000 0.011200
0.926400 0.104800 0.011200
0.091200 0.105600 0.016800
0.115200 0.107200 0.012800
0.188000 0.107200 0.008800
0.124800 0.108000 0.005600
0.134400 0.108000 0.008800
0.148000 0.108000 0.009600
0.164000 0.108000 0.008800
0.175200 0.108000 0.007200
0.314400 0.108000 0.008800
0.416800 0.108000 0.008800
0.201600 0.108800 0.008800
0.228000 0.108800 0.009600
0.242400 0.108800 0.008800
0.253600 0.108800 0.007200
0.266400 0.108800 0.008800
0.280800 0.108800 0.010400
0.331200 0.108800 0.010400
0.432800 0.108800 0.009600
0.460800 0.108800 0.008800
0.492800 0.108800 0.010400
0.214400 0.109600 0.008000
0.296000 0.109600 0.007200
0.305600 0.109600 0.005600
0.346400 0.109600 0.008800
0.357600 0.109600 0.007200
0.365600 0.109600 0.004800
0.373600 0.109600 0.011200
0.397600 0.109600 0.013600
0.405600 0.109600 0.005600
0.447200 0.109600 0.008800
0.477600 0.109600 0.011200
0.535200 0.109600 0.013600
0.791200 0.109600 0.008800
0.796000 0.109600 0.010400
0.385600 0.110400 0.008000
0.506400 0.110400 0.007200
0.516800 0.110400 0.011200
0.544000 0.110400 0.013600
0.568000 0.110400 0.008800
0.602400 0.110400 0.008800
0.615200 0.110400 0.008800
0.629600 0.110400 0.008800
0.644800 0.110400 0.008800
0.658400 0.110400 0.007200
0.687200 0.110400 0.008800
0.768000 0.110400 0.009600
0.811200 0.110400 0.007200
0.841600 0.110400 0.008800
0.556000 0.111200 0.008800
0.672000 0.111200 0.008800
0.704000 0.111200 0.011200
0.740000 0.111200 0.011200
0.752800 0.111200 0.008000
0.780000 0.111200 0.008000
0.819200 0.111200 0.005600
0.828800 0.111200 0.008800
0.856800 0.111200 0.009600
0.580000 0.112000 0.008000
0.591200 0.112000 0.007200
0.715200 0.112000 0.005600
0.723200 0.112000 0.012800
0.873600 0.112000 0.010400
0.887200 0.112000 0.007200
0.897600 0.112000 0.011200
0.925600 0.115200 0.007200
0.926400 0.127200 0.008800
0.140800 0.128000 0.008800
0.153600 0.128000 0.008800
0.213600 0.128000 0.008800
0.115200 0.128800 0.011200
0.128800 0.128800 0.007200
0.265600 0.128800 0.008800
0.277600 0.128800 0.008000
0.316800 0.128800 0.010400
0.408800 0.128800 0.012800
0.674400 0.128800 0.010400
0.092800 0.129600 0.011200
0.164800 0.129600 0.007200
0.175200 0.129600 0.007200
0.185600 0.129600 0.008800
0.199200 0.129600 0.008800
0.227200 0.129600 0.008800
0.250400 0.129600 0.008800
0.290400 0.129600 0.007200
0.357600 0.129600 0.011200
0.374400 0.129600 0.008800
0.427200 0.129600 0.012000
0.506400 0.129600 0.009600
0.807200 0.129600 0.011200
0.240000 0.130400 0.008000
0.301600 0.130400 0.008800
0.329600 0.130400 0.008800
0.344000 0.130400 0.008800
0.390400 0.130400 0.010400
0.435200 0.130400 0.005600
0.469600 0.130400 0.008000
0.481600 0.130400 0.008000
0.492800 0.130400 0.007200
0.524000 0.130400 0.009600
0.643200 0.130400 0.008800
0.660800 0.130400 0.011200
0.698400 0.130400 0.012800
0.715200 0.130400 0.008000
0.870400 0.130400 0.011200
0.879200 0.130400 0.004800
0.888800 0.130400 0.008000
0.457600 0.131200 0.008000
0.544000 0.131200 0.012000
0.560800 0.131200 0.008800
0.573600 0.131200 0.008800
0.587200 0.131200 0.008800
0.602400 0.131200 0.011200
0.775200 0.131200 0.007200
0.821600 0.131200 0.008800
0.855200 0.131200 0.008800
0.899200 0.131200 0.011200
0.444000 0.132000 0.008800
0.610400 0.132000 0.011200
0.626400 0.132000 0.011200
0.688800 0.132000 0.005600
0.728800 0.132000 0.008800
0.741600 0.132000 0.008000
0.754400 0.132000 0.009600
0.765600 0.132000 0.005600
0.788000 0.132000 0.010400
0.834400 0.132000 0.007200
0.843200 0.132000 0.007200
0.924800 0.137600 0.008800
0.092000 0.144000 0.009600
0.113600 0.147200 0.011200
0.128000 0.147200 0.010400
0.140800 0.148000 0.008800
0.153600 0.148800 0.013600
0.162400 0.148800 0.005600
0.172000 0.148800 0.007200
0.183200 0.148800 0.007200
0.195200 0.148800 0.008800
0.208800 0.148800 0.009600
0.219200 0.148800 0.011200
0.279200 0.148800 0.007200
0.289600 0.148800 0.008800
0.201600 0.149600 0.003200
0.236000 0.149600 0.008800
0.248000 0.149600 0.008000
0.268800 0.149600 0.007200
0.366400 0.149600 0.008800
0.640800 0.149600 0.012800
0.688000 0.149600 0.007200
0.891200 0.149600 0.007200
0.926400 0.149600 0.008800
0.259200 0.150400 0.005600
0.310400 0.150400 0.012800
0.334400 0.150400 0.011200
0.349600 0.150400 0.011200
0.414400 0.150400 0.008800
0.428800 0.150400 0.008800
0.456800 0.150400 0.008800
0.470400 0.150400 0.008800
0.486400 0.150400 0.009600
0.519200 0.150400 0.009600
0.657600 0.150400 0.008800
0.670400 0.150400 0.012000
0.676000 0.150400 0.012800
0.824000 0.150400 0.008800
0.837600 0.150400 0.008800
0.902400 0.150400 0.013600
0.378400 0.151200 0.010400
0.442400 0.151200 0.008800
0.503200 0.151200 0.008800
0.536800 0.151200 0.011200
0.553600 0.151200 0.011200
0.561600 0.151200 0.005600
0.586400 0.151200 0.012800
0.629600 0.151200 0.007200
0.699200 0.151200 0.008800
0.716800 0.151200 0.011200
0.810400 0.151200 0.008800
0.852000 0.151200 0.008800
0.865600 0.151200 0.008000
0.878400 0.151200 0.008800
0.399200 0.152000 0.010400
0.570400 0.152000 0.008800
0.606400 0.152000 0.008800
0.618400 0.152000 0.007200
0.728800 0.152000 0.008000
0.760800 0.152000 0.011200
0.776800 0.152000 0.008800
0.799200 0.152000 0.007200
0.742400 0.152800 0.009600
0.788800 0.152800 0.007200
0.091200 0.159200 0.008800
0.927200 0.160000 0.007200
0.183200 0.168000 0.008800
0.128800 0.168800 0.012800
0.112000 0.169600 0.011200
0.121600 0.169600 0.005600
0.173600 0.169600 0.005600
0.198400 0.169600 0.009600
0.211200 0.169600 0.008800
0.235200 0.169600 0.005600
0.256000 0.169600 0.009600
0.308800 0.169600 0.011200
0.325600 0.169600 0.011200
0.384000 0.169600 0.009600
0.500000 0.169600 0.009600
0.856800 0.169600 0.008800
0.928000 0.169600 0.016000
0.140000 0.170400 0.008800
0.153600 0.170400 0.008800
0.164800 0.170400 0.005600
0.223200 0.170400 0.008800
0.244000 0.170400 0.013600
0.292000 0.170400 0.007200
0.301600 0.170400 0.013600
0.337600 0.170400 0.008800
0.351200 0.170400 0.008800
0.368800 0.170400 0.011200
0.809600 0.170400 0.009600
0.828000 0.170400 0.010400
0.843200 0.170400 0.008000
0.868800 0.170400 0.008000
0.270400 0.171200 0.008800
0.281600 0.171200 0.007200
0.362400 0.171200 0.013600
0.413600 0.171200 0.008800
0.440800 0.171200 0.009600
0.463200 0.171200 0.011200
0.480000 0.171200 0.011200
0.620000 0.171200 0.008800
0.670400 0.171200 0.011200
0.704000 0.171200 0.008800
0.749600 0.171200 0.010400
0.762400 0.171200 0.008000
0.776000 0.171200 0.008800
0.792800 0.171200 0.010400
0.881600 0.171200 0.008800
0.892000 0.171200 0.008800
0.090400 0.172000 0.011200
0.395200 0.172000 0.004800
0.402400 0.172000 0.005600
0.425600 0.172000 0.008800
0.453600 0.172000 0.008800
0.514400 0.172000 0.008800
0.544000 0.172000 0.008800
0.554400 0.172000 0.005600
0.564800 0.172000 0.008000
0.635200 0.172000 0.011200
0.686400 0.172000 0.011200
0.713600 0.172000 0.008800
0.728000 0.172000 0.011200
0.901600 0.172000 0.011200
0.529600 0.172800 0.009600
0.585600 0.172800 0.005600
0.593600 0.172800 0.011200
0.607200 0.172800 0.008800
0.644800 0.172800 0.004800
0.652800 0.172800 0.011200
0.576800 0.173600 0.008800
0.089600 0.184000 0.016800
0.929600 0.187200 0.015200
0.872800 0.189600 0.008800
0.128000 0.190400 0.008800
0.141600 0.190400 0.008800
0.292000 0.190400 0.011200
0.824000 0.190400 0.009600
0.860800 0.190400 0.008800
0.885600 0.190400 0.009600
0.902400 0.190400 0.012000
0.114400 0.191200 0.011200
0.178400 0.191200 0.008800
0.221600 0.191200 0.008800
0.714400 0.191200 0.008800
0.726400 0.191200 0.008800
0.744000 0.191200 0.011200
0.756000 0.191200 0.008000
0.764800 0.191200 0.005600
0.810400 0.191200 0.008800
0.838400 0.191200 0.008000
0.848800 0.191200 0.007200
0.153600 0.192000 0.008800
0.189600 0.192000 0.008000
0.199200 0.192000 0.005600
0.208000 0.192000 0.011200
0.232800 0.192000 0.008000
0.245600 0.192000 0.008800
0.257600 0.192000 0.008800
0.274400 0.192000 0.011200
0.282400 0.192000 0.005600
0.306400 0.192000 0.009600
0.500000 0.192000 0.008800
0.608000 0.192000 0.008800
0.623200 0.192000 0.008800
0.689600 0.192000 0.008000
0.737600 0.192000 0.005600
0.775200 0.192000 0.008800
0.798400 0.192000 0.008800
0.165600 0.192800 0.008800
0.330400 0.192800 0.008800
0.490400 0.192800 0.005600
0.594400 0.192800 0.011200
0.636000 0.192800 0.008800
0.650400 0.192800 0.007200
0.659200 0.192800 0.005600
0.668000 0.192800 0.006400
0.678400 0.192800 0.007200
0.703200 0.192800 0.008000
0.785600 0.192800 0.008800
0.320800 0.193600 0.008800
0.344000 0.193600 0.008800
0.354400 0.193600 0.005600
0.362400 0.193600 0.011200
0.378400 0.193600 0.009600
0.393600 0.193600 0.009600
0.408000 0.193600 0.011200
0.461600 0.193600 0.012800
0.480000 0.193600 0.008800
0.512800 0.193600 0.008000
0.524000 0.193600 0.008000
0.540000 0.193600 0.009600
0.569600 0.193600 0.011200
0.586400 0.193600 0.005600
0.424800 0.194400 0.011200
0.471200 0.194400 0.004800
0.553600 0.194400 0.008800
0.090400 0.195200 0.016000
0.432800 0.195200 0.013600
0.444000 0.195200 0.008800
0.928800 0.198400 0.007200
0.091200 0.204000 0.018400
0.928000 0.208800 0.007200
0.128800 0.211200 0.008800
0.264800 0.212000 0.013600
0.114400 0.212800 0.010400
0.140800 0.213600 0.008800
0.152800 0.213600 0.011200
0.168800 0.213600 0.008800
0.256800 0.213600 0.015200
0.277600 0.213600 0.008000
0.288000 0.213600 0.008800
0.323200 0.213600 0.008800
0.336000 0.213600 0.008800
0.351200 0.213600 0.010400
0.378400 0.213600 0.009600
0.392000 0.213600 0.010400
0.545600 0.213600 0.005600
0.564800 0.213600 0.005600
0.571200 0.213600 0.011200
0.587200 0.213600 0.010400
0.605600 0.213600 0.011200
0.619200 0.213600 0.009600
0.649600 0.213600 0.009600
0.821600 0.213600 0.015200
0.183200 0.214400 0.008800
0.224000 0.214400 0.011200
0.238400 0.214400 0.013600
0.298400 0.214400 0.008800
0.312800 0.214400 0.008800
0.364000 0.214400 0.011200
0.500800 0.214400 0.011200
0.514400 0.214400 0.008800
0.526400 0.214400 0.007200
0.536000 0.214400 0.007200
0.555200 0.214400 0.007200
0.600000 0.214400 0.013600
0.634400 0.214400 0.008800
0.663200 0.214400 0.008000
0.744800 0.214400 0.008800
0.756000 0.214400 0.008800
0.766400 0.214400 0.008800
0.778400 0.214400 0.008800
0.791200 0.214400 0.008800
0.803200 0.214400 0.005600
0.811200 0.214400 0.005600
0.832000 0.214400 0.013600
0.848800 0.214400 0.013600
0.860800 0.214400 0.008800
0.872800 0.214400 0.008800
0.886400 0.214400 0.009600
0.900000 0.214400 0.008800
0.196000 0.215200 0.008800
0.208000 0.215200 0.008800
0.408000 0.215200 0.008800
0.421600 0.215200 0.008800
0.436800 0.215200 0.008800
0.467200 0.215200 0.009600
0.482400 0.215200 0.011200
0.700000 0.215200 0.011200
0.720800 0.215200 0.011200
0.735200 0.215200 0.016000
0.840800 0.215200 0.005600
0.910400 0.215200 0.013600
0.092000 0.216000 0.008800
0.452000 0.216000 0.010400
0.686400 0.216000 0.008800
0.673600 0.217600 0.008800
0.928000 0.218400 0.007200
0.089600 0.228000 0.019200
0.927200 0.229600 0.008800
0.090400 0.235200 0.013600
0.928000 0.242400 0.011200
0.091200 0.247200 0.011200
0.927200 0.250400 0.004800
0.133600 0.251200 0.016800
0.546400 0.252000 0.011200
0.090400 0.252800 0.016800
0.116800 0.252800 0.012800
0.144800 0.252800 0.011200
0.530400 0.252800 0.009600
0.560800 0.252800 0.009600
0.644800 0.252800 0.008800
0.804000 0.252800 0.016800
0.812000 0.252800 0.015200
0.232000 0.253600 0.009600
0.244000 0.253600 0.008800
0.260800 0.253600 0.013600
0.331200 0.253600 0.009600
0.424000 0.253600 0.013600
0.452000 0.253600 0.012000
0.470400 0.253600 0.011200
0.515200 0.253600 0.008800
0.575200 0.253600 0.008800
0.591200 0.253600 0.011200
0.634400 0.253600 0.008800
0.656800 0.253600 0.008800
0.700000 0.253600 0.008800
0.833600 0.253600 0.011200
0.874400 0.253600 0.008800
0.199200 0.254400 0.010400
0.216800 0.254400 0.011200
0.272000 0.254400 0.018400
0.282400 0.254400 0.011200
0.344000 0.254400 0.008800
0.376000 0.254400 0.008800
0.388000 0.254400 0.008800
0.435200 0.254400 0.008800
0.483200 0.254400 0.013600
0.489600 0.254400 0.013600
0.501600 0.254400 0.010400
0.622400 0.254400 0.011200
0.668000 0.254400 0.008800
0.712800 0.254400 0.008800
0.764000 0.254400 0.012800
0.848000 0.254400 0.008800
0.860800 0.254400 0.008800
0.889600 0.254400 0.009600
0.161600 0.255200 0.012000
0.182400 0.255200 0.011200
0.296800 0.255200 0.008800
0.315200 0.255200 0.012800
0.366400 0.255200 0.005600
0.400000 0.255200 0.007200
0.408000 0.255200 0.004800
0.416000 0.255200 0.012800
0.605600 0.255200 0.008000
0.615200 0.255200 0.004800
0.684000 0.255200 0.010400
0.724000 0.255200 0.008800
0.780800 0.255200 0.011200
0.791200 0.255200 0.008800
0.306400 0.256000 0.005600
0.356000 0.256000 0.008800
0.748000 0.256000 0.008800
0.774400 0.256000 0.005600
0.901600 0.256000 0.011200
0.736000 0.256800 0.008000
0.924800 0.257600 0.011200
0.089600 0.263200 0.008800
0.253600 0.268000 0.005600
0.925600 0.271200 0.011200
0.815200 0.272000 0.008800
0.600800 0.272800 0.012800
0.801600 0.272800 0.008800
0.828000 0.272800 0.008800
0.841600 0.272800 0.008800
0.856000 0.272800 0.008800
0.397600 0.273600 0.011200
0.408000 0.273600 0.005600
0.866400 0.273600 0.011200
0.890400 0.273600 0.007200
0.132000 0.274400 0.010400
0.331200 0.274400 0.010400
0.347200 0.274400 0.011200
0.416800 0.274400 0.008800
0.476800 0.274400 0.012800
0.563200 0.274400 0.011200
0.592800 0.274400 0.005600
0.612800 0.274400 0.007200
0.624800 0.274400 0.008000
0.636800 0.274400 0.007200
0.649600 0.274400 0.008800
0.667200 0.274400 0.010400
0.681600 0.274400 0.008800
0.717600 0.274400 0.008800
0.739200 0.274400 0.008800
0.752800 0.274400 0.008800
0.767200 0.274400 0.011200
0.784000 0.274400 0.011200
0.879200 0.274400 0.008000
0.116800 0.275200 0.010400
0.146400 0.275200 0.008800
0.301600 0.275200 0.009600
0.316000 0.275200 0.008800
0.383200 0.275200 0.008800
0.428800 0.275200 0.008800
0.467200 0.275200 0.005600
0.494400 0.275200 0.008800
0.526400 0.275200 0.011200
0.538400 0.275200 0.008800
0.573600 0.275200 0.005600
0.582400 0.275200 0.012800
0.701600 0.275200 0.011200
0.730400 0.275200 0.008800
0.200000 0.276000 0.010400
0.215200 0.276000 0.008800
0.224800 0.276000 0.013600
0.231200 0.276000 0.010400
0.265600 0.276000 0.008800
0.368800 0.276000 0.011200
0.456000 0.276000 0.009600
0.508800 0.276000 0.011200
0.900800 0.276000 0.013600
0.907200 0.276000 0.012000
0.057600 0.276800 0.018400
0.090400 0.276800 0.008800
0.160800 0.276800 0.008800
0.242400 0.276800 0.008800
0.255200 0.276800 0.005600
0.276800 0.276800 0.007200
0.440800 0.276800 0.008800
0.548000 0.276800 0.013600
0.287200 0.277600 0.008000
0.185600 0.278400 0.008800
0.173600 0.279200 0.008800
0.926400 0.285600 0.009600
0.091200 0.289600 0.021600
0.612000 0.293600 0.010400
0.631200 0.293600 0.011200
0.686400 0.293600 0.007200
0.696800 0.293600 0.007200
0.707200 0.293600 0.007200
0.882400 0.293600 0.008800
0.117600 0.294400 0.011200
0.392000 0.294400 0.008800
0.649600 0.294400 0.010400
0.660800 0.294400 0.008800
0.718400 0.294400 0.007200
0.731200 0.294400 0.008800
0.743200 0.294400 0.008800
0.758400 0.294400 0.008800
0.771200 0.294400 0.008800
0.783200 0.294400 0.008800
0.839200 0.294400 0.009600
0.201600 0.295200 0.012000
0.209600 0.295200 0.005600
0.220000 0.295200 0.008800
0.233600 0.295200 0.008800
0.264800 0.295200 0.008800
0.292000 0.295200 0.008800
0.305600 0.295200 0.011200
0.311200 0.295200 0.012000
0.333600 0.295200 0.008000
0.345600 0.295200 0.008000
0.359200 0.295200 0.011200
0.367200 0.295200 0.005600
0.406400 0.295200 0.008800
0.421600 0.295200 0.008800
0.674400 0.295200 0.008800
0.796800 0.295200 0.008800
0.812800 0.295200 0.009600
0.867200 0.295200 0.008800
0.893600 0.295200 0.011200
0.129600 0.296000 0.008800
0.143200 0.296000 0.008800
0.153600 0.296000 0.011200
0.187200 0.296000 0.008800
0.247200 0.296000 0.011200
0.256000 0.296000 0.005600
0.277600 0.296000 0.008000
0.321600 0.296000 0.008800
0.380000 0.296000 0.009600
0.438400 0.296000 0.010400
0.459200 0.296000 0.011200
0.472000 0.296000 0.008800
0.598400 0.296000 0.007200
0.824000 0.296000 0.008800
0.854400 0.296000 0.010400
0.172000 0.296800 0.010400
0.452000 0.296800 0.011200
0.483200 0.296800 0.008800
0.496000 0.296800 0.008800
0.512800 0.296800 0.008800
0.525600 0.296800 0.008800
0.551200 0.296800 0.008800
0.564800 0.296800 0.008800
0.576800 0.296800 0.007200
0.587200 0.296800 0.007200
0.090400 0.297600 0.005600
0.540000 0.297600 0.008800
0.925600 0.297600 0.007200
0.504000 0.298400 0.005600
0.090400 0.307200 0.007200
0.926400 0.307200 0.007200
0.344000 0.313600 0.008800
0.281600 0.314400 0.011200
0.333600 0.314400 0.004800
0.250400 0.315200 0.011200
0.300000 0.315200 0.008800
0.324800 0.315200 0.007200
0.360800 0.315200 0.010400
0.372800 0.315200 0.007200
0.384000 0.315200 0.007200
0.501600 0.315200 0.009600
0.530400 0.315200 0.008000
0.543200 0.315200 0.008800
0.559200 0.315200 0.008800
0.643200 0.315200 0.008800
0.706400 0.315200 0.008800
0.775200 0.315200 0.008800
0.235200 0.316000 0.008800
0.267200 0.316000 0.008800
0.312000 0.316000 0.008800
0.404000 0.316000 0.007200
0.414400 0.316000 0.005600
0.490400 0.316000 0.005600
0.517600 0.316000 0.008800
0.569600 0.316000 0.005600
0.628000 0.316000 0.008800
0.658400 0.316000 0.008800
0.721600 0.316000 0.008800
0.765600 0.316000 0.005600
0.853600 0.316000 0.008800
0.865600 0.316000 0.008800
0.878400 0.316000 0.008800
0.892800 0.316000 0.008800
0.901600 0.316000 0.012800
0.130400 0.316800 0.009600
0.163200 0.316800 0.008800
0.180800 0.316800 0.010400
0.221600 0.316800 0.008800
0.394400 0.316800 0.005600
0.435200 0.316800 0.008800
0.448800 0.316800 0.007200
0.460000 0.316800 0.007200
0.470400 0.316800 0.007200
0.480800 0.316800 0.008800
0.581600 0.316800 0.010400
0.596800 0.316800 0.008800
0.612800 0.316800 0.010400
0.671200 0.316800 0.007200
0.680800 0.316800 0.007200
0.692800 0.316800 0.008800
0.733600 0.316800 0.008800
0.756000 0.316800 0.008800
0.814400 0.316800 0.008800
0.829600 0.316800 0.011200
0.845600 0.316800 0.011200
0.118400 0.317600 0.008800
0.148000 0.317600 0.011200
0.194400 0.317600 0.008800
0.206400 0.317600 0.008800
0.421600 0.317600 0.011200
0.793600 0.317600 0.013600
0.925600 0.317600 0.016800
0.742400 0.318400 0.013600
0.090400 0.322400 0.011200
0.927200 0.331200 0.010400
0.089600 0.334400 0.022400
0.236800 0.334400 0.013600
0.704000 0.334400 0.008800
0.842400 0.334400 0.008800
0.881600 0.334400 0.008800
0.896800 0.334400 0.011200
0.212000 0.335200 0.008000
0.224800 0.335200 0.008800
0.267200 0.335200 0.016000
0.276800 0.335200 0.013600
0.285600 0.335200 0.013600
0.297600 0.335200 0.008800
0.307200 0.335200 0.013600
0.314400 0.335200 0.005600
0.336800 0.335200 0.008800
0.564800 0.335200 0.008800
0.576800 0.335200 0.011200
0.594400 0.335200 0.008800
0.719200 0.335200 0.008800
0.784000 0.335200 0.008800
0.856800 0.335200 0.007200
0.868000 0.335200 0.008000
0.178400 0.336000 0.008800
0.243200 0.336000 0.012800
0.258400 0.336000 0.012800
0.324000 0.336000 0.013600
0.351200 0.336000 0.010400
0.731200 0.336000 0.008800
0.773600 0.336000 0.007200
0.821600 0.336000 0.004800
0.830400 0.336000 0.007200
0.120000 0.336800 0.013600
0.133600 0.336800 0.008800
0.144000 0.336800 0.005600
0.190400 0.336800 0.007200
0.200800 0.336800 0.008000
0.365600 0.336800 0.008000
0.377600 0.336800 0.008800
0.392800 0.336800 0.008800
0.406400 0.336800 0.008800
0.476000 0.336800 0.008800
0.511200 0.336800 0.009600
0.524800 0.336800 0.011200
0.540800 0.336800 0.008800
0.608000 0.336800 0.008800
0.618400 0.336800 0.005600
0.625600 0.336800 0.005600
0.686400 0.336800 0.011200
0.739200 0.336800 0.013600
0.748000 0.336800 0.008800
0.760800 0.336800 0.008800
0.151200 0.337600 0.011200
0.163200 0.337600 0.008800
0.420000 0.337600 0.008800
0.437600 0.337600 0.010400
0.451200 0.337600 0.008800
0.461600 0.337600 0.008800
0.488000 0.337600 0.005600
0.496800 0.337600 0.007200
0.637600 0.337600 0.011200
0.671200 0.337600 0.008800
0.796000 0.337600 0.004800
0.804000 0.337600 0.005600
0.813600 0.337600 0.005600
0.927200 0.337600 0.004000
0.655200 0.338400 0.011200
0.553600 0.339200 0.008000
0.929600 0.348800 0.011200
0.089600 0.350400 0.010400
0.897600 0.353600 0.004800
0.861600 0.354400 0.008800
0.889600 0.354400 0.011200
0.906400 0.354400 0.012000
0.704800 0.355200 0.008800
0.795200 0.355200 0.011200
0.833600 0.355200 0.008800
0.852000 0.355200 0.005600
0.720000 0.356000 0.010400
0.736000 0.356000 0.010400
0.748000 0.356000 0.011200
0.764800 0.356000 0.008800
0.778400 0.356000 0.011200
0.786400 0.356000 0.005600
0.808000 0.356000 0.008800
0.843200 0.356000 0.005600
0.876800 0.356000 0.010400
0.385600 0.356800 0.011200
0.648800 0.356800 0.008000
0.661600 0.356800 0.008000
0.820800 0.356800 0.008800
0.088000 0.357600 0.003200
0.368800 0.357600 0.011200
0.402400 0.357600 0.009600
0.417600 0.357600 0.011200
0.432000 0.357600 0.008800
0.489600 0.357600 0.005600
0.503200 0.357600 0.011200
0.581600 0.357600 0.008800
0.594400 0.357600 0.007200
0.672800 0.357600 0.005600
0.681600 0.357600 0.007200
0.692000 0.357600 0.007200
0.272800 0.358400 0.008800
0.291200 0.358400 0.013600
0.303200 0.358400 0.008800
0.444000 0.358400 0.008800
0.458400 0.358400 0.008800
0.479200 0.358400 0.008000
0.519200 0.358400 0.012000
0.568000 0.358400 0.008800
0.607200 0.358400 0.008800
0.618400 0.358400 0.005600
0.627200 0.358400 0.007200
0.637600 0.358400 0.007200
0.168000 0.359200 0.008800
0.230400 0.359200 0.009600
0.285600 0.359200 0.013600
0.313600 0.359200 0.016800
0.354400 0.359200 0.011200
0.468000 0.359200 0.008800
0.537600 0.359200 0.011200
0.153600 0.360000 0.008800
0.244000 0.360000 0.008800
0.258400 0.360000 0.008800
0.334400 0.360000 0.013600
0.552800 0.360000 0.010400
0.115200 0.360800 0.016000
0.139200 0.360800 0.011200
0.184000 0.360800 0.009600
0.197600 0.360800 0.011200
0.205600 0.360800 0.005600
0.215200 0.360800 0.008800
0.124800 0.361600 0.016800
0.927200 0.365600 0.008800
0.088000 0.367200 0.008800
0.926400 0.376000 0.007200
0.088800 0.379200 0.008800
0.901600 0.389600 0.011200
0.926400 0.390400 0.011200
0.716000 0.391200 0.008800
0.790400 0.391200 0.008800
0.806400 0.391200 0.010400
0.884800 0.391200 0.009600
0.674400 0.392000 0.011200
0.689600 0.392000 0.007200
0.701600 0.392000 0.008800
0.732000 0.392000 0.009600
0.838400 0.392000 0.008800
0.870400 0.392000 0.008800
0.745600 0.392800 0.008800
0.758400 0.392800 0.008800
0.768000 0.392800 0.005600
0.776800 0.392800 0.008800
0.822400 0.392800 0.009600
0.855200 0.392800 0.010400
0.087200 0.393600 0.011200
0.660000 0.393600 0.008800
0.572800 0.394400 0.008800
0.595200 0.394400 0.008800
0.622400 0.394400 0.011200
0.640000 0.394400 0.013600
0.648000 0.394400 0.013600
0.359200 0.395200 0.011200
0.388000 0.395200 0.008800
0.405600 0.395200 0.011200
0.478400 0.395200 0.013600
0.560800 0.395200 0.008800
0.607200 0.395200 0.008800
0.373600 0.396000 0.008800
0.420800 0.396000 0.010400
0.436000 0.396000 0.008800
0.448000 0.396000 0.008800
0.464000 0.396000 0.010400
0.549600 0.396000 0.013600
0.225600 0.396800 0.013600
0.230400 0.396800 0.011200
0.245600 0.396800 0.010400
0.260000 0.396800 0.009600
0.310400 0.396800 0.008800
0.347200 0.396800 0.008800
0.485600 0.396800 0.013600
0.499200 0.396800 0.008800
0.512800 0.396800 0.008800
0.542400 0.396800 0.005600
0.584000 0.396800 0.007200
0.118400 0.397600 0.011200
0.274400 0.397600 0.008800
0.296000 0.397600 0.016000
0.321600 0.397600 0.008800
0.335200 0.397600 0.009600
0.530400 0.397600 0.011200
0.130400 0.398400 0.008800
0.145600 0.398400 0.009600
0.160800 0.399200 0.008800
0.175200 0.399200 0.011200
0.183200 0.399200 0.008800
0.192800 0.399200 0.008800
0.204800 0.399200 0.006400
0.215200 0.399200 0.006400
0.286400 0.399200 0.008800
0.925600 0.400800 0.008800
0.756000 0.409600 0.010400
0.800000 0.409600 0.008800
0.813600 0.409600 0.008800
0.904000 0.409600 0.011200
0.088800 0.410400 0.013600
0.749600 0.410400 0.005600
0.771200 0.410400 0.010400
0.786400 0.410400 0.008800
0.828000 0.410400 0.008800
0.679200 0.411200 0.008800
0.692800 0.411200 0.008800
0.708800 0.411200 0.010400
0.726400 0.411200 0.010400
0.740000 0.411200 0.008800
0.844800 0.411200 0.011200
0.892000 0.411200 0.010400
0.861600 0.412000 0.008800
0.876000 0.412000 0.009600
0.534400 0.413600 0.008800
0.544000 0.413600 0.005600
0.553600 0.413600 0.008800
0.569600 0.413600 0.008800
0.608000 0.413600 0.010400
0.624000 0.413600 0.011200
0.660000 0.413600 0.011200
0.117600 0.414400 0.008800
0.469600 0.414400 0.008800
0.483200 0.414400 0.008000
0.493600 0.414400 0.007200
0.502400 0.414400 0.008800
0.517600 0.414400 0.008800
0.592000 0.414400 0.008800
0.128800 0.415200 0.007200
0.137600 0.415200 0.005600
0.393600 0.415200 0.007200
0.404800 0.415200 0.008000
0.443200 0.415200 0.008000
0.454400 0.415200 0.007200
0.644000 0.415200 0.009600
0.146400 0.416000 0.011200
0.204000 0.416000 0.010400
0.275200 0.416000 0.008800
0.330400 0.416000 0.008800
0.343200 0.416000 0.008000
0.355200 0.416000 0.008800
0.381600 0.416000 0.008000
0.416800 0.416000 0.008000
0.429600 0.416000 0.008800
0.582400 0.416000 0.008800
0.926400 0.416000 0.008800
0.169600 0.416800 0.011200
0.223200 0.416800 0.010400
0.256800 0.416800 0.004800
0.293600 0.416800 0.011200
0.160000 0.417600 0.008800
0.186400 0.417600 0.010400
0.263200 0.417600 0.010400
0.312000 0.417600 0.010400
0.247200 0.418400 0.008000
0.368800 0.418400 0.008800
0.236800 0.419200 0.007200
0.925600 0.428800 0.008000
0.112800 0.430400 0.008800
0.788000 0.430400 0.007200
0.800000 0.430400 0.008800
0.812000 0.430400 0.007200
0.820800 0.430400 0.005600
0.828800 0.430400 0.005600
0.840000 0.430400 0.009600
0.504000 0.431200 0.003200
0.540800 0.431200 0.009600
0.691200 0.431200 0.008800
0.706400 0.431200 0.011200
0.714400 0.431200 0.005600
0.758400 0.431200 0.008800
0.896800 0.431200 0.008800
0.124800 0.432000 0.008800
0.137600 0.432000 0.008800
0.496000 0.432000 0.011200
0.512800 0.432000 0.010400
0.527200 0.432000 0.007200
0.619200 0.432000 0.011200
0.636800 0.432000 0.008800
0.672800 0.432000 0.011200
0.721600 0.432000 0.005600
0.730400 0.432000 0.005600
0.747200 0.432000 0.012800
0.773600 0.432000 0.011200
0.878400 0.432000 0.009600
0.144000 0.432800 0.005600
0.456000 0.432800 0.008800
0.468000 0.432800 0.007200
0.478400 0.432800 0.007200
0.554400 0.432800 0.007200
0.564800 0.432800 0.007200
0.647200 0.432800 0.005600
0.656800 0.432800 0.008000
0.739200 0.432800 0.005600
0.854400 0.432800 0.008000
0.909600 0.432800 0.008800
0.152800 0.433600 0.007200
0.319200 0.433600 0.008800
0.440000 0.433600 0.008000
0.450400 0.433600 0.005600
0.488800 0.433600 0.008800
0.572800 0.433600 0.005600
0.580800 0.433600 0.004800
0.165600 0.434400 0.007200
0.190400 0.434400 0.007200
0.203200 0.434400 0.007200
0.212800 0.434400 0.003200
0.224800 0.434400 0.010400
0.300800 0.434400 0.007200
0.332800 0.434400 0.008800
0.400000 0.434400 0.008000
0.411200 0.434400 0.007200
0.864800 0.434400 0.007200
0.177600 0.435200 0.008000
0.345600 0.435200 0.008000
0.386400 0.435200 0.008800
0.421600 0.435200 0.007200
0.429600 0.435200 0.004800
0.589600 0.435200 0.007200
0.600800 0.435200 0.008800
0.239200 0.436000 0.008000
0.262400 0.436000 0.007200
0.274400 0.436000 0.008000
0.291200 0.436000 0.005600
0.310400 0.436000 0.005600
0.357600 0.436000 0.007200
0.374400 0.436000 0.008800
0.251200 0.436800 0.007200
0.284000 0.436800 0.003200
0.368800 0.436800 0.008800
0.924800 0.441600 0.010400
0.103200 0.447200 0.008800
0.717600 0.448000 0.008000
0.113600 0.448800 0.007200
0.894400 0.448800 0.008800
0.518400 0.449600 0.008800
0.705600 0.449600 0.007200
0.728000 0.449600 0.007200
0.756800 0.449600 0.010400
0.814400 0.449600 0.008800
0.828000 0.449600 0.008800
0.884800 0.449600 0.005600
0.906400 0.449600 0.008000
0.125600 0.450400 0.008000
0.458400 0.450400 0.008800
0.500800 0.450400 0.010400
0.532800 0.450400 0.009600
0.551200 0.450400 0.008800
0.605600 0.450400 0.007200
0.618400 0.450400 0.007200
0.629600 0.450400 0.007200
0.640000 0.450400 0.007200
0.650400 0.450400 0.006400
0.665600 0.450400 0.010400
0.682400 0.450400 0.008800
0.696000 0.450400 0.008000
0.740000 0.450400 0.008000
0.771200 0.450400 0.008800
0.801600 0.450400 0.008800
0.839200 0.450400 0.010400
0.876800 0.450400 0.008800
0.199200 0.451200 0.008000
0.471200 0.451200 0.008000
0.485600 0.451200 0.008800
0.581600 0.451200 0.008800
0.659200 0.451200 0.005600
0.676800 0.451200 0.008800
0.788000 0.451200 0.008800
0.137600 0.452000 0.008800
0.152800 0.452000 0.009600
0.187200 0.452000 0.007200
0.212000 0.452000 0.008800
0.322400 0.452000 0.008000
0.423200 0.452000 0.008000
0.444800 0.452000 0.007200
0.565600 0.452000 0.008800
0.855200 0.452000 0.007200
0.165600 0.452800 0.008000
0.176800 0.452800 0.007200
0.304800 0.452800 0.005600
0.312800 0.452800 0.005600
0.332000 0.452800 0.004800
0.340800 0.452800 0.007200
0.353600 0.452800 0.008800
0.370400 0.452800 0.010400
0.390400 0.452800 0.010400
0.408000 0.452800 0.009600
0.433600 0.452800 0.007200
0.593600 0.452800 0.007200
0.865600 0.452800 0.006400
0.224000 0.453600 0.008800
0.238400 0.453600 0.008800
0.280800 0.453600 0.010400
0.296800 0.453600 0.008800
0.251200 0.454400 0.008000
0.264000 0.454400 0.008800
0.924800 0.457600 0.009600
0.900000 0.466400 0.011200
0.716000 0.467200 0.008000
0.737600 0.467200 0.008800
0.507200 0.468000 0.008800
0.523200 0.468000 0.008800
0.550400 0.468000 0.008000
0.655200 0.468000 0.008800
0.667200 0.468000 0.010400
0.682400 0.468000 0.008800
0.704800 0.468000 0.007200
0.728000 0.468000 0.007200
0.786400 0.468000 0.008800
0.801600 0.468000 0.008800
0.824800 0.468000 0.005600
0.883200 0.468000 0.010400
0.127200 0.468800 0.008800
0.492800 0.468800 0.008800
0.561600 0.468800 0.007200
0.579200 0.468800 0.005600
0.641600 0.468800 0.008800
0.748800 0.468800 0.008800
0.860000 0.468800 0.008000
0.180000 0.469600 0.008800
0.196000 0.469600 0.009600
0.307200 0.469600 0.009600
0.416000 0.469600 0.005600
0.448000 0.469600 0.007200
0.536800 0.469600 0.008800
0.570400 0.469600 0.005600
0.600000 0.469600 0.008000
0.612000 0.469600 0.008800
0.626400 0.469600 0.008800
0.757600 0.469600 0.011200
0.772000 0.469600 0.008800
0.815200 0.469600 0.007200
0.836000 0.469600 0.008000
0.848000 0.469600 0.007200
0.872000 0.469600 0.007200
0.140800 0.470400 0.008000
0.154400 0.470400 0.007200
0.168800 0.470400 0.008800
0.237600 0.470400 0.008000
0.292000 0.470400 0.008800
0.322400 0.470400 0.008800
0.343200 0.470400 0.008000
0.382400 0.470400 0.010400
0.396000 0.470400 0.008000
0.428000 0.470400 0.007200
0.438400 0.470400 0.006400
0.478400 0.470400 0.008800
0.588000 0.470400 0.007200
0.694400 0.470400 0.007200
0.924800 0.470400 0.008800
0.223200 0.471200 0.008800
0.247200 0.471200 0.003200
0.255200 0.471200 0.011200
0.332800 0.471200 0.005600
0.355200 0.471200 0.005600
0.365600 0.471200 0.008000
0.464800 0.471200 0.011200
0.208800 0.472000 0.008000
0.407200 0.472000 0.007200
0.108800 0.472800 0.016800
0.278400 0.472800 0.008800
0.264000 0.473600 0.009600
0.129600 0.484800 0.008800
0.144000 0.484800 0.008800
0.116000 0.485600 0.011200
0.159200 0.486400 0.009600
0.174400 0.486400 0.008800
0.188000 0.486400 0.008800
0.480800 0.486400 0.008800
0.495200 0.486400 0.008000
0.506400 0.486400 0.008800
0.563200 0.486400 0.008800
0.672800 0.486400 0.008000
0.695200 0.486400 0.007200
0.706400 0.486400 0.007200
0.717600 0.486400 0.007200
0.727200 0.486400 0.007200
0.738400 0.486400 0.007200
0.750400 0.486400 0.008000
0.880800 0.486400 0.005600
0.889600 0.486400 0.008800
0.903200 0.486400 0.008800
0.912800 0.486400 0.008800
0.240000 0.487200 0.008000
0.428000 0.487200 0.008800
0.441600 0.487200 0.008800
0.520000 0.487200 0.011200
0.536000 0.487200 0.005600
0.546400 0.487200 0.011200
0.624000 0.487200 0.007200
0.634400 0.487200 0.007200
0.649600 0.487200 0.008800
0.660800 0.487200 0.008000
0.684800 0.487200 0.007200
0.765600 0.487200 0.008800
0.778400 0.487200 0.011200
0.794400 0.487200 0.007200
0.924800 0.487200 0.011200
0.226400 0.488000 0.008000
0.454400 0.488000 0.008800
0.466400 0.488000 0.008000
0.575200 0.488000 0.008800
0.611200 0.488000 0.008800
0.804000 0.488000 0.005600
0.846400 0.488000 0.008800
0.866400 0.488000 0.011200
0.199200 0.488800 0.005600
0.215200 0.488800 0.008800
0.414400 0.488800 0.008000
0.588000 0.488800 0.008000
0.599200 0.488800 0.007200
0.832800 0.488800 0.008800
0.857600 0.488800 0.005600
0.206400 0.489600 0.004800
0.251200 0.489600 0.005600
0.300800 0.489600 0.007200
0.340000 0.489600 0.008800
0.352800 0.489600 0.008800
0.364800 0.489600 0.008000
0.402400 0.489600 0.009600
0.816000 0.489600 0.010400
0.258400 0.490400 0.005600
0.291200 0.490400 0.007200
0.321600 0.490400 0.004800
0.328000 0.490400 0.005600
0.376000 0.490400 0.008000
0.275200 0.491200 0.012000
0.311200 0.491200 0.008000
0.388000 0.491200 0.008800
