0.065600 0.051200 0.016000
0.076800 0.052000 0.005600
0.044000 0.054400 0.013600
0.054400 0.054400 0.005600
0.206400 0.061600 0.008800
0.233600 0.061600 0.013600
0.218400 0.062400 0.008800
0.192800 0.063200 0.011200
0.156000 0.064000 0.024000
0.174400 0.064800 0.011200
0.050400 0.070400 0.008800
0.861600 0.072800 0.019200
0.170400 0.095200 0.008000
0.206400 0.095200 0.008800
0.247200 0.095200 0.011200
0.268000 0.095200 0.013600
0.126400 0.096000 0.011200
0.158400 0.096000 0.007200
0.184000 0.096000 0.008000
0.195200 0.096000 0.007200
0.220800 0.096000 0.008000
0.232800 0.096000 0.008000
0.297600 0.096000 0.008800
0.363200 0.096000 0.008800
0.138400 0.096800 0.008800
0.278400 0.096800 0.007200
0.286400 0.096800 0.005600
0.308800 0.096800 0.004800
0.316800 0.096800 0.007200
0.331200 0.096800 0.009600
0.344000 0.096800 0.008800
0.379200 0.096800 0.009600
0.393600 0.096800 0.011200
0.412000 0.096800 0.008800
0.425600 0.096800 0.008800
0.452800 0.096800 0.008800
0.464800 0.096800 0.008800
0.478400 0.096800 0.008800
0.492800 0.096800 0.008800
0.614400 0.096800 0.008000
0.625600 0.096800 0.007200
0.146400 0.097600 0.008800
0.352000 0.097600 0.016000
0.439200 0.097600 0.008800
0.505600 0.097600 0.013600
0.512000 0.097600 0.013600
0.525600 0.097600 0.008800
0.643200 0.097600 0.007200
0.668000 0.097600 0.008800
0.681600 0.097600 0.009600
0.557600 0.098400 0.008000
0.570400 0.098400 0.008800
0.584000 0.098400 0.008800
0.600800 0.098400 0.009600
0.634400 0.098400 0.005600
0.654400 0.098400 0.008800
0.695200 0.098400 0.005600
0.543200 0.099200 0.011200
0.704000 0.099200 0.005600
0.713600 0.099200 0.012800
0.730400 0.099200 0.008800
0.745600 0.099200 0.012800
0.752800 0.099200 0.008800
0.720800 0.100000 0.005600
0.764000 0.100000 0.008000
0.777600 0.100000 0.008800
0.806400 0.100000 0.008800
0.860800 0.100000 0.007200
0.871200 0.100000 0.007200
0.883200 0.100000 0.009600
0.792800 0.100800 0.008800
0.819200 0.100800 0.008800
0.835200 0.101600 0.008800
0.849600 0.101600 0.007200
0.168000 0.111200 0.008000
0.156000 0.112000 0.007200
0.181600 0.112000 0.008000
0.194400 0.112800 0.008800
0.208800 0.112800 0.008800
0.224800 0.112800 0.009600
0.364800 0.112800 0.008000
0.381600 0.112800 0.009600
0.126400 0.113600 0.012800
0.144800 0.113600 0.007200
0.238400 0.113600 0.008800
0.254400 0.113600 0.011200
0.276800 0.113600 0.010400
0.296800 0.113600 0.012000
0.316800 0.113600 0.010400
0.336000 0.113600 0.011200
0.353600 0.113600 0.008000
0.464000 0.113600 0.005600
0.135200 0.114400 0.005600
0.399200 0.114400 0.009600
0.425600 0.114400 0.008800
0.441600 0.114400 0.008800
0.454400 0.114400 0.007200
0.469600 0.114400 0.010400
0.484800 0.114400 0.008800
0.498400 0.114400 0.008800
0.524800 0.114400 0.008800
0.540000 0.114400 0.008800
0.412000 0.115200 0.008000
0.515200 0.115200 0.005600
0.508800 0.116000 0.004800
0.554400 0.116000 0.008800
0.572000 0.116000 0.010400
0.623200 0.116000 0.008800
0.640000 0.116000 0.010400
0.692000 0.116000 0.011200
0.596000 0.116800 0.011200
0.656000 0.116800 0.009600
0.672800 0.116800 0.011200
0.733600 0.116800 0.008800
0.758400 0.116800 0.008800
0.772000 0.116800 0.008800
0.611200 0.117600 0.008000
0.682400 0.117600 0.004800
0.704800 0.117600 0.007200
0.713600 0.117600 0.004800
0.722400 0.117600 0.008800
0.747200 0.117600 0.008800
0.785600 0.118400 0.008000
0.797600 0.118400 0.008000
0.836000 0.118400 0.008800
0.810400 0.119200 0.008000
0.822400 0.119200 0.007200
0.866400 0.119200 0.008800
0.880800 0.119200 0.008800
0.851200 0.120000 0.008800
0.094400 0.132800 0.018400
0.196800 0.133600 0.009600
0.127200 0.134400 0.011200
0.145600 0.134400 0.010400
0.157600 0.134400 0.008800
0.255200 0.134400 0.009600
0.417600 0.134400 0.008800
0.170400 0.135200 0.008800
0.182400 0.135200 0.008000
0.211200 0.135200 0.008000
0.230400 0.135200 0.007200
0.241600 0.135200 0.007200
0.275200 0.135200 0.004800
0.284800 0.135200 0.008800
0.296000 0.135200 0.008800
0.336000 0.135200 0.008800
0.347200 0.135200 0.008800
0.375200 0.135200 0.008800
0.403200 0.135200 0.008800
0.429600 0.135200 0.007200
0.441600 0.135200 0.013600
0.461600 0.135200 0.010400
0.568800 0.135200 0.010400
0.880800 0.135200 0.011200
0.221600 0.136000 0.005600
0.265600 0.136000 0.008000
0.309600 0.136000 0.008800
0.323200 0.136000 0.008800
0.388000 0.136000 0.008800
0.476800 0.136000 0.008800
0.550400 0.136000 0.010400
0.362400 0.136800 0.008800
0.493600 0.136800 0.010400
0.508800 0.136800 0.008800
0.582400 0.136800 0.008000
0.720800 0.136800 0.009600
0.732000 0.136800 0.005600
0.760800 0.136800 0.008000
0.774400 0.136800 0.008800
0.792800 0.136800 0.011200
0.520000 0.137600 0.008000
0.534400 0.137600 0.008800
0.593600 0.137600 0.007200
0.602400 0.137600 0.003200
0.608800 0.137600 0.009600
0.675200 0.137600 0.008000
0.687200 0.137600 0.008000
0.696800 0.137600 0.005600
0.705600 0.137600 0.008800
0.740000 0.137600 0.005600
0.748800 0.137600 0.007200
0.849600 0.137600 0.005600
0.869600 0.137600 0.007200
0.620000 0.138400 0.007200
0.636800 0.138400 0.011200
0.662400 0.138400 0.008800
0.810400 0.138400 0.011200
0.828800 0.138400 0.010400
0.841600 0.138400 0.008800
0.859200 0.138400 0.007200
0.630400 0.139200 0.013600
0.648000 0.139200 0.008800
0.139200 0.153600 0.008800
0.183200 0.153600 0.008800
0.128000 0.154400 0.011200
0.153600 0.154400 0.008800
0.168000 0.154400 0.008800
0.195200 0.154400 0.008000
0.224800 0.154400 0.010400
0.241600 0.154400 0.009600
0.376800 0.154400 0.008800
0.208000 0.155200 0.008800
0.255200 0.155200 0.008000
0.301600 0.155200 0.003200
0.363200 0.155200 0.008800
0.548800 0.155200 0.008800
0.266400 0.156000 0.008000
0.280000 0.156000 0.008800
0.293600 0.156000 0.010400
0.307200 0.156000 0.005600
0.316800 0.156000 0.012800
0.333600 0.156000 0.008800
0.348800 0.156000 0.008800
0.389600 0.156000 0.008000
0.402400 0.156000 0.008800
0.482400 0.156000 0.008000
0.519200 0.156000 0.010400
0.533600 0.156000 0.008000
0.561600 0.156000 0.008800
0.579200 0.156000 0.010400
0.592800 0.156000 0.008800
0.416000 0.156800 0.008000
0.469600 0.156800 0.008800
0.492000 0.156800 0.008000
0.503200 0.156800 0.008800
0.572800 0.156800 0.005600
0.747200 0.156800 0.011200
0.856800 0.156800 0.007200
0.427200 0.157600 0.008800
0.441600 0.157600 0.008800
0.456000 0.157600 0.008800
0.607200 0.157600 0.008800
0.619200 0.157600 0.008800
0.664800 0.157600 0.008800
0.678400 0.157600 0.008800
0.692000 0.157600 0.008800
0.764800 0.157600 0.008800
0.820000 0.157600 0.009600
0.834400 0.157600 0.008800
0.845600 0.157600 0.007200
0.868000 0.157600 0.008000
0.880000 0.157600 0.008800
0.705600 0.158400 0.008000
0.717600 0.158400 0.008000
0.732800 0.158400 0.008800
0.778400 0.158400 0.008800
0.790400 0.158400 0.008800
0.804000 0.158400 0.008800
0.634400 0.159200 0.008800
0.648800 0.159200 0.008800
0.187200 0.175200 0.008800
0.257600 0.175200 0.005600
0.264800 0.175200 0.005600
0.540800 0.175200 0.005600
0.124800 0.176000 0.008800
0.200800 0.176000 0.008800
0.213600 0.176000 0.008800
0.227200 0.176000 0.008800
0.241600 0.176000 0.011200
0.304800 0.176000 0.010400
0.320800 0.176000 0.007200
0.332000 0.176000 0.008800
0.520000 0.176000 0.008800
0.554400 0.176000 0.010400
0.570400 0.176000 0.010400
0.173600 0.176800 0.008000
0.272800 0.176800 0.004800
0.292000 0.176800 0.008000
0.346400 0.176800 0.005600
0.480000 0.176800 0.008800
0.508000 0.176800 0.008800
0.532800 0.176800 0.013600
0.703200 0.176800 0.008000
0.716800 0.176800 0.008800
0.730400 0.176800 0.008800
0.138400 0.177600 0.008800
0.150400 0.177600 0.008000
0.162400 0.177600 0.008000
0.280800 0.177600 0.008800
0.368000 0.177600 0.011200
0.400000 0.177600 0.013600
0.463200 0.177600 0.011200
0.493600 0.177600 0.008800
0.691200 0.177600 0.008800
0.745600 0.177600 0.012800
0.754400 0.177600 0.005600
0.844800 0.177600 0.008800
0.355200 0.178400 0.008800
0.374400 0.178400 0.011200
0.388800 0.178400 0.008000
0.407200 0.178400 0.012800
0.587200 0.178400 0.011200
0.600800 0.178400 0.008800
0.615200 0.178400 0.009600
0.628800 0.178400 0.008800
0.768800 0.178400 0.010400
0.820000 0.178400 0.008000
0.832000 0.178400 0.008000
0.859200 0.178400 0.011200
0.418400 0.179200 0.009600
0.448800 0.179200 0.008000
0.640800 0.179200 0.011200
0.656800 0.179200 0.007200
0.678400 0.179200 0.008800
0.436800 0.180000 0.010400
0.648000 0.180000 0.004800
0.666400 0.180000 0.007200
0.781600 0.180000 0.008800
0.807200 0.180000 0.008800
0.876000 0.180000 0.012800
0.793600 0.181600 0.008800
0.124000 0.194400 0.011200
0.176000 0.195200 0.008000
0.228800 0.195200 0.010400
0.244000 0.195200 0.009600
0.292000 0.195200 0.008800
0.135200 0.196000 0.007200
0.148000 0.196000 0.011200
0.164000 0.196000 0.008800
0.212000 0.196000 0.008800
0.260800 0.196000 0.011200
0.304800 0.196000 0.007200
0.315200 0.196000 0.005600
0.325600 0.196000 0.008800
0.188000 0.196800 0.008000
0.199200 0.196800 0.007200
0.275200 0.196800 0.011200
0.338400 0.196800 0.008800
0.354400 0.197600 0.010400
0.368800 0.197600 0.008800
0.400800 0.197600 0.008800
0.473600 0.197600 0.007200
0.484000 0.197600 0.005600
0.494400 0.197600 0.011200
0.510400 0.197600 0.011200
0.554400 0.197600 0.008800
0.385600 0.198400 0.010400
0.416000 0.198400 0.008800
0.448800 0.198400 0.008800
0.462400 0.198400 0.007200
0.539200 0.198400 0.010400
0.432800 0.199200 0.011200
0.524000 0.199200 0.008800
0.572000 0.200000 0.012800
0.585600 0.200800 0.010400
0.613600 0.200800 0.011200
0.632000 0.200800 0.011200
0.649600 0.200800 0.010400
0.699200 0.200800 0.011200
0.739200 0.200800 0.004800
0.600800 0.201600 0.008800
0.680800 0.201600 0.010400
0.720000 0.201600 0.015200
0.730400 0.201600 0.013600
0.747200 0.201600 0.013600
0.757600 0.201600 0.005600
0.766400 0.201600 0.007200
0.817600 0.201600 0.008800
0.664800 0.202400 0.011200
0.712000 0.202400 0.005600
0.776000 0.202400 0.008800
0.786400 0.202400 0.008800
0.803200 0.202400 0.010400
0.830400 0.202400 0.008800
0.844000 0.202400 0.010400
0.860800 0.203200 0.010400
0.876800 0.203200 0.011200
0.124000 0.239200 0.013600
0.199200 0.239200 0.008800
0.136000 0.240000 0.016800
0.157600 0.240000 0.008800
0.223200 0.240000 0.008800
0.388800 0.240000 0.011200
0.142400 0.240800 0.012000
0.171200 0.240800 0.008800
0.185600 0.240800 0.008800
0.210400 0.240800 0.008000
0.233600 0.240800 0.008800
0.244800 0.240800 0.012800
0.260000 0.240800 0.012800
0.276800 0.240800 0.013600
0.288000 0.240800 0.005600
0.296000 0.240800 0.008800
0.324000 0.240800 0.005600
0.377600 0.240800 0.008800
0.527200 0.240800 0.011200
0.706400 0.240800 0.011200
0.724000 0.240800 0.012800
0.268800 0.241600 0.005600
0.307200 0.241600 0.007200
0.316000 0.241600 0.005600
0.331200 0.241600 0.004800
0.339200 0.241600 0.005600
0.350400 0.241600 0.008800
0.363200 0.241600 0.008800
0.403200 0.241600 0.013600
0.424000 0.241600 0.011200
0.473600 0.241600 0.012000
0.494400 0.241600 0.011200
0.508800 0.241600 0.011200
0.636000 0.241600 0.016000
0.660000 0.241600 0.011200
0.692000 0.241600 0.008800
0.411200 0.242400 0.013600
0.541600 0.242400 0.011200
0.562400 0.242400 0.010400
0.576800 0.242400 0.012800
0.616000 0.242400 0.008800
0.628800 0.242400 0.013600
0.678400 0.242400 0.013600
0.739200 0.242400 0.003200
0.746400 0.242400 0.005600
0.764000 0.242400 0.005600
0.792800 0.242400 0.011200
0.808800 0.242400 0.009600
0.831200 0.242400 0.007200
0.842400 0.242400 0.015200
0.443200 0.243200 0.011200
0.457600 0.243200 0.008800
0.595200 0.243200 0.013600
0.603200 0.243200 0.016800
0.646400 0.243200 0.008800
0.733600 0.243200 0.004800
0.755200 0.243200 0.005600
0.774400 0.243200 0.013600
0.822400 0.243200 0.007200
0.860000 0.244000 0.011200
0.877600 0.244000 0.013600
0.304000 0.260000 0.013600
0.143200 0.260800 0.008800
0.156800 0.260800 0.011200
0.175200 0.260800 0.009600
0.201600 0.260800 0.008800
0.219200 0.260800 0.011200
0.234400 0.260800 0.008800
0.126400 0.261600 0.012000
0.189600 0.261600 0.008800
0.249600 0.261600 0.009600
0.284000 0.261600 0.008800
0.296000 0.261600 0.007200
0.318400 0.261600 0.010400
0.267200 0.262400 0.011200
0.332000 0.262400 0.008800
0.345600 0.262400 0.008800
0.357600 0.262400 0.008800
0.405600 0.263200 0.005600
0.413600 0.263200 0.005600
0.432800 0.263200 0.008800
0.446400 0.263200 0.008800
0.372800 0.264000 0.008800
0.422400 0.264000 0.007200
0.459200 0.264000 0.008800
0.475200 0.264000 0.011200
0.386400 0.264800 0.007200
0.394400 0.264800 0.013600
0.492800 0.264800 0.008800
0.532800 0.264800 0.011200
0.546400 0.264800 0.008800
0.739200 0.264800 0.012800
0.757600 0.264800 0.011200
0.803200 0.264800 0.008800
0.515200 0.265600 0.013600
0.559200 0.265600 0.008800
0.573600 0.265600 0.008800
0.586400 0.265600 0.009600
0.624800 0.265600 0.004800
0.632800 0.265600 0.005600
0.720800 0.265600 0.008800
0.618400 0.266400 0.011200
0.643200 0.266400 0.008000
0.680800 0.266400 0.008000
0.692000 0.266400 0.008000
0.707200 0.266400 0.009600
0.772000 0.266400 0.008800
0.786400 0.266400 0.011200
0.816800 0.266400 0.008800
0.832000 0.266400 0.009600
0.847200 0.266400 0.008800
0.600800 0.267200 0.008800
0.655200 0.267200 0.008800
0.668000 0.267200 0.008000
0.613600 0.268000 0.008800
0.862400 0.268000 0.009600
0.876800 0.268000 0.008800
0.886400 0.269600 0.016000
0.137600 0.280000 0.008800
0.151200 0.280000 0.008800
0.124800 0.281600 0.011200
0.163200 0.281600 0.008000
0.186400 0.281600 0.008000
0.200000 0.281600 0.008800
0.175200 0.282400 0.008000
0.237600 0.282400 0.008800
0.214400 0.283200 0.008000
0.225600 0.283200 0.007200
0.251200 0.283200 0.011200
0.260000 0.284000 0.011200
0.274400 0.284000 0.012800
0.281600 0.284000 0.008800
0.292800 0.284800 0.008800
0.497600 0.284800 0.008800
0.315200 0.285600 0.008800
0.326400 0.285600 0.005600
0.332800 0.285600 0.013600
0.342400 0.285600 0.005600
0.352000 0.285600 0.007200
0.362400 0.285600 0.008800
0.374400 0.285600 0.008800
0.387200 0.285600 0.008800
0.403200 0.285600 0.008800
0.416000 0.285600 0.008800
0.428800 0.285600 0.008800
0.302400 0.286400 0.016000
0.444000 0.286400 0.009600
0.470400 0.286400 0.008800
0.484000 0.286400 0.008800
0.528000 0.286400 0.008000
0.539200 0.286400 0.007200
0.573600 0.286400 0.007200
0.627200 0.286400 0.008800
0.649600 0.286400 0.007200
0.668000 0.286400 0.012000
0.685600 0.286400 0.011200
0.715200 0.286400 0.008800
0.456800 0.287200 0.008800
0.514400 0.287200 0.009600
0.549600 0.287200 0.007200
0.561600 0.287200 0.008000
0.584000 0.287200 0.005600
0.639200 0.287200 0.008000
0.660800 0.287200 0.016000
0.701600 0.287200 0.010400
0.758400 0.287200 0.008000
0.769600 0.287200 0.008000
0.798400 0.287200 0.008800
0.810400 0.287200 0.007200
0.592800 0.288000 0.007200
0.615200 0.288000 0.008000
0.730400 0.288000 0.009600
0.744800 0.288000 0.008800
0.784000 0.288000 0.008800
0.821600 0.288000 0.011200
0.603200 0.288800 0.008000
0.855200 0.288800 0.013600
0.860800 0.288800 0.012000
0.876000 0.289600 0.009600
0.838400 0.290400 0.011200
0.125600 0.302400 0.011200
0.154400 0.302400 0.010400
0.188800 0.302400 0.008800
0.138400 0.303200 0.010400
0.172800 0.303200 0.010400
0.232800 0.303200 0.008800
0.201600 0.304000 0.011200
0.218400 0.304000 0.009600
0.246400 0.304000 0.008800
0.260000 0.304800 0.011200
0.266400 0.304800 0.011200
0.380000 0.304800 0.009600
0.280000 0.305600 0.008800
0.292000 0.305600 0.010400
0.319200 0.305600 0.008000
0.332800 0.305600 0.008800
0.423200 0.305600 0.011200
0.472800 0.305600 0.009600
0.300000 0.306400 0.004800
0.308000 0.306400 0.007200
0.347200 0.306400 0.008800
0.394400 0.306400 0.008800
0.408800 0.306400 0.008800
0.441600 0.306400 0.008800
0.456000 0.306400 0.008800
0.500800 0.306400 0.010400
0.535200 0.306400 0.011200
0.551200 0.306400 0.009600
0.565600 0.306400 0.008800
0.364000 0.307200 0.010400
0.486400 0.307200 0.008800
0.517600 0.307200 0.009600
0.578400 0.307200 0.008000
0.589600 0.307200 0.008800
0.785600 0.307200 0.008800
0.634400 0.308000 0.011200
0.641600 0.308000 0.012800
0.670400 0.308000 0.011200
0.801600 0.308000 0.010400
0.698400 0.308800 0.008800
0.714400 0.308800 0.011200
0.752000 0.308800 0.008800
0.763200 0.308800 0.007200
0.774400 0.308800 0.007200
0.820000 0.308800 0.008800
0.913600 0.308800 0.024800
0.604800 0.309600 0.008800
0.659200 0.309600 0.007200
0.688800 0.309600 0.012800
0.707200 0.309600 0.004800
0.739200 0.309600 0.008800
0.832800 0.309600 0.008000
0.876000 0.309600 0.011200
0.618400 0.310400 0.010400
0.726400 0.310400 0.008800
0.846400 0.310400 0.008800
0.860000 0.310400 0.008800
0.869600 0.310400 0.005600
0.926400 0.310400 0.022400
0.952800 0.310400 0.022400
0.965600 0.312800 0.028800
0.124800 0.324000 0.016800
0.237600 0.324000 0.008800
0.270400 0.324000 0.011200
0.136000 0.324800 0.007200
0.147200 0.324800 0.007200
0.156800 0.324800 0.007200
0.168000 0.324800 0.008000
0.225600 0.324800 0.011200
0.252000 0.324800 0.008800
0.284000 0.324800 0.008800
0.314400 0.324800 0.008800
0.328000 0.324800 0.008800
0.181600 0.325600 0.008800
0.219200 0.325600 0.013600
0.299200 0.325600 0.009600
0.194400 0.326400 0.008800
0.207200 0.326400 0.008800
0.349600 0.326400 0.004800
0.459200 0.326400 0.011200
0.464800 0.326400 0.012000
0.477600 0.326400 0.007200
0.516000 0.326400 0.007200
0.341600 0.327200 0.011200
0.357600 0.327200 0.007200
0.368800 0.327200 0.007200
0.378400 0.327200 0.005600
0.385600 0.327200 0.005600
0.394400 0.327200 0.011200
0.415200 0.327200 0.010400
0.564800 0.327200 0.008800
0.428800 0.328000 0.011200
0.436800 0.328000 0.004800
0.445600 0.328000 0.011200
0.488000 0.328000 0.008800
0.500800 0.328000 0.010400
0.526400 0.328000 0.007200
0.538400 0.328000 0.008000
0.579200 0.328000 0.008000
0.590400 0.328000 0.007200
0.601600 0.328000 0.007200
0.639200 0.328000 0.008800
0.680000 0.328000 0.008800
0.725600 0.328000 0.008800
0.822400 0.328000 0.008800
0.551200 0.328800 0.008800
0.612800 0.328800 0.007200
0.625600 0.328800 0.008800
0.652800 0.328800 0.008800
0.667200 0.328800 0.008800
0.692800 0.328800 0.008800
0.739200 0.328800 0.008800
0.808000 0.328800 0.008800
0.880800 0.328800 0.011200
0.707200 0.329600 0.011200
0.753600 0.329600 0.008800
0.766400 0.329600 0.008800
0.782400 0.329600 0.008800
0.795200 0.329600 0.008800
0.836000 0.329600 0.007200
0.856000 0.329600 0.007200
0.866400 0.329600 0.007200
0.845600 0.330400 0.005600
0.155200 0.343200 0.009600
0.222400 0.344000 0.007200
0.184000 0.344800 0.008800
0.210400 0.344800 0.008000
0.236000 0.344800 0.009600
0.249600 0.344800 0.008000
0.126400 0.345600 0.011200
0.140000 0.345600 0.008800
0.170400 0.345600 0.010400
0.196800 0.345600 0.008800
0.308000 0.345600 0.011200
0.260800 0.346400 0.008800
0.274400 0.346400 0.010400
0.292000 0.346400 0.011200
0.322400 0.347200 0.008800
0.336800 0.347200 0.008800
0.361600 0.347200 0.013600
0.384800 0.347200 0.012000
0.401600 0.347200 0.008800
0.414400 0.347200 0.008800
0.428000 0.347200 0.011200
0.519200 0.347200 0.011200
0.351200 0.348000 0.008800
0.435200 0.348000 0.013600
0.448000 0.348000 0.008800
0.568000 0.348000 0.008800
0.582400 0.348000 0.008800
0.593600 0.348000 0.005600
0.369600 0.348800 0.005600
0.460800 0.348800 0.008800
0.473600 0.348800 0.008800
0.503200 0.348800 0.008800
0.536800 0.348800 0.011200
0.553600 0.348800 0.009600
0.601600 0.348800 0.012800
0.664800 0.348800 0.009600
0.679200 0.348800 0.008000
0.696800 0.348800 0.007200
0.489600 0.349600 0.010400
0.616800 0.349600 0.009600
0.631200 0.349600 0.008800
0.652000 0.349600 0.013600
0.688000 0.349600 0.005600
0.644800 0.350400 0.012800
0.692000 0.365600 0.011200
0.704800 0.367200 0.008800
0.730400 0.367200 0.008800
0.717600 0.368000 0.008800
0.742400 0.368000 0.008000
0.788000 0.368000 0.008800
0.753600 0.368800 0.008800
0.775200 0.368800 0.016800
0.801600 0.368800 0.008800
0.836800 0.368800 0.012000
0.766400 0.369600 0.008800
0.824000 0.369600 0.008800
0.845600 0.369600 0.004800
0.853600 0.369600 0.005600
0.861600 0.369600 0.005600
0.870400 0.369600 0.007200
0.814400 0.370400 0.008800
0.880800 0.370400 0.016000
0.128000 0.383200 0.013600
0.157600 0.383200 0.010400
0.173600 0.383200 0.011200
0.142400 0.384800 0.008800
0.255200 0.384800 0.009600
0.188000 0.385600 0.008800
0.268800 0.385600 0.010400
0.315200 0.385600 0.008800
0.353600 0.385600 0.009600
0.365600 0.385600 0.008800
0.415200 0.385600 0.013600
0.204000 0.386400 0.009600
0.227200 0.386400 0.008000
0.240800 0.386400 0.008800
0.298400 0.386400 0.011200
0.327200 0.386400 0.008800
0.339200 0.386400 0.007200
0.420000 0.386400 0.011200
0.433600 0.386400 0.008800
0.216800 0.387200 0.007200
0.377600 0.387200 0.008000
0.389600 0.387200 0.008000
0.460000 0.387200 0.008800
0.473600 0.387200 0.008800
0.487200 0.387200 0.008800
0.500800 0.387200 0.013600
0.508800 0.387200 0.005600
0.524000 0.387200 0.011200
0.556800 0.387200 0.012800
0.284000 0.388000 0.008800
0.401600 0.388000 0.008800
0.444800 0.388000 0.011200
0.572800 0.388000 0.010400
0.600800 0.388000 0.009600
0.615200 0.388000 0.008000
0.668800 0.388000 0.008800
0.537600 0.388800 0.009600
0.586400 0.388800 0.008800
0.626400 0.388800 0.013600
0.683200 0.388800 0.011200
0.690400 0.388800 0.015200
0.700800 0.388800 0.012800
0.716000 0.388800 0.012000
0.642400 0.389600 0.008800
0.655200 0.389600 0.008800
0.746400 0.389600 0.008800
0.827200 0.389600 0.005600
0.835200 0.389600 0.004800
0.845600 0.389600 0.008800
0.861600 0.389600 0.010400
0.724000 0.390400 0.005600
0.732800 0.390400 0.008800
0.760000 0.390400 0.009600
0.774400 0.390400 0.008000
0.785600 0.390400 0.012800
0.794400 0.390400 0.005600
0.878400 0.390400 0.012800
0.801600 0.391200 0.005600
0.812000 0.391200 0.011200
0.208000 0.404800 0.009600
0.136000 0.406400 0.005600
0.144800 0.406400 0.012800
0.223200 0.406400 0.008800
0.156800 0.407200 0.008000
0.172800 0.407200 0.010400
0.192800 0.407200 0.011200
0.239200 0.407200 0.010400
0.255200 0.407200 0.008800
0.330400 0.407200 0.008800
0.517600 0.407200 0.008800
0.127200 0.408000 0.013600
0.268000 0.408000 0.008800
0.284800 0.408000 0.011200
0.303200 0.408000 0.009600
0.316800 0.408000 0.008800
0.474400 0.408000 0.011200
0.343200 0.408800 0.008800
0.367200 0.408800 0.008800
0.435200 0.408800 0.008800
0.448000 0.408800 0.007200
0.460800 0.408800 0.008800
0.355200 0.409600 0.008000
0.380800 0.409600 0.008800
0.421600 0.409600 0.008800
0.491200 0.409600 0.008000
0.502400 0.409600 0.008800
0.531200 0.409600 0.008800
0.572000 0.409600 0.009600
0.586400 0.409600 0.008800
0.646400 0.409600 0.010400
0.393600 0.410400 0.008800
0.407200 0.410400 0.008800
0.556800 0.410400 0.008800
0.543200 0.411200 0.008800
0.630400 0.411200 0.009600
0.679200 0.411200 0.010400
0.707200 0.411200 0.009600
0.777600 0.411200 0.008800
0.600800 0.412000 0.008800
0.615200 0.412000 0.008800
0.663200 0.412000 0.010400
0.693600 0.412000 0.008800
0.755200 0.412000 0.008000
0.766400 0.412000 0.008000
0.787200 0.412000 0.008800
0.800000 0.412000 0.008800
0.809600 0.412000 0.005600
0.817600 0.412000 0.011200
0.832000 0.412000 0.008800
0.842400 0.412000 0.005600
0.864000 0.412000 0.009600
0.724000 0.412800 0.010400
0.744800 0.412800 0.005600
0.850400 0.412800 0.007200
0.738400 0.413600 0.011200
0.878400 0.413600 0.011200
0.164000 0.427200 0.008800
0.193600 0.427200 0.010400
0.139200 0.428000 0.008800
0.152000 0.428000 0.008000
0.178400 0.428000 0.008800
0.232000 0.428000 0.011200
0.126400 0.428800 0.011200
0.208800 0.428800 0.008800
0.280800 0.428800 0.011200
0.220800 0.429600 0.008000
0.249600 0.429600 0.011200
0.265600 0.429600 0.009600
0.347200 0.429600 0.009600
0.296800 0.430400 0.008800
0.308800 0.430400 0.008800
0.317600 0.430400 0.013600
0.332800 0.430400 0.008800
0.361600 0.430400 0.008800
0.401600 0.430400 0.009600
0.413600 0.430400 0.010400
0.420000 0.430400 0.004000
0.461600 0.430400 0.008800
0.511200 0.430400 0.011200
0.426400 0.431200 0.005600
0.436000 0.431200 0.007200
0.447200 0.431200 0.008800
0.476800 0.431200 0.010400
0.492800 0.431200 0.009600
0.583200 0.431200 0.008800
0.375200 0.432000 0.008800
0.387200 0.432000 0.008800
0.544800 0.432000 0.008800
0.571200 0.432000 0.007200
0.598400 0.432000 0.009600
0.612800 0.432000 0.008800
0.529600 0.432800 0.011200
0.559200 0.432800 0.008800
0.627200 0.432800 0.009600
0.640800 0.432800 0.007200
0.651200 0.432800 0.008000
0.693600 0.432800 0.008800
0.710400 0.432800 0.008800
0.753600 0.432800 0.008800
0.679200 0.433600 0.008800
0.724800 0.433600 0.009600
0.740800 0.433600 0.008800
0.792000 0.433600 0.011200
0.805600 0.433600 0.008800
0.667200 0.434400 0.009600
0.764800 0.434400 0.008800
0.776800 0.434400 0.008800
0.820800 0.434400 0.011200
0.838400 0.435200 0.008800
0.852000 0.435200 0.008800
0.864000 0.435200 0.008800
0.880800 0.435200 0.012800
0.873600 0.436000 0.015200
0.156800 0.449600 0.011200
0.344800 0.449600 0.012000
0.172000 0.450400 0.008800
0.201600 0.450400 0.011200
0.219200 0.450400 0.010400
0.282400 0.450400 0.010400
0.423200 0.450400 0.008800
0.456800 0.450400 0.011200
0.126400 0.451200 0.010400
0.140800 0.451200 0.008800
0.185600 0.451200 0.008800
0.236000 0.451200 0.009600
0.250400 0.451200 0.008800
0.299200 0.451200 0.009600
0.310400 0.451200 0.008800
0.404800 0.451200 0.011200
0.438400 0.451200 0.009600
0.612800 0.451200 0.011200
0.265600 0.452000 0.010400
0.325600 0.452000 0.009600
0.356000 0.452000 0.008800
0.472000 0.452000 0.008800
0.486400 0.452000 0.009600
0.552000 0.452000 0.005600
0.558400 0.452000 0.008800
0.500800 0.452800 0.011200
0.517600 0.452800 0.008000
0.529600 0.452800 0.008000
0.541600 0.452800 0.008800
0.630400 0.452800 0.008800
0.646400 0.452800 0.009600
0.739200 0.452800 0.005600
0.752000 0.452800 0.008800
0.376000 0.453600 0.011200
0.388000 0.453600 0.008800
0.508000 0.453600 0.005600
0.569600 0.453600 0.007200
0.580000 0.453600 0.008000
0.595200 0.453600 0.010400
0.602400 0.453600 0.005600
0.690400 0.453600 0.013600
0.715200 0.453600 0.010400
0.801600 0.453600 0.010400
0.660000 0.454400 0.008800
0.673600 0.454400 0.008800
0.731200 0.454400 0.012000
0.764800 0.454400 0.008800
0.772800 0.454400 0.005600
0.796000 0.454400 0.011200
0.812000 0.454400 0.012800
0.871200 0.454400 0.008800
0.881600 0.454400 0.008800
0.784000 0.455200 0.008800
0.819200 0.455200 0.005600
0.828000 0.455200 0.011200
0.834400 0.455200 0.005600
0.844000 0.456000 0.008800
0.856000 0.456000 0.008800
0.124800 0.470400 0.010400
0.140000 0.470400 0.008800
0.156800 0.470400 0.010400
0.169600 0.471200 0.008000
0.244000 0.471200 0.009600
0.181600 0.472000 0.007200
0.200000 0.472000 0.008000
0.213600 0.472000 0.008800
0.259200 0.472000 0.008800
0.290400 0.472000 0.008800
0.320800 0.472000 0.010400
0.380000 0.472000 0.009600
0.544800 0.472000 0.008800
0.190400 0.472800 0.005600
0.227200 0.472800 0.008800
0.274400 0.472800 0.009600
0.338400 0.472800 0.010400
0.353600 0.472800 0.008800
0.396800 0.472800 0.010400
0.417600 0.472800 0.005600
0.427200 0.472800 0.008800
0.441600 0.472800 0.009600
0.510400 0.472800 0.004800
0.560000 0.472800 0.009600
0.575200 0.472800 0.008800
0.592000 0.472800 0.011200
0.304800 0.473600 0.008800
0.366400 0.473600 0.008800
0.411200 0.473600 0.012800
0.518400 0.473600 0.012000
0.531200 0.473600 0.008800
0.612800 0.473600 0.013600
0.628800 0.473600 0.011200
0.456000 0.474400 0.008800
0.468800 0.474400 0.008800
0.482400 0.474400 0.011200
0.500000 0.474400 0.008800
0.724800 0.474400 0.010400
0.644000 0.475200 0.011200
0.760000 0.475200 0.008800
0.767200 0.475200 0.013600
0.661600 0.476000 0.011200
0.677600 0.476000 0.011200
0.706400 0.476000 0.010400
0.740800 0.476000 0.008800
0.749600 0.476000 0.005600
0.784800 0.476000 0.008800
0.801600 0.476000 0.011200
0.815200 0.476000 0.008800
0.692800 0.477600 0.008800
0.833600 0.477600 0.011200
0.848800 0.477600 0.013600
0.871200 0.477600 0.011200
0.884800 0.478400 0.022400
0.892800 0.478400 0.018400
0.927200 0.504800 0.013600
0.942400 0.505600 0.013600
0.932800 0.525600 0.013600
