0.139200 0.056800 0.022400
0.187200 0.056800 0.013600
0.204000 0.057600 0.011200
0.220800 0.058400 0.011200
0.237600 0.058400 0.025600
0.163200 0.059200 0.013600
0.888800 0.060800 0.024800
0.870400 0.061600 0.024800
0.788800 0.093600 0.013600
0.808000 0.093600 0.008800
0.887200 0.093600 0.008800
0.758400 0.094400 0.011200
0.775200 0.094400 0.008800
0.797600 0.094400 0.005600
0.821600 0.094400 0.008800
0.831200 0.094400 0.004800
0.838400 0.094400 0.015200
0.848800 0.094400 0.005600
0.858400 0.094400 0.007200
0.868800 0.094400 0.005600
0.877600 0.094400 0.005600
0.899200 0.094400 0.011200
0.644800 0.095200 0.008800
0.656000 0.095200 0.008800
0.688800 0.095200 0.011200
0.718400 0.095200 0.008800
0.744800 0.095200 0.008800
0.572000 0.096000 0.008000
0.634400 0.096000 0.015200
0.730400 0.096000 0.008800
0.527200 0.096800 0.008000
0.540800 0.096800 0.008800
0.551200 0.096800 0.005600
0.560800 0.096800 0.007200
0.583200 0.096800 0.005600
0.622400 0.096800 0.003200
0.628800 0.096800 0.011200
0.669600 0.096800 0.009600
0.706400 0.096800 0.008800
0.373600 0.097600 0.008800
0.435200 0.097600 0.011200
0.477600 0.097600 0.005600
0.492000 0.097600 0.010400
0.497600 0.097600 0.005600
0.505600 0.097600 0.005600
0.516000 0.097600 0.007200
0.592800 0.097600 0.007200
0.603200 0.097600 0.007200
0.174400 0.098400 0.008800
0.225600 0.098400 0.008800
0.240000 0.098400 0.008800
0.265600 0.098400 0.008800
0.278400 0.098400 0.008800
0.332000 0.098400 0.008800
0.348000 0.098400 0.010400
0.360000 0.098400 0.008800
0.396000 0.098400 0.007200
0.463200 0.098400 0.011200
0.468000 0.098400 0.013600
0.486400 0.098400 0.015200
0.614400 0.098400 0.011200
0.160800 0.099200 0.008800
0.189600 0.099200 0.009600
0.204000 0.099200 0.008800
0.214400 0.099200 0.007200
0.252000 0.099200 0.008800
0.290400 0.099200 0.008800
0.304000 0.099200 0.008800
0.319200 0.099200 0.008800
0.384800 0.099200 0.007200
0.409600 0.099200 0.008800
0.420000 0.099200 0.008800
0.452000 0.099200 0.008800
0.106400 0.100000 0.012800
0.122400 0.100000 0.011200
0.139200 0.100000 0.008800
0.150400 0.100000 0.007200
0.649600 0.114400 0.012000
0.759200 0.114400 0.011200
0.880000 0.114400 0.010400
0.664000 0.115200 0.010400
0.728000 0.115200 0.008000
0.742400 0.115200 0.008800
0.808000 0.115200 0.010400
0.822400 0.115200 0.011200
0.864800 0.115200 0.009600
0.896800 0.115200 0.011200
0.592000 0.116000 0.005600
0.602400 0.116000 0.007200
0.679200 0.116000 0.009600
0.690400 0.116000 0.005600
0.698400 0.116000 0.004800
0.716000 0.116000 0.008800
0.837600 0.116000 0.011200
0.848800 0.116000 0.008800
0.564000 0.116800 0.007200
0.574400 0.116800 0.007200
0.584800 0.116800 0.005600
0.673600 0.116800 0.012800
0.706400 0.116800 0.005600
0.777600 0.116800 0.010400
0.794400 0.116800 0.009600
0.320000 0.117600 0.011200
0.370400 0.117600 0.008800
0.381600 0.117600 0.008800
0.540000 0.117600 0.008800
0.552800 0.117600 0.007200
0.612000 0.117600 0.007200
0.632000 0.117600 0.012800
0.229600 0.118400 0.012000
0.290400 0.118400 0.005600
0.302400 0.118400 0.008800
0.357600 0.118400 0.008800
0.392800 0.118400 0.008000
0.428800 0.118400 0.008800
0.457600 0.118400 0.008800
0.468000 0.118400 0.007200
0.497600 0.118400 0.008800
0.510400 0.118400 0.008800
0.527200 0.118400 0.010400
0.622400 0.118400 0.005600
0.134400 0.119200 0.011200
0.265600 0.119200 0.011200
0.279200 0.119200 0.008800
0.415200 0.119200 0.007200
0.482400 0.119200 0.010400
0.107200 0.120000 0.004800
0.161600 0.120000 0.007200
0.169600 0.120000 0.005600
0.180800 0.120000 0.013600
0.198400 0.120000 0.008800
0.212800 0.120000 0.008800
0.239200 0.120000 0.004800
0.246400 0.120000 0.011200
0.256800 0.120000 0.007200
0.332800 0.120000 0.008800
0.404800 0.120000 0.007200
0.440800 0.120000 0.009600
0.100800 0.120800 0.010400
0.116000 0.120800 0.011200
0.148800 0.120800 0.008800
0.345600 0.120800 0.008800
0.804000 0.135200 0.008800
0.860000 0.135200 0.008800
0.874400 0.135200 0.009600
0.845600 0.136000 0.008800
0.660800 0.136800 0.012800
0.697600 0.136800 0.008800
0.710400 0.136800 0.008800
0.738400 0.136800 0.008800
0.751200 0.136800 0.009600
0.766400 0.136800 0.008800
0.814400 0.136800 0.007200
0.824000 0.136800 0.013600
0.832800 0.136800 0.005600
0.893600 0.136800 0.011200
0.625600 0.137600 0.011200
0.648800 0.137600 0.008800
0.667200 0.137600 0.013600
0.687200 0.137600 0.005600
0.723200 0.137600 0.010400
0.776800 0.137600 0.005600
0.787200 0.137600 0.011200
0.379200 0.138400 0.008800
0.428000 0.138400 0.008800
0.440800 0.138400 0.010400
0.498400 0.138400 0.009600
0.511200 0.138400 0.007200
0.522400 0.138400 0.008000
0.568800 0.138400 0.008800
0.596800 0.138400 0.008800
0.608800 0.138400 0.008800
0.620000 0.138400 0.011200
0.636800 0.138400 0.008800
0.677600 0.138400 0.008800
0.160000 0.139200 0.011200
0.364800 0.139200 0.008800
0.456800 0.139200 0.008800
0.468800 0.139200 0.008800
0.481600 0.139200 0.008800
0.532000 0.139200 0.004800
0.540800 0.139200 0.011200
0.556000 0.139200 0.008800
0.584000 0.139200 0.008800
0.101600 0.140000 0.011200
0.153600 0.140000 0.005600
0.216000 0.140000 0.008800
0.227200 0.140000 0.004800
0.312800 0.140000 0.008800
0.388000 0.140000 0.004800
0.396800 0.140000 0.011200
0.410400 0.140000 0.011200
0.416800 0.140000 0.012800
0.112800 0.140800 0.008800
0.144800 0.140800 0.005600
0.202400 0.140800 0.008800
0.280800 0.140800 0.008800
0.300800 0.140800 0.008800
0.325600 0.140800 0.008000
0.337600 0.140800 0.008800
0.350400 0.140800 0.008800
0.124800 0.141600 0.008000
0.136800 0.141600 0.008800
0.172800 0.141600 0.012800
0.181600 0.141600 0.005600
0.189600 0.141600 0.010400
0.234400 0.141600 0.011200
0.256800 0.141600 0.008800
0.268800 0.141600 0.008800
0.246400 0.142400 0.007200
0.743200 0.156800 0.008800
0.816800 0.156800 0.011200
0.829600 0.156800 0.008800
0.871200 0.156800 0.010400
0.699200 0.157600 0.011200
0.730400 0.157600 0.011200
0.757600 0.157600 0.009600
0.854400 0.157600 0.010400
0.886400 0.157600 0.008800
0.899200 0.157600 0.013600
0.906400 0.157600 0.013600
0.653600 0.158400 0.008800
0.715200 0.158400 0.011200
0.722400 0.158400 0.004800
0.798400 0.158400 0.011200
0.840000 0.158400 0.008800
0.609600 0.159200 0.008800
0.632000 0.159200 0.004800
0.665600 0.159200 0.008800
0.679200 0.159200 0.011200
0.772800 0.159200 0.008800
0.782400 0.159200 0.005600
0.788800 0.159200 0.005600
0.565600 0.160000 0.008800
0.580000 0.160000 0.012800
0.623200 0.160000 0.011200
0.640800 0.160000 0.008800
0.417600 0.160800 0.008800
0.475200 0.160800 0.008800
0.488000 0.160800 0.011200
0.495200 0.160800 0.005600
0.504800 0.160800 0.008800
0.530400 0.160800 0.008800
0.542400 0.160800 0.008000
0.553600 0.160800 0.008800
0.589600 0.160800 0.004000
0.596800 0.160800 0.010400
0.126400 0.161600 0.008800
0.203200 0.161600 0.008800
0.373600 0.161600 0.008800
0.388800 0.161600 0.009600
0.404000 0.161600 0.010400
0.430400 0.161600 0.008800
0.444800 0.161600 0.010400
0.460800 0.161600 0.009600
0.517600 0.161600 0.008800
0.111200 0.162400 0.008800
0.280000 0.162400 0.009600
0.313600 0.162400 0.011200
0.340800 0.162400 0.012800
0.348000 0.162400 0.011200
0.357600 0.162400 0.012800
0.099200 0.163200 0.011200
0.188000 0.163200 0.012000
0.220000 0.163200 0.011200
0.232800 0.163200 0.008800
0.244800 0.163200 0.008800
0.262400 0.163200 0.011200
0.291200 0.163200 0.005600
0.297600 0.163200 0.011200
0.328000 0.163200 0.009600
0.140800 0.164000 0.009600
0.154400 0.164000 0.008000
0.166400 0.164000 0.011200
0.880800 0.176800 0.011200
0.823200 0.177600 0.005600
0.897600 0.177600 0.011200
0.721600 0.178400 0.010400
0.814400 0.178400 0.008000
0.832000 0.178400 0.012800
0.847200 0.178400 0.008800
0.857600 0.178400 0.008000
0.868000 0.178400 0.007200
0.706400 0.179200 0.011200
0.715200 0.179200 0.004000
0.748000 0.179200 0.013600
0.766400 0.179200 0.007200
0.777600 0.179200 0.007200
0.793600 0.179200 0.005600
0.693600 0.180000 0.009600
0.756800 0.180000 0.005600
0.788000 0.180000 0.009600
0.802400 0.180000 0.008800
0.678400 0.180800 0.008800
0.736000 0.180800 0.009600
0.387200 0.181600 0.005600
0.586400 0.181600 0.004800
0.645600 0.181600 0.008000
0.666400 0.181600 0.007200
0.468800 0.182400 0.008800
0.480800 0.182400 0.009600
0.511200 0.182400 0.008000
0.540000 0.182400 0.009600
0.577600 0.182400 0.013600
0.595200 0.182400 0.007200
0.606400 0.182400 0.007200
0.616800 0.182400 0.013600
0.656800 0.182400 0.005600
0.352800 0.183200 0.008800
0.397600 0.183200 0.013600
0.404800 0.183200 0.012800
0.432800 0.183200 0.011200
0.438400 0.183200 0.012800
0.450400 0.183200 0.011200
0.524800 0.183200 0.008800
0.553600 0.183200 0.008800
0.565600 0.183200 0.008000
0.622400 0.183200 0.011200
0.633600 0.183200 0.008800
0.299200 0.184000 0.011200
0.321600 0.184000 0.005600
0.328800 0.184000 0.005600
0.339200 0.184000 0.008800
0.368800 0.184000 0.011200
0.379200 0.184000 0.007200
0.417600 0.184000 0.008800
0.496800 0.184000 0.009600
0.292800 0.184800 0.005600
0.308000 0.184800 0.012800
0.313600 0.184800 0.011200
0.242400 0.185600 0.013600
0.274400 0.185600 0.005600
0.284000 0.185600 0.005600
0.362400 0.185600 0.004800
0.150400 0.186400 0.010400
0.167200 0.186400 0.008800
0.251200 0.186400 0.005600
0.267200 0.186400 0.003200
0.132800 0.187200 0.011200
0.177600 0.187200 0.007200
0.212800 0.187200 0.005600
0.220800 0.187200 0.005600
0.229600 0.187200 0.012800
0.260000 0.187200 0.005600
0.105600 0.188000 0.011200
0.118400 0.188000 0.008800
0.190400 0.188000 0.008800
0.203200 0.188000 0.007200
0.798400 0.200000 0.008800
0.828800 0.200000 0.008800
0.852000 0.200000 0.008800
0.762400 0.200800 0.016800
0.810400 0.200800 0.013600
0.864800 0.200800 0.008800
0.781600 0.201600 0.010400
0.890400 0.201600 0.007200
0.908000 0.201600 0.012800
0.679200 0.202400 0.008800
0.839200 0.202400 0.008000
0.877600 0.202400 0.008800
0.900800 0.202400 0.005600
0.652800 0.203200 0.008800
0.665600 0.203200 0.008800
0.692800 0.203200 0.011200
0.751200 0.203200 0.008800
0.768000 0.203200 0.011200
0.610400 0.204000 0.010400
0.623200 0.204000 0.011200
0.643200 0.204000 0.015200
0.708800 0.204000 0.008800
0.720000 0.204000 0.008800
0.736000 0.204000 0.011200
0.448000 0.204800 0.008800
0.475200 0.204800 0.011200
0.487200 0.204800 0.007200
0.496800 0.204800 0.005600
0.509600 0.204800 0.011200
0.568000 0.204800 0.012000
0.584800 0.204800 0.011200
0.595200 0.204800 0.008800
0.384800 0.205600 0.008800
0.406400 0.205600 0.008800
0.417600 0.205600 0.007200
0.428000 0.205600 0.005600
0.435200 0.205600 0.005600
0.468800 0.205600 0.005600
0.524800 0.205600 0.011200
0.538400 0.205600 0.008800
0.550400 0.205600 0.008800
0.149600 0.206400 0.008800
0.165600 0.206400 0.010400
0.321600 0.206400 0.008800
0.362400 0.206400 0.007200
0.373600 0.206400 0.007200
0.396800 0.206400 0.005600
0.460000 0.206400 0.005600
0.101600 0.207200 0.016800
0.136800 0.207200 0.008800
0.308000 0.207200 0.008800
0.330400 0.207200 0.004800
0.337600 0.207200 0.005600
0.352000 0.207200 0.005600
0.112800 0.208000 0.008800
0.180000 0.208000 0.009600
0.192800 0.208000 0.013600
0.215200 0.208000 0.011200
0.232000 0.208000 0.009600
0.247200 0.208000 0.008800
0.256800 0.208000 0.008800
0.270400 0.208000 0.012800
0.286400 0.208000 0.005600
0.295200 0.208000 0.016800
0.344800 0.208000 0.003200
0.060800 0.208800 0.027200
0.124000 0.208800 0.008800
0.049600 0.209600 0.035200
0.828800 0.240000 0.008800
0.840800 0.240000 0.008800
0.816000 0.241600 0.008800
0.856000 0.241600 0.008800
0.868800 0.241600 0.008800
0.775200 0.242400 0.011200
0.806400 0.242400 0.016000
0.898400 0.242400 0.011200
0.597600 0.243200 0.008800
0.648000 0.243200 0.008800
0.699200 0.243200 0.008800
0.762400 0.243200 0.008800
0.789600 0.243200 0.009600
0.802400 0.243200 0.009600
0.883200 0.243200 0.008800
0.588000 0.244000 0.007200
0.631200 0.244000 0.011200
0.661600 0.244000 0.008800
0.686400 0.244000 0.008800
0.708800 0.244000 0.004800
0.749600 0.244000 0.008800
0.512800 0.244800 0.008800
0.525600 0.244800 0.008800
0.538400 0.244800 0.008800
0.554400 0.244800 0.012800
0.564800 0.244800 0.003200
0.572800 0.244800 0.011200
0.609600 0.244800 0.007200
0.620000 0.244800 0.007200
0.674400 0.244800 0.008800
0.716800 0.244800 0.007200
0.727200 0.244800 0.007200
0.737600 0.244800 0.008000
0.455200 0.245600 0.005600
0.465600 0.245600 0.007200
0.502400 0.245600 0.005600
0.256000 0.246400 0.013600
0.365600 0.246400 0.008800
0.477600 0.246400 0.008000
0.488000 0.246400 0.005600
0.495200 0.246400 0.004800
0.377600 0.247200 0.016800
0.396800 0.247200 0.008800
0.409600 0.247200 0.008800
0.424000 0.247200 0.008800
0.435200 0.247200 0.007200
0.446400 0.247200 0.007200
0.240800 0.248000 0.013600
0.249600 0.248000 0.005600
0.269600 0.248000 0.016800
0.281600 0.248000 0.015200
0.289600 0.248000 0.015200
0.320000 0.248000 0.008800
0.331200 0.248000 0.008800
0.344000 0.248000 0.007200
0.353600 0.248000 0.008800
0.171200 0.248800 0.008800
0.185600 0.248800 0.011200
0.212000 0.248800 0.008800
0.228800 0.248800 0.013600
0.303200 0.248800 0.011200
0.382400 0.248800 0.011200
0.105600 0.249600 0.011200
0.118400 0.249600 0.007200
0.128800 0.249600 0.007200
0.138400 0.249600 0.007200
0.198400 0.249600 0.008800
0.221600 0.249600 0.005600
0.149600 0.250400 0.007200
0.160000 0.250400 0.007200
0.924000 0.254400 0.013600
0.923200 0.261600 0.016800
0.795200 0.262400 0.008800
0.855200 0.262400 0.005600
0.862400 0.262400 0.004800
0.870400 0.262400 0.011200
0.706400 0.263200 0.005600
0.805600 0.263200 0.007200
0.815200 0.263200 0.005600
0.835200 0.263200 0.007200
0.845600 0.263200 0.007200
0.884800 0.263200 0.009600
0.898400 0.263200 0.013600
0.712000 0.264000 0.005600
0.758400 0.264000 0.008000
0.770400 0.264000 0.008000
0.781600 0.264000 0.007200
0.824000 0.264000 0.007200
0.595200 0.264800 0.011200
0.658400 0.264800 0.005600
0.697600 0.264800 0.005600
0.724000 0.264800 0.008800
0.735200 0.264800 0.007200
0.747200 0.264800 0.007200
0.476800 0.265600 0.012800
0.525600 0.265600 0.013600
0.534400 0.265600 0.005600
0.544000 0.265600 0.005600
0.566400 0.265600 0.008800
0.579200 0.265600 0.011200
0.604000 0.265600 0.004800
0.612800 0.265600 0.012000
0.628000 0.265600 0.009600
0.641600 0.265600 0.008000
0.651200 0.265600 0.005600
0.673600 0.265600 0.011200
0.684800 0.265600 0.005600
0.691200 0.265600 0.003200
0.509600 0.266400 0.011200
0.553600 0.266400 0.008800
0.666400 0.266400 0.004800
0.402400 0.267200 0.007200
0.436000 0.267200 0.008000
0.448800 0.267200 0.008800
0.461600 0.267200 0.011200
0.484000 0.267200 0.012800
0.342400 0.268000 0.007200
0.363200 0.268000 0.007200
0.391200 0.268000 0.008800
0.412800 0.268000 0.007200
0.495200 0.268000 0.008800
0.268000 0.268800 0.008000
0.279200 0.268800 0.007200
0.290400 0.268800 0.007200
0.302400 0.268800 0.008000
0.314400 0.268800 0.011200
0.330400 0.268800 0.008800
0.352800 0.268800 0.007200
0.375200 0.268800 0.008000
0.424000 0.268800 0.008000
0.170400 0.269600 0.011200
0.205600 0.269600 0.007200
0.226400 0.269600 0.008000
0.238400 0.269600 0.008800
0.255200 0.269600 0.008800
0.101600 0.270400 0.010400
0.117600 0.270400 0.011200
0.135200 0.270400 0.008800
0.146400 0.270400 0.005600
0.162400 0.270400 0.004800
0.184800 0.270400 0.007200
0.195200 0.270400 0.007200
0.216000 0.270400 0.007200
0.154400 0.271200 0.005600
0.921600 0.273600 0.008800
0.837600 0.284000 0.011200
0.680800 0.284800 0.004800
0.749600 0.284800 0.008800
0.795200 0.284800 0.007200
0.816800 0.284800 0.007200
0.826400 0.284800 0.007200
0.882400 0.284800 0.008800
0.896000 0.284800 0.011200
0.921600 0.284800 0.008800
0.671200 0.285600 0.008800
0.688800 0.285600 0.011200
0.724800 0.285600 0.008800
0.736800 0.285600 0.008800
0.760800 0.285600 0.007200
0.769600 0.285600 0.005600
0.784000 0.285600 0.011200
0.854400 0.285600 0.011200
0.869600 0.285600 0.011200
0.618400 0.286400 0.005600
0.627200 0.286400 0.005600
0.637600 0.286400 0.008800
0.650400 0.286400 0.008800
0.660000 0.286400 0.007200
0.713600 0.286400 0.007200
0.805600 0.286400 0.007200
0.464000 0.287200 0.008800
0.536800 0.287200 0.009600
0.610400 0.287200 0.005600
0.701600 0.287200 0.008000
0.367200 0.288000 0.008800
0.390400 0.288000 0.007200
0.434400 0.288000 0.008000
0.444000 0.288000 0.003200
0.451200 0.288000 0.010400
0.476800 0.288000 0.013600
0.495200 0.288000 0.011200
0.511200 0.288000 0.007200
0.521600 0.288000 0.008800
0.548800 0.288000 0.008000
0.562400 0.288000 0.008800
0.573600 0.288000 0.008800
0.588000 0.288000 0.008800
0.600800 0.288000 0.007200
0.379200 0.288800 0.007200
0.400800 0.288800 0.007200
0.412000 0.288800 0.008000
0.424000 0.288800 0.007200
0.156800 0.289600 0.008800
0.196800 0.289600 0.007200
0.206400 0.289600 0.005600
0.244000 0.289600 0.008800
0.336800 0.289600 0.008800
0.352000 0.289600 0.009600
0.104000 0.290400 0.010400
0.140800 0.290400 0.010400
0.147200 0.290400 0.005600
0.186400 0.290400 0.009600
0.256800 0.290400 0.008800
0.284800 0.290400 0.005600
0.292800 0.290400 0.005600
0.312000 0.290400 0.008800
0.325600 0.290400 0.008800
0.169600 0.291200 0.008800
0.232000 0.291200 0.012800
0.270400 0.291200 0.011200
0.276000 0.291200 0.013600
0.301600 0.291200 0.005600
0.116000 0.292000 0.008000
0.128800 0.292000 0.008000
0.216000 0.292000 0.005600
0.224000 0.292000 0.005600
0.920000 0.297600 0.008800
0.188800 0.310400 0.009600
0.163200 0.311200 0.007200
0.921600 0.311200 0.012000
0.153600 0.312000 0.008800
0.174400 0.312000 0.008800
0.128800 0.312800 0.008800
0.141600 0.312800 0.008800
0.209600 0.312800 0.012800
0.216800 0.312800 0.003200
0.103200 0.313600 0.011200
0.202400 0.313600 0.013600
0.224000 0.313600 0.005600
0.233600 0.313600 0.013600
0.116000 0.314400 0.008800
0.917600 0.315200 0.019200
0.889600 0.326400 0.012800
0.694400 0.327200 0.012800
0.708000 0.327200 0.012800
0.716800 0.327200 0.004000
0.750400 0.327200 0.008800
0.764000 0.327200 0.008800
0.779200 0.327200 0.008800
0.838400 0.327200 0.011200
0.854400 0.327200 0.011200
0.865600 0.327200 0.008800
0.875200 0.327200 0.011200
0.724000 0.328000 0.005600
0.791200 0.328000 0.008800
0.804000 0.328000 0.012800
0.811200 0.328000 0.013600
0.822400 0.328000 0.013600
0.846400 0.328000 0.004800
0.920000 0.328000 0.008800
0.544000 0.328800 0.005600
0.569600 0.328800 0.016800
0.584000 0.328800 0.005600
0.592800 0.328800 0.008800
0.636000 0.328800 0.008800
0.648000 0.328800 0.008800
0.664000 0.328800 0.010400
0.676000 0.328800 0.008000
0.685600 0.328800 0.004000
0.831200 0.328800 0.003200
0.355200 0.329600 0.008800
0.468000 0.329600 0.008800
0.501600 0.329600 0.005600
0.509600 0.329600 0.005600
0.516000 0.329600 0.003200
0.522400 0.329600 0.008800
0.532800 0.329600 0.007200
0.552000 0.329600 0.003200
0.558400 0.329600 0.011200
0.612800 0.329600 0.004800
0.622400 0.329600 0.008800
0.657600 0.329600 0.003200
0.733600 0.329600 0.013600
0.252000 0.330400 0.013600
0.331200 0.330400 0.008800
0.343200 0.330400 0.008800
0.422400 0.330400 0.004800
0.440800 0.330400 0.008800
0.450400 0.330400 0.014400
0.459200 0.330400 0.005600
0.480000 0.330400 0.008000
0.492000 0.330400 0.008000
0.604800 0.330400 0.013600
0.376800 0.331200 0.008800
0.388800 0.331200 0.008000
0.400000 0.331200 0.008800
0.429600 0.331200 0.013600
0.272800 0.332000 0.013600
0.293600 0.332000 0.013600
0.304800 0.332000 0.007200
0.316800 0.332000 0.008800
0.364800 0.332000 0.016800
0.412000 0.332000 0.008000
0.919200 0.340000 0.008800
0.852000 0.345600 0.008800
0.791200 0.347200 0.007200
0.801600 0.347200 0.007200
0.812800 0.347200 0.007200
0.824800 0.347200 0.008800
0.838400 0.347200 0.008800
0.864000 0.347200 0.008800
0.876000 0.347200 0.008800
0.889600 0.347200 0.010400
0.780800 0.348000 0.008800
0.675200 0.348800 0.008800
0.688000 0.348800 0.008800
0.721600 0.348800 0.008800
0.758400 0.348800 0.008000
0.769600 0.348800 0.008000
0.700000 0.349600 0.007200
0.710400 0.349600 0.007200
0.733600 0.349600 0.012800
0.741600 0.349600 0.005600
0.748000 0.349600 0.004800
0.621600 0.350400 0.008800
0.649600 0.350400 0.011200
0.664000 0.350400 0.008000
0.608000 0.351200 0.011200
0.632800 0.351200 0.005600
0.640800 0.351200 0.004800
0.918400 0.351200 0.016800
0.551200 0.352000 0.008800
0.602400 0.352000 0.011200
0.507200 0.352800 0.005600
0.526400 0.352800 0.008800
0.540000 0.352800 0.008800
0.577600 0.352800 0.008800
0.590400 0.352800 0.008800
0.432000 0.353600 0.008800
0.469600 0.353600 0.008800
0.480000 0.353600 0.004800
0.487200 0.353600 0.005600
0.497600 0.353600 0.007200
0.514400 0.353600 0.011200
0.564000 0.353600 0.008800
0.298400 0.354400 0.008800
0.340000 0.354400 0.011200
0.371200 0.354400 0.013600
0.384800 0.354400 0.008800
0.396000 0.354400 0.011200
0.410400 0.354400 0.008800
0.421600 0.354400 0.007200
0.446400 0.354400 0.007200
0.456800 0.354400 0.007200
0.243200 0.355200 0.008800
0.257600 0.355200 0.008800
0.287200 0.355200 0.011200
0.310400 0.355200 0.008800
0.323200 0.355200 0.011200
0.352800 0.355200 0.013600
0.360800 0.355200 0.013600
0.230400 0.356000 0.008800
0.272000 0.356000 0.008800
0.280800 0.356000 0.005600
0.104000 0.356800 0.011200
0.194400 0.356800 0.005600
0.187200 0.357600 0.004800
0.206400 0.357600 0.008800
0.218400 0.357600 0.008800
0.116800 0.358400 0.008000
0.128800 0.358400 0.008800
0.144000 0.358400 0.012800
0.177600 0.358400 0.008800
0.150400 0.359200 0.013600
0.164000 0.359200 0.009600
0.918400 0.360000 0.005600
0.875200 0.365600 0.009600
0.767200 0.367200 0.008800
0.800800 0.367200 0.013600
0.860800 0.367200 0.008800
0.892800 0.367200 0.012800
0.780800 0.368000 0.008000
0.790400 0.368000 0.008800
0.848800 0.368000 0.009600
0.755200 0.368800 0.008800
0.806400 0.368800 0.011200
0.832800 0.368800 0.008800
0.822400 0.369600 0.011200
0.918400 0.369600 0.005600
0.615200 0.370400 0.008800
0.740800 0.370400 0.013600
0.629600 0.371200 0.008800
0.640800 0.371200 0.008800
0.652800 0.371200 0.007200
0.663200 0.371200 0.011200
0.669600 0.371200 0.003200
0.686400 0.371200 0.007200
0.698400 0.371200 0.008000
0.708800 0.371200 0.008800
0.730400 0.371200 0.007200
0.601600 0.372000 0.008800
0.676800 0.372000 0.005600
0.720800 0.372000 0.008800
0.548000 0.372800 0.003200
0.568000 0.372800 0.008000
0.577600 0.372800 0.004800
0.586400 0.372800 0.011200
0.488800 0.373600 0.008800
0.499200 0.373600 0.005600
0.556800 0.373600 0.007200
0.476800 0.374400 0.008800
0.514400 0.374400 0.012000
0.541600 0.374400 0.011200
0.441600 0.375200 0.008800
0.452800 0.375200 0.007200
0.464000 0.375200 0.008800
0.523200 0.375200 0.005600
0.530400 0.375200 0.013600
0.319200 0.376000 0.008000
0.364800 0.376000 0.008800
0.377600 0.376000 0.008800
0.415200 0.376000 0.007200
0.425600 0.376000 0.011200
0.266400 0.376800 0.005600
0.274400 0.376800 0.004800
0.283200 0.376800 0.012800
0.296000 0.376800 0.008000
0.329600 0.376800 0.005600
0.340000 0.376800 0.007200
0.352000 0.376800 0.008800
0.392000 0.376800 0.008800
0.404000 0.376800 0.007200
0.919200 0.376800 0.005600
0.220800 0.377600 0.007200
0.255200 0.377600 0.008800
0.307200 0.377600 0.005600
0.104800 0.378400 0.011200
0.120800 0.378400 0.010400
0.132800 0.378400 0.008800
0.196000 0.378400 0.008800
0.209600 0.378400 0.008000
0.229600 0.378400 0.005600
0.238400 0.378400 0.011200
0.144000 0.379200 0.005600
0.152800 0.379200 0.005600
0.162400 0.379200 0.006400
0.172000 0.379200 0.007200
0.182400 0.379200 0.008000
0.919200 0.385600 0.005600
0.872000 0.387200 0.008800
0.885600 0.387200 0.008800
0.842400 0.388800 0.008800
0.858400 0.388800 0.009600
0.897600 0.388800 0.009600
0.796800 0.389600 0.008800
0.830400 0.389600 0.005600
0.820800 0.390400 0.007200
0.809600 0.391200 0.008000
0.698400 0.392000 0.003200
0.706400 0.392000 0.010400
0.756000 0.392000 0.008000
0.768000 0.392000 0.010400
0.783200 0.392000 0.008800
0.666400 0.392800 0.005600
0.677600 0.392800 0.008800
0.689600 0.392800 0.008800
0.719200 0.392800 0.008800
0.730400 0.392800 0.008000
0.742400 0.392800 0.008000
0.633600 0.393600 0.008800
0.656800 0.393600 0.007200
0.619200 0.394400 0.008000
0.644800 0.394400 0.008000
0.495200 0.395200 0.008800
0.555200 0.395200 0.008800
0.587200 0.395200 0.005600
0.596800 0.395200 0.008800
0.608800 0.395200 0.007200
0.362400 0.396000 0.008800
0.465600 0.396000 0.008800
0.480000 0.396000 0.010400
0.506400 0.396000 0.007200
0.520800 0.396000 0.010400
0.540800 0.396000 0.008800
0.568000 0.396000 0.007200
0.578400 0.396000 0.007200
0.349600 0.396800 0.008800
0.376800 0.396800 0.009600
0.409600 0.396800 0.008800
0.423200 0.396800 0.007200
0.450400 0.396800 0.010400
0.531200 0.396800 0.007200
0.339200 0.397600 0.007200
0.434400 0.397600 0.008800
0.444800 0.397600 0.013600
0.317600 0.398400 0.005600
0.327200 0.398400 0.008000
0.390400 0.398400 0.012800
0.268000 0.399200 0.008000
0.293600 0.399200 0.009600
0.397600 0.399200 0.012800
0.920800 0.399200 0.018400
0.216000 0.400000 0.008800
0.227200 0.400000 0.008800
0.241600 0.400000 0.009600
0.279200 0.400000 0.008800
0.306400 0.400000 0.008800
0.185600 0.400800 0.011200
0.202400 0.400800 0.010400
0.254400 0.400800 0.008800
0.170400 0.401600 0.008800
0.122400 0.402400 0.010400
0.137600 0.402400 0.009600
0.149600 0.402400 0.007200
0.160000 0.402400 0.007200
0.106400 0.403200 0.013600
0.877600 0.407200 0.008800
0.854400 0.408000 0.008800
0.864000 0.408000 0.008800
0.846400 0.408800 0.007200
0.892800 0.408800 0.010400
0.795200 0.409600 0.008800
0.824000 0.409600 0.008800
0.836000 0.409600 0.007200
0.918400 0.409600 0.008800
0.780800 0.410400 0.010400
0.810400 0.410400 0.009600
0.740800 0.411200 0.008800
0.753600 0.412000 0.008800
0.690400 0.412800 0.008800
0.702400 0.412800 0.007200
0.713600 0.412800 0.007200
0.724000 0.412800 0.013600
0.765600 0.412800 0.008800
0.616000 0.413600 0.008800
0.629600 0.413600 0.008000
0.664800 0.413600 0.008800
0.678400 0.413600 0.008800
0.600800 0.414400 0.008800
0.519200 0.415200 0.007200
0.545600 0.415200 0.008000
0.642400 0.415200 0.008800
0.492800 0.416000 0.011200
0.502400 0.416000 0.005600
0.532800 0.416000 0.008800
0.585600 0.416000 0.010400
0.653600 0.416000 0.007200
0.455200 0.416800 0.004800
0.510400 0.416800 0.005600
0.557600 0.416800 0.008000
0.568800 0.416800 0.008800
0.448000 0.417600 0.011200
0.464000 0.418400 0.008800
0.476800 0.418400 0.008800
0.326400 0.419200 0.010400
0.337600 0.419200 0.008800
0.384000 0.419200 0.009600
0.420000 0.419200 0.008800
0.436000 0.419200 0.010400
0.397600 0.420000 0.008800
0.409600 0.420000 0.008800
0.428800 0.420000 0.003200
0.320800 0.420800 0.005600
0.349600 0.420800 0.008800
0.919200 0.420800 0.008800
0.220800 0.421600 0.008800
0.233600 0.421600 0.008800
0.268800 0.421600 0.008800
0.283200 0.421600 0.010400
0.311200 0.421600 0.007200
0.362400 0.421600 0.007200
0.372000 0.421600 0.005600
0.188800 0.422400 0.005600
0.178400 0.423200 0.008800
0.196000 0.423200 0.011200
0.245600 0.423200 0.008000
0.257600 0.423200 0.008000
0.130400 0.424000 0.009600
0.141600 0.424000 0.008800
0.155200 0.424000 0.008800
0.166400 0.424000 0.008000
0.209600 0.424000 0.008800
0.299200 0.424000 0.008800
0.104800 0.424800 0.013600
0.114400 0.425600 0.013600
0.123200 0.425600 0.013600
0.920000 0.429600 0.008800
0.813600 0.431200 0.008000
0.830400 0.431200 0.005600
0.845600 0.431200 0.004800
0.802400 0.432000 0.013600
0.824000 0.432000 0.004800
0.839200 0.432000 0.005600
0.853600 0.432000 0.011200
0.868000 0.432000 0.010400
0.881600 0.432000 0.008800
0.784800 0.432800 0.007200
0.795200 0.432800 0.013600
0.894400 0.432800 0.011200
0.724000 0.433600 0.008000
0.735200 0.433600 0.008800
0.749600 0.433600 0.008800
0.773600 0.433600 0.007200
0.688800 0.434400 0.007200
0.762400 0.434400 0.007200
0.596000 0.435200 0.007200
0.652800 0.435200 0.007200
0.665600 0.435200 0.008800
0.699200 0.435200 0.008000
0.711200 0.435200 0.008800
0.564800 0.436000 0.007200
0.575200 0.436000 0.007200
0.585600 0.436000 0.007200
0.607200 0.436000 0.008000
0.622400 0.436000 0.010400
0.637600 0.436000 0.011200
0.644000 0.436000 0.004800
0.677600 0.436000 0.008000
0.502400 0.436800 0.007200
0.547200 0.436800 0.012800
0.553600 0.436800 0.012800
0.512800 0.437600 0.007200
0.464800 0.438400 0.007200
0.524000 0.438400 0.008800
0.437600 0.439200 0.007200
0.451200 0.439200 0.008800
0.478400 0.439200 0.008800
0.491200 0.439200 0.008000
0.536000 0.439200 0.008000
0.428000 0.440000 0.005600
0.370400 0.440800 0.008800
0.407200 0.440800 0.008800
0.419200 0.440800 0.005600
0.391200 0.441600 0.005600
0.399200 0.441600 0.004800
0.357600 0.442400 0.010400
0.380800 0.442400 0.007200
0.921600 0.442400 0.008800
0.274400 0.443200 0.009600
0.351200 0.443200 0.004800
0.167200 0.444000 0.008800
0.237600 0.444000 0.008800
0.249600 0.444000 0.008800
0.261600 0.444000 0.005600
0.296800 0.444000 0.005600
0.304800 0.444000 0.011200
0.310400 0.444000 0.003200
0.329600 0.444000 0.008800
0.340000 0.444000 0.008800
0.190400 0.444800 0.007200
0.286400 0.444800 0.008000
0.318400 0.444800 0.011200
0.179200 0.445600 0.008000
0.222400 0.445600 0.011200
0.114400 0.446400 0.008800
0.126400 0.446400 0.008800
0.154400 0.446400 0.009600
0.200800 0.446400 0.007200
0.138400 0.447200 0.008800
0.211200 0.447200 0.008000
0.101600 0.450400 0.018400
0.836000 0.451200 0.008800
0.848800 0.451200 0.008800
0.823200 0.452000 0.008800
0.880000 0.452000 0.007200
0.797600 0.452800 0.008800
0.811200 0.452800 0.008800
0.870400 0.452800 0.005600
0.756000 0.453600 0.008800
0.768000 0.453600 0.007200
0.859200 0.453600 0.008000
0.889600 0.453600 0.013600
0.716800 0.454400 0.013600
0.732000 0.454400 0.008800
0.779200 0.454400 0.009600
0.920800 0.454400 0.013600
0.743200 0.455200 0.008800
0.785600 0.455200 0.012800
0.699200 0.456000 0.005600
0.599200 0.456800 0.005600
0.652000 0.456800 0.009600
0.659200 0.456800 0.003200
0.665600 0.456800 0.005600
0.672000 0.456800 0.004800
0.690400 0.456800 0.008800
0.708000 0.456800 0.005600
0.586400 0.457600 0.009600
0.607200 0.457600 0.005600
0.617600 0.457600 0.007200
0.680000 0.457600 0.011200
0.575200 0.458400 0.007200
0.637600 0.458400 0.008800
0.464800 0.459200 0.011200
0.552000 0.459200 0.008800
0.628000 0.459200 0.007200
0.459200 0.460000 0.003200
0.487200 0.460000 0.010400
0.501600 0.460000 0.008800
0.515200 0.460000 0.008800
0.528000 0.460000 0.008000
0.540000 0.460000 0.008000
0.564000 0.460000 0.008000
0.475200 0.460800 0.008000
0.407200 0.461600 0.008800
0.419200 0.461600 0.008800
0.428000 0.461600 0.013600
0.445600 0.461600 0.012800
0.920800 0.461600 0.005600
0.354400 0.462400 0.007200
0.364800 0.462400 0.008800
0.380800 0.462400 0.009600
0.392800 0.462400 0.010400
0.436800 0.462400 0.005600
0.340000 0.463200 0.011200
0.276800 0.464000 0.008800
0.289600 0.464000 0.008800
0.324000 0.464000 0.010400
0.331200 0.464000 0.004800
0.240800 0.464800 0.009600
0.127200 0.465600 0.008000
0.188000 0.465600 0.007200
0.197600 0.465600 0.008800
0.227200 0.465600 0.008800
0.255200 0.465600 0.005600
0.264000 0.465600 0.007200
0.300800 0.465600 0.007200
0.312800 0.465600 0.008800
0.139200 0.466400 0.007200
0.161600 0.466400 0.008000
0.174400 0.466400 0.008800
0.216800 0.466400 0.010400
0.105600 0.467200 0.008000
0.116000 0.467200 0.007200
0.150400 0.467200 0.007200
0.211200 0.467200 0.011200
0.858400 0.473600 0.008800
0.904000 0.473600 0.008800
0.916000 0.474400 0.008800
0.808000 0.475200 0.005600
0.816800 0.475200 0.008800
0.829600 0.475200 0.011200
0.844800 0.475200 0.011200
0.868800 0.475200 0.008800
0.892800 0.475200 0.016800
0.798400 0.476000 0.005600
0.884000 0.476000 0.013600
0.928000 0.476000 0.008800
0.683200 0.476800 0.007200
0.694400 0.476800 0.007200
0.768000 0.476800 0.008800
0.781600 0.476800 0.008000
0.791200 0.476800 0.005600
0.939200 0.476800 0.017600
0.947200 0.476800 0.012800
0.654400 0.477600 0.011200
0.668800 0.477600 0.011200
0.704800 0.477600 0.007200
0.613600 0.478400 0.008000
0.641600 0.478400 0.003200
0.721600 0.478400 0.005600
0.730400 0.478400 0.007200
0.740800 0.478400 0.016800
0.756000 0.478400 0.011200
0.574400 0.479200 0.008800
0.587200 0.479200 0.008800
0.624000 0.479200 0.007200
0.634400 0.479200 0.005600
0.713600 0.479200 0.005600
0.560800 0.480000 0.008000
0.601600 0.480000 0.008800
0.492000 0.480800 0.008000
0.528000 0.480800 0.004800
0.549600 0.480800 0.007200
0.480000 0.481600 0.007200
0.521600 0.481600 0.005600
0.538400 0.481600 0.008800
0.388800 0.482400 0.007200
0.417600 0.482400 0.011200
0.471200 0.482400 0.005600
0.512000 0.482400 0.007200
0.378400 0.483200 0.007200
0.400800 0.483200 0.011200
0.433600 0.483200 0.008800
0.444000 0.483200 0.005600
0.453600 0.483200 0.007200
0.463200 0.483200 0.005600
0.502400 0.483200 0.005600
0.308000 0.484800 0.008800
0.343200 0.484800 0.007200
0.368000 0.484800 0.008000
0.217600 0.485600 0.009600
0.288800 0.485600 0.011200
0.294400 0.485600 0.010400
0.318400 0.485600 0.007200
0.328800 0.485600 0.011200
0.355200 0.485600 0.008800
0.102400 0.486400 0.016800
0.190400 0.486400 0.011200
0.196000 0.486400 0.012800
0.204800 0.486400 0.005600
0.242400 0.486400 0.008800
0.261600 0.486400 0.012800
0.276000 0.486400 0.010400
0.124000 0.487200 0.011200
0.169600 0.487200 0.016800
0.180000 0.487200 0.007200
0.230400 0.487200 0.008800
0.138400 0.488000 0.007200
0.161600 0.488000 0.005600
0.113600 0.488800 0.007200
0.149600 0.488800 0.008800
