0.046400 0.048800 0.010400
0.068800 0.048800 0.013600
0.059200 0.049600 0.005600
0.083200 0.049600 0.008800
0.917600 0.050400 0.024000
0.233600 0.059200 0.026400
0.198400 0.060000 0.011200
0.216800 0.060000 0.011200
0.180800 0.061600 0.013600
0.139200 0.062400 0.027200
0.159200 0.064000 0.012800
0.087200 0.067200 0.012800
0.914400 0.067200 0.013600
0.056800 0.068800 0.015200
0.047200 0.069600 0.016800
0.847200 0.077600 0.023200
0.861600 0.077600 0.024800
0.916000 0.080000 0.013600
0.131200 0.098400 0.008800
0.916000 0.098400 0.019200
0.104000 0.099200 0.011200
0.117600 0.099200 0.008800
0.147200 0.099200 0.008800
0.159200 0.099200 0.011200
0.166400 0.099200 0.003200
0.276000 0.099200 0.011200
0.292800 0.099200 0.008800
0.304800 0.099200 0.008800
0.174400 0.100000 0.011200
0.232800 0.100000 0.008800
0.246400 0.100000 0.008800
0.261600 0.100000 0.008800
0.316800 0.100000 0.008800
0.184800 0.100800 0.008800
0.196800 0.100800 0.008800
0.209600 0.100800 0.008800
0.220800 0.100800 0.007200
0.329600 0.100800 0.008800
0.340800 0.101600 0.008800
0.360800 0.101600 0.013600
0.371200 0.101600 0.013600
0.448000 0.101600 0.005600
0.456800 0.101600 0.007200
0.354400 0.102400 0.012800
0.440800 0.102400 0.011200
0.468000 0.102400 0.007200
0.413600 0.103200 0.008800
0.424800 0.103200 0.008800
0.479200 0.103200 0.008000
0.388800 0.104000 0.008800
0.401600 0.104000 0.008800
0.492800 0.104000 0.008800
0.508800 0.104000 0.011200
0.552800 0.104000 0.010400
0.569600 0.104000 0.011200
0.624800 0.104000 0.008800
0.521600 0.104800 0.008800
0.584800 0.104800 0.008800
0.536000 0.105600 0.008800
0.596800 0.105600 0.008000
0.610400 0.105600 0.008800
0.640000 0.105600 0.009600
0.652800 0.105600 0.008800
0.669600 0.105600 0.011200
0.713600 0.105600 0.010400
0.683200 0.107200 0.008800
0.698400 0.107200 0.008800
0.727200 0.107200 0.008800
0.746400 0.108000 0.013600
0.812000 0.108000 0.008800
0.861600 0.108000 0.008800
0.918400 0.108000 0.022400
0.768000 0.108800 0.013600
0.783200 0.108800 0.009600
0.799200 0.108800 0.009600
0.823200 0.108800 0.008000
0.849600 0.108800 0.008800
0.760000 0.109600 0.015200
0.837600 0.109600 0.009600
0.871200 0.109600 0.004000
0.878400 0.109600 0.011200
0.890400 0.110400 0.008800
0.103200 0.118400 0.008800
0.082400 0.119200 0.013600
0.119200 0.119200 0.008800
0.133600 0.120800 0.008800
0.148800 0.120800 0.011200
0.164800 0.120800 0.010400
0.176000 0.120800 0.008800
0.157600 0.121600 0.003200
0.191200 0.121600 0.009600
0.205600 0.121600 0.008800
0.220800 0.121600 0.009600
0.248000 0.121600 0.010400
0.233600 0.122400 0.008800
0.264000 0.122400 0.010400
0.278400 0.122400 0.010400
0.914400 0.122400 0.019200
0.292800 0.123200 0.008800
0.305600 0.123200 0.010400
0.322400 0.123200 0.008800
0.335200 0.123200 0.008800
0.370400 0.124000 0.008000
0.347200 0.124800 0.007200
0.358400 0.124800 0.008000
0.390400 0.124800 0.004800
0.398400 0.124800 0.008800
0.428000 0.124800 0.008800
0.381600 0.125600 0.012800
0.412800 0.125600 0.010400
0.440000 0.125600 0.008000
0.453600 0.125600 0.008800
0.547200 0.125600 0.008800
0.595200 0.125600 0.012800
0.470400 0.126400 0.011200
0.582400 0.126400 0.008800
0.484800 0.127200 0.008800
0.496800 0.127200 0.008800
0.525600 0.127200 0.005600
0.534400 0.127200 0.012800
0.560000 0.127200 0.008800
0.572000 0.127200 0.008800
0.602400 0.127200 0.013600
0.622400 0.127200 0.011200
0.515200 0.128000 0.008800
0.611200 0.128000 0.005600
0.504800 0.128800 0.015200
0.641600 0.128800 0.013600
0.764000 0.128800 0.005600
0.712000 0.129600 0.007200
0.785600 0.129600 0.010400
0.653600 0.130400 0.008800
0.667200 0.130400 0.011200
0.700800 0.130400 0.011200
0.722400 0.130400 0.008800
0.756800 0.130400 0.004800
0.770400 0.130400 0.011200
0.681600 0.131200 0.011200
0.688000 0.131200 0.005600
0.748000 0.131200 0.011200
0.863200 0.131200 0.010400
0.880000 0.131200 0.008800
0.797600 0.132000 0.010400
0.812800 0.132000 0.007200
0.824800 0.132000 0.008800
0.837600 0.132000 0.008800
0.848800 0.132000 0.008800
0.892000 0.132000 0.011200
0.734400 0.132800 0.008800
0.082400 0.135200 0.011200
0.917600 0.136000 0.008800
0.124800 0.138400 0.008800
0.139200 0.138400 0.009600
0.155200 0.139200 0.011200
0.101600 0.140000 0.011200
0.112000 0.140000 0.008000
0.172000 0.140000 0.008800
0.182400 0.140800 0.008800
0.195200 0.141600 0.008800
0.207200 0.142400 0.008800
0.218400 0.142400 0.008000
0.230400 0.142400 0.008800
0.247200 0.143200 0.007200
0.256800 0.143200 0.005600
0.264000 0.143200 0.004000
0.282400 0.144000 0.008800
0.271200 0.144800 0.010400
0.289600 0.144800 0.008800
0.300800 0.144800 0.007200
0.312800 0.144800 0.008800
0.324800 0.144800 0.008000
0.336800 0.145600 0.008800
0.352800 0.145600 0.011200
0.369600 0.145600 0.010400
0.412000 0.145600 0.008800
0.441600 0.145600 0.010400
0.456800 0.145600 0.008800
0.469600 0.145600 0.008800
0.383200 0.146400 0.008800
0.396800 0.146400 0.008800
0.425600 0.146400 0.008800
0.483200 0.148000 0.008800
0.496000 0.148000 0.008000
0.539200 0.148000 0.008800
0.082400 0.148800 0.016800
0.508000 0.148800 0.008800
0.552800 0.148800 0.008800
0.604800 0.148800 0.008800
0.521600 0.149600 0.011200
0.564800 0.149600 0.011200
0.570400 0.149600 0.013600
0.580800 0.149600 0.007200
0.592000 0.149600 0.007200
0.619200 0.149600 0.009600
0.636800 0.150400 0.011200
0.672800 0.151200 0.008800
0.700800 0.151200 0.010400
0.763200 0.151200 0.007200
0.773600 0.151200 0.007200
0.919200 0.151200 0.012800
0.656800 0.152000 0.010400
0.685600 0.152000 0.008800
0.749600 0.152000 0.010400
0.808800 0.152000 0.004800
0.816000 0.152000 0.011200
0.861600 0.152000 0.008800
0.716000 0.152800 0.008800
0.726400 0.152800 0.004800
0.733600 0.152800 0.010400
0.784800 0.152800 0.008800
0.798400 0.152800 0.008800
0.826400 0.152800 0.007200
0.840000 0.152800 0.008800
0.849600 0.152800 0.007200
0.886400 0.154400 0.008800
0.897600 0.154400 0.016000
0.874400 0.155200 0.008800
0.080000 0.158400 0.018400
0.101600 0.162400 0.013600
0.109600 0.162400 0.008800
0.132000 0.163200 0.011200
0.138400 0.163200 0.004000
0.147200 0.163200 0.012000
0.165600 0.163200 0.012800
0.174400 0.163200 0.004800
0.183200 0.163200 0.007200
0.121600 0.164000 0.008800
0.192000 0.164000 0.008800
0.206400 0.164000 0.010400
0.221600 0.164000 0.011200
0.280800 0.164000 0.005600
0.264800 0.164800 0.005600
0.272800 0.164800 0.005600
0.240800 0.165600 0.010400
0.253600 0.165600 0.008800
0.290400 0.165600 0.008800
0.303200 0.166400 0.008800
0.338400 0.166400 0.008800
0.315200 0.167200 0.008000
0.326400 0.167200 0.007200
0.351200 0.168000 0.008000
0.363200 0.168000 0.009600
0.377600 0.168000 0.008800
0.390400 0.168000 0.008800
0.433600 0.168000 0.008800
0.445600 0.168000 0.007200
0.918400 0.168000 0.019200
0.408800 0.168800 0.011200
0.421600 0.168800 0.008800
0.455200 0.168800 0.005600
0.463200 0.168800 0.012000
0.482400 0.168800 0.012800
0.402400 0.169600 0.013600
0.477600 0.169600 0.011200
0.520000 0.169600 0.005600
0.509600 0.170400 0.008000
0.585600 0.170400 0.008800
0.497600 0.171200 0.008800
0.527200 0.171200 0.013600
0.537600 0.171200 0.008000
0.550400 0.171200 0.008800
0.561600 0.171200 0.007200
0.570400 0.171200 0.005600
0.576000 0.171200 0.010400
0.598400 0.172000 0.008000
0.648000 0.172000 0.011200
0.608800 0.172800 0.005600
0.617600 0.172800 0.013600
0.629600 0.172800 0.008800
0.641600 0.172800 0.012800
0.736000 0.172800 0.011200
0.081600 0.173600 0.012800
0.663200 0.173600 0.011200
0.708000 0.173600 0.008800
0.726400 0.173600 0.004800
0.764800 0.173600 0.008800
0.817600 0.173600 0.008800
0.694400 0.174400 0.008800
0.718400 0.174400 0.005600
0.752000 0.174400 0.008800
0.776000 0.174400 0.008000
0.790400 0.174400 0.009600
0.804800 0.174400 0.008800
0.851200 0.174400 0.011200
0.679200 0.175200 0.010400
0.869600 0.175200 0.008800
0.833600 0.176800 0.011200
0.880800 0.176800 0.008000
0.892000 0.177600 0.008800
0.917600 0.180000 0.008800
0.080000 0.183200 0.013600
0.122400 0.184800 0.008800
0.100800 0.185600 0.008800
0.136800 0.185600 0.013600
0.111200 0.186400 0.008000
0.146400 0.186400 0.008800
0.176000 0.186400 0.011200
0.188800 0.186400 0.008000
0.220800 0.186400 0.013600
0.227200 0.186400 0.012000
0.158400 0.187200 0.008800
0.171200 0.187200 0.011200
0.242400 0.187200 0.008800
0.270400 0.187200 0.008800
0.300000 0.187200 0.008800
0.354400 0.187200 0.009600
0.200800 0.188000 0.007200
0.209600 0.188000 0.014400
0.255200 0.188000 0.008800
0.282400 0.188000 0.011200
0.339200 0.188000 0.008800
0.313600 0.188800 0.008000
0.324800 0.188800 0.008800
0.429600 0.188800 0.004800
0.080800 0.189600 0.011200
0.367200 0.189600 0.013600
0.374400 0.189600 0.013600
0.385600 0.189600 0.007200
0.393600 0.189600 0.004800
0.436800 0.189600 0.012000
0.402400 0.190400 0.012800
0.413600 0.190400 0.007200
0.422400 0.190400 0.004800
0.460800 0.192000 0.009600
0.504000 0.192000 0.008000
0.560800 0.192000 0.013600
0.573600 0.192000 0.008000
0.584800 0.192000 0.008000
0.599200 0.192000 0.010400
0.616000 0.192000 0.008800
0.448000 0.192800 0.005600
0.477600 0.192800 0.010400
0.492000 0.192800 0.008000
0.516800 0.192800 0.010400
0.539200 0.192800 0.011200
0.552000 0.192800 0.005600
0.633600 0.192800 0.011200
0.648800 0.192800 0.009600
0.662400 0.193600 0.008000
0.691200 0.194400 0.008000
0.791200 0.194400 0.010400
0.859200 0.194400 0.008800
0.916800 0.194400 0.011200
0.680000 0.195200 0.011200
0.708000 0.195200 0.010400
0.720000 0.195200 0.008800
0.804000 0.195200 0.008800
0.844800 0.195200 0.009600
0.895200 0.195200 0.013600
0.672800 0.196000 0.005600
0.732800 0.196000 0.007200
0.744000 0.196000 0.007200
0.759200 0.196000 0.010400
0.773600 0.196000 0.010400
0.811200 0.196000 0.012800
0.817600 0.196000 0.008800
0.828800 0.196000 0.008800
0.872000 0.196000 0.008800
0.883200 0.196000 0.008800
0.752800 0.196800 0.004800
0.080800 0.197600 0.012800
0.102400 0.206400 0.012800
0.136000 0.206400 0.008800
0.120800 0.207200 0.009600
0.175200 0.207200 0.010400
0.148800 0.208000 0.007200
0.160000 0.208000 0.008000
0.188800 0.208800 0.011200
0.196000 0.208800 0.004800
0.208000 0.208800 0.008800
0.219200 0.209600 0.007200
0.229600 0.209600 0.007200
0.241600 0.209600 0.008800
0.258400 0.209600 0.010400
0.270400 0.209600 0.008000
0.281600 0.209600 0.008800
0.297600 0.209600 0.011200
0.324000 0.209600 0.008800
0.916800 0.209600 0.011200
0.311200 0.210400 0.008800
0.337600 0.211200 0.008800
0.081600 0.212000 0.008800
0.351200 0.212000 0.013600
0.381600 0.212000 0.008800
0.398400 0.212000 0.010400
0.412000 0.212000 0.008800
0.424000 0.212000 0.016000
0.430400 0.212000 0.012000
0.368800 0.212800 0.008800
0.444800 0.212800 0.008800
0.504000 0.212800 0.008800
0.517600 0.212800 0.013600
0.597600 0.212800 0.004800
0.458400 0.213600 0.008800
0.472800 0.213600 0.008800
0.526400 0.213600 0.005600
0.535200 0.213600 0.005600
0.543200 0.213600 0.004800
0.562400 0.213600 0.008000
0.572800 0.213600 0.004800
0.612000 0.213600 0.007200
0.623200 0.213600 0.008000
0.488000 0.214400 0.011200
0.551200 0.214400 0.007200
0.589600 0.214400 0.005600
0.604000 0.214400 0.004800
0.658400 0.214400 0.005600
0.580000 0.215200 0.005600
0.636000 0.215200 0.008800
0.648000 0.215200 0.008800
0.679200 0.215200 0.010400
0.694400 0.215200 0.008800
0.706400 0.215200 0.011200
0.665600 0.216000 0.012800
0.720800 0.216000 0.007200
0.732800 0.216000 0.013600
0.749600 0.216000 0.008800
0.787200 0.216000 0.011200
0.841600 0.216000 0.008000
0.760000 0.216800 0.007200
0.771200 0.216800 0.008000
0.816000 0.216800 0.009600
0.801600 0.217600 0.008800
0.829600 0.217600 0.008800
0.852000 0.218400 0.007200
0.864800 0.219200 0.009600
0.893600 0.219200 0.011200
0.880800 0.220000 0.011200
0.080000 0.224800 0.016800
0.917600 0.226400 0.010400
0.079200 0.233600 0.020800
0.919200 0.242400 0.013600
0.080800 0.248000 0.016800
0.102400 0.251200 0.010400
0.116000 0.252000 0.008800
0.132000 0.252800 0.013600
0.140800 0.252800 0.005600
0.150400 0.252800 0.008800
0.370400 0.252800 0.011200
0.165600 0.253600 0.011200
0.230400 0.254400 0.008800
0.310400 0.254400 0.011200
0.327200 0.254400 0.011200
0.468800 0.254400 0.008800
0.478400 0.254400 0.005600
0.506400 0.254400 0.013600
0.512800 0.254400 0.012800
0.529600 0.254400 0.011200
0.178400 0.255200 0.011200
0.193600 0.255200 0.008800
0.206400 0.255200 0.008000
0.217600 0.255200 0.008800
0.260000 0.255200 0.008800
0.281600 0.255200 0.016800
0.295200 0.255200 0.008800
0.340000 0.255200 0.008800
0.354400 0.255200 0.009600
0.388000 0.255200 0.012800
0.488000 0.255200 0.013600
0.497600 0.255200 0.005600
0.545600 0.255200 0.011200
0.560000 0.255200 0.008800
0.240800 0.256000 0.016800
0.576800 0.256000 0.016800
0.587200 0.256000 0.008000
0.598400 0.256000 0.008800
0.247200 0.256800 0.012000
0.420000 0.256800 0.008800
0.432000 0.256800 0.008800
0.444000 0.256800 0.013600
0.452000 0.256800 0.004000
0.458400 0.256800 0.011200
0.630400 0.256800 0.006400
0.675200 0.256800 0.012800
0.757600 0.256800 0.008800
0.852800 0.256800 0.013600
0.404800 0.257600 0.011200
0.620800 0.257600 0.005600
0.640800 0.257600 0.008800
0.770400 0.257600 0.008800
0.781600 0.257600 0.008800
0.808000 0.257600 0.007200
0.864800 0.257600 0.008800
0.610400 0.258400 0.008000
0.656800 0.258400 0.011200
0.688800 0.258400 0.008800
0.699200 0.258400 0.007200
0.727200 0.258400 0.011200
0.743200 0.258400 0.008800
0.796800 0.258400 0.011200
0.820000 0.258400 0.008800
0.833600 0.258400 0.009600
0.892800 0.258400 0.011200
0.917600 0.258400 0.011200
0.082400 0.259200 0.007200
0.710400 0.259200 0.008800
0.879200 0.259200 0.011200
0.918400 0.265600 0.004000
0.920000 0.273600 0.012800
0.104800 0.274400 0.011200
0.147200 0.275200 0.014400
0.168000 0.275200 0.009600
0.120800 0.276000 0.011200
0.155200 0.276000 0.013600
0.134400 0.276800 0.008800
0.203200 0.276800 0.009600
0.216800 0.276800 0.007200
0.252800 0.276800 0.008800
0.319200 0.276800 0.008800
0.332000 0.276800 0.008000
0.344000 0.276800 0.008000
0.358400 0.276800 0.010400
0.504800 0.276800 0.011200
0.179200 0.277600 0.004800
0.228000 0.277600 0.007200
0.239200 0.277600 0.008000
0.266400 0.277600 0.008800
0.297600 0.277600 0.007200
0.307200 0.277600 0.007200
0.540800 0.277600 0.004800
0.549600 0.277600 0.012800
0.188800 0.278400 0.008800
0.281600 0.278400 0.010400
0.376000 0.278400 0.010400
0.391200 0.278400 0.009600
0.405600 0.278400 0.007200
0.416000 0.278400 0.007200
0.424000 0.278400 0.004800
0.436000 0.278400 0.009600
0.477600 0.278400 0.008000
0.489600 0.278400 0.008800
0.517600 0.278400 0.008800
0.532000 0.278400 0.008000
0.562400 0.278400 0.008800
0.574400 0.278400 0.008800
0.589600 0.278400 0.010400
0.616000 0.278400 0.005600
0.633600 0.278400 0.012800
0.648800 0.278400 0.005600
0.691200 0.278400 0.008000
0.748000 0.278400 0.010400
0.079200 0.279200 0.021600
0.452000 0.279200 0.010400
0.466400 0.279200 0.008800
0.605600 0.279200 0.008800
0.624000 0.279200 0.004800
0.655200 0.279200 0.011200
0.679200 0.279200 0.008800
0.702400 0.279200 0.007200
0.713600 0.279200 0.007200
0.726400 0.279200 0.008800
0.763200 0.279200 0.008800
0.788800 0.279200 0.008800
0.829600 0.279200 0.009600
0.840800 0.279200 0.007200
0.777600 0.280000 0.008800
0.800800 0.280000 0.008800
0.813600 0.280000 0.008800
0.848800 0.280000 0.013600
0.861600 0.280000 0.008800
0.874400 0.280000 0.008800
0.666400 0.280800 0.008000
0.892000 0.280800 0.012000
0.918400 0.284800 0.004000
0.920000 0.291200 0.011200
0.080800 0.293600 0.008800
0.104000 0.296000 0.010400
0.151200 0.296000 0.010400
0.167200 0.296000 0.008800
0.225600 0.296000 0.004800
0.236800 0.296000 0.009600
0.256800 0.296000 0.011200
0.269600 0.296000 0.008000
0.408000 0.296000 0.008800
0.120000 0.296800 0.011200
0.137600 0.296800 0.008800
0.217600 0.296800 0.011200
0.178400 0.297600 0.007200
0.189600 0.297600 0.008000
0.204000 0.297600 0.008800
0.281600 0.297600 0.007200
0.326400 0.297600 0.008800
0.345600 0.297600 0.011200
0.360000 0.297600 0.008000
0.393600 0.297600 0.008800
0.530400 0.297600 0.008800
0.542400 0.297600 0.008800
0.293600 0.298400 0.008800
0.308000 0.298400 0.011200
0.424800 0.298400 0.010400
0.514400 0.298400 0.010400
0.571200 0.298400 0.012800
0.598400 0.298400 0.005600
0.764000 0.298400 0.013600
0.370400 0.299200 0.005600
0.438400 0.299200 0.008800
0.470400 0.299200 0.008000
0.491200 0.299200 0.007200
0.501600 0.299200 0.008000
0.560000 0.299200 0.008800
0.576800 0.299200 0.011200
0.588800 0.299200 0.008800
0.607200 0.299200 0.007200
0.620800 0.299200 0.008800
0.636000 0.299200 0.008800
0.665600 0.299200 0.008800
0.692800 0.299200 0.013600
0.716000 0.299200 0.011200
0.732000 0.299200 0.009600
0.756000 0.299200 0.004800
0.877600 0.299200 0.009600
0.378400 0.300000 0.012000
0.456000 0.300000 0.009600
0.481600 0.300000 0.005600
0.679200 0.300000 0.008800
0.701600 0.300000 0.005600
0.748000 0.300000 0.011200
0.787200 0.300000 0.009600
0.799200 0.300000 0.011200
0.652000 0.300800 0.009600
0.771200 0.300800 0.012000
0.804000 0.300800 0.011200
0.814400 0.300800 0.011200
0.831200 0.300800 0.013600
0.893600 0.300800 0.011200
0.820000 0.302400 0.011200
0.850400 0.302400 0.008800
0.863200 0.302400 0.008800
0.922400 0.306400 0.009600
0.080000 0.307200 0.008800
0.124800 0.315200 0.008800
0.106400 0.316000 0.011200
0.308800 0.316000 0.009600
0.137600 0.317600 0.008800
0.268000 0.317600 0.009600
0.281600 0.317600 0.008000
0.292800 0.317600 0.008800
0.324000 0.317600 0.008800
0.337600 0.317600 0.012000
0.342400 0.317600 0.011200
0.148800 0.318400 0.008800
0.193600 0.318400 0.008800
0.207200 0.318400 0.008800
0.240800 0.318400 0.008800
0.252800 0.318400 0.008800
0.356000 0.318400 0.011200
0.388800 0.318400 0.011200
0.459200 0.318400 0.004800
0.080800 0.319200 0.011200
0.158400 0.319200 0.008800
0.219200 0.319200 0.007200
0.229600 0.319200 0.007200
0.372800 0.319200 0.011200
0.404800 0.319200 0.012000
0.424000 0.319200 0.008800
0.437600 0.319200 0.008800
0.449600 0.319200 0.008000
0.484800 0.319200 0.008800
0.496800 0.319200 0.008800
0.509600 0.319200 0.008800
0.522400 0.319200 0.008800
0.537600 0.319200 0.010400
0.924000 0.319200 0.008800
0.172000 0.320000 0.008800
0.466400 0.320000 0.012000
0.476800 0.320000 0.004800
0.551200 0.320000 0.008800
0.183200 0.320800 0.007200
0.566400 0.320800 0.009600
0.583200 0.320800 0.011200
0.604800 0.320800 0.012800
0.620800 0.321600 0.013600
0.718400 0.321600 0.008800
0.728800 0.321600 0.016000
0.740800 0.321600 0.005600
0.750400 0.321600 0.012800
0.596000 0.322400 0.004800
0.628000 0.322400 0.015200
0.661600 0.322400 0.011200
0.675200 0.322400 0.008800
0.688800 0.322400 0.008800
0.703200 0.322400 0.011200
0.764000 0.322400 0.008800
0.644000 0.323200 0.011200
0.775200 0.323200 0.008800
0.873600 0.323200 0.008800
0.887200 0.323200 0.008800
0.788000 0.324000 0.008800
0.819200 0.324000 0.008800
0.832000 0.324000 0.008800
0.844000 0.324000 0.008800
0.861600 0.324000 0.008800
0.900800 0.324000 0.011200
0.801600 0.324800 0.013600
0.852800 0.324800 0.004800
0.081600 0.325600 0.005600
0.922400 0.331200 0.008000
0.080800 0.334400 0.013600
0.106400 0.336800 0.013600
0.118400 0.336800 0.008800
0.130400 0.336800 0.007200
0.140800 0.336800 0.008800
0.155200 0.338400 0.009600
0.196000 0.338400 0.008800
0.249600 0.338400 0.009600
0.263200 0.338400 0.008800
0.309600 0.338400 0.008800
0.331200 0.338400 0.008800
0.169600 0.339200 0.008000
0.181600 0.339200 0.008800
0.210400 0.339200 0.008800
0.233600 0.339200 0.011200
0.281600 0.339200 0.011200
0.342400 0.339200 0.008800
0.355200 0.339200 0.008800
0.387200 0.339200 0.008800
0.477600 0.339200 0.008800
0.297600 0.340000 0.008800
0.323200 0.340000 0.015200
0.367200 0.340000 0.011200
0.374400 0.340000 0.012800
0.400800 0.340000 0.008800
0.416000 0.340000 0.011200
0.434400 0.340000 0.009600
0.492800 0.340000 0.011200
0.532000 0.340000 0.011200
0.223200 0.340800 0.008800
0.451200 0.340800 0.010400
0.464800 0.340800 0.008800
0.515200 0.340800 0.013600
0.080800 0.341600 0.016800
0.547200 0.341600 0.010400
0.526400 0.342400 0.012800
0.577600 0.342400 0.010400
0.594400 0.343200 0.008800
0.604800 0.343200 0.005600
0.562400 0.344000 0.009600
0.613600 0.344000 0.007200
0.622400 0.345600 0.007200
0.922400 0.345600 0.011200
0.082400 0.353600 0.008800
0.107200 0.358400 0.011200
0.123200 0.358400 0.008800
0.166400 0.358400 0.011200
0.193600 0.358400 0.011200
0.921600 0.358400 0.016800
0.135200 0.359200 0.008800
0.148000 0.359200 0.011200
0.181600 0.359200 0.008800
0.255200 0.359200 0.010400
0.268000 0.359200 0.008000
0.209600 0.360000 0.007200
0.282400 0.360000 0.010400
0.371200 0.360000 0.008800
0.222400 0.360800 0.008800
0.299200 0.360800 0.008000
0.310400 0.360800 0.008000
0.322400 0.360800 0.007200
0.336800 0.360800 0.010400
0.357600 0.360800 0.008800
0.384800 0.360800 0.008000
0.432800 0.360800 0.008800
0.504800 0.360800 0.009600
0.517600 0.360800 0.009600
0.573600 0.360800 0.010400
0.236800 0.361600 0.009600
0.348000 0.361600 0.007200
0.396000 0.361600 0.005600
0.420000 0.361600 0.011200
0.445600 0.361600 0.010400
0.460800 0.361600 0.008800
0.473600 0.361600 0.008800
0.487200 0.361600 0.009600
0.544000 0.361600 0.008000
0.644000 0.361600 0.011200
0.676000 0.361600 0.011200
0.404800 0.362400 0.005600
0.412800 0.362400 0.004800
0.532000 0.362400 0.008800
0.556800 0.362400 0.008000
0.603200 0.362400 0.008800
0.616000 0.362400 0.008000
0.690400 0.362400 0.008800
0.712000 0.362400 0.015200
0.726400 0.362400 0.008800
0.588800 0.363200 0.008800
0.628000 0.363200 0.008800
0.659200 0.363200 0.011200
0.701600 0.363200 0.018400
0.743200 0.363200 0.010400
0.755200 0.363200 0.008800
0.770400 0.364000 0.011200
0.785600 0.364000 0.011200
0.800800 0.364000 0.010400
0.864800 0.364000 0.011200
0.900000 0.364000 0.012000
0.084000 0.364800 0.016800
0.815200 0.364800 0.008800
0.831200 0.364800 0.011200
0.847200 0.364800 0.010400
0.881600 0.364800 0.011200
0.923200 0.368800 0.008800
0.249600 0.378400 0.010400
0.105600 0.379200 0.009600
0.267200 0.379200 0.011200
0.284800 0.379200 0.010400
0.118400 0.380000 0.008000
0.131200 0.380000 0.008800
0.139200 0.380000 0.008800
0.220000 0.380000 0.010400
0.297600 0.380000 0.008800
0.152800 0.380800 0.009600
0.198400 0.380800 0.008800
0.207200 0.380800 0.005600
0.235200 0.380800 0.008000
0.310400 0.380800 0.008800
0.373600 0.380800 0.008800
0.390400 0.380800 0.010400
0.166400 0.381600 0.008800
0.180000 0.381600 0.011200
0.325600 0.381600 0.008800
0.347200 0.381600 0.008800
0.360800 0.381600 0.008800
0.080800 0.382400 0.011200
0.338400 0.382400 0.008800
0.460000 0.382400 0.008000
0.472800 0.382400 0.008000
0.484000 0.382400 0.007200
0.505600 0.382400 0.008000
0.556800 0.382400 0.008800
0.591200 0.382400 0.008800
0.923200 0.382400 0.013600
0.403200 0.383200 0.008800
0.417600 0.383200 0.008800
0.430400 0.383200 0.008800
0.445600 0.383200 0.010400
0.494400 0.383200 0.007200
0.517600 0.383200 0.011200
0.532800 0.383200 0.008800
0.544800 0.383200 0.008000
0.572800 0.383200 0.011200
0.613600 0.383200 0.011200
0.632000 0.383200 0.011200
0.730400 0.383200 0.008800
0.665600 0.384000 0.008800
0.716800 0.384000 0.009600
0.744800 0.384000 0.008800
0.760800 0.384000 0.009600
0.652000 0.384800 0.010400
0.680800 0.384800 0.011200
0.774400 0.384800 0.007200
0.784000 0.384800 0.008800
0.818400 0.384800 0.011200
0.870400 0.384800 0.012800
0.701600 0.385600 0.008800
0.853600 0.385600 0.011200
0.894400 0.385600 0.012800
0.800000 0.386400 0.011200
0.834400 0.386400 0.011200
0.081600 0.396000 0.011200
0.116000 0.398400 0.008800
0.104000 0.399200 0.008800
0.132800 0.399200 0.009600
0.147200 0.400800 0.011200
0.177600 0.400800 0.009600
0.195200 0.400800 0.010400
0.234400 0.400800 0.005600
0.244000 0.400800 0.011200
0.163200 0.401600 0.008800
0.212000 0.401600 0.010400
0.226400 0.401600 0.011200
0.260800 0.401600 0.008800
0.277600 0.401600 0.010400
0.919200 0.401600 0.011200
0.293600 0.402400 0.008800
0.304800 0.402400 0.007200
0.445600 0.402400 0.008000
0.459200 0.402400 0.008800
0.315200 0.403200 0.007200
0.324000 0.403200 0.005600
0.332000 0.403200 0.007200
0.343200 0.403200 0.007200
0.377600 0.403200 0.007200
0.403200 0.403200 0.010400
0.416800 0.403200 0.008800
0.432800 0.403200 0.009600
0.352800 0.404000 0.005600
0.364800 0.404000 0.008800
0.388000 0.404000 0.007200
0.473600 0.404000 0.008800
0.487200 0.404800 0.008800
0.499200 0.404800 0.008800
0.512000 0.404800 0.007200
0.521600 0.404800 0.007200
0.603200 0.405600 0.010400
0.616800 0.405600 0.008800
0.630400 0.405600 0.008800
0.642400 0.405600 0.008000
0.653600 0.405600 0.008800
0.668000 0.405600 0.010400
0.682400 0.405600 0.008000
0.693600 0.405600 0.007200
0.707200 0.405600 0.008800
0.556000 0.406400 0.008800
0.570400 0.406400 0.009600
0.586400 0.406400 0.011200
0.597600 0.406400 0.012800
0.720800 0.406400 0.008800
0.733600 0.406400 0.008800
0.746400 0.406400 0.007200
0.756000 0.406400 0.005600
0.782400 0.407200 0.008800
0.799200 0.407200 0.010400
0.813600 0.407200 0.011200
0.822400 0.407200 0.005600
0.832800 0.407200 0.008000
0.844000 0.407200 0.008000
0.856800 0.407200 0.008800
0.884000 0.407200 0.008000
0.896800 0.407200 0.008800
0.541600 0.408000 0.012800
0.768800 0.408000 0.008800
0.872000 0.408000 0.008800
0.082400 0.412000 0.008800
0.923200 0.414400 0.007200
0.124000 0.423200 0.008800
0.386400 0.423200 0.010400
0.108800 0.424000 0.012800
0.244000 0.424000 0.009600
0.297600 0.424000 0.008800
0.353600 0.424000 0.009600
0.369600 0.424000 0.008800
0.083200 0.424800 0.008800
0.136000 0.424800 0.007200
0.169600 0.424800 0.008800
0.183200 0.424800 0.008800
0.228800 0.424800 0.011200
0.255200 0.424800 0.005600
0.264000 0.424800 0.007200
0.275200 0.424800 0.008800
0.286400 0.424800 0.007200
0.310400 0.424800 0.008800
0.323200 0.424800 0.008800
0.337600 0.424800 0.010400
0.464800 0.424800 0.011200
0.147200 0.425600 0.007200
0.158400 0.425600 0.008000
0.196800 0.425600 0.008800
0.212000 0.425600 0.009600
0.398400 0.425600 0.011200
0.404000 0.425600 0.011200
0.416800 0.425600 0.008800
0.448000 0.425600 0.008800
0.496000 0.425600 0.008800
0.512800 0.425600 0.010400
0.526400 0.425600 0.010400
0.434400 0.426400 0.010400
0.505600 0.426400 0.004000
0.574400 0.426400 0.010400
0.590400 0.426400 0.008800
0.604800 0.426400 0.008800
0.628000 0.426400 0.005600
0.922400 0.426400 0.015200
0.481600 0.427200 0.010400
0.562400 0.427200 0.008800
0.618400 0.427200 0.008800
0.637600 0.427200 0.007200
0.784000 0.427200 0.004800
0.549600 0.428000 0.011200
0.648800 0.428000 0.008800
0.663200 0.428000 0.008800
0.676800 0.428000 0.008800
0.776000 0.428000 0.005600
0.790400 0.428000 0.011200
0.799200 0.428000 0.005600
0.808800 0.428000 0.011200
0.824000 0.428000 0.008800
0.835200 0.428000 0.007200
0.848000 0.428000 0.009600
0.879200 0.428000 0.005600
0.688800 0.428800 0.008000
0.736000 0.428800 0.011200
0.754400 0.428800 0.008800
0.766400 0.428800 0.007200
0.872000 0.428800 0.013600
0.888800 0.428800 0.008800
0.901600 0.428800 0.011200
0.700000 0.429600 0.008800
0.720000 0.429600 0.012800
0.861600 0.429600 0.008800
0.924800 0.436800 0.005600
0.268000 0.444800 0.005600
0.332800 0.444800 0.004800
0.256800 0.445600 0.008800
0.275200 0.445600 0.012800
0.326400 0.445600 0.004800
0.339200 0.445600 0.010400
0.417600 0.445600 0.010400
0.433600 0.445600 0.009600
0.180800 0.446400 0.008800
0.227200 0.446400 0.008000
0.240800 0.446400 0.010400
0.316800 0.446400 0.008000
0.366400 0.446400 0.008800
0.378400 0.446400 0.011200
0.448800 0.446400 0.008800
0.464000 0.446400 0.008800
0.518400 0.446400 0.012800
0.108000 0.447200 0.011200
0.121600 0.447200 0.008800
0.148000 0.447200 0.008000
0.157600 0.447200 0.008800
0.169600 0.447200 0.008000
0.196800 0.447200 0.011200
0.215200 0.447200 0.008800
0.302400 0.447200 0.008800
0.354400 0.447200 0.008800
0.492800 0.447200 0.008800
0.506400 0.447200 0.008800
0.619200 0.447200 0.008800
0.922400 0.447200 0.019200
0.082400 0.448000 0.016800
0.136000 0.448000 0.008800
0.398400 0.448000 0.010400
0.477600 0.448000 0.008800
0.524000 0.448000 0.012800
0.533600 0.448000 0.005600
0.542400 0.448000 0.007200
0.588800 0.448000 0.009600
0.634400 0.448000 0.008800
0.649600 0.448000 0.008800
0.660800 0.448000 0.005600
0.736800 0.448000 0.008800
0.804800 0.448000 0.008800
0.815200 0.448000 0.005600
0.289600 0.448800 0.009600
0.554400 0.448800 0.008800
0.572800 0.448800 0.012000
0.668800 0.448800 0.011200
0.692800 0.448800 0.008800
0.724000 0.448800 0.007200
0.749600 0.448800 0.008800
0.758400 0.448800 0.005600
0.768000 0.448800 0.008000
0.791200 0.448800 0.008800
0.821600 0.448800 0.011200
0.850400 0.448800 0.008000
0.604000 0.449600 0.008800
0.714400 0.449600 0.013600
0.778400 0.449600 0.008000
0.837600 0.449600 0.008800
0.864800 0.449600 0.009600
0.878400 0.449600 0.008800
0.892000 0.449600 0.011200
0.681600 0.450400 0.008000
0.708000 0.450400 0.011200
0.923200 0.461600 0.011200
0.081600 0.462400 0.016800
0.135200 0.465600 0.008800
0.159200 0.465600 0.007200
0.104800 0.466400 0.008800
0.117600 0.466400 0.010400
0.148000 0.467200 0.008000
0.170400 0.467200 0.011200
0.176000 0.467200 0.011200
0.187200 0.467200 0.008800
0.199200 0.467200 0.007200
0.288000 0.467200 0.004800
0.408800 0.467200 0.010400
0.424800 0.467200 0.010400
0.438400 0.467200 0.011200
0.269600 0.468000 0.007200
0.280000 0.468000 0.011200
0.296000 0.468000 0.011200
0.315200 0.468000 0.011200
0.373600 0.468000 0.008800
0.395200 0.468000 0.005600
0.455200 0.468000 0.008800
0.467200 0.468000 0.007200
0.210400 0.468800 0.008000
0.223200 0.468800 0.008800
0.256800 0.468800 0.008800
0.307200 0.468800 0.004800
0.330400 0.468800 0.011200
0.348000 0.468800 0.008800
0.361600 0.468800 0.008800
0.385600 0.468800 0.007200
0.446400 0.468800 0.004800
0.476800 0.468800 0.008800
0.490400 0.468800 0.008800
0.559200 0.468800 0.008800
0.503200 0.469600 0.008000
0.514400 0.469600 0.008800
0.528000 0.469600 0.011200
0.536000 0.469600 0.004800
0.544800 0.469600 0.008800
0.571200 0.469600 0.007200
0.646400 0.469600 0.010400
0.660800 0.469600 0.008800
0.672800 0.469600 0.008800
0.684800 0.469600 0.009600
0.699200 0.469600 0.007200
0.736000 0.469600 0.008000
0.775200 0.469600 0.007200
0.787200 0.469600 0.008800
0.595200 0.470400 0.005600
0.601600 0.470400 0.011200
0.616000 0.470400 0.009600
0.631200 0.470400 0.008800
0.709600 0.470400 0.008800
0.724000 0.470400 0.008800
0.764000 0.470400 0.008800
0.801600 0.470400 0.008800
0.830400 0.470400 0.008800
0.842400 0.470400 0.008000
0.896000 0.470400 0.012800
0.082400 0.471200 0.015200
0.240000 0.471200 0.011200
0.582400 0.471200 0.008800
0.748800 0.471200 0.008800
0.811200 0.471200 0.004800
0.820000 0.471200 0.007200
0.855200 0.471200 0.008800
0.880000 0.471200 0.008800
0.866400 0.472000 0.008800
0.924800 0.476000 0.011200
0.100800 0.485600 0.018400
0.112000 0.487200 0.008800
0.278400 0.487200 0.011200
0.293600 0.487200 0.010400
0.412000 0.487200 0.010400
0.123200 0.488000 0.013600
0.155200 0.488000 0.011200
0.165600 0.488000 0.007200
0.260000 0.488000 0.008800
0.270400 0.488000 0.004800
0.308800 0.488000 0.008800
0.322400 0.488000 0.008800
0.396800 0.488000 0.008800
0.459200 0.488000 0.008800
0.128800 0.488800 0.011200
0.139200 0.488800 0.008800
0.149600 0.488800 0.013600
0.176000 0.488800 0.008800
0.188800 0.488800 0.011200
0.332800 0.488800 0.004000
0.340000 0.488800 0.011200
0.425600 0.488800 0.008800
0.437600 0.488800 0.007200
0.447200 0.488800 0.008800
0.480000 0.488800 0.005600
0.219200 0.489600 0.008800
0.228800 0.489600 0.005600
0.352000 0.489600 0.008800
0.471200 0.489600 0.005600
0.492000 0.489600 0.008000
0.511200 0.489600 0.005600
0.517600 0.489600 0.011200
0.525600 0.489600 0.005600
0.532800 0.489600 0.005600
0.542400 0.489600 0.008800
0.565600 0.489600 0.005600
0.797600 0.489600 0.008800
0.204800 0.490400 0.011200
0.246400 0.490400 0.008800
0.365600 0.490400 0.009600
0.384000 0.490400 0.011200
0.503200 0.490400 0.005600
0.556000 0.490400 0.016800
0.757600 0.490400 0.011200
0.808800 0.490400 0.015200
0.817600 0.490400 0.005600
0.827200 0.490400 0.007200
0.840000 0.490400 0.010400
0.575200 0.491200 0.008800
0.586400 0.491200 0.008800
0.639200 0.491200 0.008800
0.653600 0.491200 0.008800
0.665600 0.491200 0.011200
0.684000 0.491200 0.010400
0.697600 0.491200 0.011200
0.727200 0.491200 0.009600
0.740800 0.491200 0.010400
0.772000 0.491200 0.008800
0.784800 0.491200 0.008800
0.856800 0.491200 0.008800
0.871200 0.491200 0.008800
0.235200 0.492000 0.011200
0.600800 0.492000 0.009600
0.627200 0.492000 0.005600
0.887200 0.492000 0.010400
0.711200 0.492800 0.008800
0.901600 0.492800 0.012800
0.616800 0.493600 0.011200
0.910400 0.493600 0.004800
0.919200 0.493600 0.008800
0.931200 0.493600 0.008800
0.948800 0.494400 0.013600
0.336800 0.512800 0.012000
0.928000 0.526400 0.020800
0.942400 0.528000 0.008800
0.952800 0.531200 0.007200
0.962400 0.532800 0.015200
