0.272800 0.060800 0.025600
0.175200 0.062400 0.019200
0.239200 0.062400 0.011200
0.256000 0.062400 0.011200
0.221600 0.064000 0.013600
0.200000 0.064800 0.012800
0.841600 0.065600 0.024800
0.859200 0.065600 0.016800
0.108000 0.071200 0.020800
0.925600 0.078400 0.011200
0.907200 0.081600 0.008800
0.106400 0.085600 0.008800
0.880000 0.093600 0.016000
0.906400 0.093600 0.013600
0.836800 0.094400 0.010400
0.717600 0.095200 0.011200
0.748800 0.095200 0.011200
0.850400 0.095200 0.008800
0.673600 0.096000 0.011200
0.689600 0.096000 0.008800
0.700800 0.096000 0.008800
0.732000 0.096000 0.011200
0.764000 0.096000 0.008800
0.800800 0.096000 0.004000
0.808000 0.096000 0.011200
0.821600 0.096000 0.008800
0.860800 0.096000 0.005600
0.868000 0.096000 0.005600
0.926400 0.096000 0.011200
0.791200 0.096800 0.008800
0.107200 0.097600 0.011200
0.544800 0.097600 0.009600
0.577600 0.097600 0.012800
0.625600 0.097600 0.008800
0.657600 0.097600 0.011200
0.777600 0.097600 0.009600
0.368800 0.098400 0.008000
0.395200 0.098400 0.011200
0.410400 0.098400 0.009600
0.480800 0.098400 0.010400
0.561600 0.098400 0.010400
0.636000 0.098400 0.004800
0.644800 0.098400 0.012800
0.135200 0.099200 0.008800
0.151200 0.099200 0.011200
0.380800 0.099200 0.008800
0.423200 0.099200 0.008800
0.435200 0.099200 0.007200
0.495200 0.099200 0.008800
0.506400 0.099200 0.007200
0.518400 0.099200 0.008800
0.532000 0.099200 0.008000
0.597600 0.099200 0.011200
0.124000 0.100000 0.008800
0.166400 0.100000 0.008800
0.177600 0.100000 0.011200
0.193600 0.100000 0.008800
0.205600 0.100000 0.008800
0.244800 0.100000 0.009600
0.307200 0.100000 0.011200
0.320000 0.100000 0.008800
0.445600 0.100000 0.007200
0.468000 0.100000 0.008800
0.612000 0.100000 0.008800
0.218400 0.100800 0.008800
0.230400 0.100800 0.008800
0.257600 0.100800 0.008800
0.328000 0.100800 0.005600
0.336800 0.100800 0.011200
0.348800 0.100800 0.007200
0.358400 0.100800 0.007200
0.457600 0.100800 0.007200
0.288800 0.101600 0.011200
0.300000 0.101600 0.016000
0.272000 0.102400 0.011200
0.924800 0.108800 0.008800
0.106400 0.109600 0.010400
0.907200 0.112000 0.008800
0.104800 0.116000 0.004800
0.865600 0.116800 0.008800
0.880000 0.116800 0.013600
0.828800 0.118400 0.005600
0.836800 0.118400 0.012800
0.850400 0.118400 0.008800
0.708000 0.119200 0.008800
0.820000 0.119200 0.005600
0.459200 0.120000 0.009600
0.475200 0.120000 0.010400
0.572800 0.120000 0.011200
0.646400 0.120000 0.011200
0.661600 0.120000 0.010400
0.676000 0.120000 0.012800
0.694400 0.120000 0.008800
0.721600 0.120000 0.008800
0.761600 0.120000 0.007200
0.772000 0.120000 0.005600
0.780800 0.120000 0.005600
0.788000 0.120000 0.011200
0.799200 0.120000 0.008800
0.408800 0.120800 0.009600
0.442400 0.120800 0.011200
0.540000 0.120800 0.011200
0.557600 0.120800 0.010400
0.734400 0.120800 0.008000
0.748000 0.120800 0.009600
0.812000 0.120800 0.013600
0.492800 0.121600 0.011200
0.511200 0.121600 0.011200
0.526400 0.121600 0.008800
0.605600 0.121600 0.007200
0.616000 0.121600 0.010400
0.631200 0.121600 0.008800
0.124000 0.122400 0.011200
0.180800 0.122400 0.013600
0.201600 0.122400 0.010400
0.358400 0.122400 0.012800
0.368800 0.122400 0.008000
0.379200 0.122400 0.012800
0.395200 0.122400 0.005600
0.424800 0.122400 0.010400
0.585600 0.122400 0.008800
0.595200 0.122400 0.008800
0.142400 0.123200 0.011200
0.186400 0.123200 0.012800
0.297600 0.123200 0.005600
0.308800 0.123200 0.008000
0.320000 0.123200 0.005600
0.341600 0.123200 0.007200
0.350400 0.123200 0.004800
0.388000 0.123200 0.004800
0.925600 0.123200 0.008800
0.106400 0.124000 0.011200
0.156800 0.124000 0.008800
0.168000 0.124000 0.008800
0.219200 0.124000 0.010400
0.236000 0.124000 0.010400
0.249600 0.124000 0.007200
0.259200 0.124000 0.005600
0.288000 0.124000 0.008000
0.330400 0.124000 0.008800
0.907200 0.124000 0.008800
0.270400 0.124800 0.013600
0.907200 0.134400 0.007200
0.927200 0.135200 0.011200
0.874400 0.138400 0.013600
0.106400 0.139200 0.009600
0.736000 0.139200 0.008800
0.777600 0.139200 0.011200
0.806400 0.139200 0.008800
0.822400 0.139200 0.008800
0.835200 0.139200 0.008800
0.848000 0.139200 0.008800
0.864000 0.139200 0.008800
0.748800 0.140000 0.008000
0.760800 0.140000 0.008000
0.771200 0.140000 0.005600
0.792000 0.140000 0.009600
0.721600 0.140800 0.008800
0.580000 0.141600 0.011200
0.597600 0.141600 0.009600
0.689600 0.141600 0.005600
0.707200 0.141600 0.011200
0.447200 0.142400 0.010400
0.547200 0.142400 0.009600
0.611200 0.142400 0.008800
0.624000 0.142400 0.008800
0.644000 0.142400 0.005600
0.679200 0.142400 0.008800
0.700000 0.142400 0.008800
0.500000 0.143200 0.011200
0.505600 0.143200 0.013600
0.529600 0.143200 0.011200
0.563200 0.143200 0.009600
0.636000 0.143200 0.012800
0.667200 0.143200 0.008800
0.462400 0.144000 0.013600
0.471200 0.144000 0.007200
0.486400 0.144000 0.011200
0.515200 0.144000 0.011200
0.654400 0.144000 0.008800
0.928000 0.144000 0.003200
0.362400 0.144800 0.011200
0.384000 0.144800 0.005600
0.410400 0.144800 0.010400
0.908000 0.144800 0.013600
0.219200 0.145600 0.008800
0.240000 0.145600 0.013600
0.252000 0.145600 0.008800
0.308800 0.145600 0.007200
0.375200 0.145600 0.014400
0.395200 0.145600 0.008800
0.428800 0.145600 0.012000
0.231200 0.146400 0.007200
0.297600 0.146400 0.008800
0.318400 0.146400 0.008800
0.124000 0.147200 0.011200
0.175200 0.147200 0.005600
0.181600 0.147200 0.005600
0.189600 0.147200 0.005600
0.199200 0.147200 0.014400
0.206400 0.147200 0.012800
0.266400 0.147200 0.008800
0.283200 0.147200 0.011200
0.330400 0.147200 0.008800
0.344800 0.147200 0.011200
0.137600 0.148000 0.008800
0.151200 0.148000 0.008800
0.164800 0.148000 0.008800
0.928800 0.152000 0.013600
0.104800 0.153600 0.008800
0.853600 0.157600 0.008800
0.837600 0.158400 0.010400
0.810400 0.160000 0.008800
0.821600 0.160000 0.008000
0.869600 0.160000 0.011200
0.757600 0.160800 0.009600
0.794400 0.160800 0.010400
0.770400 0.161600 0.007200
0.780800 0.161600 0.008000
0.909600 0.161600 0.011200
0.692800 0.162400 0.007200
0.704800 0.162400 0.008000
0.716800 0.162400 0.007200
0.733600 0.162400 0.005600
0.743200 0.162400 0.008800
0.665600 0.163200 0.010400
0.681600 0.163200 0.008800
0.727200 0.163200 0.013600
0.105600 0.164000 0.012800
0.652800 0.164000 0.008800
0.928800 0.164000 0.008800
0.599200 0.164800 0.011200
0.611200 0.164800 0.008800
0.624000 0.164800 0.008800
0.640000 0.164800 0.009600
0.584800 0.165600 0.004800
0.591200 0.165600 0.004800
0.502400 0.166400 0.008800
0.517600 0.166400 0.008800
0.531200 0.166400 0.008800
0.546400 0.166400 0.009600
0.576000 0.166400 0.011200
0.400000 0.167200 0.004800
0.480800 0.167200 0.004800
0.489600 0.167200 0.008800
0.560000 0.167200 0.010400
0.367200 0.168000 0.005600
0.376800 0.168000 0.007200
0.406400 0.168000 0.004800
0.415200 0.168000 0.007200
0.458400 0.168000 0.008800
0.471200 0.168000 0.007200
0.325600 0.168800 0.011200
0.359200 0.168800 0.005600
0.388000 0.168800 0.009600
0.394400 0.168800 0.003200
0.427200 0.168800 0.008000
0.440800 0.168800 0.010400
0.104800 0.169600 0.012800
0.282400 0.169600 0.004800
0.308000 0.169600 0.008800
0.340000 0.169600 0.008800
0.352000 0.169600 0.012000
0.258400 0.170400 0.012800
0.273600 0.170400 0.007200
0.288000 0.170400 0.004800
0.296800 0.170400 0.007200
0.908800 0.170400 0.006400
0.124800 0.171200 0.011200
0.213600 0.171200 0.005600
0.221600 0.171200 0.012000
0.238400 0.171200 0.011200
0.140800 0.172000 0.008800
0.154400 0.172000 0.010400
0.193600 0.172000 0.015200
0.204000 0.172000 0.008800
0.169600 0.172800 0.011200
0.184800 0.172800 0.012800
0.929600 0.176000 0.008800
0.856800 0.179200 0.013600
0.102400 0.180000 0.012800
0.848800 0.180000 0.013600
0.816800 0.180800 0.008800
0.831200 0.180800 0.011200
0.872000 0.180800 0.011200
0.773600 0.181600 0.011200
0.908800 0.181600 0.013600
0.641600 0.182400 0.005600
0.649600 0.182400 0.005600
0.703200 0.182400 0.007200
0.712000 0.182400 0.005600
0.722400 0.182400 0.008800
0.738400 0.182400 0.008800
0.754400 0.182400 0.008800
0.800000 0.182400 0.011200
0.684800 0.183200 0.004800
0.691200 0.183200 0.011200
0.765600 0.183200 0.005600
0.788000 0.183200 0.008800
0.623200 0.184000 0.004800
0.631200 0.184000 0.011200
0.660000 0.184000 0.008800
0.674400 0.184000 0.008800
0.571200 0.184800 0.010400
0.584000 0.184800 0.004800
0.594400 0.184800 0.009600
0.616000 0.184800 0.005600
0.506400 0.185600 0.010400
0.541600 0.185600 0.005600
0.548800 0.185600 0.008800
0.560000 0.185600 0.007200
0.608000 0.185600 0.005600
0.422400 0.186400 0.005600
0.468000 0.186400 0.011200
0.483200 0.186400 0.005600
0.491200 0.186400 0.012000
0.372000 0.187200 0.009600
0.429600 0.187200 0.011200
0.456000 0.187200 0.008800
0.522400 0.187200 0.008800
0.387200 0.188000 0.008800
0.396800 0.188000 0.016800
0.410400 0.188000 0.008800
0.443200 0.188000 0.008800
0.473600 0.188000 0.012000
0.535200 0.188000 0.008800
0.322400 0.188800 0.005600
0.125600 0.189600 0.009600
0.313600 0.189600 0.008800
0.359200 0.189600 0.008800
0.272000 0.190400 0.008800
0.328800 0.190400 0.013600
0.339200 0.190400 0.005600
0.348000 0.190400 0.008800
0.908800 0.190400 0.005600
0.137600 0.191200 0.007200
0.151200 0.191200 0.008800
0.207200 0.191200 0.008800
0.260800 0.191200 0.008000
0.285600 0.191200 0.007200
0.296800 0.191200 0.005600
0.304000 0.191200 0.004800
0.221600 0.192000 0.008800
0.235200 0.192000 0.008800
0.248000 0.192000 0.008800
0.929600 0.192000 0.011200
0.164000 0.192800 0.008000
0.175200 0.192800 0.007200
0.184800 0.193600 0.005600
0.194400 0.193600 0.007200
0.102400 0.196000 0.012800
0.909600 0.198400 0.012800
0.850400 0.201600 0.011200
0.819200 0.202400 0.010400
0.866400 0.202400 0.009600
0.878400 0.202400 0.008800
0.888000 0.202400 0.014400
0.834400 0.203200 0.009600
0.772000 0.204000 0.008800
0.804000 0.204000 0.011200
0.700000 0.204800 0.011200
0.716800 0.204800 0.010400
0.758400 0.204800 0.009600
0.786400 0.204800 0.012800
0.928000 0.204800 0.009600
0.667200 0.205600 0.008800
0.684800 0.205600 0.011200
0.731200 0.205600 0.008800
0.744000 0.205600 0.008800
0.655200 0.206400 0.008000
0.517600 0.207200 0.011200
0.606400 0.207200 0.004800
0.614400 0.207200 0.013600
0.643200 0.207200 0.019200
0.530400 0.208000 0.008800
0.556000 0.208000 0.008800
0.567200 0.208000 0.008800
0.625600 0.208000 0.008800
0.460800 0.208800 0.011200
0.498400 0.208800 0.009600
0.511200 0.208800 0.013600
0.542400 0.208800 0.008800
0.596000 0.208800 0.008800
0.445600 0.209600 0.011200
0.481600 0.209600 0.012800
0.909600 0.209600 0.008000
0.416000 0.210400 0.008800
0.582400 0.210400 0.011200
0.350400 0.211200 0.007200
0.360000 0.211200 0.005600
0.366400 0.211200 0.012800
0.388800 0.211200 0.003200
0.403200 0.211200 0.007200
0.428800 0.211200 0.008800
0.312800 0.212000 0.008800
0.376000 0.212000 0.005600
0.382400 0.212000 0.011200
0.393600 0.212000 0.008800
0.100800 0.212800 0.013600
0.325600 0.212800 0.008800
0.337600 0.212800 0.008800
0.296000 0.213600 0.013600
0.143200 0.214400 0.011200
0.155200 0.214400 0.007200
0.196000 0.214400 0.007200
0.248800 0.214400 0.011200
0.268000 0.214400 0.011200
0.123200 0.215200 0.015200
0.135200 0.215200 0.005600
0.205600 0.215200 0.008800
0.220800 0.215200 0.009600
0.233600 0.215200 0.008800
0.283200 0.215200 0.009600
0.168800 0.216000 0.008800
0.179200 0.216000 0.005600
0.187200 0.216000 0.004800
0.928800 0.218400 0.011200
0.909600 0.219200 0.005600
0.099200 0.225600 0.003200
0.909600 0.228000 0.008800
0.929600 0.228800 0.007200
0.100800 0.231200 0.015200
0.148800 0.233600 0.009600
0.101600 0.240800 0.013600
0.909600 0.240800 0.012000
0.929600 0.240800 0.008000
0.843200 0.245600 0.008800
0.856800 0.245600 0.008800
0.870400 0.245600 0.008800
0.888000 0.245600 0.011200
0.773600 0.246400 0.011200
0.788800 0.246400 0.008800
0.801600 0.246400 0.009600
0.816800 0.246400 0.008800
0.828800 0.246400 0.008800
0.581600 0.247200 0.008800
0.594400 0.247200 0.016800
0.602400 0.247200 0.016800
0.778400 0.247200 0.008800
0.690400 0.248000 0.009600
0.747200 0.248000 0.011200
0.762400 0.248000 0.013600
0.568800 0.248800 0.008000
0.616000 0.248800 0.009600
0.668800 0.248800 0.004800
0.676800 0.248800 0.005600
0.703200 0.248800 0.008800
0.717600 0.248800 0.010400
0.732000 0.248800 0.008800
0.522400 0.249600 0.009600
0.558400 0.249600 0.005600
0.630400 0.249600 0.008800
0.644800 0.249600 0.008800
0.657600 0.249600 0.008800
0.415200 0.250400 0.004800
0.426400 0.250400 0.008800
0.440000 0.250400 0.008800
0.536000 0.250400 0.008800
0.550400 0.250400 0.013600
0.368800 0.251200 0.010400
0.397600 0.251200 0.008800
0.456000 0.251200 0.008800
0.468000 0.251200 0.005600
0.474400 0.251200 0.015200
0.484800 0.251200 0.007200
0.493600 0.251200 0.005600
0.507200 0.251200 0.010400
0.929600 0.251200 0.008800
0.143200 0.252000 0.022400
0.352800 0.252000 0.008800
0.384800 0.252000 0.009600
0.408800 0.252000 0.016800
0.157600 0.252800 0.011200
0.316800 0.252800 0.004800
0.325600 0.252800 0.008800
0.337600 0.252800 0.008800
0.195200 0.253600 0.008800
0.308800 0.253600 0.013600
0.123200 0.254400 0.015200
0.181600 0.254400 0.008800
0.224000 0.254400 0.015200
0.272000 0.254400 0.011200
0.101600 0.255200 0.011200
0.169600 0.255200 0.008800
0.210400 0.255200 0.011200
0.231200 0.255200 0.012000
0.256800 0.255200 0.008800
0.284000 0.255200 0.008800
0.296000 0.255200 0.008800
0.132800 0.256000 0.007200
0.244800 0.256800 0.008800
0.908800 0.256800 0.011200
0.929600 0.263200 0.016800
0.877600 0.264800 0.015200
0.766400 0.266400 0.008800
0.811200 0.266400 0.010400
0.825600 0.266400 0.008800
0.839200 0.266400 0.008800
0.852000 0.266400 0.008800
0.864800 0.266400 0.008800
0.756800 0.267200 0.005600
0.782400 0.267200 0.011200
0.796000 0.267200 0.008800
0.100800 0.268000 0.009600
0.734400 0.268000 0.008000
0.722400 0.268800 0.008800
0.747200 0.268800 0.008800
0.584000 0.269600 0.005600
0.676000 0.269600 0.004000
0.683200 0.269600 0.011200
0.697600 0.269600 0.008800
0.655200 0.270400 0.008800
0.710400 0.270400 0.008800
0.574400 0.271200 0.008800
0.592000 0.271200 0.013600
0.603200 0.271200 0.008800
0.616000 0.271200 0.008800
0.667200 0.271200 0.011200
0.910400 0.271200 0.008800
0.467200 0.272000 0.008800
0.480800 0.272000 0.008000
0.517600 0.272000 0.003200
0.537600 0.272000 0.007200
0.628000 0.272000 0.008000
0.641600 0.272000 0.008800
0.492000 0.272800 0.005600
0.500800 0.272800 0.005600
0.509600 0.272800 0.005600
0.525600 0.272800 0.011200
0.549600 0.272800 0.008800
0.561600 0.272800 0.008000
0.454400 0.273600 0.008800
0.330400 0.274400 0.008800
0.366400 0.274400 0.011200
0.383200 0.274400 0.008800
0.342400 0.275200 0.007200
0.353600 0.275200 0.008800
0.395200 0.275200 0.007200
0.404800 0.275200 0.008800
0.416800 0.275200 0.005600
0.424800 0.275200 0.005600
0.931200 0.275200 0.008800
0.260800 0.276000 0.008800
0.300800 0.276000 0.008800
0.312000 0.276000 0.005600
0.320000 0.276000 0.005600
0.435200 0.276000 0.013600
0.236800 0.276800 0.011200
0.246400 0.276800 0.008800
0.273600 0.276800 0.008800
0.286400 0.276800 0.008800
0.222400 0.277600 0.011200
0.205600 0.278400 0.008800
0.144800 0.279200 0.007200
0.195200 0.279200 0.007200
0.120000 0.280000 0.010400
0.132800 0.280000 0.008800
0.153600 0.280000 0.005600
0.163200 0.280000 0.007200
0.185600 0.280000 0.005600
0.099200 0.280800 0.008800
0.177600 0.280800 0.011200
0.909600 0.282400 0.008800
0.929600 0.288000 0.011200
0.843200 0.290400 0.008800
0.858400 0.291200 0.011200
0.872000 0.291200 0.011200
0.752800 0.292000 0.011200
0.778400 0.292000 0.005600
0.829600 0.292000 0.008800
0.767200 0.292800 0.008800
0.787200 0.292800 0.007200
0.800000 0.292800 0.008800
0.627200 0.293600 0.008800
0.814400 0.293600 0.011200
0.098400 0.294400 0.011200
0.516000 0.294400 0.009600
0.554400 0.294400 0.011200
0.567200 0.294400 0.008800
0.640000 0.294400 0.008800
0.671200 0.294400 0.013600
0.684800 0.294400 0.008800
0.697600 0.294400 0.008800
0.726400 0.294400 0.008800
0.737600 0.294400 0.008800
0.380800 0.295200 0.011200
0.500000 0.295200 0.009600
0.528800 0.295200 0.007200
0.538400 0.295200 0.007200
0.547200 0.295200 0.003200
0.580000 0.295200 0.013600
0.588800 0.295200 0.005600
0.600000 0.295200 0.010400
0.615200 0.295200 0.008800
0.652000 0.295200 0.008800
0.713600 0.295200 0.009600
0.454400 0.296000 0.008800
0.465600 0.296000 0.005600
0.476000 0.296000 0.007200
0.486400 0.296000 0.007200
0.909600 0.296000 0.008000
0.348800 0.296800 0.011200
0.363200 0.296800 0.008800
0.392800 0.296800 0.007200
0.403200 0.296800 0.007200
0.414400 0.296800 0.008000
0.426400 0.296800 0.008800
0.375200 0.297600 0.013600
0.441600 0.297600 0.009600
0.290400 0.298400 0.009600
0.306400 0.298400 0.008800
0.332000 0.298400 0.008800
0.277600 0.299200 0.008800
0.120000 0.300000 0.011200
0.134400 0.300000 0.005600
0.155200 0.300000 0.005600
0.232800 0.300000 0.010400
0.249600 0.300000 0.011200
0.320000 0.300000 0.008800
0.144000 0.300800 0.008800
0.216800 0.300800 0.008800
0.264800 0.300800 0.008800
0.932000 0.300800 0.013600
0.165600 0.301600 0.009600
0.179200 0.301600 0.008800
0.188800 0.301600 0.008800
0.203200 0.302400 0.008800
0.100800 0.308000 0.009600
0.909600 0.309600 0.009600
0.932800 0.311200 0.004800
0.871200 0.312800 0.008800
0.884800 0.312800 0.009600
0.848800 0.313600 0.007200
0.657600 0.314400 0.008800
0.766400 0.314400 0.008800
0.836800 0.314400 0.008800
0.859200 0.314400 0.008000
0.708000 0.315200 0.005600
0.729600 0.315200 0.010400
0.630400 0.316000 0.009600
0.644000 0.316000 0.008800
0.672000 0.316000 0.008800
0.685600 0.316000 0.011200
0.700800 0.316000 0.005600
0.753600 0.316000 0.007200
0.781600 0.316000 0.009600
0.796000 0.316000 0.008800
0.823200 0.316000 0.008000
0.451200 0.316800 0.009600
0.564800 0.316800 0.008800
0.617600 0.316800 0.008800
0.692800 0.316800 0.004000
0.717600 0.316800 0.008800
0.744000 0.316800 0.005600
0.810400 0.316800 0.008800
0.383200 0.317600 0.008800
0.396800 0.317600 0.008800
0.465600 0.317600 0.008800
0.496800 0.317600 0.003200
0.517600 0.317600 0.011200
0.534400 0.317600 0.008800
0.578400 0.317600 0.008800
0.593600 0.317600 0.008800
0.605600 0.317600 0.008800
0.435200 0.318400 0.010400
0.544000 0.318400 0.005600
0.295200 0.319200 0.009600
0.308800 0.319200 0.011200
0.368000 0.319200 0.009600
0.481600 0.319200 0.011200
0.503200 0.319200 0.010400
0.552000 0.319200 0.011200
0.267200 0.320000 0.007200
0.280000 0.320000 0.008800
0.312800 0.320000 0.010400
0.339200 0.320000 0.008800
0.352800 0.320000 0.008800
0.411200 0.320000 0.013600
0.930400 0.320000 0.008800
0.208800 0.320800 0.011200
0.224800 0.320800 0.008800
0.236000 0.320800 0.005600
0.244800 0.320800 0.007200
0.325600 0.320800 0.008800
0.120800 0.321600 0.008800
0.146400 0.321600 0.013600
0.174400 0.321600 0.008800
0.189600 0.321600 0.010400
0.256800 0.321600 0.007200
0.132800 0.322400 0.008800
0.164800 0.322400 0.005600
0.908000 0.322400 0.011200
0.100800 0.324000 0.016800
0.932800 0.331200 0.008000
0.848800 0.334400 0.008800
0.886400 0.334400 0.011200
0.838400 0.335200 0.007200
0.875200 0.335200 0.008000
0.099200 0.336000 0.011200
0.588000 0.336000 0.004800
0.738400 0.336000 0.008800
0.753600 0.336000 0.010400
0.778400 0.336000 0.007200
0.789600 0.336000 0.007200
0.801600 0.336000 0.008800
0.817600 0.336000 0.013600
0.827200 0.336000 0.008800
0.862400 0.336000 0.008800
0.596000 0.336800 0.012000
0.615200 0.336800 0.012800
0.632000 0.336800 0.011200
0.648800 0.336800 0.008800
0.661600 0.336800 0.008800
0.675200 0.336800 0.008800
0.700800 0.336800 0.013600
0.707200 0.336800 0.012800
0.720800 0.336800 0.012000
0.726400 0.336800 0.013600
0.766400 0.336800 0.008000
0.542400 0.337600 0.009600
0.556800 0.337600 0.008800
0.568800 0.337600 0.007200
0.579200 0.337600 0.007200
0.688800 0.337600 0.008800
0.470400 0.338400 0.008800
0.484000 0.338400 0.007200
0.424800 0.339200 0.005600
0.436000 0.339200 0.012800
0.456000 0.339200 0.008800
0.507200 0.339200 0.005600
0.516800 0.339200 0.008800
0.365600 0.340000 0.008800
0.416000 0.340000 0.008800
0.496800 0.340000 0.008000
0.910400 0.340000 0.011200
0.333600 0.340800 0.005600
0.342400 0.340800 0.006400
0.352800 0.340800 0.007200
0.378400 0.340800 0.008800
0.391200 0.340800 0.007200
0.402400 0.340800 0.008000
0.528000 0.340800 0.008800
0.289600 0.341600 0.009600
0.308000 0.341600 0.009600
0.322400 0.341600 0.009600
0.234400 0.342400 0.005600
0.244000 0.342400 0.008800
0.932000 0.342400 0.008800
0.184000 0.343200 0.010400
0.223200 0.343200 0.008800
0.256000 0.343200 0.015200
0.262400 0.343200 0.011200
0.125600 0.344000 0.011200
0.199200 0.344000 0.008800
0.276000 0.344000 0.008800
0.168800 0.344800 0.008800
0.211200 0.344800 0.008000
0.155200 0.345600 0.008800
0.142400 0.346400 0.009600
0.101600 0.351200 0.013600
0.933600 0.352800 0.016800
0.909600 0.354400 0.008800
0.592800 0.358400 0.008800
0.607200 0.358400 0.010400
0.623200 0.358400 0.008800
0.576800 0.359200 0.008800
0.634400 0.359200 0.008800
0.484800 0.360000 0.008800
0.549600 0.360000 0.008800
0.562400 0.360000 0.008800
0.448800 0.360800 0.005600
0.456000 0.360800 0.012800
0.498400 0.360800 0.008000
0.521600 0.360800 0.008800
0.536800 0.360800 0.009600
0.368000 0.361600 0.007200
0.468000 0.361600 0.011200
0.509600 0.361600 0.008000
0.328800 0.362400 0.012000
0.336000 0.362400 0.005600
0.381600 0.362400 0.009600
0.221600 0.363200 0.005600
0.276800 0.363200 0.004000
0.284800 0.363200 0.005600
0.298400 0.363200 0.009600
0.311200 0.363200 0.008800
0.322400 0.363200 0.011200
0.344800 0.363200 0.012800
0.356800 0.363200 0.008000
0.396800 0.363200 0.010400
0.410400 0.363200 0.008800
0.423200 0.363200 0.008800
0.435200 0.363200 0.011200
0.230400 0.364000 0.012800
0.244000 0.364000 0.008800
0.256800 0.364000 0.008800
0.269600 0.364000 0.011200
0.912000 0.364000 0.007200
0.188800 0.364800 0.013600
0.195200 0.364800 0.011200
0.215200 0.364800 0.004800
0.124000 0.365600 0.013600
0.176800 0.365600 0.008800
0.207200 0.365600 0.011200
0.136800 0.366400 0.008800
0.166400 0.366400 0.011200
0.100000 0.367200 0.013600
0.149600 0.367200 0.008800
0.160800 0.367200 0.013600
0.933600 0.367200 0.010400
0.100800 0.374400 0.013600
0.912000 0.374400 0.007200
0.884000 0.375200 0.011200
0.743200 0.376000 0.012800
0.859200 0.376000 0.008800
0.712000 0.376800 0.008800
0.750400 0.376800 0.011200
0.814400 0.376800 0.011200
0.829600 0.376800 0.009600
0.846400 0.376800 0.009600
0.870400 0.376800 0.008000
0.616800 0.377600 0.008800
0.630400 0.377600 0.008000
0.657600 0.377600 0.012000
0.687200 0.377600 0.008800
0.699200 0.377600 0.008000
0.728800 0.377600 0.011200
0.736000 0.377600 0.013600
0.764000 0.377600 0.011200
0.796800 0.377600 0.011200
0.602400 0.378400 0.008800
0.640000 0.378400 0.007200
0.672000 0.378400 0.008800
0.779200 0.378400 0.010400
0.470400 0.380000 0.008800
0.486400 0.380000 0.009600
0.540000 0.380000 0.003200
0.548800 0.380000 0.007200
0.559200 0.380000 0.007200
0.567200 0.380000 0.004800
0.574400 0.380000 0.011200
0.588800 0.380000 0.008800
0.457600 0.380800 0.008800
0.519200 0.380800 0.008800
0.532800 0.380800 0.010400
0.934400 0.380800 0.008800
0.504000 0.381600 0.010400
0.100000 0.384800 0.016800
0.912800 0.387200 0.008800
0.100800 0.392800 0.011200
0.884000 0.394400 0.011200
0.764000 0.396000 0.012800
0.838400 0.396000 0.008000
0.871200 0.396000 0.008000
0.705600 0.396800 0.008800
0.716000 0.396800 0.005600
0.724000 0.396800 0.007200
0.750400 0.396800 0.009600
0.769600 0.396800 0.011200
0.784000 0.396800 0.011200
0.792000 0.396800 0.004800
0.802400 0.396800 0.012800
0.850400 0.396800 0.007200
0.861600 0.396800 0.008000
0.678400 0.397600 0.008800
0.735200 0.397600 0.008800
0.820000 0.397600 0.012000
0.828800 0.397600 0.004800
0.932000 0.397600 0.011200
0.596800 0.398400 0.007200
0.648000 0.398400 0.010400
0.664000 0.398400 0.008800
0.691200 0.398400 0.008800
0.607200 0.399200 0.008000
0.619200 0.399200 0.008800
0.544800 0.400000 0.008800
0.586400 0.400000 0.007200
0.632800 0.400000 0.008800
0.420800 0.400800 0.010400
0.533600 0.400800 0.007200
0.558400 0.400800 0.008800
0.569600 0.400800 0.005600
0.577600 0.400800 0.013600
0.302400 0.401600 0.011200
0.409600 0.401600 0.008000
0.432800 0.401600 0.004800
0.440000 0.401600 0.004800
0.474400 0.401600 0.008000
0.521600 0.401600 0.008000
0.199200 0.402400 0.007200
0.208000 0.402400 0.005600
0.267200 0.402400 0.011200
0.288000 0.402400 0.013600
0.319200 0.402400 0.011200
0.355200 0.402400 0.010400
0.396000 0.402400 0.008800
0.448800 0.402400 0.008800
0.462400 0.402400 0.008800
0.484800 0.402400 0.007200
0.509600 0.402400 0.008800
0.216800 0.403200 0.007200
0.228000 0.403200 0.007200
0.240000 0.403200 0.008000
0.251200 0.403200 0.008800
0.280800 0.403200 0.013600
0.330400 0.403200 0.005600
0.338400 0.403200 0.012000
0.368800 0.403200 0.008800
0.382400 0.403200 0.008800
0.497600 0.403200 0.008800
0.185600 0.404000 0.008800
0.911200 0.404000 0.011200
0.122400 0.404800 0.011200
0.157600 0.404800 0.010400
0.172000 0.404800 0.008800
0.134400 0.405600 0.004800
0.143200 0.405600 0.011200
0.100800 0.409600 0.013600
0.934400 0.412000 0.011200
0.875200 0.416000 0.009600
0.913600 0.416000 0.007200
0.829600 0.417600 0.008800
0.843200 0.417600 0.008800
0.722400 0.418400 0.010400
0.738400 0.418400 0.008800
0.796000 0.418400 0.011200
0.860000 0.418400 0.011200
0.891200 0.418400 0.012800
0.628000 0.419200 0.008800
0.641600 0.419200 0.008800
0.655200 0.419200 0.007200
0.695200 0.419200 0.008800
0.708000 0.419200 0.008800
0.759200 0.419200 0.012800
0.764800 0.419200 0.008800
0.776800 0.419200 0.008800
0.809600 0.419200 0.008800
0.818400 0.419200 0.005600
0.667200 0.420000 0.008800
0.750400 0.420000 0.008800
0.581600 0.420800 0.005600
0.593600 0.420800 0.008800
0.614400 0.420800 0.007200
0.682400 0.420800 0.008800
0.100800 0.421600 0.008800
0.452000 0.421600 0.008000
0.477600 0.421600 0.007200
0.491200 0.421600 0.009600
0.519200 0.421600 0.008800
0.533600 0.421600 0.009600
0.565600 0.421600 0.005600
0.573600 0.421600 0.004800
0.604800 0.421600 0.007200
0.386400 0.422400 0.008800
0.465600 0.422400 0.008800
0.505600 0.422400 0.008800
0.346400 0.423200 0.012800
0.412800 0.423200 0.008000
0.548000 0.423200 0.013600
0.556800 0.423200 0.005600
0.337600 0.424000 0.005600
0.361600 0.424000 0.008800
0.374400 0.424000 0.008800
0.400000 0.424000 0.008800
0.428800 0.424000 0.010400
0.440800 0.424000 0.008000
0.934400 0.424000 0.008800
0.189600 0.424800 0.008800
0.201600 0.424800 0.008800
0.216000 0.424800 0.008800
0.228800 0.424800 0.008800
0.242400 0.424800 0.009600
0.257600 0.424800 0.008800
0.296000 0.424800 0.008000
0.326400 0.424800 0.008000
0.176800 0.425600 0.007200
0.269600 0.425600 0.010400
0.309600 0.425600 0.010400
0.915200 0.425600 0.015200
0.284000 0.426400 0.008800
0.164800 0.427200 0.008800
0.144800 0.428000 0.005600
0.118400 0.428800 0.011200
0.132800 0.428800 0.008800
0.153600 0.428800 0.005600
0.099200 0.429600 0.013600
0.098400 0.434400 0.008800
0.935200 0.435200 0.003200
0.916000 0.436000 0.008800
0.699200 0.439200 0.009600
0.732000 0.439200 0.010400
0.744000 0.439200 0.008800
0.637600 0.440000 0.010400
0.715200 0.440000 0.010400
0.756000 0.440000 0.008800
0.808800 0.440000 0.010400
0.824000 0.440000 0.008800
0.870400 0.440000 0.009600
0.883200 0.440000 0.008800
0.567200 0.440800 0.005600
0.576000 0.440800 0.007200
0.599200 0.440800 0.008800
0.650400 0.440800 0.007200
0.683200 0.440800 0.008800
0.769600 0.440800 0.008800
0.784000 0.440800 0.008800
0.796000 0.440800 0.008800
0.587200 0.441600 0.007200
0.622400 0.441600 0.007200
0.660800 0.441600 0.005600
0.669600 0.441600 0.008800
0.837600 0.441600 0.010400
0.853600 0.441600 0.011200
0.896000 0.441600 0.008800
0.476800 0.442400 0.010400
0.492000 0.442400 0.009600
0.509600 0.442400 0.010400
0.556800 0.442400 0.008000
0.612000 0.442400 0.007200
0.934400 0.442400 0.011200
0.099200 0.443200 0.011200
0.389600 0.443200 0.008800
0.415200 0.443200 0.008800
0.430400 0.443200 0.009600
0.444800 0.443200 0.008800
0.458400 0.443200 0.010400
0.543200 0.443200 0.009600
0.312000 0.444000 0.011200
0.378400 0.444000 0.005600
0.526400 0.444000 0.010400
0.316800 0.444800 0.011200
0.372000 0.444800 0.011200
0.401600 0.444800 0.008800
0.261600 0.445600 0.008800
0.300800 0.445600 0.008800
0.328000 0.445600 0.011200
0.344000 0.445600 0.008800
0.356800 0.445600 0.011200
0.221600 0.446400 0.010400
0.234400 0.446400 0.008800
0.274400 0.446400 0.008800
0.287200 0.446400 0.008800
0.176000 0.447200 0.013600
0.189600 0.447200 0.008000
0.199200 0.447200 0.005600
0.208000 0.447200 0.005600
0.248800 0.447200 0.008800
0.136000 0.448800 0.011200
0.168000 0.448800 0.008800
0.915200 0.448800 0.008800
0.155200 0.449600 0.008800
0.120000 0.450400 0.010400
0.934400 0.452000 0.013600
0.100000 0.456800 0.011200
0.933600 0.456800 0.011200
0.906400 0.463200 0.019200
0.864800 0.464800 0.008800
0.880800 0.464800 0.011200
0.892800 0.464800 0.008800
0.916000 0.464800 0.009600
0.096800 0.465600 0.004800
0.783200 0.465600 0.008800
0.799200 0.465600 0.011200
0.811200 0.465600 0.011200
0.825600 0.465600 0.020000
0.838400 0.465600 0.008800
0.852000 0.465600 0.008800
0.640800 0.466400 0.009600
0.652800 0.466400 0.008800
0.691200 0.466400 0.010400
0.704800 0.466400 0.008800
0.716800 0.466400 0.007200
0.592800 0.467200 0.011200
0.605600 0.467200 0.008800
0.614400 0.467200 0.005600
0.625600 0.467200 0.008800
0.663200 0.467200 0.008800
0.736800 0.467200 0.007200
0.760800 0.467200 0.008800
0.770400 0.467200 0.007200
0.402400 0.468000 0.009600
0.416800 0.468000 0.008800
0.425600 0.468000 0.005600
0.435200 0.468000 0.008800
0.499200 0.468000 0.005600
0.519200 0.468000 0.015200
0.528000 0.468000 0.005600
0.547200 0.468000 0.005600
0.556000 0.468000 0.005600
0.676800 0.468000 0.008800
0.727200 0.468000 0.007200
0.747200 0.468000 0.008800
0.932000 0.468000 0.008800
0.389600 0.468800 0.008800
0.446400 0.468800 0.008800
0.459200 0.468800 0.008800
0.506400 0.468800 0.004800
0.514400 0.468800 0.011200
0.536800 0.468800 0.007200
0.566400 0.468800 0.007200
0.577600 0.468800 0.007200
0.296000 0.469600 0.008800
0.312000 0.469600 0.011200
0.345600 0.469600 0.005600
0.353600 0.469600 0.005600
0.360800 0.469600 0.013600
0.372000 0.469600 0.015200
0.472800 0.469600 0.008800
0.484000 0.469600 0.005600
0.492800 0.469600 0.005600
0.282400 0.470400 0.008800
0.118400 0.471200 0.011200
0.145600 0.471200 0.010400
0.175200 0.471200 0.008800
0.214400 0.471200 0.008800
0.227200 0.471200 0.007200
0.236000 0.471200 0.004800
0.244000 0.471200 0.016800
0.268800 0.471200 0.011200
0.326400 0.471200 0.008800
0.338400 0.471200 0.013600
0.131200 0.472000 0.008800
0.160800 0.472000 0.008800
0.188800 0.472000 0.008800
0.200800 0.472000 0.008800
0.255200 0.472000 0.008000
0.098400 0.474400 0.008800
0.098400 0.487200 0.009600
0.098400 0.501600 0.008800
0.098400 0.513600 0.011200
0.099200 0.528800 0.016800
0.099200 0.540800 0.003200
0.098400 0.548800 0.006400
0.098400 0.557600 0.015200
