0.201600 0.057600 0.008800
0.047200 0.058400 0.016000
0.214400 0.058400 0.008800
0.228800 0.059200 0.021600
0.059200 0.060000 0.005600
0.068800 0.060000 0.019200
0.147200 0.060000 0.027200
0.188000 0.060000 0.022400
0.084800 0.060800 0.005600
0.167200 0.060800 0.011200
0.864000 0.068800 0.026400
0.056000 0.079200 0.012000
0.753600 0.082400 0.012800
0.761600 0.083200 0.016800
0.768800 0.084000 0.013600
0.104800 0.099200 0.016000
0.115200 0.100000 0.008800
0.148000 0.100000 0.008800
0.160800 0.100000 0.014400
0.167200 0.100000 0.011200
0.180000 0.100000 0.007200
0.126400 0.100800 0.007200
0.136000 0.100800 0.005600
0.224800 0.100800 0.011200
0.190400 0.101600 0.007200
0.239200 0.101600 0.008800
0.252800 0.101600 0.012800
0.260800 0.101600 0.004800
0.272800 0.101600 0.008800
0.203200 0.102400 0.011200
0.378400 0.102400 0.011200
0.285600 0.103200 0.008800
0.298400 0.103200 0.008000
0.364800 0.103200 0.008800
0.309600 0.104000 0.005600
0.319200 0.104000 0.008800
0.335200 0.104000 0.010400
0.396800 0.104000 0.012800
0.411200 0.104000 0.008800
0.350400 0.104800 0.008800
0.422400 0.104800 0.008800
0.435200 0.104800 0.008800
0.452800 0.105600 0.011200
0.464800 0.105600 0.008800
0.477600 0.106400 0.008800
0.488800 0.106400 0.008800
0.504800 0.106400 0.013600
0.514400 0.106400 0.005600
0.524000 0.106400 0.007200
0.532000 0.106400 0.005600
0.541600 0.106400 0.008800
0.554400 0.106400 0.008800
0.569600 0.106400 0.011200
0.588000 0.107200 0.009600
0.604800 0.107200 0.011200
0.497600 0.108000 0.005600
0.652800 0.108000 0.011200
0.693600 0.108000 0.008000
0.706400 0.108000 0.008800
0.720800 0.108000 0.011200
0.620800 0.108800 0.010400
0.636000 0.108800 0.008800
0.668800 0.108800 0.008800
0.682400 0.108800 0.008800
0.736000 0.109600 0.008800
0.748000 0.109600 0.008800
0.761600 0.109600 0.008800
0.801600 0.109600 0.009600
0.774400 0.110400 0.008800
0.787200 0.110400 0.008800
0.812800 0.110400 0.005600
0.823200 0.112000 0.007200
0.834400 0.112000 0.008800
0.848000 0.112000 0.008800
0.864000 0.112000 0.010400
0.889600 0.112000 0.011200
0.876000 0.112800 0.008800
0.130400 0.119200 0.013600
0.102400 0.120000 0.014400
0.111200 0.120000 0.008800
0.225600 0.120000 0.008800
0.122400 0.120800 0.015200
0.142400 0.120800 0.015200
0.149600 0.121600 0.013600
0.163200 0.121600 0.008800
0.175200 0.121600 0.008800
0.187200 0.121600 0.007200
0.252800 0.121600 0.008000
0.292800 0.121600 0.008800
0.198400 0.122400 0.008800
0.211200 0.122400 0.008800
0.240000 0.122400 0.008800
0.266400 0.122400 0.008800
0.307200 0.122400 0.008800
0.279200 0.123200 0.008000
0.318400 0.123200 0.005600
0.327200 0.123200 0.012800
0.463200 0.124000 0.012000
0.340000 0.124800 0.008800
0.352800 0.124800 0.008800
0.398400 0.124800 0.012800
0.409600 0.124800 0.004800
0.416800 0.124800 0.011200
0.431200 0.124800 0.011200
0.436800 0.124800 0.011200
0.451200 0.124800 0.008800
0.361600 0.125600 0.003200
0.369600 0.125600 0.011200
0.381600 0.125600 0.008800
0.468800 0.125600 0.012800
0.517600 0.125600 0.008800
0.543200 0.125600 0.008800
0.600000 0.125600 0.005600
0.488000 0.126400 0.008800
0.500800 0.126400 0.011200
0.529600 0.126400 0.008800
0.562400 0.126400 0.005600
0.582400 0.126400 0.005600
0.608000 0.126400 0.008800
0.479200 0.127200 0.005600
0.508000 0.127200 0.005600
0.554400 0.128000 0.005600
0.572000 0.128800 0.007200
0.620000 0.128800 0.008800
0.630400 0.128800 0.008800
0.640800 0.128800 0.015200
0.696000 0.128800 0.005600
0.591200 0.129600 0.013600
0.687200 0.129600 0.007200
0.649600 0.130400 0.011200
0.662400 0.130400 0.008000
0.674400 0.130400 0.008800
0.707200 0.130400 0.008800
0.736800 0.130400 0.004800
0.745600 0.130400 0.011200
0.760000 0.130400 0.008800
0.773600 0.130400 0.008800
0.725600 0.131200 0.013600
0.786400 0.131200 0.008000
0.800000 0.131200 0.008800
0.812800 0.131200 0.005600
0.839200 0.131200 0.010400
0.855200 0.131200 0.012800
0.716800 0.132000 0.004800
0.823200 0.132000 0.008800
0.863200 0.132800 0.005600
0.872000 0.132800 0.005600
0.879200 0.133600 0.005600
0.890400 0.134400 0.014400
0.107200 0.143200 0.011200
0.120800 0.144000 0.008800
0.133600 0.144000 0.008800
0.148000 0.144000 0.008800
0.162400 0.144800 0.008800
0.185600 0.144800 0.007200
0.244800 0.144800 0.012000
0.173600 0.145600 0.008000
0.194400 0.145600 0.013600
0.229600 0.145600 0.008800
0.268800 0.145600 0.012000
0.285600 0.145600 0.011200
0.302400 0.145600 0.011200
0.379200 0.145600 0.008000
0.319200 0.146400 0.012000
0.339200 0.146400 0.011200
0.356000 0.146400 0.008800
0.212000 0.147200 0.012800
0.368000 0.147200 0.007200
0.393600 0.147200 0.009600
0.424800 0.147200 0.008800
0.410400 0.148000 0.010400
0.440800 0.148800 0.010400
0.484000 0.148800 0.007200
0.493600 0.148800 0.005600
0.505600 0.148800 0.008800
0.540800 0.148800 0.005600
0.452000 0.149600 0.008800
0.472000 0.149600 0.013600
0.518400 0.149600 0.008800
0.530400 0.149600 0.008000
0.549600 0.149600 0.012800
0.565600 0.149600 0.008800
0.623200 0.149600 0.008800
0.465600 0.150400 0.013600
0.579200 0.150400 0.008800
0.594400 0.150400 0.009600
0.712800 0.151200 0.008800
0.608800 0.152000 0.008800
0.636800 0.152000 0.008800
0.666400 0.152000 0.011200
0.681600 0.152000 0.008800
0.699200 0.152000 0.011200
0.730400 0.152000 0.011200
0.746400 0.152000 0.010400
0.650400 0.152800 0.009600
0.760800 0.152800 0.008800
0.785600 0.152800 0.008800
0.772800 0.153600 0.008000
0.800800 0.153600 0.008800
0.813600 0.153600 0.008800
0.827200 0.153600 0.008800
0.840800 0.154400 0.008800
0.855200 0.156000 0.008800
0.867200 0.156000 0.007200
0.880000 0.156000 0.009600
0.892000 0.156800 0.011200
0.152000 0.164000 0.008800
0.105600 0.164800 0.011200
0.122400 0.164800 0.009600
0.176000 0.164800 0.013600
0.136800 0.165600 0.008800
0.164800 0.165600 0.008800
0.252800 0.165600 0.009600
0.182400 0.166400 0.011200
0.198400 0.166400 0.010400
0.213600 0.166400 0.008800
0.227200 0.166400 0.008800
0.238400 0.166400 0.008800
0.264800 0.166400 0.008800
0.280800 0.168000 0.010400
0.293600 0.168000 0.008800
0.346400 0.168000 0.010400
0.308000 0.168800 0.008800
0.332000 0.168800 0.008800
0.382400 0.168800 0.008800
0.436000 0.168800 0.009600
0.320800 0.169600 0.007200
0.364000 0.169600 0.012800
0.398400 0.169600 0.010400
0.416000 0.169600 0.011200
0.451200 0.170400 0.008800
0.471200 0.170400 0.007200
0.461600 0.171200 0.005600
0.482400 0.171200 0.008000
0.520800 0.171200 0.008000
0.534400 0.171200 0.008800
0.548000 0.171200 0.010400
0.563200 0.171200 0.008000
0.496800 0.172000 0.009600
0.510400 0.172000 0.007200
0.575200 0.172000 0.011200
0.591200 0.172000 0.008800
0.613600 0.172800 0.005600
0.622400 0.172800 0.006400
0.604800 0.173600 0.008800
0.632000 0.173600 0.005600
0.672000 0.173600 0.008800
0.640000 0.174400 0.004800
0.648000 0.174400 0.008800
0.660000 0.174400 0.008000
0.685600 0.174400 0.008800
0.698400 0.174400 0.008000
0.712000 0.174400 0.010400
0.787200 0.175200 0.012000
0.860800 0.175200 0.009600
0.727200 0.176000 0.008800
0.773600 0.176000 0.011200
0.819200 0.176000 0.010400
0.847200 0.176000 0.007200
0.740000 0.176800 0.008800
0.752000 0.176800 0.012800
0.804000 0.176800 0.008800
0.836000 0.176800 0.008800
0.876000 0.176800 0.008800
0.889600 0.177600 0.011200
0.106400 0.185600 0.011200
0.125600 0.186400 0.009600
0.140000 0.186400 0.008800
0.152800 0.186400 0.008800
0.166400 0.187200 0.008800
0.177600 0.187200 0.008000
0.224800 0.187200 0.010400
0.190400 0.188000 0.008800
0.244000 0.188000 0.009600
0.277600 0.188000 0.008800
0.205600 0.188800 0.011200
0.256800 0.188800 0.005600
0.266400 0.188800 0.007200
0.292000 0.188800 0.008800
0.305600 0.188800 0.011200
0.312000 0.188800 0.012800
0.323200 0.189600 0.008800
0.337600 0.189600 0.009600
0.348800 0.189600 0.008000
0.363200 0.189600 0.008800
0.380800 0.190400 0.010400
0.395200 0.190400 0.010400
0.413600 0.190400 0.010400
0.480800 0.190400 0.010400
0.464000 0.191200 0.011200
0.499200 0.191200 0.010400
0.430400 0.192000 0.009600
0.519200 0.192000 0.011200
0.537600 0.192000 0.010400
0.586400 0.192000 0.010400
0.664000 0.192000 0.011200
0.445600 0.192800 0.008800
0.554400 0.192800 0.010400
0.568800 0.192800 0.009600
0.601600 0.192800 0.008800
0.646400 0.192800 0.009600
0.615200 0.193600 0.008800
0.628800 0.193600 0.010400
0.684000 0.193600 0.008800
0.701600 0.194400 0.011200
0.717600 0.196000 0.010400
0.747200 0.196000 0.008800
0.774400 0.196000 0.008800
0.791200 0.196000 0.010400
0.734400 0.196800 0.008800
0.760000 0.196800 0.008800
0.808000 0.196800 0.009600
0.823200 0.196800 0.009600
0.840000 0.198400 0.009600
0.855200 0.198400 0.008800
0.868800 0.198400 0.008800
0.880000 0.198400 0.007200
0.891200 0.198400 0.008800
0.108800 0.205600 0.011200
0.122400 0.206400 0.011200
0.225600 0.207200 0.012800
0.140800 0.208000 0.009600
0.158400 0.208000 0.010400
0.176000 0.208000 0.010400
0.193600 0.208000 0.010400
0.210400 0.208000 0.009600
0.244000 0.208000 0.008800
0.308000 0.208000 0.010400
0.259200 0.208800 0.009600
0.284000 0.208800 0.005600
0.292800 0.208800 0.012800
0.322400 0.208800 0.009600
0.273600 0.209600 0.008800
0.340000 0.209600 0.010400
0.356000 0.209600 0.010400
0.373600 0.209600 0.010400
0.460000 0.210400 0.007200
0.388800 0.211200 0.010400
0.404000 0.211200 0.008800
0.420800 0.211200 0.011200
0.437600 0.211200 0.008000
0.448000 0.211200 0.008000
0.471200 0.211200 0.008800
0.503200 0.211200 0.007200
0.512800 0.211200 0.005600
0.520800 0.211200 0.011200
0.526400 0.211200 0.011200
0.490400 0.212000 0.011200
0.535200 0.212000 0.007200
0.543200 0.212000 0.013600
0.553600 0.212000 0.008800
0.625600 0.212000 0.009600
0.568800 0.212800 0.009600
0.609600 0.212800 0.008800
0.582400 0.213600 0.009600
0.596000 0.213600 0.008800
0.642400 0.213600 0.009600
0.654400 0.213600 0.008800
0.670400 0.213600 0.009600
0.699200 0.214400 0.008800
0.685600 0.215200 0.009600
0.711200 0.216000 0.007200
0.722400 0.216000 0.008800
0.771200 0.216000 0.008800
0.785600 0.216000 0.009600
0.743200 0.216800 0.012800
0.760000 0.216800 0.008800
0.802400 0.216800 0.010400
0.843200 0.216800 0.009600
0.892800 0.216800 0.012800
0.819200 0.217600 0.011200
0.829600 0.217600 0.011200
0.858400 0.217600 0.008800
0.871200 0.218400 0.011200
0.106400 0.246400 0.015200
0.116000 0.246400 0.007200
0.127200 0.247200 0.013600
0.146400 0.248000 0.008800
0.162400 0.248000 0.009600
0.176800 0.248000 0.008800
0.195200 0.248000 0.013600
0.207200 0.248000 0.008800
0.366400 0.248000 0.004800
0.216800 0.248800 0.008800
0.231200 0.248800 0.012800
0.264800 0.248800 0.011200
0.274400 0.248800 0.013600
0.290400 0.248800 0.011200
0.343200 0.248800 0.008800
0.358400 0.248800 0.011200
0.373600 0.248800 0.004800
0.381600 0.248800 0.012800
0.436800 0.248800 0.013600
0.472800 0.248800 0.007200
0.484800 0.248800 0.008800
0.496800 0.248800 0.008000
0.250400 0.249600 0.008800
0.324800 0.249600 0.012000
0.332800 0.249600 0.005600
0.393600 0.249600 0.008800
0.407200 0.249600 0.008800
0.419200 0.249600 0.007200
0.448800 0.249600 0.008800
0.462400 0.249600 0.008800
0.511200 0.249600 0.009600
0.309600 0.250400 0.012800
0.319200 0.251200 0.011200
0.429600 0.251200 0.005600
0.524000 0.251200 0.007200
0.536000 0.252000 0.008000
0.562400 0.252000 0.008800
0.576800 0.252000 0.009600
0.796000 0.252000 0.008800
0.548000 0.252800 0.008800
0.591200 0.252800 0.005600
0.621600 0.252800 0.011200
0.628800 0.252800 0.004000
0.636800 0.252800 0.011200
0.660000 0.252800 0.011200
0.739200 0.252800 0.005600
0.776000 0.252800 0.013600
0.809600 0.252800 0.008800
0.599200 0.253600 0.005600
0.609600 0.253600 0.007200
0.648000 0.253600 0.008000
0.665600 0.253600 0.011200
0.681600 0.253600 0.011200
0.694400 0.253600 0.010400
0.746400 0.253600 0.005600
0.760000 0.253600 0.011200
0.784800 0.253600 0.005600
0.823200 0.253600 0.012800
0.860000 0.253600 0.017600
0.871200 0.253600 0.008800
0.673600 0.254400 0.003200
0.707200 0.254400 0.012800
0.714400 0.254400 0.013600
0.724000 0.254400 0.013600
0.730400 0.254400 0.004000
0.830400 0.254400 0.005600
0.839200 0.254400 0.011200
0.845600 0.254400 0.004000
0.852000 0.254400 0.004800
0.884000 0.254400 0.008800
0.900800 0.254400 0.012000
0.893600 0.255200 0.005600
0.108000 0.268000 0.013600
0.357600 0.268800 0.005600
0.364000 0.268800 0.011200
0.156000 0.269600 0.008800
0.172000 0.269600 0.010400
0.188000 0.269600 0.009600
0.204800 0.269600 0.011200
0.228000 0.269600 0.013600
0.332800 0.269600 0.010400
0.124800 0.270400 0.008800
0.136000 0.270400 0.015200
0.222400 0.270400 0.013600
0.244000 0.270400 0.009600
0.307200 0.270400 0.007200
0.348000 0.270400 0.008800
0.375200 0.270400 0.008800
0.400000 0.270400 0.011200
0.257600 0.271200 0.008800
0.269600 0.271200 0.008000
0.281600 0.271200 0.008800
0.289600 0.271200 0.004800
0.318400 0.271200 0.008800
0.387200 0.271200 0.008000
0.448000 0.271200 0.012800
0.520800 0.271200 0.008800
0.297600 0.272000 0.005600
0.416800 0.272000 0.011200
0.456800 0.272000 0.005600
0.465600 0.272000 0.008800
0.478400 0.272000 0.008800
0.533600 0.272000 0.007200
0.544800 0.272000 0.008800
0.432000 0.272800 0.011200
0.490400 0.272800 0.008800
0.503200 0.272800 0.007200
0.511200 0.272800 0.004800
0.558400 0.272800 0.008800
0.658400 0.272800 0.008800
0.916800 0.272800 0.016000
0.571200 0.273600 0.008800
0.584000 0.273600 0.008800
0.623200 0.273600 0.011200
0.643200 0.273600 0.011200
0.672800 0.273600 0.009600
0.768800 0.273600 0.009600
0.688000 0.274400 0.008800
0.698400 0.274400 0.004800
0.707200 0.274400 0.008800
0.753600 0.274400 0.008800
0.816000 0.274400 0.008000
0.597600 0.275200 0.008800
0.724000 0.275200 0.009600
0.834400 0.275200 0.011200
0.609600 0.276000 0.008800
0.736800 0.276000 0.011200
0.744000 0.276000 0.005600
0.780800 0.276000 0.007200
0.802400 0.276000 0.008800
0.848000 0.276000 0.009600
0.863200 0.276000 0.010400
0.791200 0.276800 0.007200
0.879200 0.278400 0.008800
0.892000 0.278400 0.011200
0.916800 0.283200 0.006400
0.108000 0.289600 0.010400
0.124800 0.291200 0.010400
0.139200 0.291200 0.008800
0.154400 0.291200 0.009600
0.168800 0.291200 0.008800
0.186400 0.291200 0.012000
0.205600 0.291200 0.008800
0.340000 0.291200 0.008800
0.371200 0.291200 0.008800
0.404000 0.291200 0.011200
0.219200 0.292000 0.008800
0.231200 0.292000 0.008800
0.254400 0.292000 0.004800
0.262400 0.292000 0.011200
0.279200 0.292000 0.008800
0.291200 0.292000 0.008800
0.308000 0.292000 0.009600
0.352000 0.292000 0.005600
0.359200 0.292000 0.012800
0.386400 0.292000 0.011200
0.394400 0.292000 0.004800
0.517600 0.292000 0.005600
0.686400 0.292000 0.007200
0.244800 0.292800 0.008800
0.324000 0.292800 0.008800
0.458400 0.292800 0.012800
0.525600 0.292800 0.005600
0.561600 0.292800 0.008800
0.573600 0.292800 0.008800
0.591200 0.292800 0.010400
0.421600 0.293600 0.009600
0.475200 0.293600 0.010400
0.508000 0.293600 0.007200
0.547200 0.293600 0.011200
0.660800 0.293600 0.008800
0.674400 0.293600 0.008800
0.916800 0.293600 0.008800
0.438400 0.294400 0.009600
0.492800 0.294400 0.010400
0.537600 0.294400 0.008800
0.603200 0.294400 0.008000
0.618400 0.294400 0.008800
0.645600 0.294400 0.008800
0.693600 0.294400 0.012800
0.706400 0.295200 0.013600
0.712800 0.295200 0.012800
0.789600 0.295200 0.012000
0.820800 0.295200 0.010400
0.836000 0.295200 0.008800
0.633600 0.296000 0.008800
0.727200 0.296000 0.010400
0.780800 0.296000 0.005600
0.804800 0.296000 0.008800
0.744000 0.296800 0.009600
0.770400 0.296800 0.008000
0.876000 0.296800 0.010400
0.894400 0.296800 0.011200
0.758400 0.297600 0.008800
0.850400 0.297600 0.008800
0.861600 0.297600 0.008800
0.916000 0.305600 0.016800
0.148000 0.310400 0.005600
0.109600 0.311200 0.012800
0.139200 0.311200 0.007200
0.158400 0.311200 0.012800
0.173600 0.311200 0.008800
0.247200 0.311200 0.007200
0.128000 0.312000 0.008800
0.184800 0.312000 0.005600
0.304800 0.312000 0.009600
0.321600 0.312000 0.010400
0.916000 0.312000 0.015200
0.194400 0.312800 0.005600
0.204800 0.312800 0.008800
0.220000 0.312800 0.008800
0.228800 0.312800 0.004800
0.236800 0.312800 0.005600
0.260000 0.312800 0.008800
0.272800 0.312800 0.008800
0.287200 0.312800 0.009600
0.372000 0.312800 0.010400
0.412000 0.312800 0.012000
0.336000 0.313600 0.008800
0.349600 0.313600 0.013600
0.357600 0.313600 0.013600
0.388000 0.314400 0.012800
0.428000 0.314400 0.008800
0.484000 0.314400 0.008800
0.508000 0.314400 0.004800
0.469600 0.315200 0.008800
0.555200 0.315200 0.008000
0.567200 0.315200 0.008800
0.440800 0.316000 0.008800
0.455200 0.316000 0.008800
0.497600 0.316000 0.008800
0.516800 0.316000 0.011200
0.531200 0.316000 0.008800
0.577600 0.316000 0.005600
0.586400 0.316000 0.013600
0.601600 0.316000 0.010400
0.637600 0.316000 0.009600
0.651200 0.316000 0.008800
0.682400 0.316000 0.011200
0.720800 0.316000 0.008800
0.543200 0.316800 0.008000
0.620000 0.316800 0.011200
0.665600 0.316800 0.009600
0.698400 0.316800 0.008000
0.708800 0.316800 0.007200
0.734400 0.316800 0.012000
0.740800 0.316800 0.011200
0.755200 0.317600 0.009600
0.780800 0.317600 0.007200
0.793600 0.317600 0.009600
0.769600 0.318400 0.008800
0.816000 0.318400 0.005600
0.821600 0.319200 0.010400
0.867200 0.319200 0.009600
0.807200 0.320000 0.007200
0.851200 0.320000 0.008800
0.838400 0.321600 0.010400
0.892800 0.321600 0.011200
0.880000 0.322400 0.008800
0.913600 0.324000 0.008800
0.137600 0.332800 0.009600
0.291200 0.332800 0.012800
0.308800 0.332800 0.008800
0.111200 0.333600 0.011200
0.152800 0.333600 0.011200
0.181600 0.333600 0.010400
0.217600 0.333600 0.007200
0.230400 0.333600 0.008800
0.245600 0.333600 0.008800
0.259200 0.333600 0.008800
0.322400 0.333600 0.008800
0.336000 0.333600 0.010400
0.352000 0.333600 0.013600
0.395200 0.333600 0.011200
0.125600 0.334400 0.008800
0.167200 0.334400 0.008800
0.196800 0.334400 0.008800
0.272800 0.334400 0.011200
0.280000 0.334400 0.004800
0.381600 0.334400 0.008800
0.411200 0.334400 0.008800
0.473600 0.334400 0.012000
0.479200 0.334400 0.011200
0.512000 0.334400 0.007200
0.209600 0.335200 0.005600
0.371200 0.335200 0.008800
0.425600 0.335200 0.008800
0.460000 0.335200 0.008800
0.491200 0.335200 0.008000
0.503200 0.335200 0.007200
0.440800 0.336000 0.011200
0.448800 0.336000 0.004800
0.522400 0.336000 0.008000
0.534400 0.336800 0.008000
0.546400 0.336800 0.008800
0.559200 0.336800 0.008800
0.579200 0.336800 0.008000
0.588800 0.336800 0.005600
0.660800 0.336800 0.009600
0.676000 0.336800 0.008800
0.720800 0.336800 0.010400
0.736000 0.336800 0.009600
0.598400 0.337600 0.007200
0.646400 0.337600 0.008800
0.704000 0.337600 0.009600
0.751200 0.337600 0.008800
0.566400 0.338400 0.012800
0.609600 0.338400 0.007200
0.690400 0.338400 0.008800
0.620800 0.339200 0.008000
0.633600 0.339200 0.008800
0.767200 0.339200 0.009600
0.783200 0.339200 0.011200
0.800800 0.339200 0.011200
0.819200 0.339200 0.008800
0.834400 0.339200 0.009600
0.847200 0.340000 0.008800
0.890400 0.340000 0.016800
0.911200 0.340000 0.011200
0.862400 0.340800 0.010400
0.878400 0.341600 0.010400
0.296800 0.354400 0.010400
0.139200 0.355200 0.009600
0.391200 0.355200 0.009600
0.110400 0.356000 0.013600
0.169600 0.356000 0.009600
0.204800 0.356000 0.005600
0.216800 0.356000 0.010400
0.224800 0.356000 0.004800
0.250400 0.356000 0.011200
0.266400 0.356000 0.009600
0.281600 0.356000 0.008800
0.313600 0.356000 0.011200
0.324800 0.356000 0.011200
0.342400 0.356000 0.010400
0.357600 0.356000 0.011200
0.364800 0.356000 0.005600
0.376000 0.356000 0.008800
0.455200 0.356000 0.008800
0.499200 0.356000 0.008800
0.515200 0.356000 0.013600
0.124800 0.356800 0.008800
0.153600 0.356800 0.008800
0.182400 0.356800 0.008800
0.196000 0.356800 0.007200
0.232800 0.356800 0.012000
0.405600 0.356800 0.008800
0.420000 0.356800 0.009600
0.444000 0.356800 0.007200
0.470400 0.356800 0.009600
0.484800 0.356800 0.008800
0.656800 0.356800 0.009600
0.912000 0.356800 0.011200
0.432800 0.357600 0.008000
0.581600 0.357600 0.013600
0.591200 0.357600 0.004800
0.524800 0.358400 0.005600
0.535200 0.358400 0.008800
0.548000 0.358400 0.008800
0.606400 0.358400 0.011200
0.670400 0.358400 0.007200
0.704800 0.358400 0.007200
0.561600 0.359200 0.011200
0.620800 0.359200 0.008000
0.632000 0.359200 0.007200
0.681600 0.359200 0.007200
0.693600 0.359200 0.008000
0.715200 0.359200 0.007200
0.734400 0.359200 0.003200
0.642400 0.360000 0.007200
0.726400 0.360000 0.013600
0.740800 0.360000 0.009600
0.911200 0.368800 0.008800
0.759200 0.379200 0.008800
0.775200 0.379200 0.011200
0.805600 0.379200 0.011200
0.820000 0.379200 0.005600
0.872800 0.379200 0.008800
0.745600 0.380000 0.009600
0.786400 0.380000 0.005600
0.794400 0.380000 0.013600
0.859200 0.380000 0.008800
0.889600 0.380000 0.012000
0.730400 0.380800 0.009600
0.828800 0.380800 0.013600
0.844000 0.380800 0.011200
0.911200 0.386400 0.012800
0.310400 0.396000 0.005600
0.299200 0.396800 0.008800
0.334400 0.396800 0.007200
0.382400 0.396800 0.011200
0.396800 0.396800 0.010400
0.500000 0.396800 0.008800
0.112000 0.397600 0.018400
0.135200 0.397600 0.008800
0.174400 0.397600 0.013600
0.179200 0.397600 0.011200
0.286400 0.397600 0.008800
0.316000 0.397600 0.013600
0.325600 0.397600 0.005600
0.349600 0.397600 0.011200
0.412800 0.397600 0.008800
0.456800 0.397600 0.009600
0.487200 0.397600 0.008800
0.514400 0.397600 0.008800
0.656800 0.397600 0.008800
0.124800 0.398400 0.007200
0.148000 0.398400 0.008800
0.196000 0.398400 0.013600
0.206400 0.398400 0.005600
0.215200 0.398400 0.008800
0.244000 0.398400 0.011200
0.260000 0.398400 0.008800
0.272800 0.398400 0.008800
0.366400 0.398400 0.011200
0.427200 0.398400 0.008800
0.441600 0.398400 0.008800
0.471200 0.398400 0.008800
0.528000 0.398400 0.008800
0.542400 0.398400 0.008800
0.669600 0.398400 0.008800
0.697600 0.398400 0.008800
0.161600 0.399200 0.008800
0.228000 0.399200 0.008800
0.557600 0.399200 0.008800
0.584000 0.399200 0.009600
0.641600 0.399200 0.008800
0.684800 0.399200 0.009600
0.709600 0.399200 0.008800
0.733600 0.399200 0.004800
0.788800 0.399200 0.011200
0.570400 0.400000 0.007200
0.600000 0.400000 0.009600
0.629600 0.400000 0.008800
0.722400 0.400000 0.008800
0.741600 0.400000 0.011200
0.779200 0.400000 0.004800
0.824000 0.400000 0.011200
0.872000 0.400000 0.005600
0.884800 0.400000 0.008800
0.914400 0.400000 0.013600
0.614400 0.400800 0.008800
0.754400 0.400800 0.008000
0.804000 0.400800 0.009600
0.818400 0.400800 0.011200
0.862400 0.400800 0.007200
0.837600 0.401600 0.008800
0.850400 0.401600 0.008000
0.769600 0.402400 0.011200
0.897600 0.402400 0.008800
0.915200 0.408800 0.013600
0.318400 0.416000 0.008800
0.304800 0.416800 0.009600
0.338400 0.416800 0.005600
0.348800 0.416800 0.007200
0.358400 0.416800 0.008800
0.496000 0.416800 0.008000
0.509600 0.416800 0.008800
0.539200 0.416800 0.008800
0.191200 0.417600 0.007200
0.261600 0.417600 0.008800
0.288000 0.417600 0.008800
0.328800 0.417600 0.008800
0.453600 0.417600 0.008800
0.469600 0.417600 0.009600
0.524800 0.417600 0.009600
0.547200 0.417600 0.005600
0.557600 0.417600 0.007200
0.581600 0.417600 0.008800
0.596000 0.417600 0.008800
0.611200 0.417600 0.008800
0.661600 0.417600 0.010400
0.178400 0.418400 0.008800
0.247200 0.418400 0.008800
0.274400 0.418400 0.008800
0.413600 0.418400 0.008800
0.440800 0.418400 0.008000
0.484000 0.418400 0.008000
0.569600 0.418400 0.007200
0.622400 0.418400 0.005600
0.631200 0.418400 0.008800
0.804000 0.418400 0.005600
0.813600 0.418400 0.007200
0.132000 0.419200 0.008800
0.167200 0.419200 0.008800
0.205600 0.419200 0.009600
0.387200 0.419200 0.008800
0.399200 0.419200 0.008800
0.428000 0.419200 0.009600
0.644000 0.419200 0.008800
0.676800 0.419200 0.008800
0.688800 0.419200 0.008800
0.702400 0.419200 0.008800
0.728000 0.419200 0.008000
0.740000 0.419200 0.008800
0.753600 0.419200 0.010400
0.772000 0.419200 0.008800
0.786400 0.419200 0.008800
0.797600 0.419200 0.005600
0.824000 0.419200 0.008800
0.837600 0.419200 0.008000
0.849600 0.419200 0.008800
0.864000 0.419200 0.007200
0.877600 0.419200 0.008800
0.890400 0.419200 0.008800
0.112800 0.420000 0.012800
0.148000 0.420000 0.011200
0.219200 0.420000 0.008800
0.232800 0.420000 0.008800
0.374400 0.420000 0.009600
0.716000 0.420000 0.008800
0.916000 0.424800 0.011200
0.529600 0.436000 0.008800
0.208000 0.436800 0.009600
0.512000 0.436800 0.011200
0.624000 0.436800 0.008800
0.630400 0.436800 0.003200
0.639200 0.436800 0.008000
0.664000 0.436800 0.008800
0.779200 0.436800 0.011200
0.784000 0.436800 0.010400
0.813600 0.436800 0.009600
0.496800 0.437600 0.008800
0.542400 0.437600 0.008000
0.652000 0.437600 0.008000
0.680000 0.437600 0.011200
0.688000 0.437600 0.005600
0.710400 0.437600 0.007200
0.796800 0.437600 0.008800
0.827200 0.437600 0.008800
0.193600 0.438400 0.013600
0.325600 0.438400 0.009600
0.338400 0.438400 0.008800
0.424800 0.438400 0.005600
0.482400 0.438400 0.008800
0.553600 0.438400 0.007200
0.563200 0.438400 0.007200
0.574400 0.438400 0.007200
0.582400 0.438400 0.012800
0.597600 0.438400 0.010400
0.612000 0.438400 0.008800
0.697600 0.438400 0.008800
0.721600 0.438400 0.008000
0.766400 0.438400 0.008800
0.865600 0.438400 0.011200
0.881600 0.438400 0.008800
0.106400 0.439200 0.016000
0.148000 0.439200 0.008800
0.221600 0.439200 0.008000
0.296800 0.439200 0.008800
0.310400 0.439200 0.008800
0.351200 0.439200 0.008800
0.393600 0.439200 0.012000
0.400800 0.439200 0.005600
0.409600 0.439200 0.005600
0.417600 0.439200 0.004800
0.449600 0.439200 0.008800
0.459200 0.439200 0.005600
0.468800 0.439200 0.008800
0.736800 0.439200 0.009600
0.752000 0.439200 0.008800
0.841600 0.439200 0.008800
0.895200 0.439200 0.010400
0.917600 0.439200 0.008800
0.116000 0.440000 0.008800
0.131200 0.440000 0.010400
0.186400 0.440000 0.015200
0.233600 0.440000 0.007200
0.244800 0.440000 0.008800
0.257600 0.440000 0.011200
0.284800 0.440000 0.007200
0.374400 0.440000 0.008800
0.380800 0.440000 0.011200
0.435200 0.440000 0.008800
0.852000 0.440000 0.005600
0.163200 0.440800 0.008800
0.174400 0.440800 0.007200
0.273600 0.440800 0.008800
0.363200 0.440800 0.008000
0.918400 0.451200 0.008800
0.816800 0.455200 0.007200
0.645600 0.456000 0.008800
0.780800 0.456000 0.008800
0.804800 0.456000 0.008000
0.827200 0.456000 0.007200
0.492800 0.456800 0.008000
0.543200 0.456800 0.008800
0.596000 0.456800 0.008000
0.663200 0.456800 0.008000
0.723200 0.456800 0.008800
0.768000 0.456800 0.007200
0.844800 0.456800 0.008000
0.504800 0.457600 0.007200
0.516000 0.457600 0.007200
0.526400 0.457600 0.011200
0.583200 0.457600 0.007200
0.608800 0.457600 0.008800
0.621600 0.457600 0.007200
0.632800 0.457600 0.008000
0.678400 0.457600 0.011200
0.732000 0.457600 0.005600
0.741600 0.457600 0.008800
0.756800 0.457600 0.008800
0.792800 0.457600 0.008000
0.834400 0.457600 0.005600
0.859200 0.457600 0.010400
0.874400 0.457600 0.008800
0.886400 0.457600 0.008800
0.557600 0.458400 0.008800
0.571200 0.458400 0.008000
0.682400 0.458400 0.011200
0.710400 0.458400 0.008800
0.480000 0.459200 0.007200
0.698400 0.459200 0.009600
0.228000 0.460000 0.008000
0.411200 0.460000 0.008800
0.438400 0.460000 0.008800
0.455200 0.460000 0.008800
0.467200 0.460000 0.008000
0.900800 0.460000 0.011200
0.123200 0.460800 0.013600
0.273600 0.460800 0.004800
0.279200 0.460800 0.009600
0.334400 0.460800 0.008000
0.345600 0.460800 0.007200
0.356800 0.460800 0.008000
0.372000 0.460800 0.009600
0.397600 0.460800 0.008000
0.422400 0.460800 0.010400
0.448000 0.460800 0.005600
0.144800 0.461600 0.009600
0.180800 0.461600 0.010400
0.206400 0.461600 0.008800
0.218400 0.461600 0.007200
0.241600 0.461600 0.007200
0.385600 0.461600 0.008800
0.428800 0.461600 0.004800
0.919200 0.461600 0.008000
0.111200 0.462400 0.011200
0.161600 0.462400 0.010400
0.192800 0.462400 0.007200
0.252000 0.462400 0.007200
0.264000 0.462400 0.008000
0.308000 0.462400 0.008800
0.322400 0.462400 0.008800
0.296000 0.463200 0.011200
0.920000 0.473600 0.016800
0.762400 0.475200 0.008800
0.772800 0.475200 0.005600
0.784000 0.475200 0.008800
0.815200 0.475200 0.009600
0.829600 0.475200 0.011200
0.652800 0.476000 0.011200
0.670400 0.476000 0.011200
0.686400 0.476000 0.008800
0.798400 0.476000 0.011200
0.872000 0.476000 0.008000
0.884800 0.476000 0.008800
0.535200 0.476800 0.007200
0.544800 0.476800 0.007200
0.747200 0.476800 0.009600
0.847200 0.476800 0.008800
0.860800 0.476800 0.008000
0.900000 0.476800 0.011200
0.556000 0.477600 0.005600
0.636000 0.477600 0.010400
0.702400 0.477600 0.008800
0.715200 0.477600 0.008800
0.729600 0.477600 0.011200
0.450400 0.478400 0.008800
0.465600 0.478400 0.005600
0.491200 0.478400 0.011200
0.523200 0.478400 0.008800
0.565600 0.478400 0.008800
0.580000 0.478400 0.008800
0.594400 0.478400 0.008800
0.475200 0.479200 0.008800
0.508000 0.479200 0.011200
0.620000 0.479200 0.008800
0.196000 0.480000 0.005600
0.214400 0.480000 0.007200
0.279200 0.480000 0.003200
0.422400 0.480000 0.008800
0.436800 0.480000 0.008800
0.459200 0.480000 0.004800
0.607200 0.480000 0.008800
0.186400 0.480800 0.005600
0.204000 0.480800 0.005600
0.226400 0.480800 0.008800
0.271200 0.480800 0.006400
0.329600 0.480800 0.005600
0.340800 0.480800 0.008000
0.353600 0.480800 0.008800
0.408000 0.480800 0.008800
0.919200 0.480800 0.013600
0.170400 0.481600 0.007200
0.179200 0.481600 0.004800
0.295200 0.481600 0.011200
0.148000 0.482400 0.004800
0.158400 0.482400 0.008000
0.243200 0.482400 0.012800
0.252000 0.482400 0.004800
0.260000 0.482400 0.012800
0.309600 0.482400 0.009600
0.320800 0.482400 0.007200
0.368000 0.482400 0.012000
0.376000 0.482400 0.005600
0.385600 0.482400 0.008800
0.397600 0.482400 0.005600
0.140800 0.483200 0.005600
0.112000 0.484000 0.011200
0.124800 0.484000 0.013600
0.133600 0.484000 0.004000
0.929600 0.504800 0.016800
0.945600 0.506400 0.013600
0.936800 0.524000 0.012000
