0.591200 0.162400 0.005600
0.599200 0.162400 0.004800
0.570400 0.163200 0.005600
0.606400 0.163200 0.005600
0.460000 0.164000 0.016800
0.526400 0.164000 0.015200
0.544800 0.164000 0.011200
0.578400 0.164000 0.005600
0.585600 0.164000 0.004000
0.468800 0.164800 0.013600
0.516000 0.164800 0.007200
0.536000 0.164800 0.007200
0.563200 0.164800 0.012000
0.435200 0.165600 0.010400
0.451200 0.165600 0.013600
0.496800 0.165600 0.005600
0.507200 0.165600 0.007200
0.399200 0.166400 0.016000
0.419200 0.166400 0.007200
0.428800 0.166400 0.005600
0.390400 0.167200 0.012000
0.408800 0.167200 0.007200
0.488800 0.167200 0.012000
0.544800 0.184000 0.005600
0.558400 0.184000 0.011200
0.568000 0.184000 0.012800
0.461600 0.184800 0.011200
0.492800 0.184800 0.005600
0.502400 0.184800 0.007200
0.535200 0.184800 0.007200
0.552800 0.184800 0.004800
0.574400 0.184800 0.011200
0.427200 0.185600 0.011200
0.484800 0.185600 0.012000
0.511200 0.185600 0.014400
0.516800 0.185600 0.010400
0.421600 0.186400 0.012800
0.444000 0.187200 0.009600
0.594400 0.219200 0.012000
0.603200 0.219200 0.011200
0.608800 0.219200 0.011200
0.429600 0.220000 0.013600
0.564000 0.220800 0.012800
0.572800 0.220800 0.005600
0.408000 0.221600 0.019200
0.422400 0.221600 0.019200
0.444800 0.221600 0.011200
0.527200 0.221600 0.009600
0.580800 0.221600 0.012800
0.461600 0.222400 0.013600
0.532800 0.222400 0.012000
0.540800 0.222400 0.005600
0.548000 0.222400 0.005600
0.363200 0.225600 0.009600
0.370400 0.225600 0.003200
0.384000 0.225600 0.008000
0.490400 0.225600 0.011200
0.593600 0.240800 0.013600
0.598400 0.240800 0.011200
0.576000 0.243200 0.011200
0.562400 0.244000 0.011200
0.569600 0.244000 0.004800
0.549600 0.244800 0.011200
0.532000 0.245600 0.011200
0.461600 0.246400 0.008800
0.506400 0.246400 0.019200
0.516800 0.246400 0.013600
0.427200 0.247200 0.010400
0.441600 0.247200 0.005600
0.450400 0.247200 0.005600
0.470400 0.247200 0.016000
0.489600 0.247200 0.005600
0.498400 0.247200 0.013600
0.480800 0.248000 0.013600
0.387200 0.250400 0.010400
0.394400 0.250400 0.005600
0.401600 0.250400 0.010400
0.375200 0.251200 0.008000
0.364800 0.252000 0.008000
0.404000 0.275200 0.010400
0.372800 0.276000 0.005600
0.364800 0.276800 0.011200
0.380000 0.276800 0.005600
0.389600 0.276800 0.005600
0.398400 0.276800 0.005600
0.627200 0.280800 0.008000
0.585600 0.281600 0.005600
0.592800 0.281600 0.008800
0.617600 0.282400 0.008000
0.605600 0.284000 0.008000
0.472000 0.292000 0.013600
0.586400 0.292800 0.008000
0.488800 0.293600 0.008800
0.452000 0.295200 0.011200
0.438400 0.296000 0.011200
0.575200 0.296000 0.019200
0.611200 0.296000 0.010400
0.627200 0.296000 0.010400
0.424800 0.296800 0.008800
0.419200 0.297600 0.013600
0.409600 0.298400 0.017600
0.523200 0.298400 0.013600
0.531200 0.298400 0.005600
0.540000 0.299200 0.007200
0.552000 0.299200 0.007200
0.380800 0.301600 0.005600
0.366400 0.302400 0.009600
0.373600 0.302400 0.003200
0.478400 0.319200 0.016800
0.470400 0.320000 0.013600
0.486400 0.320000 0.019200
0.444800 0.320800 0.012800
0.462400 0.320800 0.013600
0.427200 0.321600 0.011200
0.537600 0.322400 0.010400
0.530400 0.323200 0.011200
0.543200 0.323200 0.011200
0.551200 0.323200 0.011200
0.569600 0.323200 0.008800
0.524800 0.324000 0.011200
0.558400 0.324000 0.011200
0.380000 0.324800 0.010400
0.415200 0.324800 0.019200
0.364800 0.325600 0.011200
0.372800 0.325600 0.016000
0.417600 0.360800 0.008000
0.374400 0.361600 0.011200
0.400800 0.361600 0.008800
0.367200 0.362400 0.005600
0.391200 0.363200 0.013600
