0.232800 0.050400 0.011200
0.252000 0.051200 0.016800
0.216000 0.052000 0.011200
0.200000 0.053600 0.013600
0.156000 0.056000 0.022400
0.176800 0.056800 0.013600
0.858400 0.058400 0.024800
0.875200 0.058400 0.024800
0.108000 0.084800 0.015200
0.120000 0.086400 0.015200
0.126400 0.086400 0.012800
0.140000 0.086400 0.008800
0.154400 0.087200 0.008800
0.334400 0.087200 0.011200
0.462400 0.087200 0.009600
0.481600 0.087200 0.013600
0.587200 0.087200 0.008800
0.192000 0.088000 0.008800
0.220800 0.088000 0.011200
0.236000 0.088000 0.008800
0.249600 0.088000 0.008800
0.264800 0.088000 0.008800
0.289600 0.088000 0.009600
0.308800 0.088000 0.013600
0.320000 0.088000 0.011200
0.418400 0.088000 0.008800
0.447200 0.088000 0.011200
0.475200 0.088000 0.013600
0.494400 0.088000 0.008800
0.515200 0.088000 0.016800
0.604000 0.088000 0.010400
0.722400 0.088000 0.008800
0.166400 0.088800 0.007200
0.348800 0.088800 0.008800
0.376800 0.088800 0.013600
0.393600 0.088800 0.008800
0.405600 0.088800 0.008800
0.430400 0.088800 0.008800
0.506400 0.088800 0.005600
0.527200 0.088800 0.008800
0.573600 0.088800 0.008800
0.617600 0.088800 0.008800
0.628800 0.088800 0.007200
0.640800 0.088800 0.008800
0.736000 0.088800 0.011200
0.778400 0.088800 0.008800
0.794400 0.088800 0.011200
0.835200 0.088800 0.016800
0.858400 0.088800 0.009600
0.176800 0.089600 0.016000
0.206400 0.089600 0.009600
0.276000 0.089600 0.008800
0.363200 0.089600 0.009600
0.384000 0.089600 0.015200
0.546400 0.089600 0.012800
0.561600 0.089600 0.008800
0.708000 0.089600 0.008800
0.754400 0.089600 0.008800
0.766400 0.089600 0.008000
0.872000 0.089600 0.008800
0.884800 0.089600 0.008800
0.893600 0.089600 0.007200
0.653600 0.090400 0.008000
0.666400 0.090400 0.009600
0.680000 0.090400 0.008800
0.808800 0.090400 0.008800
0.822400 0.090400 0.008800
0.694400 0.091200 0.010400
0.900800 0.106400 0.021600
0.104000 0.108000 0.015200
0.830400 0.108000 0.009600
0.112800 0.108800 0.016800
0.275200 0.108800 0.009600
0.422400 0.108800 0.015200
0.428800 0.108800 0.011200
0.571200 0.108800 0.011200
0.644800 0.108800 0.009600
0.725600 0.108800 0.008800
0.738400 0.108800 0.008800
0.848800 0.108800 0.011200
0.860800 0.108800 0.008800
0.872000 0.108800 0.008800
0.886400 0.108800 0.008800
0.126400 0.109600 0.011200
0.216000 0.109600 0.008800
0.228000 0.109600 0.008800
0.401600 0.109600 0.007200
0.411200 0.109600 0.008800
0.484000 0.109600 0.011200
0.500800 0.109600 0.008800
0.511200 0.109600 0.005600
0.544800 0.109600 0.011200
0.591200 0.109600 0.012000
0.629600 0.109600 0.009600
0.669600 0.109600 0.008800
0.677600 0.109600 0.013600
0.689600 0.109600 0.013600
0.794400 0.109600 0.008800
0.813600 0.109600 0.011200
0.143200 0.110400 0.009600
0.168000 0.110400 0.008800
0.180000 0.110400 0.008800
0.192800 0.110400 0.008800
0.204000 0.110400 0.007200
0.244000 0.110400 0.011200
0.260000 0.110400 0.008800
0.291200 0.110400 0.009600
0.308000 0.110400 0.010400
0.390400 0.110400 0.009600
0.441600 0.110400 0.008800
0.468000 0.110400 0.009600
0.518400 0.110400 0.013600
0.528800 0.110400 0.013600
0.536000 0.110400 0.003200
0.556800 0.110400 0.008800
0.605600 0.110400 0.008800
0.616000 0.110400 0.008800
0.659200 0.110400 0.008800
0.712800 0.110400 0.008800
0.764800 0.110400 0.008800
0.781600 0.110400 0.010400
0.156000 0.111200 0.008800
0.320800 0.111200 0.011200
0.358400 0.111200 0.008800
0.368800 0.111200 0.004800
0.376000 0.111200 0.011200
0.455200 0.111200 0.008800
0.697600 0.111200 0.010400
0.752800 0.111200 0.008800
0.340000 0.112000 0.012800
0.851200 0.128800 0.008800
0.746400 0.130400 0.011200
0.841600 0.130400 0.005600
0.869600 0.130400 0.011200
0.886400 0.130400 0.010400
0.380800 0.131200 0.011200
0.397600 0.131200 0.010400
0.424800 0.131200 0.008800
0.441600 0.131200 0.010400
0.634400 0.131200 0.008800
0.647200 0.131200 0.008800
0.689600 0.131200 0.008800
0.705600 0.131200 0.009600
0.730400 0.131200 0.008800
0.789600 0.131200 0.008800
0.805600 0.131200 0.009600
0.819200 0.131200 0.008800
0.831200 0.131200 0.008800
0.321600 0.132000 0.008800
0.336000 0.132000 0.008800
0.497600 0.132000 0.012000
0.510400 0.132000 0.008800
0.604800 0.132000 0.011200
0.612000 0.132000 0.005600
0.620800 0.132000 0.011200
0.660000 0.132000 0.009600
0.676800 0.132000 0.009600
0.718400 0.132000 0.008000
0.762400 0.132000 0.008800
0.776800 0.132000 0.008800
0.160000 0.132800 0.008800
0.172800 0.132800 0.008800
0.185600 0.132800 0.008000
0.197600 0.132800 0.008000
0.210400 0.132800 0.008800
0.221600 0.132800 0.007200
0.272000 0.132800 0.003200
0.295200 0.132800 0.010400
0.348000 0.132800 0.008800
0.364000 0.132800 0.010400
0.411200 0.132800 0.008800
0.454400 0.132800 0.008800
0.472000 0.132800 0.007200
0.488800 0.132800 0.005600
0.520800 0.132800 0.005600
0.530400 0.132800 0.007200
0.558400 0.132800 0.005600
0.594400 0.132800 0.008800
0.104800 0.133600 0.013600
0.141600 0.133600 0.010400
0.232800 0.133600 0.008800
0.248800 0.133600 0.009600
0.263200 0.133600 0.012000
0.280000 0.133600 0.008800
0.308000 0.133600 0.008800
0.481600 0.133600 0.005600
0.541600 0.133600 0.008800
0.550400 0.133600 0.012800
0.569600 0.133600 0.008000
0.581600 0.133600 0.008000
0.129600 0.134400 0.008800
0.116000 0.135200 0.009600
0.846400 0.149600 0.012800
0.596000 0.150400 0.011200
0.616000 0.150400 0.011200
0.785600 0.150400 0.012800
0.792800 0.150400 0.013600
0.804800 0.150400 0.008800
0.821600 0.150400 0.009600
0.833600 0.150400 0.008800
0.855200 0.150400 0.005600
0.864800 0.150400 0.007200
0.459200 0.151200 0.008800
0.476800 0.151200 0.009600
0.540800 0.151200 0.009600
0.756000 0.151200 0.010400
0.772000 0.151200 0.008800
0.875200 0.151200 0.005600
0.883200 0.151200 0.004800
0.448800 0.152000 0.004800
0.491200 0.152000 0.008800
0.502400 0.152000 0.013600
0.508800 0.152000 0.011200
0.522400 0.152000 0.010400
0.554400 0.152000 0.008800
0.567200 0.152000 0.008800
0.580000 0.152000 0.008800
0.634400 0.152000 0.012000
0.676800 0.152000 0.011200
0.708000 0.152000 0.008800
0.720000 0.152000 0.008800
0.736800 0.152000 0.011200
0.891200 0.152000 0.012800
0.229600 0.152800 0.011200
0.406400 0.152800 0.008800
0.416000 0.152800 0.005600
0.428000 0.152800 0.009600
0.440800 0.152800 0.011200
0.652000 0.152800 0.008800
0.663200 0.152800 0.008000
0.104000 0.153600 0.008800
0.146400 0.153600 0.008800
0.212800 0.153600 0.008800
0.291200 0.153600 0.008800
0.305600 0.153600 0.013600
0.314400 0.153600 0.008800
0.327200 0.153600 0.008800
0.382400 0.153600 0.008800
0.395200 0.153600 0.008800
0.682400 0.153600 0.012800
0.694400 0.153600 0.008800
0.115200 0.154400 0.008800
0.128800 0.154400 0.012800
0.164800 0.154400 0.005600
0.174400 0.154400 0.007200
0.187200 0.154400 0.008800
0.199200 0.154400 0.008800
0.244000 0.154400 0.009600
0.279200 0.154400 0.013600
0.340000 0.154400 0.008000
0.352000 0.154400 0.011200
0.368000 0.154400 0.008800
0.156800 0.155200 0.004800
0.258400 0.155200 0.009600
0.272000 0.155200 0.013600
0.136800 0.156000 0.005600
0.772000 0.171200 0.011200
0.781600 0.172000 0.004800
0.853600 0.172000 0.011200
0.610400 0.172800 0.010400
0.665600 0.172800 0.008800
0.744800 0.172800 0.008800
0.792000 0.172800 0.011200
0.417600 0.173600 0.012800
0.462400 0.173600 0.013600
0.490400 0.173600 0.005600
0.502400 0.173600 0.011200
0.722400 0.173600 0.005600
0.731200 0.173600 0.008800
0.757600 0.173600 0.008800
0.808000 0.173600 0.008800
0.837600 0.173600 0.008800
0.864800 0.173600 0.005600
0.873600 0.173600 0.013600
0.883200 0.173600 0.014400
0.890400 0.173600 0.011200
0.177600 0.174400 0.013600
0.480800 0.174400 0.013600
0.517600 0.174400 0.008800
0.595200 0.174400 0.008800
0.622400 0.174400 0.005600
0.631200 0.174400 0.013600
0.652000 0.174400 0.007200
0.680800 0.174400 0.008800
0.691200 0.174400 0.005600
0.824000 0.174400 0.011200
0.184000 0.175200 0.012800
0.372800 0.175200 0.010400
0.392000 0.175200 0.009600
0.424000 0.175200 0.010400
0.436000 0.175200 0.008000
0.529600 0.175200 0.008000
0.542400 0.175200 0.008800
0.552000 0.175200 0.005600
0.570400 0.175200 0.008000
0.582400 0.175200 0.008000
0.640000 0.175200 0.008800
0.699200 0.175200 0.011200
0.713600 0.175200 0.012000
0.164000 0.176000 0.008800
0.196000 0.176000 0.008800
0.211200 0.176000 0.009600
0.227200 0.176000 0.009600
0.244800 0.176000 0.010400
0.310400 0.176000 0.008000
0.323200 0.176000 0.008000
0.348000 0.176000 0.007200
0.356800 0.176000 0.012800
0.362400 0.176000 0.010400
0.404800 0.176000 0.009600
0.448000 0.176000 0.008800
0.559200 0.176000 0.008800
0.106400 0.176800 0.011200
0.120800 0.176800 0.008800
0.136000 0.176800 0.008800
0.149600 0.176800 0.008800
0.257600 0.176800 0.008000
0.270400 0.176800 0.008800
0.299200 0.176800 0.008000
0.336000 0.176800 0.008800
0.286400 0.177600 0.009600
0.352000 0.193600 0.011200
0.859200 0.193600 0.008800
0.872000 0.193600 0.013600
0.880800 0.193600 0.005600
0.375200 0.194400 0.011200
0.531200 0.194400 0.011200
0.551200 0.194400 0.008800
0.564000 0.194400 0.008800
0.596000 0.194400 0.008800
0.682400 0.194400 0.013600
0.758400 0.194400 0.011200
0.848000 0.194400 0.005600
0.153600 0.195200 0.010400
0.169600 0.195200 0.010400
0.211200 0.195200 0.011200
0.324000 0.195200 0.010400
0.338400 0.195200 0.008800
0.407200 0.195200 0.010400
0.424000 0.195200 0.008800
0.575200 0.195200 0.008800
0.586400 0.195200 0.005600
0.608800 0.195200 0.008800
0.646400 0.195200 0.008800
0.655200 0.195200 0.004800
0.664000 0.195200 0.007200
0.674400 0.195200 0.014400
0.692800 0.195200 0.005600
0.700800 0.195200 0.011200
0.713600 0.195200 0.008800
0.726400 0.195200 0.011200
0.763200 0.195200 0.013600
0.792000 0.195200 0.004800
0.800800 0.195200 0.008800
0.813600 0.195200 0.007200
0.838400 0.195200 0.008000
0.891200 0.195200 0.013600
0.124800 0.196000 0.005600
0.195200 0.196000 0.008800
0.240800 0.196000 0.008000
0.251200 0.196000 0.013600
0.267200 0.196000 0.011200
0.280000 0.196000 0.008000
0.295200 0.196000 0.009600
0.308800 0.196000 0.008800
0.392800 0.196000 0.008800
0.436800 0.196000 0.008800
0.444800 0.196000 0.014400
0.455200 0.196000 0.008800
0.481600 0.196000 0.009600
0.499200 0.196000 0.009600
0.516000 0.196000 0.009600
0.616800 0.196000 0.007200
0.626400 0.196000 0.005600
0.634400 0.196000 0.005600
0.744800 0.196000 0.010400
0.771200 0.196000 0.011200
0.784000 0.196000 0.012000
0.824800 0.196000 0.008800
0.116000 0.196800 0.007200
0.136800 0.196800 0.008800
0.185600 0.196800 0.008800
0.228000 0.196800 0.010400
0.468000 0.196800 0.008800
0.104800 0.197600 0.011200
0.103200 0.215200 0.011200
0.290400 0.215200 0.008800
0.116000 0.216000 0.008800
0.495200 0.216000 0.009600
0.508800 0.216000 0.008800
0.539200 0.216000 0.008800
0.556000 0.216000 0.011200
0.149600 0.216800 0.005600
0.156000 0.216800 0.012800
0.169600 0.216800 0.008800
0.277600 0.216800 0.007200
0.359200 0.216800 0.011200
0.386400 0.216800 0.016800
0.527200 0.216800 0.011200
0.618400 0.216800 0.009600
0.126400 0.217600 0.005600
0.138400 0.217600 0.008800
0.180800 0.217600 0.013600
0.197600 0.217600 0.008800
0.209600 0.217600 0.010400
0.266400 0.217600 0.008000
0.305600 0.217600 0.009600
0.317600 0.217600 0.004800
0.372800 0.217600 0.008800
0.392800 0.217600 0.013600
0.408800 0.217600 0.012800
0.463200 0.217600 0.010400
0.479200 0.217600 0.011200
0.588000 0.217600 0.008800
0.604000 0.217600 0.011200
0.672000 0.217600 0.007200
0.740800 0.217600 0.016800
0.216000 0.218400 0.004000
0.248000 0.218400 0.004800
0.256000 0.218400 0.011200
0.326400 0.218400 0.012800
0.339200 0.218400 0.013600
0.419200 0.218400 0.005600
0.425600 0.218400 0.011200
0.437600 0.218400 0.008000
0.448800 0.218400 0.008800
0.573600 0.218400 0.011200
0.632800 0.218400 0.008800
0.647200 0.218400 0.008800
0.660800 0.218400 0.008000
0.684800 0.218400 0.008800
0.697600 0.218400 0.008800
0.708000 0.218400 0.005600
0.717600 0.218400 0.007200
0.728000 0.218400 0.008800
0.748800 0.218400 0.016800
0.775200 0.218400 0.008800
0.899200 0.218400 0.005600
0.761600 0.219200 0.008800
0.788800 0.219200 0.009600
0.223200 0.220000 0.005600
0.232000 0.220000 0.005600
0.240800 0.220000 0.005600
0.804800 0.220000 0.009600
0.835200 0.220000 0.011200
0.848800 0.220000 0.008000
0.866400 0.220000 0.013600
0.891200 0.220000 0.018400
0.819200 0.220800 0.008800
0.860000 0.220800 0.016800
0.878400 0.220800 0.008800
0.106400 0.252800 0.016000
0.127200 0.253600 0.013600
0.152800 0.253600 0.008800
0.118400 0.254400 0.005600
0.138400 0.254400 0.008800
0.164800 0.255200 0.008800
0.200800 0.256000 0.004800
0.220000 0.256000 0.005600
0.177600 0.256800 0.008800
0.191200 0.256800 0.008000
0.208800 0.256800 0.013600
0.228800 0.256800 0.013600
0.239200 0.256800 0.007200
0.252800 0.256800 0.008800
0.264000 0.256800 0.005600
0.292000 0.256800 0.015200
0.273600 0.257600 0.007200
0.283200 0.257600 0.005600
0.343200 0.257600 0.011200
0.432000 0.257600 0.008800
0.304000 0.258400 0.013600
0.312800 0.258400 0.005600
0.320800 0.258400 0.004800
0.328800 0.258400 0.012000
0.356000 0.258400 0.005600
0.364800 0.258400 0.007200
0.410400 0.258400 0.005600
0.446400 0.258400 0.008800
0.399200 0.259200 0.011200
0.418400 0.259200 0.013600
0.507200 0.259200 0.008800
0.541600 0.259200 0.004800
0.549600 0.259200 0.013600
0.379200 0.260000 0.011200
0.459200 0.260000 0.008800
0.467200 0.260000 0.005600
0.495200 0.260000 0.007200
0.557600 0.260000 0.013600
0.578400 0.260000 0.011200
0.591200 0.260000 0.008800
0.604000 0.260000 0.008800
0.476000 0.260800 0.013600
0.484000 0.260800 0.008800
0.533600 0.260800 0.011200
0.520800 0.261600 0.008800
0.617600 0.261600 0.008800
0.628800 0.261600 0.008000
0.666400 0.261600 0.011200
0.680000 0.261600 0.008800
0.691200 0.261600 0.007200
0.736800 0.261600 0.008800
0.645600 0.262400 0.012800
0.702400 0.262400 0.008800
0.752000 0.262400 0.011200
0.770400 0.262400 0.011200
0.710400 0.263200 0.013600
0.724000 0.263200 0.008800
0.784000 0.264000 0.008800
0.824800 0.264000 0.008800
0.834400 0.264000 0.005600
0.860800 0.264000 0.011200
0.796800 0.264800 0.011200
0.812000 0.264800 0.011200
0.840800 0.264800 0.005600
0.848800 0.264800 0.013600
0.877600 0.264800 0.009600
0.892800 0.264800 0.011200
0.103200 0.274400 0.011200
0.145600 0.274400 0.008800
0.160800 0.274400 0.008800
0.116000 0.275200 0.011200
0.124800 0.275200 0.004800
0.132800 0.275200 0.011200
0.193600 0.276000 0.012000
0.247200 0.276000 0.003200
0.176000 0.276800 0.008800
0.233600 0.276800 0.011200
0.252800 0.276800 0.009600
0.273600 0.276800 0.003200
0.188800 0.277600 0.013600
0.210400 0.277600 0.008800
0.281600 0.277600 0.011200
0.222400 0.278400 0.008000
0.264800 0.278400 0.007200
0.295200 0.278400 0.008800
0.309600 0.279200 0.008800
0.324000 0.279200 0.009600
0.337600 0.280000 0.008800
0.351200 0.280000 0.009600
0.366400 0.280000 0.011200
0.385600 0.280000 0.009600
0.433600 0.280000 0.013600
0.440000 0.280000 0.013600
0.400000 0.280800 0.008800
0.412000 0.280800 0.007200
0.421600 0.280800 0.007200
0.452000 0.280800 0.010400
0.476000 0.280800 0.007200
0.490400 0.280800 0.008800
0.500800 0.280800 0.007200
0.516000 0.280800 0.010400
0.532800 0.280800 0.009600
0.558400 0.280800 0.009600
0.467200 0.281600 0.013600
0.544800 0.281600 0.008800
0.571200 0.282400 0.012000
0.576800 0.282400 0.011200
0.586400 0.282400 0.008800
0.619200 0.282400 0.008800
0.596800 0.283200 0.008800
0.608000 0.283200 0.008000
0.632000 0.283200 0.008800
0.656800 0.283200 0.004800
0.699200 0.283200 0.010400
0.757600 0.283200 0.008800
0.664800 0.284000 0.011200
0.680000 0.284000 0.011200
0.745600 0.284000 0.013600
0.644800 0.284800 0.008800
0.713600 0.284800 0.008800
0.737600 0.284800 0.011200
0.771200 0.284800 0.011200
0.801600 0.284800 0.004800
0.884000 0.284800 0.008800
0.778400 0.285600 0.005600
0.786400 0.285600 0.005600
0.810400 0.285600 0.008800
0.844800 0.285600 0.012800
0.896800 0.285600 0.008800
0.724800 0.286400 0.008800
0.853600 0.286400 0.005600
0.794400 0.287200 0.005600
0.823200 0.287200 0.008800
0.832800 0.287200 0.016000
0.864000 0.287200 0.008000
0.874400 0.287200 0.005600
0.121600 0.296800 0.008800
0.107200 0.297600 0.011200
0.137600 0.297600 0.011200
0.156800 0.297600 0.011200
0.200800 0.297600 0.008800
0.172000 0.298400 0.008800
0.185600 0.298400 0.009600
0.212000 0.298400 0.008800
0.234400 0.298400 0.011200
0.226400 0.299200 0.013600
0.248000 0.299200 0.008800
0.270400 0.299200 0.005600
0.260800 0.300800 0.008800
0.276000 0.300800 0.011200
0.288800 0.300800 0.008800
0.317600 0.300800 0.008800
0.330400 0.300800 0.011200
0.480800 0.300800 0.007200
0.302400 0.301600 0.010400
0.405600 0.301600 0.008800
0.432000 0.301600 0.008800
0.449600 0.301600 0.011200
0.471200 0.301600 0.005600
0.491200 0.301600 0.007200
0.377600 0.302400 0.008800
0.392000 0.302400 0.008800
0.418400 0.302400 0.009600
0.461600 0.302400 0.007200
0.504000 0.302400 0.008800
0.518400 0.302400 0.008800
0.576800 0.302400 0.008800
0.348000 0.303200 0.008800
0.363200 0.303200 0.011200
0.529600 0.303200 0.008000
0.542400 0.303200 0.011200
0.561600 0.303200 0.010400
0.692800 0.303200 0.008800
0.595200 0.304000 0.011200
0.611200 0.304000 0.008800
0.626400 0.304000 0.009600
0.642400 0.304000 0.012800
0.660800 0.304000 0.008800
0.677600 0.304000 0.010400
0.778400 0.304000 0.008800
0.706400 0.304800 0.010400
0.739200 0.304800 0.008800
0.752000 0.304800 0.008800
0.766400 0.304800 0.010400
0.795200 0.304800 0.011200
0.811200 0.304800 0.011200
0.724000 0.305600 0.008800
0.760800 0.305600 0.005600
0.804800 0.305600 0.004800
0.823200 0.305600 0.008800
0.831200 0.305600 0.011200
0.844800 0.305600 0.008800
0.860800 0.305600 0.011200
0.869600 0.307200 0.003200
0.877600 0.307200 0.010400
0.890400 0.307200 0.008800
0.904000 0.307200 0.011200
0.180800 0.318400 0.011200
0.197600 0.319200 0.010400
0.104800 0.320000 0.013600
0.140000 0.320000 0.005600
0.156800 0.320000 0.005600
0.165600 0.320000 0.005600
0.214400 0.320000 0.009600
0.241600 0.320000 0.008800
0.321600 0.320000 0.013600
0.129600 0.320800 0.007200
0.147200 0.320800 0.005600
0.228000 0.320800 0.008800
0.253600 0.320800 0.007200
0.265600 0.320800 0.008800
0.281600 0.320800 0.008800
0.309600 0.320800 0.009600
0.328800 0.320800 0.011200
0.115200 0.321600 0.011200
0.295200 0.321600 0.008800
0.447200 0.321600 0.009600
0.463200 0.321600 0.011200
0.479200 0.321600 0.008800
0.344800 0.322400 0.008800
0.372000 0.322400 0.008800
0.358400 0.323200 0.008000
0.383200 0.323200 0.003200
0.391200 0.323200 0.011200
0.405600 0.323200 0.008000
0.417600 0.323200 0.008800
0.431200 0.323200 0.008800
0.492000 0.323200 0.008800
0.528000 0.323200 0.011200
0.572800 0.323200 0.009600
0.500800 0.324000 0.005600
0.511200 0.324000 0.008800
0.540000 0.324000 0.008800
0.552800 0.324000 0.011200
0.587200 0.324000 0.008800
0.599200 0.324000 0.007200
0.611200 0.324000 0.008800
0.692800 0.324000 0.010400
0.560800 0.324800 0.005600
0.624000 0.324800 0.008000
0.660000 0.324800 0.011200
0.674400 0.324800 0.008800
0.704000 0.324800 0.008000
0.717600 0.324800 0.008800
0.731200 0.324800 0.008800
0.635200 0.325600 0.005600
0.654400 0.325600 0.013600
0.744800 0.325600 0.007200
0.789600 0.325600 0.008800
0.804800 0.325600 0.009600
0.839200 0.325600 0.007200
0.644000 0.326400 0.005600
0.755200 0.326400 0.007200
0.765600 0.326400 0.008800
0.779200 0.326400 0.008000
0.819200 0.326400 0.008000
0.829600 0.326400 0.005600
0.850400 0.327200 0.008800
0.865600 0.327200 0.008800
0.878400 0.327200 0.008800
0.892800 0.328000 0.010400
0.904800 0.328000 0.011200
0.102400 0.339200 0.014400
0.208000 0.340000 0.008800
0.220800 0.340000 0.008800
0.119200 0.340800 0.004800
0.128000 0.340800 0.011200
0.142400 0.340800 0.008800
0.156800 0.340800 0.009600
0.172800 0.340800 0.013600
0.192800 0.340800 0.008800
0.232800 0.340800 0.008800
0.275200 0.340800 0.008800
0.108800 0.341600 0.015200
0.247200 0.341600 0.008800
0.260800 0.341600 0.008800
0.290400 0.341600 0.008800
0.336000 0.341600 0.008800
0.302400 0.342400 0.005600
0.311200 0.342400 0.007200
0.323200 0.342400 0.008800
0.347200 0.342400 0.008000
0.390400 0.342400 0.007200
0.402400 0.342400 0.008800
0.447200 0.342400 0.008800
0.359200 0.343200 0.011200
0.366400 0.343200 0.005600
0.381600 0.343200 0.004800
0.413600 0.343200 0.013600
0.419200 0.343200 0.011200
0.432000 0.343200 0.008800
0.463200 0.343200 0.009600
0.374400 0.344000 0.005600
0.478400 0.344000 0.008800
0.492000 0.344800 0.009600
0.508000 0.344800 0.008800
0.536000 0.344800 0.009600
0.552000 0.344800 0.009600
0.568800 0.344800 0.010400
0.626400 0.344800 0.008800
0.641600 0.344800 0.009600
0.660000 0.344800 0.011200
0.684000 0.344800 0.011200
0.708800 0.344800 0.008800
0.724000 0.344800 0.009600
0.584800 0.345600 0.008800
0.598400 0.345600 0.008800
0.613600 0.345600 0.008800
0.697600 0.345600 0.008800
0.520800 0.346400 0.008800
0.738400 0.347200 0.008800
0.764800 0.347200 0.008800
0.779200 0.347200 0.008000
0.789600 0.347200 0.007200
0.797600 0.347200 0.005600
0.750400 0.348000 0.007200
0.807200 0.348000 0.007200
0.816800 0.348000 0.008800
0.679200 0.365600 0.011200
0.694400 0.365600 0.008800
0.830400 0.365600 0.011200
0.754400 0.366400 0.007200
0.766400 0.366400 0.008800
0.796000 0.366400 0.008800
0.812000 0.366400 0.009600
0.708000 0.367200 0.008800
0.723200 0.367200 0.009600
0.736800 0.367200 0.005600
0.781600 0.367200 0.009600
0.844800 0.367200 0.012800
0.862400 0.367200 0.008800
0.744800 0.368000 0.005600
0.873600 0.368000 0.008800
0.887200 0.368000 0.008800
0.901600 0.369600 0.008800
0.913600 0.370400 0.011200
0.122400 0.380800 0.011200
0.221600 0.380800 0.012000
0.254400 0.380800 0.011200
0.263200 0.380800 0.003200
0.105600 0.381600 0.012800
0.138400 0.381600 0.011200
0.149600 0.381600 0.005600
0.172800 0.381600 0.008800
0.185600 0.381600 0.008800
0.204000 0.381600 0.011200
0.237600 0.381600 0.010400
0.271200 0.381600 0.011200
0.324800 0.381600 0.016000
0.156800 0.382400 0.011200
0.317600 0.382400 0.012800
0.388000 0.382400 0.008800
0.397600 0.382400 0.007200
0.282400 0.383200 0.014400
0.336800 0.383200 0.008800
0.349600 0.383200 0.008800
0.361600 0.383200 0.008000
0.374400 0.383200 0.008800
0.408000 0.383200 0.007200
0.416000 0.383200 0.012800
0.484800 0.383200 0.008800
0.515200 0.383200 0.009600
0.528800 0.383200 0.013600
0.537600 0.383200 0.005600
0.291200 0.384000 0.015200
0.303200 0.384000 0.008800
0.431200 0.384000 0.008800
0.460000 0.384000 0.008800
0.472000 0.384000 0.008800
0.495200 0.384000 0.004800
0.501600 0.384000 0.005600
0.545600 0.384000 0.005600
0.444800 0.384800 0.008800
0.554400 0.384800 0.005600
0.591200 0.385600 0.008800
0.601600 0.385600 0.005600
0.564000 0.386400 0.007200
0.576000 0.386400 0.008800
0.639200 0.386400 0.008800
0.651200 0.386400 0.007200
0.744000 0.386400 0.008800
0.611200 0.387200 0.008800
0.625600 0.387200 0.008800
0.662400 0.387200 0.007200
0.673600 0.387200 0.008000
0.784000 0.387200 0.009600
0.839200 0.387200 0.008800
0.685600 0.388000 0.008800
0.704800 0.388000 0.013600
0.715200 0.388000 0.008800
0.730400 0.388000 0.008800
0.757600 0.388000 0.008000
0.768800 0.388000 0.008800
0.795200 0.388000 0.005600
0.814400 0.388000 0.007200
0.825600 0.388800 0.008800
0.853600 0.388800 0.011200
0.862400 0.388800 0.013600
0.880000 0.388800 0.011200
0.894400 0.388800 0.009600
0.910400 0.388800 0.011200
0.696800 0.389600 0.013600
0.804000 0.389600 0.005600
0.105600 0.403200 0.013600
0.121600 0.403200 0.004800
0.268000 0.403200 0.009600
0.129600 0.404000 0.011200
0.141600 0.404000 0.008800
0.155200 0.404000 0.008800
0.167200 0.404000 0.008800
0.180000 0.404000 0.011200
0.204800 0.404000 0.013600
0.218400 0.404000 0.008800
0.252000 0.404000 0.008800
0.312000 0.404000 0.005600
0.323200 0.404000 0.008800
0.196800 0.404800 0.013600
0.228800 0.404800 0.008800
0.239200 0.404800 0.008800
0.280800 0.404800 0.007200
0.290400 0.404800 0.008800
0.303200 0.404800 0.013600
0.368800 0.404800 0.011200
0.383200 0.404800 0.013600
0.403200 0.404800 0.011200
0.448000 0.404800 0.012800
0.340000 0.405600 0.010400
0.354400 0.405600 0.008800
0.417600 0.405600 0.008800
0.504800 0.405600 0.008000
0.429600 0.406400 0.011200
0.466400 0.406400 0.008800
0.480000 0.406400 0.008800
0.516000 0.406400 0.005600
0.492000 0.407200 0.008000
0.525600 0.407200 0.013600
0.541600 0.407200 0.007200
0.550400 0.407200 0.005600
0.563200 0.407200 0.010400
0.585600 0.407200 0.008800
0.631200 0.407200 0.009600
0.645600 0.407200 0.008800
0.598400 0.408000 0.008800
0.615200 0.408000 0.010400
0.658400 0.408000 0.008800
0.720800 0.408000 0.015200
0.740800 0.408000 0.007200
0.574400 0.408800 0.005600
0.672800 0.408800 0.009600
0.678400 0.408800 0.013600
0.687200 0.408800 0.007200
0.697600 0.408800 0.008800
0.712800 0.408800 0.012800
0.731200 0.408800 0.008800
0.757600 0.408800 0.011200
0.774400 0.408800 0.008800
0.784800 0.409600 0.005600
0.806400 0.409600 0.008800
0.820000 0.409600 0.008800
0.828800 0.409600 0.005600
0.792800 0.410400 0.012000
0.841600 0.410400 0.008800
0.908000 0.410400 0.011200
0.878400 0.411200 0.007200
0.854400 0.412000 0.011200
0.868800 0.412000 0.005600
0.900800 0.412000 0.005600
0.890400 0.412800 0.008800
0.144000 0.424800 0.010400
0.156000 0.424800 0.012800
0.161600 0.424800 0.011200
0.173600 0.424800 0.008800
0.102400 0.425600 0.011200
0.254400 0.425600 0.012800
0.275200 0.425600 0.010400
0.116800 0.426400 0.008800
0.128800 0.426400 0.008000
0.186400 0.426400 0.008800
0.245600 0.426400 0.005600
0.260800 0.426400 0.011200
0.292800 0.426400 0.011200
0.309600 0.426400 0.010400
0.322400 0.426400 0.008800
0.198400 0.427200 0.008800
0.208800 0.427200 0.008800
0.220800 0.427200 0.008800
0.237600 0.427200 0.012000
0.344000 0.427200 0.005600
0.443200 0.427200 0.008800
0.492000 0.427200 0.013600
0.336000 0.428000 0.008800
0.432000 0.428000 0.007200
0.457600 0.428000 0.008800
0.471200 0.428000 0.008000
0.482400 0.428000 0.007200
0.500000 0.428000 0.012800
0.356000 0.428800 0.009600
0.372800 0.428800 0.009600
0.389600 0.428800 0.009600
0.420800 0.428800 0.008800
0.511200 0.428800 0.008800
0.572000 0.428800 0.009600
0.408000 0.429600 0.010400
0.544000 0.429600 0.011200
0.557600 0.429600 0.008800
0.588000 0.429600 0.011200
0.598400 0.429600 0.013600
0.639200 0.429600 0.011200
0.652000 0.429600 0.008000
0.524800 0.430400 0.008800
0.663200 0.430400 0.007200
0.673600 0.430400 0.007200
0.685600 0.430400 0.008800
0.750400 0.430400 0.011200
0.734400 0.431200 0.008800
0.784000 0.431200 0.009600
0.828000 0.431200 0.010400
0.697600 0.432000 0.013600
0.704800 0.432000 0.013600
0.719200 0.432000 0.010400
0.767200 0.432000 0.011200
0.801600 0.432000 0.010400
0.814400 0.432000 0.008800
0.904800 0.432000 0.011200
0.843200 0.432800 0.008800
0.858400 0.432800 0.008800
0.871200 0.432800 0.008000
0.881600 0.432800 0.007200
0.892000 0.432800 0.008000
0.151200 0.446400 0.008000
0.161600 0.446400 0.008000
0.101600 0.447200 0.011200
0.116000 0.447200 0.008800
0.138400 0.447200 0.008800
0.173600 0.447200 0.011200
0.188000 0.447200 0.008800
0.229600 0.447200 0.008800
0.127200 0.448000 0.007200
0.204800 0.448000 0.010400
0.217600 0.448000 0.008800
0.306400 0.448000 0.008800
0.318400 0.448000 0.008800
0.332000 0.448000 0.009600
0.373600 0.448000 0.011200
0.445600 0.448000 0.008000
0.256000 0.448800 0.008800
0.344800 0.448800 0.008800
0.357600 0.448800 0.008800
0.387200 0.448800 0.011200
0.404000 0.448800 0.008000
0.417600 0.448800 0.008800
0.467200 0.448800 0.005600
0.475200 0.448800 0.013600
0.490400 0.448800 0.011200
0.549600 0.448800 0.011200
0.242400 0.449600 0.008800
0.274400 0.449600 0.011200
0.289600 0.449600 0.009600
0.432000 0.449600 0.008800
0.507200 0.449600 0.008800
0.517600 0.449600 0.008000
0.532000 0.449600 0.010400
0.455200 0.450400 0.015200
0.564800 0.450400 0.008800
0.580000 0.450400 0.008800
0.592800 0.450400 0.008800
0.605600 0.450400 0.008000
0.617600 0.451200 0.008000
0.629600 0.451200 0.008800
0.644800 0.452000 0.008800
0.659200 0.452000 0.009600
0.680800 0.452000 0.011200
0.697600 0.452000 0.010400
0.715200 0.452000 0.008800
0.787200 0.452000 0.008800
0.732000 0.452800 0.010400
0.747200 0.452800 0.008800
0.766400 0.452800 0.003200
0.759200 0.453600 0.011200
0.773600 0.453600 0.010400
0.798400 0.453600 0.005600
0.808000 0.453600 0.007200
0.823200 0.453600 0.010400
0.840000 0.453600 0.010400
0.852000 0.454400 0.007200
0.864000 0.454400 0.008800
0.877600 0.455200 0.008800
0.895200 0.455200 0.011200
0.909600 0.456000 0.011200
0.100000 0.468000 0.011200
0.131200 0.468000 0.009600
0.144000 0.468000 0.008800
0.180000 0.468000 0.008800
0.195200 0.468000 0.008800
0.114400 0.468800 0.010400
0.156000 0.468800 0.007200
0.167200 0.468800 0.008000
0.218400 0.468800 0.008000
0.230400 0.468800 0.007200
0.248000 0.468800 0.011200
0.259200 0.468800 0.008800
0.276000 0.468800 0.008800
0.288000 0.468800 0.007200
0.299200 0.468800 0.007200
0.310400 0.468800 0.008800
0.322400 0.468800 0.007200
0.402400 0.468800 0.008800
0.207200 0.469600 0.007200
0.240000 0.469600 0.004800
0.334400 0.469600 0.008800
0.373600 0.469600 0.008800
0.387200 0.469600 0.008800
0.415200 0.470400 0.008800
0.484000 0.470400 0.008800
0.519200 0.470400 0.007200
0.552800 0.470400 0.007200
0.563200 0.470400 0.007200
0.348800 0.471200 0.007200
0.360000 0.471200 0.008000
0.427200 0.471200 0.010400
0.454400 0.471200 0.008800
0.463200 0.471200 0.004800
0.471200 0.471200 0.011200
0.495200 0.471200 0.008000
0.530400 0.471200 0.007200
0.541600 0.471200 0.008000
0.573600 0.471200 0.007200
0.588000 0.471200 0.009600
0.601600 0.471200 0.008800
0.441600 0.472000 0.008800
0.508000 0.472000 0.008800
0.616000 0.472000 0.008800
0.628000 0.472000 0.007200
0.642400 0.472000 0.009600
0.656800 0.472800 0.008800
0.672800 0.472800 0.008800
0.684000 0.472800 0.007200
0.694400 0.472800 0.013600
0.821600 0.472800 0.008000
0.700800 0.473600 0.012800
0.720800 0.473600 0.005600
0.730400 0.473600 0.005600
0.775200 0.473600 0.008800
0.800000 0.473600 0.008800
0.811200 0.473600 0.005600
0.837600 0.473600 0.011200
0.712000 0.474400 0.005600
0.753600 0.474400 0.005600
0.762400 0.474400 0.008800
0.788800 0.474400 0.008800
0.851200 0.474400 0.008800
0.872000 0.474400 0.008000
0.740000 0.475200 0.011200
0.861600 0.475200 0.005600
0.881600 0.475200 0.005600
0.887200 0.476000 0.011200
0.898400 0.476800 0.007200
0.908000 0.476800 0.015200
0.102400 0.488800 0.010400
0.115200 0.488800 0.007200
0.126400 0.488800 0.007200
0.135200 0.488800 0.005600
0.200800 0.488800 0.008800
0.224000 0.488800 0.008800
0.610400 0.488800 0.008800
0.144000 0.489600 0.007200
0.176000 0.489600 0.010400
0.188000 0.489600 0.008800
0.212000 0.489600 0.008000
0.237600 0.489600 0.009600
0.249600 0.489600 0.008800
0.262400 0.489600 0.008800
0.271200 0.489600 0.004800
0.311200 0.489600 0.010400
0.328000 0.489600 0.011200
0.345600 0.489600 0.010400
0.387200 0.489600 0.004800
0.566400 0.489600 0.004800
0.582400 0.489600 0.008800
0.595200 0.489600 0.008800
0.279200 0.490400 0.011200
0.291200 0.490400 0.011200
0.453600 0.490400 0.004800
0.463200 0.490400 0.008800
0.483200 0.490400 0.014400
0.492000 0.490400 0.008800
0.525600 0.490400 0.008800
0.537600 0.490400 0.015200
0.557600 0.490400 0.008800
0.573600 0.490400 0.005600
0.680800 0.490400 0.005600
0.157600 0.491200 0.010400
0.363200 0.491200 0.011200
0.378400 0.491200 0.012800
0.396000 0.491200 0.006400
0.475200 0.491200 0.013600
0.509600 0.491200 0.011200
0.545600 0.491200 0.013600
0.624000 0.491200 0.008800
0.637600 0.491200 0.008800
0.652800 0.491200 0.008800
0.668800 0.491200 0.009600
0.688000 0.491200 0.011200
0.405600 0.492000 0.007200
0.416000 0.492000 0.008000
0.432000 0.492000 0.009600
0.445600 0.492000 0.012800
0.699200 0.492000 0.008000
0.712800 0.492800 0.008800
0.726400 0.493600 0.008800
0.736000 0.493600 0.015200
0.601600 0.520800 0.017600
0.611200 0.521600 0.020000
0.624000 0.523200 0.008800
0.653600 0.524000 0.013600
0.636800 0.524800 0.009600
