0.169600 0.049600 0.030400
0.211200 0.049600 0.013600
0.240800 0.049600 0.008800
0.227200 0.050400 0.011200
0.256800 0.050400 0.024000
0.188800 0.051200 0.011200
0.867200 0.061600 0.027200
0.849600 0.063200 0.026400
0.079200 0.071200 0.016800
0.912000 0.075200 0.021600
0.102400 0.076000 0.016000
0.078400 0.082400 0.008000
0.913600 0.085600 0.026400
0.100800 0.089600 0.008800
0.346400 0.090400 0.011200
0.143200 0.091200 0.008800
0.252800 0.092000 0.009600
0.268800 0.092000 0.009600
0.296800 0.092000 0.012800
0.331200 0.092000 0.008800
0.363200 0.092000 0.011200
0.577600 0.092000 0.013600
0.120800 0.092800 0.013600
0.131200 0.092800 0.008800
0.198400 0.092800 0.008800
0.210400 0.092800 0.008800
0.224000 0.092800 0.008800
0.237600 0.092800 0.008800
0.317600 0.092800 0.011200
0.376000 0.092800 0.008800
0.404000 0.092800 0.008800
0.423200 0.092800 0.008800
0.468800 0.092800 0.011200
0.485600 0.092800 0.011200
0.533600 0.092800 0.009600
0.560000 0.092800 0.011200
0.592800 0.092800 0.011200
0.168800 0.093600 0.008800
0.184000 0.093600 0.010400
0.281600 0.093600 0.008800
0.413600 0.093600 0.005600
0.437600 0.093600 0.008800
0.453600 0.093600 0.011200
0.502400 0.093600 0.011200
0.547200 0.093600 0.008800
0.608000 0.093600 0.008800
0.695200 0.093600 0.011200
0.788800 0.093600 0.011200
0.155200 0.094400 0.011200
0.389600 0.094400 0.010400
0.520000 0.094400 0.011200
0.620000 0.094400 0.008000
0.634400 0.094400 0.011200
0.661600 0.094400 0.008800
0.678400 0.094400 0.011200
0.772000 0.094400 0.010400
0.805600 0.094400 0.011200
0.822400 0.094400 0.008800
0.648000 0.095200 0.008800
0.712000 0.095200 0.010400
0.728000 0.095200 0.016800
0.754400 0.095200 0.011200
0.076000 0.096000 0.011200
0.738400 0.096000 0.011200
0.835200 0.096000 0.008800
0.875200 0.096000 0.012800
0.846400 0.096800 0.005600
0.858400 0.096800 0.009600
0.097600 0.103200 0.008800
0.914400 0.104800 0.014400
0.077600 0.110400 0.008800
0.913600 0.114400 0.005600
0.244000 0.115200 0.008000
0.443200 0.115200 0.011200
0.096000 0.116000 0.010400
0.122400 0.116000 0.013600
0.220800 0.116000 0.011200
0.256000 0.116000 0.016000
0.264800 0.116000 0.016800
0.392000 0.116000 0.011200
0.406400 0.116000 0.005600
0.456000 0.116000 0.013600
0.796000 0.116000 0.011200
0.806400 0.116000 0.005600
0.204000 0.116800 0.010400
0.277600 0.116800 0.008800
0.321600 0.116800 0.007200
0.332000 0.116800 0.008800
0.344000 0.116800 0.010400
0.359200 0.116800 0.008800
0.380800 0.116800 0.013600
0.412800 0.116800 0.005600
0.424800 0.116800 0.008800
0.581600 0.116800 0.012000
0.598400 0.116800 0.010400
0.671200 0.116800 0.005600
0.706400 0.116800 0.011200
0.724800 0.116800 0.009600
0.141600 0.117600 0.011200
0.188800 0.117600 0.008800
0.233600 0.117600 0.007200
0.372000 0.117600 0.015200
0.473600 0.117600 0.008800
0.486400 0.117600 0.008800
0.521600 0.117600 0.007200
0.532800 0.117600 0.007200
0.543200 0.117600 0.005600
0.552800 0.117600 0.007200
0.564000 0.117600 0.007200
0.572800 0.117600 0.005600
0.612800 0.117600 0.009600
0.627200 0.117600 0.008800
0.637600 0.117600 0.007200
0.663200 0.117600 0.012800
0.681600 0.117600 0.008000
0.741600 0.117600 0.011200
0.756800 0.117600 0.010400
0.777600 0.117600 0.012000
0.816000 0.117600 0.008800
0.833600 0.117600 0.011200
0.158400 0.118400 0.011200
0.174400 0.118400 0.008800
0.288800 0.118400 0.005600
0.297600 0.118400 0.008800
0.309600 0.118400 0.008800
0.499200 0.118400 0.005600
0.506400 0.118400 0.004000
0.512800 0.118400 0.005600
0.652000 0.118400 0.011200
0.825600 0.118400 0.004000
0.852000 0.118400 0.010400
0.867200 0.118400 0.008800
0.875200 0.118400 0.014400
0.692800 0.119200 0.008800
0.913600 0.125600 0.019200
0.076800 0.126400 0.011200
0.096800 0.133600 0.013600
0.706400 0.136800 0.015200
0.712800 0.136800 0.011200
0.876800 0.136800 0.013600
0.558400 0.137600 0.003200
0.564800 0.137600 0.010400
0.768800 0.137600 0.009600
0.812800 0.137600 0.011200
0.893600 0.137600 0.008800
0.392000 0.138400 0.008800
0.481600 0.138400 0.005600
0.576800 0.138400 0.013600
0.645600 0.138400 0.012800
0.664000 0.138400 0.008800
0.672800 0.138400 0.005600
0.682400 0.138400 0.008800
0.729600 0.138400 0.010400
0.743200 0.138400 0.008000
0.754400 0.138400 0.007200
0.832000 0.138400 0.011200
0.240800 0.139200 0.005600
0.276000 0.139200 0.011200
0.332800 0.139200 0.011200
0.406400 0.139200 0.008800
0.421600 0.139200 0.012800
0.464800 0.139200 0.005600
0.472800 0.139200 0.007200
0.528000 0.139200 0.008800
0.539200 0.139200 0.016000
0.546400 0.139200 0.013600
0.599200 0.139200 0.010400
0.650400 0.139200 0.013600
0.695200 0.139200 0.008800
0.794400 0.139200 0.012800
0.850400 0.139200 0.011200
0.074400 0.140000 0.010400
0.248000 0.140000 0.013600
0.259200 0.140000 0.008800
0.290400 0.140000 0.008800
0.299200 0.140000 0.005600
0.314400 0.140000 0.011200
0.348800 0.140000 0.008800
0.362400 0.140000 0.008800
0.376800 0.140000 0.008800
0.430400 0.140000 0.004800
0.436800 0.140000 0.004800
0.444800 0.140000 0.011200
0.455200 0.140000 0.007200
0.487200 0.140000 0.010400
0.516000 0.140000 0.009600
0.612000 0.140000 0.008800
0.629600 0.140000 0.011200
0.915200 0.140000 0.008800
0.218400 0.140800 0.003200
0.231200 0.140800 0.005600
0.500000 0.140800 0.008800
0.211200 0.141600 0.005600
0.223200 0.141600 0.003200
0.116800 0.142400 0.011200
0.132000 0.142400 0.005600
0.176800 0.142400 0.005600
0.185600 0.142400 0.012800
0.202400 0.142400 0.005600
0.124800 0.143200 0.004800
0.148800 0.143200 0.012800
0.157600 0.143200 0.005600
0.168000 0.143200 0.013600
0.195200 0.143200 0.005600
0.140000 0.144000 0.005600
0.098400 0.145600 0.007200
0.916800 0.150400 0.016800
0.876000 0.156800 0.009600
0.096000 0.157600 0.008800
0.841600 0.157600 0.007200
0.860000 0.157600 0.008800
0.726400 0.158400 0.010400
0.784000 0.158400 0.008800
0.851200 0.158400 0.005600
0.889600 0.158400 0.015200
0.076800 0.159200 0.011200
0.822400 0.159200 0.011200
0.831200 0.159200 0.008800
0.612000 0.160000 0.008800
0.688000 0.160000 0.007200
0.699200 0.160000 0.008000
0.711200 0.160000 0.008800
0.742400 0.160000 0.008800
0.754400 0.160000 0.011200
0.762400 0.160000 0.005600
0.770400 0.160000 0.011200
0.796800 0.160000 0.007200
0.806400 0.160000 0.011200
0.568800 0.160800 0.011200
0.579200 0.160800 0.011200
0.596800 0.160800 0.010400
0.624800 0.160800 0.011200
0.632800 0.160800 0.004800
0.678400 0.160800 0.004800
0.311200 0.161600 0.008800
0.379200 0.161600 0.012800
0.455200 0.161600 0.008800
0.469600 0.161600 0.010400
0.486400 0.161600 0.008800
0.497600 0.161600 0.005600
0.508800 0.161600 0.008800
0.536000 0.161600 0.008800
0.546400 0.161600 0.004800
0.555200 0.161600 0.012800
0.641600 0.161600 0.007200
0.654400 0.161600 0.008800
0.668800 0.161600 0.008800
0.135200 0.162400 0.010400
0.264800 0.162400 0.005600
0.284000 0.162400 0.008800
0.296800 0.162400 0.008800
0.344000 0.162400 0.008800
0.356800 0.162400 0.010400
0.370400 0.162400 0.005600
0.425600 0.162400 0.007200
0.444800 0.162400 0.005600
0.521600 0.162400 0.008800
0.228000 0.163200 0.009600
0.256000 0.163200 0.005600
0.272800 0.163200 0.008800
0.326400 0.163200 0.010400
0.396000 0.163200 0.011200
0.408800 0.163200 0.011200
0.436000 0.163200 0.006400
0.204800 0.164000 0.007200
0.214400 0.164000 0.008800
0.242400 0.164000 0.010400
0.147200 0.164800 0.011200
0.160800 0.164800 0.008800
0.119200 0.165600 0.011200
0.176000 0.165600 0.009600
0.191200 0.165600 0.009600
0.096000 0.167200 0.005600
0.916000 0.168800 0.011200
0.077600 0.175200 0.008800
0.095200 0.176000 0.008800
0.880000 0.178400 0.011200
0.692800 0.179200 0.012800
0.763200 0.179200 0.009600
0.788000 0.179200 0.007200
0.800800 0.179200 0.008800
0.820000 0.179200 0.011200
0.861600 0.179200 0.011200
0.698400 0.180000 0.011200
0.812800 0.180000 0.005600
0.510400 0.180800 0.005600
0.584800 0.180800 0.005600
0.591200 0.180800 0.011200
0.646400 0.180800 0.008800
0.660000 0.180800 0.008800
0.676000 0.180800 0.011200
0.717600 0.180800 0.012800
0.733600 0.180800 0.008800
0.746400 0.180800 0.008800
0.778400 0.180800 0.008800
0.842400 0.180800 0.013600
0.449600 0.181600 0.011200
0.458400 0.181600 0.004800
0.466400 0.181600 0.011200
0.476800 0.181600 0.007200
0.500800 0.181600 0.008800
0.539200 0.181600 0.011200
0.565600 0.181600 0.005600
0.615200 0.181600 0.005600
0.626400 0.181600 0.008000
0.353600 0.182400 0.009600
0.401600 0.182400 0.005600
0.412800 0.182400 0.008800
0.428800 0.182400 0.012000
0.437600 0.182400 0.005600
0.488800 0.182400 0.008000
0.525600 0.182400 0.011200
0.555200 0.182400 0.008000
0.574400 0.182400 0.008800
0.603200 0.182400 0.008800
0.636800 0.182400 0.005600
0.118400 0.183200 0.011200
0.310400 0.183200 0.009600
0.338400 0.183200 0.009600
0.368000 0.183200 0.008800
0.392800 0.183200 0.007200
0.184000 0.184000 0.005600
0.190400 0.184000 0.011200
0.208000 0.184000 0.011200
0.268000 0.184000 0.009600
0.324800 0.184000 0.008800
0.380800 0.184000 0.008000
0.917600 0.184000 0.008800
0.134400 0.184800 0.008800
0.222400 0.184800 0.008800
0.235200 0.184800 0.008800
0.250400 0.184800 0.009600
0.283200 0.184800 0.008800
0.296800 0.184800 0.008800
0.076000 0.185600 0.011200
0.149600 0.185600 0.008800
0.163200 0.185600 0.008000
0.173600 0.185600 0.007200
0.096000 0.186400 0.007200
0.916800 0.196000 0.019200
0.880800 0.198400 0.013600
0.704800 0.200000 0.008800
0.760000 0.200000 0.008800
0.817600 0.200000 0.008800
0.864000 0.200000 0.008800
0.636800 0.200800 0.011200
0.647200 0.200800 0.011200
0.652000 0.200800 0.011200
0.663200 0.200800 0.008800
0.741600 0.200800 0.005600
0.748800 0.200800 0.013600
0.772800 0.200800 0.012800
0.781600 0.200800 0.005600
0.789600 0.200800 0.008800
0.801600 0.200800 0.008800
0.828800 0.200800 0.008800
0.854400 0.200800 0.007200
0.096000 0.201600 0.020000
0.675200 0.201600 0.008800
0.685600 0.201600 0.008800
0.695200 0.201600 0.005600
0.716000 0.201600 0.008000
0.729600 0.201600 0.008800
0.841600 0.201600 0.008800
0.493600 0.202400 0.005600
0.537600 0.202400 0.012800
0.559200 0.202400 0.011200
0.592800 0.202400 0.010400
0.608800 0.202400 0.009600
0.621600 0.202400 0.008800
0.458400 0.203200 0.011200
0.499200 0.203200 0.011200
0.576000 0.203200 0.010400
0.206400 0.204000 0.013600
0.212800 0.204000 0.012800
0.256800 0.204000 0.011200
0.277600 0.204000 0.011200
0.442400 0.204000 0.008800
0.472800 0.204000 0.008000
0.484000 0.204000 0.007200
0.510400 0.204000 0.008000
0.521600 0.204000 0.008800
0.916000 0.204000 0.016800
0.224800 0.204800 0.008800
0.238400 0.204800 0.009600
0.335200 0.204800 0.008800
0.403200 0.204800 0.013600
0.416000 0.204800 0.011200
0.431200 0.204800 0.008800
0.142400 0.205600 0.011200
0.156800 0.205600 0.008800
0.294400 0.205600 0.009600
0.308800 0.205600 0.008800
0.321600 0.205600 0.008800
0.348800 0.205600 0.008800
0.395200 0.205600 0.016000
0.128800 0.206400 0.011200
0.169600 0.206400 0.008000
0.193600 0.206400 0.008800
0.364000 0.206400 0.011200
0.381600 0.206400 0.011200
0.116800 0.207200 0.011200
0.181600 0.207200 0.008000
0.096800 0.215200 0.008800
0.915200 0.218400 0.011200
0.095200 0.227200 0.008800
0.918400 0.234400 0.024800
0.094400 0.239200 0.011200
0.885600 0.240800 0.013600
0.858400 0.242400 0.013600
0.868000 0.242400 0.013600
0.875200 0.242400 0.004800
0.679200 0.243200 0.011200
0.805600 0.243200 0.011200
0.635200 0.244000 0.008800
0.693600 0.244000 0.011200
0.818400 0.244000 0.008800
0.832000 0.244000 0.008800
0.844000 0.244000 0.008800
0.851200 0.244000 0.004800
0.316800 0.244800 0.009600
0.579200 0.244800 0.009600
0.648000 0.244800 0.008800
0.661600 0.244800 0.008800
0.710400 0.244800 0.010400
0.772000 0.244800 0.011200
0.784000 0.244800 0.008800
0.793600 0.244800 0.005600
0.303200 0.245600 0.011200
0.529600 0.245600 0.010400
0.547200 0.245600 0.011200
0.592800 0.245600 0.008800
0.621600 0.245600 0.009600
0.740000 0.245600 0.008800
0.766400 0.245600 0.013600
0.288000 0.246400 0.013600
0.331200 0.246400 0.008800
0.372000 0.246400 0.008800
0.415200 0.246400 0.007200
0.425600 0.246400 0.008800
0.437600 0.246400 0.008000
0.448000 0.246400 0.004800
0.456000 0.246400 0.005600
0.462400 0.246400 0.004800
0.471200 0.246400 0.012000
0.485600 0.246400 0.009600
0.498400 0.246400 0.008800
0.512800 0.246400 0.009600
0.726400 0.246400 0.008800
0.753600 0.246400 0.008800
0.116800 0.247200 0.012000
0.124000 0.247200 0.015200
0.140800 0.247200 0.012800
0.245600 0.247200 0.008800
0.280000 0.247200 0.013600
0.358400 0.247200 0.009600
0.385600 0.247200 0.013600
0.404000 0.247200 0.008800
0.564800 0.247200 0.010400
0.920800 0.247200 0.024800
0.200000 0.248000 0.008800
0.213600 0.248000 0.008800
0.230400 0.248000 0.011200
0.268800 0.248000 0.008800
0.344800 0.248000 0.008800
0.393600 0.248000 0.016000
0.608000 0.248000 0.011200
0.156800 0.248800 0.008800
0.169600 0.248800 0.008800
0.256800 0.248800 0.008800
0.184800 0.249600 0.011200
0.921600 0.254400 0.016800
0.096000 0.256800 0.016800
0.889600 0.264000 0.012800
0.770400 0.264800 0.009600
0.785600 0.264800 0.009600
0.799200 0.264800 0.008800
0.812800 0.264800 0.008800
0.828000 0.264800 0.009600
0.843200 0.264800 0.008800
0.856000 0.264800 0.008800
0.717600 0.265600 0.012800
0.724000 0.265600 0.012800
0.740000 0.265600 0.011200
0.872800 0.265600 0.011200
0.556000 0.266400 0.005600
0.642400 0.266400 0.009600
0.672800 0.266400 0.008800
0.684000 0.266400 0.005600
0.704800 0.266400 0.008800
0.755200 0.266400 0.009600
0.922400 0.266400 0.008800
0.469600 0.267200 0.005600
0.476800 0.267200 0.004000
0.544800 0.267200 0.011200
0.564800 0.267200 0.013600
0.584800 0.267200 0.012800
0.623200 0.267200 0.013600
0.657600 0.267200 0.008800
0.692800 0.267200 0.008000
0.440800 0.268000 0.008800
0.486400 0.268000 0.008800
0.498400 0.268000 0.008800
0.527200 0.268000 0.011200
0.601600 0.268000 0.011200
0.612800 0.268000 0.005600
0.094400 0.268800 0.007200
0.206400 0.268800 0.008800
0.274400 0.268800 0.011200
0.401600 0.268800 0.010400
0.416800 0.268800 0.008800
0.428800 0.268800 0.007200
0.450400 0.268800 0.005600
0.460800 0.268800 0.007200
0.511200 0.268800 0.008800
0.117600 0.269600 0.011200
0.196000 0.269600 0.008800
0.231200 0.269600 0.011200
0.242400 0.269600 0.012800
0.259200 0.269600 0.011200
0.284800 0.269600 0.011200
0.290400 0.269600 0.013600
0.300000 0.269600 0.008000
0.312800 0.269600 0.008800
0.361600 0.269600 0.008800
0.132800 0.270400 0.009600
0.145600 0.270400 0.005600
0.168800 0.270400 0.009600
0.184800 0.270400 0.008000
0.216800 0.270400 0.010400
0.251200 0.270400 0.003200
0.329600 0.270400 0.011200
0.377600 0.270400 0.011200
0.388800 0.270400 0.005600
0.155200 0.271200 0.008800
0.347200 0.272000 0.011200
0.921600 0.276800 0.016800
0.093600 0.281600 0.008800
0.921600 0.283200 0.013600
0.674400 0.287200 0.011200
0.827200 0.287200 0.008800
0.460000 0.288000 0.010400
0.732000 0.288000 0.011200
0.944800 0.288000 0.015200
0.474400 0.288800 0.008800
0.640000 0.288800 0.011200
0.656800 0.288800 0.009600
0.689600 0.288800 0.008800
0.767200 0.288800 0.008800
0.891200 0.288800 0.011200
0.440800 0.289600 0.012000
0.488000 0.289600 0.008800
0.521600 0.289600 0.008800
0.714400 0.289600 0.008800
0.743200 0.289600 0.007200
0.782400 0.289600 0.010400
0.796800 0.289600 0.011200
0.841600 0.289600 0.008800
0.855200 0.289600 0.008800
0.866400 0.289600 0.007200
0.876800 0.289600 0.008800
0.164000 0.290400 0.011200
0.180800 0.290400 0.011200
0.402400 0.290400 0.010400
0.419200 0.290400 0.011200
0.572800 0.290400 0.012800
0.591200 0.290400 0.011200
0.622400 0.290400 0.008800
0.701600 0.290400 0.008800
0.754400 0.290400 0.008000
0.812800 0.290400 0.008800
0.118400 0.291200 0.011200
0.194400 0.291200 0.008800
0.296000 0.291200 0.008800
0.332800 0.291200 0.008800
0.370400 0.291200 0.011200
0.385600 0.291200 0.009600
0.501600 0.291200 0.013600
0.533600 0.291200 0.008000
0.545600 0.291200 0.008800
0.134400 0.292000 0.009600
0.251200 0.292000 0.008800
0.265600 0.292000 0.008800
0.278400 0.292000 0.011200
0.308800 0.292000 0.008800
0.320800 0.292000 0.008000
0.349600 0.292000 0.009600
0.364000 0.292000 0.011200
0.510400 0.292000 0.005600
0.563200 0.292000 0.013600
0.608000 0.292000 0.009600
0.148800 0.292800 0.008800
0.206400 0.292800 0.008800
0.220800 0.292800 0.008800
0.236800 0.292800 0.010400
0.093600 0.295200 0.008800
0.921600 0.295200 0.008800
0.893600 0.307200 0.008800
0.904800 0.308800 0.008800
0.674400 0.309600 0.005600
0.832000 0.309600 0.005600
0.624800 0.310400 0.008800
0.637600 0.310400 0.008800
0.665600 0.310400 0.013600
0.721600 0.310400 0.012000
0.796800 0.310400 0.008800
0.822400 0.310400 0.012000
0.856000 0.310400 0.012800
0.877600 0.310400 0.008000
0.356000 0.311200 0.011200
0.375200 0.311200 0.011200
0.652000 0.311200 0.008800
0.685600 0.311200 0.008800
0.701600 0.311200 0.009600
0.739200 0.311200 0.010400
0.753600 0.311200 0.008800
0.772000 0.311200 0.011200
0.783200 0.311200 0.008000
0.815200 0.311200 0.005600
0.865600 0.311200 0.008800
0.095200 0.312000 0.016800
0.169600 0.312000 0.008800
0.307200 0.312000 0.011200
0.324000 0.312000 0.011200
0.404000 0.312000 0.009600
0.418400 0.312000 0.009600
0.432800 0.312000 0.008800
0.466400 0.312000 0.008800
0.508800 0.312000 0.008000
0.568000 0.312000 0.009600
0.766400 0.312000 0.011200
0.807200 0.312000 0.005600
0.838400 0.312000 0.011200
0.850400 0.312000 0.010400
0.132800 0.312800 0.008800
0.192800 0.312800 0.009600
0.340000 0.312800 0.010400
0.389600 0.312800 0.008800
0.442400 0.312800 0.005600
0.452800 0.312800 0.008800
0.478400 0.312800 0.008800
0.521600 0.312800 0.008800
0.532800 0.312800 0.008000
0.546400 0.312800 0.012800
0.584000 0.312800 0.009600
0.610400 0.312800 0.008800
0.923200 0.312800 0.011200
0.120000 0.313600 0.011200
0.147200 0.313600 0.008800
0.158400 0.313600 0.008800
0.176800 0.313600 0.012800
0.257600 0.313600 0.010400
0.272800 0.313600 0.009600
0.498400 0.313600 0.005600
0.555200 0.313600 0.008800
0.597600 0.313600 0.008000
0.209600 0.314400 0.010400
0.226400 0.314400 0.009600
0.288800 0.314400 0.008800
0.491200 0.314400 0.012800
0.240800 0.315200 0.008800
0.095200 0.321600 0.008800
0.881600 0.328800 0.012800
0.924800 0.328800 0.011200
0.876000 0.329600 0.016800
0.670400 0.330400 0.005600
0.806400 0.330400 0.011200
0.865600 0.330400 0.008800
0.888800 0.330400 0.011200
0.620800 0.331200 0.008800
0.839200 0.331200 0.008800
0.636000 0.332000 0.010400
0.649600 0.332000 0.005600
0.678400 0.332000 0.013600
0.690400 0.332000 0.008800
0.748800 0.332000 0.011200
0.765600 0.332000 0.008800
0.779200 0.332000 0.008800
0.792000 0.332000 0.008800
0.823200 0.332000 0.011200
0.852800 0.332000 0.008800
0.608800 0.332800 0.005600
0.657600 0.332800 0.013600
0.709600 0.332800 0.012800
0.725600 0.332800 0.008000
0.736000 0.332800 0.008000
0.468800 0.333600 0.009600
0.552000 0.333600 0.011200
0.568000 0.333600 0.008800
0.700800 0.333600 0.005600
0.094400 0.334400 0.009600
0.337600 0.334400 0.005600
0.393600 0.334400 0.008000
0.403200 0.334400 0.005600
0.412800 0.334400 0.007200
0.453600 0.334400 0.010400
0.536000 0.334400 0.010400
0.584800 0.334400 0.011200
0.597600 0.334400 0.008800
0.213600 0.335200 0.010400
0.308000 0.335200 0.013600
0.345600 0.335200 0.005600
0.354400 0.335200 0.008800
0.380800 0.335200 0.009600
0.424800 0.335200 0.008800
0.437600 0.335200 0.008800
0.483200 0.335200 0.008800
0.520800 0.335200 0.011200
0.114400 0.336000 0.012800
0.144000 0.336000 0.005600
0.231200 0.336000 0.010400
0.274400 0.336000 0.008800
0.285600 0.336000 0.007200
0.296000 0.336000 0.008800
0.314400 0.336000 0.011200
0.328000 0.336000 0.008800
0.366400 0.336000 0.008800
0.510400 0.336000 0.008800
0.123200 0.336800 0.016000
0.133600 0.336800 0.008800
0.153600 0.336800 0.008800
0.180800 0.336800 0.010400
0.260000 0.336800 0.009600
0.497600 0.336800 0.008800
0.166400 0.337600 0.008800
0.196800 0.337600 0.010400
0.244800 0.337600 0.008800
0.052000 0.338400 0.018400
0.924800 0.340800 0.007200
0.096800 0.348800 0.007200
0.924800 0.349600 0.004800
0.928800 0.355200 0.011200
0.206400 0.356800 0.011200
0.219200 0.356800 0.008800
0.231200 0.356800 0.008000
0.288800 0.356800 0.010400
0.301600 0.356800 0.008800
0.314400 0.356800 0.008800
0.118400 0.357600 0.011200
0.137600 0.357600 0.012000
0.268800 0.357600 0.011200
0.329600 0.357600 0.009600
0.361600 0.357600 0.005600
0.369600 0.357600 0.005600
0.378400 0.357600 0.007200
0.176000 0.358400 0.008800
0.188800 0.358400 0.008800
0.200000 0.358400 0.005600
0.244000 0.358400 0.008800
0.255200 0.358400 0.008800
0.348800 0.358400 0.011200
0.159200 0.359200 0.011200
0.705600 0.360000 0.010400
0.095200 0.362400 0.020800
0.925600 0.368000 0.008800
0.712800 0.372000 0.008800
0.726400 0.372000 0.011200
0.093600 0.372800 0.019200
0.741600 0.372800 0.005600
0.774400 0.372800 0.008800
0.836000 0.372800 0.011200
0.848800 0.372800 0.008800
0.861600 0.372800 0.008000
0.873600 0.372800 0.008800
0.815200 0.373600 0.010400
0.828000 0.373600 0.004800
0.889600 0.373600 0.013600
0.568800 0.374400 0.011200
0.653600 0.374400 0.008800
0.669600 0.374400 0.011200
0.696800 0.374400 0.010400
0.748000 0.374400 0.011200
0.760800 0.374400 0.008800
0.788800 0.374400 0.009600
0.802400 0.374400 0.008800
0.434400 0.375200 0.009600
0.524800 0.375200 0.011200
0.541600 0.375200 0.011200
0.583200 0.375200 0.010400
0.611200 0.375200 0.008800
0.623200 0.375200 0.008800
0.684800 0.375200 0.008800
0.448000 0.376000 0.008800
0.461600 0.376000 0.009600
0.509600 0.376000 0.011200
0.536800 0.376000 0.012800
0.560800 0.376000 0.004000
0.597600 0.376000 0.008800
0.638400 0.376000 0.010400
0.371200 0.376800 0.010400
0.382400 0.376800 0.008000
0.476800 0.376800 0.008800
0.493600 0.376800 0.012000
0.502400 0.376800 0.004800
0.552800 0.376800 0.007200
0.395200 0.377600 0.008800
0.408800 0.377600 0.008800
0.420800 0.377600 0.008000
0.488000 0.377600 0.012000
0.093600 0.379200 0.012800
0.924800 0.381600 0.011200
0.092800 0.388000 0.019200
0.857600 0.392800 0.010400
0.872800 0.394400 0.009600
0.337600 0.395200 0.011200
0.350400 0.395200 0.005600
0.570400 0.395200 0.008800
0.744000 0.395200 0.008800
0.826400 0.395200 0.011200
0.886400 0.395200 0.011200
0.093600 0.396000 0.013600
0.321600 0.396000 0.011200
0.362400 0.396000 0.009600
0.373600 0.396000 0.005600
0.384000 0.396000 0.008000
0.436800 0.396000 0.010400
0.503200 0.396000 0.008800
0.584000 0.396000 0.008800
0.635200 0.396000 0.007200
0.653600 0.396000 0.012800
0.682400 0.396000 0.009600
0.728000 0.396000 0.008800
0.756000 0.396000 0.007200
0.795200 0.396000 0.009600
0.809600 0.396000 0.008800
0.841600 0.396000 0.008800
0.195200 0.396800 0.005600
0.204000 0.396800 0.005600
0.214400 0.396800 0.008800
0.255200 0.396800 0.010400
0.268800 0.396800 0.008800
0.280000 0.396800 0.008000
0.292000 0.396800 0.008800
0.305600 0.396800 0.008800
0.450400 0.396800 0.008800
0.465600 0.396800 0.008800
0.479200 0.396800 0.008000
0.490400 0.396800 0.007200
0.516800 0.396800 0.008800
0.557600 0.396800 0.007200
0.596000 0.396800 0.008800
0.611200 0.396800 0.008800
0.623200 0.396800 0.008800
0.645600 0.396800 0.005600
0.667200 0.396800 0.008800
0.700000 0.396800 0.010400
0.713600 0.396800 0.008800
0.779200 0.396800 0.008800
0.131200 0.397600 0.008800
0.156800 0.397600 0.008800
0.170400 0.397600 0.008800
0.227200 0.397600 0.008800
0.239200 0.397600 0.008800
0.396000 0.397600 0.007200
0.532000 0.397600 0.008800
0.544000 0.397600 0.008800
0.766400 0.397600 0.008800
0.925600 0.397600 0.013600
0.116800 0.398400 0.011200
0.143200 0.398400 0.008800
0.184000 0.398400 0.008800
0.407200 0.398400 0.007200
0.418400 0.398400 0.008800
0.926400 0.407200 0.016800
0.092000 0.411200 0.011200
0.925600 0.412800 0.011200
0.884800 0.414400 0.011200
0.748800 0.415200 0.010400
0.778400 0.415200 0.008800
0.868000 0.415200 0.008800
0.899200 0.415200 0.013600
0.528800 0.416000 0.012000
0.538400 0.416000 0.005600
0.763200 0.416000 0.008000
0.522400 0.416800 0.005600
0.643200 0.416800 0.009600
0.792000 0.416800 0.008800
0.802400 0.416800 0.005600
0.811200 0.416800 0.008800
0.826400 0.416800 0.008800
0.859200 0.416800 0.004800
0.368000 0.417600 0.009600
0.382400 0.417600 0.009600
0.430400 0.417600 0.010400
0.460000 0.417600 0.009600
0.476000 0.417600 0.008800
0.544800 0.417600 0.011200
0.556000 0.417600 0.005600
0.564000 0.417600 0.005600
0.656800 0.417600 0.008800
0.840000 0.417600 0.008800
0.398400 0.418400 0.009600
0.444800 0.418400 0.008800
0.488000 0.418400 0.007200
0.510400 0.418400 0.008800
0.573600 0.418400 0.007200
0.584800 0.418400 0.012800
0.592000 0.418400 0.013600
0.628800 0.418400 0.008800
0.720000 0.418400 0.008800
0.732800 0.418400 0.008800
0.852000 0.418400 0.012800
0.119200 0.419200 0.011200
0.135200 0.419200 0.010400
0.149600 0.419200 0.008800
0.186400 0.419200 0.011200
0.228800 0.419200 0.008800
0.244000 0.419200 0.010400
0.259200 0.419200 0.008800
0.272000 0.419200 0.008800
0.285600 0.419200 0.008800
0.301600 0.419200 0.009600
0.319200 0.419200 0.010400
0.352800 0.419200 0.010400
0.414400 0.419200 0.009600
0.499200 0.419200 0.007200
0.603200 0.419200 0.008800
0.616000 0.419200 0.008800
0.672800 0.419200 0.010400
0.707200 0.419200 0.011200
0.168000 0.420000 0.011200
0.200800 0.420000 0.008800
0.216000 0.420000 0.009600
0.336000 0.420000 0.009600
0.686400 0.420000 0.010400
0.699200 0.420000 0.005600
0.092800 0.422400 0.005600
0.925600 0.424000 0.013600
0.093600 0.432800 0.019200
0.507200 0.437600 0.011200
0.707200 0.437600 0.012800
0.823200 0.437600 0.012800
0.624800 0.438400 0.008800
0.639200 0.438400 0.009600
0.655200 0.438400 0.008800
0.683200 0.438400 0.011200
0.748800 0.438400 0.011200
0.764800 0.438400 0.011200
0.784000 0.438400 0.012000
0.802400 0.438400 0.011200
0.285600 0.439200 0.005600
0.372000 0.439200 0.008800
0.383200 0.439200 0.013600
0.477600 0.439200 0.008800
0.540800 0.439200 0.011200
0.560800 0.439200 0.012000
0.596000 0.439200 0.010400
0.612800 0.439200 0.010400
0.668800 0.439200 0.008800
0.726400 0.439200 0.012800
0.859200 0.439200 0.010400
0.243200 0.440000 0.008800
0.258400 0.440000 0.011200
0.276000 0.440000 0.012800
0.300800 0.440000 0.005600
0.335200 0.440000 0.009600
0.389600 0.440000 0.012800
0.402400 0.440000 0.011200
0.492000 0.440000 0.008800
0.524800 0.440000 0.010400
0.580000 0.440000 0.011200
0.842400 0.440000 0.011200
0.875200 0.440000 0.011200
0.904800 0.440000 0.010400
0.163200 0.440800 0.008800
0.204000 0.440800 0.008800
0.218400 0.440800 0.008800
0.231200 0.440800 0.008800
0.268800 0.440800 0.005600
0.292000 0.440800 0.005600
0.310400 0.440800 0.007200
0.320800 0.440800 0.007200
0.349600 0.440800 0.008800
0.364800 0.440800 0.012800
0.435200 0.440800 0.009600
0.450400 0.440800 0.009600
0.890400 0.440800 0.010400
0.116800 0.441600 0.009600
0.129600 0.441600 0.008800
0.145600 0.441600 0.011200
0.420000 0.441600 0.009600
0.464000 0.441600 0.008800
0.178400 0.442400 0.009600
0.192000 0.442400 0.008800
0.922400 0.444000 0.011200
0.092000 0.447200 0.008800
0.924000 0.458400 0.010400
0.092800 0.462400 0.009600
0.560000 0.463200 0.009600
0.683200 0.463200 0.005600
0.692000 0.463200 0.005600
0.699200 0.463200 0.005600
0.742400 0.463200 0.008800
0.819200 0.463200 0.004800
0.893600 0.463200 0.007200
0.904000 0.463200 0.011200
0.116800 0.464000 0.011200
0.232000 0.464000 0.005600
0.240000 0.464000 0.012800
0.377600 0.464000 0.007200
0.545600 0.464000 0.008000
0.585600 0.464000 0.008800
0.600000 0.464000 0.010400
0.612000 0.464000 0.008800
0.622400 0.464000 0.008000
0.660000 0.464000 0.008800
0.672000 0.464000 0.008000
0.772000 0.464000 0.008800
0.801600 0.464000 0.009600
0.812800 0.464000 0.005600
0.828000 0.464000 0.008800
0.871200 0.464000 0.011200
0.882400 0.464000 0.008800
0.132000 0.464800 0.009600
0.173600 0.464800 0.005600
0.180800 0.464800 0.012800
0.192000 0.464800 0.008800
0.207200 0.464800 0.009600
0.220800 0.464800 0.008800
0.245600 0.464800 0.005600
0.254400 0.464800 0.008800
0.315200 0.464800 0.008800
0.327200 0.464800 0.008800
0.436000 0.464800 0.007200
0.448800 0.464800 0.008800
0.533600 0.464800 0.008000
0.573600 0.464800 0.008800
0.593600 0.464800 0.003200
0.632000 0.464800 0.008800
0.646400 0.464800 0.008800
0.709600 0.464800 0.008800
0.721600 0.464800 0.007200
0.732000 0.464800 0.005600
0.785600 0.464800 0.008800
0.840000 0.464800 0.008800
0.853600 0.464800 0.008800
0.146400 0.465600 0.008800
0.164800 0.465600 0.005600
0.266400 0.465600 0.008800
0.306400 0.465600 0.005600
0.340800 0.465600 0.016000
0.368000 0.465600 0.005600
0.388800 0.465600 0.007200
0.426400 0.465600 0.005600
0.459200 0.465600 0.004800
0.467200 0.465600 0.006400
0.476800 0.465600 0.005600
0.485600 0.465600 0.007200
0.496800 0.465600 0.008000
0.508800 0.465600 0.008800
0.521600 0.465600 0.008800
0.756800 0.465600 0.010400
0.157600 0.466400 0.005600
0.279200 0.466400 0.008800
0.348000 0.466400 0.013600
0.360000 0.466400 0.013600
0.397600 0.466400 0.005600
0.406400 0.466400 0.007200
0.416800 0.466400 0.007200
0.961600 0.466400 0.020800
0.296000 0.467200 0.013600
0.924000 0.472000 0.008000
0.093600 0.475200 0.016800
0.116800 0.484800 0.012000
0.213600 0.485600 0.008800
0.620800 0.485600 0.012800
0.626400 0.485600 0.011200
0.657600 0.485600 0.008800
0.672800 0.485600 0.010400
0.904000 0.485600 0.008800
0.191200 0.486400 0.004000
0.198400 0.486400 0.011200
0.891200 0.486400 0.016800
0.132000 0.487200 0.008800
0.184800 0.487200 0.005600
0.336800 0.487200 0.008800
0.351200 0.487200 0.008800
0.424800 0.487200 0.008800
0.439200 0.487200 0.009600
0.526400 0.487200 0.011200
0.538400 0.487200 0.011200
0.552000 0.487200 0.005600
0.560800 0.487200 0.008800
0.575200 0.487200 0.008800
0.598400 0.487200 0.005600
0.607200 0.487200 0.013600
0.638400 0.487200 0.008800
0.648800 0.487200 0.005600
0.713600 0.487200 0.011200
0.729600 0.487200 0.016000
0.738400 0.487200 0.016800
0.768000 0.487200 0.008800
0.780800 0.487200 0.008800
0.795200 0.487200 0.011200
0.828800 0.487200 0.005600
0.869600 0.487200 0.008800
0.883200 0.487200 0.015200
0.918400 0.487200 0.011200
0.092800 0.488000 0.012800
0.145600 0.488000 0.008800
0.175200 0.488000 0.012800
0.228800 0.488000 0.011200
0.300000 0.488000 0.016000
0.364800 0.488000 0.008800
0.394400 0.488000 0.013600
0.411200 0.488000 0.011200
0.455200 0.488000 0.010400
0.470400 0.488000 0.008800
0.483200 0.488000 0.007200
0.496000 0.488000 0.009600
0.510400 0.488000 0.008800
0.588000 0.488000 0.007200
0.686400 0.488000 0.008800
0.699200 0.488000 0.008800
0.805600 0.488000 0.005600
0.835200 0.488000 0.016800
0.846400 0.488000 0.008000
0.856800 0.488000 0.007200
0.158400 0.488800 0.008800
0.244000 0.488800 0.008800
0.254400 0.488800 0.005600
0.284800 0.488800 0.013600
0.304800 0.488800 0.012000
0.324800 0.488800 0.011200
0.375200 0.488800 0.008800
0.752800 0.488800 0.011200
0.816800 0.488800 0.008800
0.264000 0.489600 0.008800
0.094400 0.496800 0.005600
0.095200 0.504800 0.021600
