0.837600 0.043200 0.020800
0.240000 0.046400 0.008800
0.256000 0.046400 0.024000
0.211200 0.048000 0.022400
0.225600 0.048800 0.008800
0.162400 0.049600 0.019200
0.186400 0.049600 0.013600
0.864800 0.072000 0.016000
0.843200 0.072800 0.013600
0.765600 0.073600 0.013600
0.740800 0.075200 0.013600
0.782400 0.075200 0.010400
0.820000 0.075200 0.011200
0.596000 0.076000 0.014400
0.698400 0.076000 0.011200
0.712800 0.076000 0.016800
0.802400 0.076800 0.012800
0.572800 0.077600 0.013600
0.618400 0.077600 0.011200
0.656000 0.077600 0.012800
0.511200 0.078400 0.013600
0.677600 0.078400 0.013600
0.544000 0.079200 0.016800
0.636800 0.079200 0.012000
0.493600 0.080000 0.012800
0.376000 0.080800 0.015200
0.400800 0.080800 0.012800
0.442400 0.080800 0.013600
0.467200 0.080800 0.015200
0.311200 0.081600 0.013600
0.336000 0.081600 0.012800
0.420800 0.081600 0.013600
0.293600 0.082400 0.011200
0.354400 0.082400 0.011200
0.159200 0.083200 0.015200
0.255200 0.083200 0.013600
0.277600 0.083200 0.013600
0.185600 0.084000 0.012800
0.231200 0.084000 0.013600
0.136800 0.084800 0.013600
0.205600 0.084800 0.012800
0.860000 0.096000 0.013600
0.780800 0.097600 0.016000
0.809600 0.097600 0.013600
0.836000 0.097600 0.013600
0.748000 0.098400 0.016000
0.622400 0.099200 0.012800
0.720000 0.099200 0.016000
0.511200 0.100000 0.012800
0.551200 0.100000 0.012000
0.596000 0.100000 0.012800
0.640800 0.100000 0.011200
0.532800 0.100800 0.011200
0.576000 0.100800 0.011200
0.685600 0.100800 0.015200
0.491200 0.101600 0.011200
0.661600 0.102400 0.012000
0.458400 0.103200 0.011200
0.474400 0.103200 0.008800
0.329600 0.104000 0.011200
0.350400 0.104800 0.012000
0.423200 0.104800 0.011200
0.149600 0.105600 0.012800
0.199200 0.105600 0.008800
0.370400 0.105600 0.011200
0.387200 0.105600 0.011200
0.404800 0.105600 0.011200
0.185600 0.106400 0.011200
0.212800 0.106400 0.011200
0.232000 0.106400 0.010400
0.289600 0.106400 0.011200
0.312000 0.106400 0.011200
0.130400 0.107200 0.011200
0.172800 0.107200 0.010400
0.248800 0.107200 0.010400
0.269600 0.108800 0.012000
0.803200 0.118400 0.012800
0.840800 0.119200 0.011200
0.864800 0.119200 0.013600
0.824000 0.120000 0.010400
0.766400 0.120800 0.008800
0.780000 0.120800 0.008800
0.732000 0.121600 0.010400
0.553600 0.122400 0.013600
0.573600 0.122400 0.011200
0.593600 0.122400 0.013600
0.714400 0.122400 0.011200
0.751200 0.122400 0.009600
0.507200 0.123200 0.012000
0.618400 0.123200 0.012000
0.488000 0.124000 0.010400
0.526400 0.124000 0.013600
0.683200 0.124000 0.012800
0.450400 0.124800 0.015200
0.471200 0.124800 0.011200
0.640800 0.124800 0.013600
0.662400 0.124800 0.012000
0.695200 0.124800 0.008000
0.424000 0.126400 0.008800
0.231200 0.127200 0.012800
0.249600 0.127200 0.012000
0.313600 0.127200 0.013600
0.377600 0.127200 0.012800
0.204000 0.128000 0.012800
0.356800 0.128000 0.012000
0.397600 0.128000 0.009600
0.412000 0.128000 0.008800
0.270400 0.128800 0.011200
0.288800 0.128800 0.012800
0.334400 0.128800 0.012800
0.132000 0.130400 0.011200
0.151200 0.130400 0.011200
0.170400 0.130400 0.011200
0.186400 0.130400 0.011200
0.832000 0.141600 0.014400
0.871200 0.142400 0.011200
0.856000 0.143200 0.012800
0.760000 0.144000 0.013600
0.778400 0.144800 0.011200
0.792000 0.144800 0.010400
0.807200 0.144800 0.011200
0.735200 0.145600 0.013600
0.677600 0.148000 0.011200
0.712800 0.148000 0.011200
0.628000 0.148800 0.011200
0.660800 0.148800 0.010400
0.611200 0.149600 0.012800
0.696000 0.149600 0.011200
0.557600 0.150400 0.013600
0.586400 0.150400 0.014400
0.648000 0.150400 0.010400
0.385600 0.151200 0.012000
0.424000 0.151200 0.012000
0.468000 0.151200 0.011200
0.511200 0.151200 0.012000
0.544800 0.151200 0.008800
0.133600 0.152000 0.015200
0.269600 0.152000 0.012800
0.454400 0.152000 0.008800
0.487200 0.152000 0.013600
0.530400 0.152000 0.010400
0.240000 0.152800 0.011200
0.313600 0.152800 0.012800
0.361600 0.152800 0.008800
0.405600 0.152800 0.012800
0.442400 0.152800 0.008800
0.176800 0.153600 0.011200
0.202400 0.153600 0.013600
0.224000 0.153600 0.011200
0.291200 0.153600 0.012800
0.337600 0.153600 0.010400
0.351200 0.153600 0.008800
0.164800 0.154400 0.008800
0.153600 0.155200 0.013600
0.757600 0.169600 0.016800
0.672000 0.170400 0.014400
0.728000 0.170400 0.012800
0.776800 0.170400 0.013600
0.787200 0.170400 0.005600
0.800800 0.170400 0.012800
0.852800 0.170400 0.013600
0.864800 0.170400 0.016000
0.641600 0.171200 0.015200
0.699200 0.171200 0.015200
0.821600 0.171200 0.011200
0.833600 0.171200 0.016000
0.844800 0.171200 0.005600
0.608800 0.172000 0.013600
0.584800 0.174400 0.012800
0.436000 0.175200 0.013600
0.457600 0.175200 0.011200
0.478400 0.175200 0.012000
0.543200 0.175200 0.012800
0.560800 0.175200 0.011200
0.521600 0.176000 0.012800
0.408000 0.176800 0.011200
0.317600 0.177600 0.016800
0.328000 0.177600 0.016000
0.396000 0.177600 0.008800
0.500800 0.177600 0.012000
0.240800 0.178400 0.013600
0.303200 0.178400 0.013600
0.346400 0.178400 0.011200
0.362400 0.178400 0.011200
0.384000 0.178400 0.011200
0.262400 0.179200 0.011200
0.171200 0.180000 0.016000
0.148000 0.180800 0.009600
0.204000 0.180800 0.011200
0.220000 0.180800 0.011200
0.278400 0.180800 0.011200
0.160000 0.181600 0.007200
0.190400 0.181600 0.011200
0.132800 0.182400 0.011200
0.846400 0.192800 0.011200
0.828800 0.193600 0.010400
0.741600 0.194400 0.012800
0.790400 0.194400 0.012000
0.811200 0.194400 0.011200
0.699200 0.195200 0.012800
0.533600 0.196000 0.012800
0.721600 0.196000 0.011200
0.764000 0.196000 0.013600
0.865600 0.196000 0.013600
0.667200 0.196800 0.012800
0.432800 0.197600 0.013600
0.508800 0.197600 0.012800
0.592800 0.197600 0.011200
0.612000 0.197600 0.011200
0.631200 0.197600 0.011200
0.650400 0.197600 0.011200
0.557600 0.198400 0.012000
0.576800 0.198400 0.009600
0.407200 0.199200 0.011200
0.452800 0.199200 0.012000
0.488800 0.199200 0.010400
0.372800 0.200000 0.010400
0.388800 0.200000 0.009600
0.472800 0.200000 0.012800
0.246400 0.200800 0.012800
0.332800 0.200800 0.011200
0.353600 0.200800 0.012800
0.230400 0.202400 0.013600
0.308000 0.202400 0.013600
0.266400 0.203200 0.008800
0.282400 0.203200 0.013600
0.204800 0.204000 0.012800
0.137600 0.204800 0.013600
0.221600 0.204800 0.013600
0.160000 0.205600 0.011200
0.177600 0.206400 0.011200
0.740800 0.214400 0.011200
0.866400 0.215200 0.011200
0.685600 0.216000 0.013600
0.694400 0.216000 0.015200
0.717600 0.216000 0.011200
0.791200 0.216000 0.011200
0.846400 0.216000 0.011200
0.813600 0.216800 0.011200
0.663200 0.217600 0.012800
0.751200 0.217600 0.011200
0.770400 0.217600 0.012000
0.829600 0.217600 0.011200
0.602400 0.218400 0.012800
0.537600 0.219200 0.012800
0.633600 0.219200 0.014400
0.451200 0.220800 0.008800
0.516000 0.220800 0.012000
0.559200 0.220800 0.012800
0.582400 0.220800 0.012800
0.476800 0.221600 0.011200
0.495200 0.221600 0.011200
0.395200 0.222400 0.013600
0.441600 0.222400 0.013600
0.421600 0.223200 0.011200
0.344800 0.224000 0.012800
0.368000 0.224000 0.013600
0.379200 0.224000 0.008800
0.195200 0.224800 0.012800
0.223200 0.224800 0.013600
0.286400 0.225600 0.012800
0.138400 0.226400 0.013600
0.174400 0.226400 0.011200
0.244800 0.226400 0.011200
0.319200 0.226400 0.013600
0.161600 0.227200 0.011200
0.264000 0.227200 0.012800
0.864800 0.237600 0.012800
0.661600 0.238400 0.012000
0.823200 0.238400 0.011200
0.682400 0.239200 0.011200
0.703200 0.239200 0.012800
0.724800 0.239200 0.015200
0.750400 0.240000 0.012800
0.844000 0.240000 0.013600
0.638400 0.240800 0.013600
0.787200 0.240800 0.011200
0.770400 0.241600 0.011200
0.804800 0.241600 0.012000
0.534400 0.242400 0.010400
0.552000 0.242400 0.012800
0.574400 0.242400 0.010400
0.617600 0.242400 0.012800
0.595200 0.243200 0.012800
0.507200 0.244000 0.013600
0.424800 0.244800 0.012800
0.407200 0.245600 0.012800
0.486400 0.245600 0.011200
0.449600 0.246400 0.012800
0.467200 0.246400 0.011200
0.350400 0.247200 0.013600
0.379200 0.247200 0.015200
0.140800 0.248800 0.013600
0.298400 0.248800 0.013600
0.323200 0.248800 0.014400
0.272800 0.249600 0.012000
0.182400 0.250400 0.011200
0.255200 0.250400 0.011200
0.218400 0.251200 0.011200
0.236000 0.251200 0.011200
0.160800 0.252000 0.012800
0.200800 0.252000 0.011200
0.782400 0.260800 0.011200
0.807200 0.261600 0.013600
0.716000 0.262400 0.013600
0.768800 0.262400 0.007200
0.854400 0.262400 0.011200
0.871200 0.262400 0.011200
0.724800 0.263200 0.013600
0.745600 0.263200 0.011200
0.760000 0.263200 0.013600
0.834400 0.263200 0.012800
0.578400 0.264800 0.013600
0.618400 0.265600 0.012000
0.676800 0.265600 0.011200
0.693600 0.265600 0.011200
0.556800 0.266400 0.012800
0.642400 0.266400 0.011200
0.548800 0.267200 0.013600
0.598400 0.267200 0.012000
0.660000 0.267200 0.011200
0.540000 0.268000 0.005600
0.436000 0.268800 0.012800
0.500800 0.268800 0.012800
0.377600 0.269600 0.011200
0.398400 0.269600 0.011200
0.527200 0.269600 0.016800
0.268800 0.270400 0.010400
0.290400 0.270400 0.012800
0.481600 0.270400 0.012000
0.325600 0.271200 0.011200
0.360800 0.271200 0.011200
0.460000 0.271200 0.013600
0.249600 0.272000 0.012000
0.308800 0.272000 0.010400
0.415200 0.272000 0.012000
0.348800 0.272800 0.008000
0.233600 0.274400 0.011200
0.183200 0.281600 0.012800
0.163200 0.282400 0.012800
0.136800 0.283200 0.013600
0.872800 0.283200 0.013600
0.764800 0.284800 0.012800
0.826400 0.284800 0.011200
0.693600 0.285600 0.014400
0.723200 0.285600 0.012800
0.789600 0.285600 0.012800
0.844000 0.285600 0.012800
0.645600 0.286400 0.013600
0.744800 0.286400 0.012800
0.808800 0.286400 0.012800
0.666400 0.288000 0.012000
0.618400 0.288800 0.011200
0.512800 0.290400 0.012800
0.574400 0.290400 0.013600
0.597600 0.290400 0.012800
0.451200 0.291200 0.013600
0.492000 0.291200 0.011200
0.420000 0.292000 0.010400
0.473600 0.292000 0.011200
0.534400 0.292000 0.011200
0.300800 0.292800 0.012800
0.350400 0.292800 0.011200
0.368000 0.292800 0.011200
0.396800 0.292800 0.013600
0.554400 0.292800 0.013600
0.385600 0.293600 0.008800
0.278400 0.295200 0.011200
0.319200 0.295200 0.012800
0.337600 0.295200 0.008800
0.245600 0.296000 0.013600
0.263200 0.296000 0.011200
0.192800 0.296800 0.037600
0.169600 0.300000 0.012800
0.135200 0.303200 0.012800
0.868000 0.304800 0.016000
0.840000 0.308000 0.012800
0.820800 0.309600 0.011200
0.756000 0.310400 0.013600
0.784800 0.310400 0.012800
0.668800 0.311200 0.013600
0.716800 0.311200 0.013600
0.803200 0.311200 0.011200
0.614400 0.312000 0.015200
0.692800 0.312000 0.011200
0.736800 0.312000 0.012000
0.676000 0.312800 0.013600
0.644800 0.313600 0.014400
0.421600 0.314400 0.016000
0.451200 0.315200 0.011200
0.542400 0.315200 0.013600
0.589600 0.315200 0.011200
0.472800 0.316000 0.013600
0.501600 0.316000 0.011200
0.568000 0.316000 0.013600
0.372800 0.316800 0.011200
0.338400 0.317600 0.012800
0.356800 0.317600 0.011200
0.308800 0.318400 0.012800
0.390400 0.318400 0.014400
0.519200 0.318400 0.012800
0.271200 0.319200 0.011200
0.289600 0.320000 0.011200
0.250400 0.320800 0.012000
0.184800 0.323200 0.013600
0.168000 0.324800 0.013600
0.136000 0.326400 0.013600
0.852000 0.332800 0.013600
0.872000 0.333600 0.016800
0.883200 0.333600 0.020800
0.670400 0.334400 0.015200
0.733600 0.334400 0.011200
0.771200 0.334400 0.013600
0.797600 0.334400 0.011200
0.815200 0.334400 0.011200
0.832000 0.334400 0.011200
0.695200 0.335200 0.012800
0.631200 0.336000 0.013600
0.713600 0.336000 0.011200
0.752800 0.336000 0.011200
0.592800 0.336800 0.012000
0.652000 0.336800 0.011200
0.442400 0.337600 0.015200
0.613600 0.337600 0.011200
0.408800 0.338400 0.012800
0.496800 0.338400 0.015200
0.568800 0.338400 0.012800
0.330400 0.339200 0.013600
0.468000 0.340000 0.013600
0.536000 0.340000 0.013600
0.305600 0.340800 0.013600
0.516800 0.340800 0.010400
0.351200 0.341600 0.011200
0.388000 0.341600 0.011200
0.251200 0.342400 0.013600
0.287200 0.342400 0.008800
0.210400 0.343200 0.016800
0.272000 0.343200 0.011200
0.370400 0.343200 0.011200
0.164800 0.344800 0.011200
0.185600 0.344800 0.012800
0.137600 0.345600 0.013600
0.764000 0.356800 0.015200
0.871200 0.356800 0.011200
0.742400 0.357600 0.012000
0.835200 0.357600 0.011200
0.856000 0.357600 0.011200
0.590400 0.358400 0.012000
0.630400 0.358400 0.013600
0.797600 0.358400 0.013600
0.817600 0.358400 0.011200
0.684000 0.359200 0.013600
0.696000 0.359200 0.008800
0.722400 0.359200 0.012800
0.536000 0.360000 0.013600
0.609600 0.360000 0.011200
0.656800 0.360000 0.012800
0.424800 0.360800 0.011200
0.442400 0.360800 0.011200
0.509600 0.360800 0.011200
0.570400 0.360800 0.013600
0.407200 0.361600 0.011200
0.472800 0.361600 0.011200
0.490400 0.361600 0.011200
0.307200 0.364000 0.013600
0.366400 0.364000 0.013600
0.385600 0.364000 0.012000
0.286400 0.364800 0.011200
0.337600 0.364800 0.013600
0.253600 0.365600 0.013600
0.268000 0.365600 0.008800
0.356000 0.365600 0.008800
0.192800 0.366400 0.012800
0.171200 0.368000 0.013600
0.139200 0.371200 0.013600
0.852800 0.379200 0.013600
0.742400 0.380000 0.014400
0.658400 0.380800 0.013600
0.698400 0.380800 0.011200
0.779200 0.380800 0.013600
0.806400 0.380800 0.012800
0.717600 0.381600 0.012800
0.828000 0.381600 0.012000
0.872800 0.381600 0.012800
0.631200 0.382400 0.012800
0.675200 0.382400 0.011200
0.552000 0.383200 0.013600
0.581600 0.383200 0.014400
0.606400 0.384000 0.013600
0.497600 0.384800 0.015200
0.531200 0.384800 0.013600
0.243200 0.385600 0.013600
0.476800 0.385600 0.011200
0.396800 0.386400 0.013600
0.434400 0.386400 0.011200
0.372800 0.387200 0.013600
0.416800 0.387200 0.008000
0.455200 0.387200 0.013600
0.232800 0.388000 0.013600
0.346400 0.388000 0.013600
0.308800 0.388800 0.011200
0.327200 0.388800 0.011200
0.216000 0.389600 0.011200
0.267200 0.389600 0.013600
0.288000 0.389600 0.012800
0.197600 0.390400 0.012800
0.157600 0.391200 0.012800
0.175200 0.392000 0.010400
0.137600 0.392800 0.012800
0.788000 0.404000 0.016000
0.842400 0.404800 0.013600
0.695200 0.405600 0.015200
0.862400 0.405600 0.013600
0.647200 0.406400 0.013600
0.820800 0.406400 0.015200
0.670400 0.407200 0.012800
0.716000 0.407200 0.012000
0.761600 0.407200 0.013600
0.624000 0.408000 0.013600
0.740000 0.408000 0.013600
0.597600 0.408800 0.013600
0.382400 0.410400 0.012000
0.428800 0.410400 0.015200
0.523200 0.410400 0.015200
0.573600 0.410400 0.013600
0.403200 0.411200 0.011200
0.418400 0.411200 0.008800
0.457600 0.411200 0.011200
0.499200 0.411200 0.012000
0.360800 0.412000 0.013600
0.477600 0.412000 0.012000
0.556000 0.412000 0.013600
0.232800 0.413600 0.016000
0.313600 0.413600 0.012800
0.335200 0.413600 0.013600
0.207200 0.414400 0.012000
0.264000 0.414400 0.012800
0.151200 0.415200 0.011200
0.182400 0.415200 0.013600
0.284800 0.415200 0.014400
0.137600 0.416000 0.013600
0.865600 0.428000 0.013600
0.847200 0.430400 0.012000
0.537600 0.432000 0.011200
0.593600 0.432000 0.015200
0.644000 0.432000 0.012800
0.665600 0.432000 0.013600
0.490400 0.432800 0.005600
0.769600 0.432800 0.011200
0.808800 0.432800 0.013600
0.389600 0.433600 0.013600
0.414400 0.433600 0.013600
0.437600 0.433600 0.013600
0.501600 0.433600 0.013600
0.523200 0.433600 0.011200
0.689600 0.433600 0.011200
0.784800 0.433600 0.008800
0.827200 0.433600 0.011200
0.564000 0.434400 0.013600
0.620800 0.434400 0.012800
0.704800 0.434400 0.011200
0.478400 0.435200 0.011200
0.550400 0.435200 0.016800
0.716800 0.435200 0.007200
0.733600 0.435200 0.011200
0.328000 0.436000 0.012800
0.366400 0.436000 0.012000
0.460000 0.436000 0.012800
0.293600 0.436800 0.013600
0.347200 0.436800 0.011200
0.757600 0.436800 0.007200
0.161600 0.438400 0.013600
0.207200 0.438400 0.013600
0.270400 0.438400 0.013600
0.139200 0.439200 0.014400
0.248800 0.439200 0.012800
0.184000 0.440000 0.013600
0.740000 0.452000 0.013600
0.763200 0.452800 0.012800
0.782400 0.452800 0.011200
0.719200 0.453600 0.011200
0.794400 0.453600 0.011200
0.821600 0.453600 0.013600
0.661600 0.454400 0.015200
0.681600 0.454400 0.013600
0.701600 0.454400 0.011200
0.843200 0.454400 0.011200
0.863200 0.455200 0.016000
0.588000 0.456000 0.013600
0.607200 0.456000 0.012800
0.631200 0.456000 0.014400
0.652800 0.456000 0.016800
0.402400 0.456800 0.011200
0.520000 0.456800 0.013600
0.542400 0.456800 0.011200
0.346400 0.457600 0.011200
0.476800 0.457600 0.011200
0.499200 0.457600 0.013600
0.562400 0.457600 0.013600
0.388000 0.458400 0.011200
0.325600 0.459200 0.012800
0.368000 0.459200 0.012000
0.444800 0.459200 0.013600
0.465600 0.459200 0.013600
0.423200 0.460000 0.013600
0.284800 0.460800 0.012800
0.304800 0.460800 0.012800
0.201600 0.461600 0.011200
0.252000 0.461600 0.013600
0.157600 0.462400 0.012800
0.234400 0.462400 0.011200
0.180800 0.463200 0.012800
0.218400 0.463200 0.010400
0.137600 0.464800 0.013600
