0.242400 0.041600 0.011200
0.257600 0.041600 0.024000
0.209600 0.042400 0.016800
0.183200 0.043200 0.012000
0.227200 0.043200 0.008800
0.160000 0.044000 0.022400
0.818400 0.045600 0.025600
0.181600 0.078400 0.013600
0.441600 0.078400 0.016000
0.397600 0.079200 0.008800
0.543200 0.079200 0.013600
0.589600 0.079200 0.013600
0.202400 0.080000 0.011200
0.243200 0.080000 0.016000
0.292000 0.080000 0.013600
0.312800 0.080000 0.013600
0.333600 0.080000 0.015200
0.519200 0.080000 0.014400
0.136000 0.080800 0.016800
0.220800 0.080800 0.011200
0.354400 0.080800 0.012800
0.385600 0.080800 0.018400
0.563200 0.080800 0.015200
0.803200 0.080800 0.008800
0.160000 0.081600 0.011200
0.268000 0.081600 0.013600
0.416800 0.081600 0.014400
0.492800 0.081600 0.016000
0.792000 0.081600 0.013600
0.848000 0.081600 0.014400
0.468000 0.082400 0.015200
0.608000 0.082400 0.008800
0.621600 0.082400 0.012800
0.732800 0.082400 0.011200
0.759200 0.082400 0.013600
0.776800 0.082400 0.011200
0.824800 0.082400 0.012800
0.871200 0.082400 0.011200
0.714400 0.083200 0.012000
0.747200 0.083200 0.008800
0.671200 0.084000 0.012800
0.693600 0.084000 0.012800
0.644000 0.084800 0.013600
0.536000 0.102400 0.012800
0.515200 0.103200 0.011200
0.603200 0.103200 0.013600
0.683200 0.103200 0.012800
0.703200 0.103200 0.008800
0.792000 0.103200 0.011200
0.813600 0.103200 0.012800
0.220800 0.104000 0.012800
0.343200 0.104000 0.011200
0.431200 0.104000 0.015200
0.456000 0.104000 0.012800
0.495200 0.104000 0.011200
0.580000 0.104000 0.013600
0.628800 0.104000 0.013600
0.655200 0.104000 0.013600
0.719200 0.104000 0.012800
0.834400 0.104000 0.011200
0.846400 0.104000 0.008800
0.864000 0.104000 0.013600
0.250400 0.104800 0.011200
0.288000 0.104800 0.011200
0.316800 0.104800 0.015200
0.406400 0.104800 0.013600
0.479200 0.104800 0.008800
0.557600 0.104800 0.012800
0.269600 0.105600 0.011200
0.357600 0.105600 0.011200
0.377600 0.105600 0.012800
0.771200 0.105600 0.012800
0.192800 0.106400 0.015200
0.236800 0.106400 0.008800
0.741600 0.106400 0.013600
0.134400 0.108000 0.013600
0.160000 0.108000 0.015200
0.784800 0.124800 0.012800
0.664800 0.125600 0.011200
0.683200 0.125600 0.011200
0.709600 0.125600 0.015200
0.807200 0.125600 0.013600
0.831200 0.125600 0.013600
0.868000 0.125600 0.012800
0.422400 0.126400 0.013600
0.759200 0.126400 0.014400
0.851200 0.126400 0.008800
0.401600 0.127200 0.012000
0.699200 0.127200 0.008800
0.734400 0.127200 0.012000
0.341600 0.128000 0.011200
0.360000 0.128000 0.011200
0.376800 0.128000 0.012800
0.286400 0.128800 0.014400
0.310400 0.128800 0.011200
0.452000 0.128800 0.015200
0.494400 0.128800 0.013600
0.563200 0.128800 0.011200
0.605600 0.128800 0.011200
0.623200 0.128800 0.011200
0.643200 0.128800 0.012800
0.202400 0.129600 0.011200
0.469600 0.129600 0.016000
0.477600 0.129600 0.013600
0.525600 0.129600 0.012800
0.543200 0.129600 0.011200
0.582400 0.129600 0.013600
0.179200 0.130400 0.013600
0.231200 0.130400 0.014400
0.257600 0.130400 0.015200
0.326400 0.130400 0.008800
0.132000 0.131200 0.013600
0.156800 0.131200 0.012000
0.507200 0.131200 0.013600
0.845600 0.149600 0.013600
0.868000 0.150400 0.016800
0.808800 0.151200 0.013600
0.825600 0.151200 0.012800
0.773600 0.152000 0.013600
0.797600 0.152000 0.016800
0.488000 0.152800 0.012800
0.548800 0.152800 0.012000
0.594400 0.152800 0.013600
0.648000 0.152800 0.012800
0.675200 0.152800 0.016000
0.731200 0.152800 0.013600
0.750400 0.152800 0.012800
0.199200 0.153600 0.013600
0.288800 0.153600 0.012800
0.403200 0.153600 0.010400
0.438400 0.153600 0.012000
0.460800 0.153600 0.012800
0.510400 0.153600 0.011200
0.530400 0.153600 0.010400
0.572800 0.153600 0.013600
0.636000 0.153600 0.011200
0.665600 0.153600 0.013600
0.700000 0.153600 0.014400
0.243200 0.154400 0.013600
0.266400 0.154400 0.013600
0.310400 0.154400 0.013600
0.419200 0.154400 0.011200
0.150400 0.155200 0.013600
0.178400 0.155200 0.013600
0.221600 0.155200 0.013600
0.620000 0.155200 0.011200
0.346400 0.156000 0.013600
0.329600 0.156800 0.008800
0.369600 0.158400 0.016800
0.134400 0.159200 0.016800
0.508800 0.175200 0.012800
0.642400 0.175200 0.012800
0.459200 0.176000 0.015200
0.553600 0.176000 0.011200
0.619200 0.176000 0.011200
0.755200 0.176000 0.013600
0.780800 0.176000 0.012800
0.434400 0.176800 0.013600
0.533600 0.176800 0.014400
0.599200 0.176800 0.012000
0.664000 0.176800 0.012800
0.688000 0.176800 0.014400
0.733600 0.176800 0.012800
0.487200 0.177600 0.012800
0.712800 0.177600 0.012800
0.799200 0.177600 0.008800
0.816000 0.177600 0.013600
0.270400 0.179200 0.013600
0.280800 0.179200 0.016000
0.414400 0.179200 0.012000
0.584000 0.179200 0.011200
0.160800 0.180000 0.012800
0.188000 0.180000 0.015200
0.370400 0.180000 0.011200
0.840000 0.180000 0.013600
0.855200 0.180000 0.012800
0.133600 0.180800 0.013600
0.213600 0.180800 0.013600
0.237600 0.180800 0.010400
0.251200 0.180800 0.012800
0.392000 0.180800 0.013600
0.304800 0.181600 0.013600
0.356000 0.181600 0.009600
0.328000 0.182400 0.013600
0.571200 0.197600 0.016800
0.589600 0.198400 0.011200
0.610400 0.198400 0.012800
0.656000 0.198400 0.013600
0.768800 0.198400 0.013600
0.537600 0.199200 0.011200
0.559200 0.199200 0.013600
0.632800 0.199200 0.012000
0.706400 0.199200 0.013600
0.793600 0.199200 0.015200
0.728800 0.200000 0.011200
0.744800 0.200000 0.011200
0.844000 0.200000 0.012000
0.866400 0.200000 0.013600
0.508800 0.200800 0.015200
0.682400 0.200800 0.012800
0.822400 0.200800 0.012800
0.318400 0.201600 0.012800
0.480800 0.201600 0.014400
0.200800 0.202400 0.012000
0.232800 0.202400 0.013600
0.296800 0.202400 0.011200
0.424800 0.202400 0.011200
0.448800 0.202400 0.012800
0.175200 0.203200 0.013600
0.256000 0.203200 0.011200
0.368800 0.203200 0.008800
0.380800 0.203200 0.013600
0.214400 0.204000 0.008800
0.274400 0.204000 0.012800
0.341600 0.204000 0.013600
0.354400 0.204000 0.013600
0.404000 0.204000 0.013600
0.132000 0.204800 0.012800
0.153600 0.204800 0.012000
0.533600 0.220800 0.012800
0.747200 0.220800 0.012800
0.768800 0.220800 0.011200
0.788800 0.220800 0.012000
0.835200 0.220800 0.012000
0.854400 0.220800 0.011200
0.488800 0.221600 0.011200
0.571200 0.221600 0.008800
0.633600 0.221600 0.013600
0.663200 0.221600 0.012800
0.553600 0.222400 0.012000
0.874400 0.222400 0.012000
0.466400 0.223200 0.012800
0.508000 0.223200 0.010400
0.591200 0.223200 0.012800
0.683200 0.223200 0.010400
0.702400 0.223200 0.012800
0.727200 0.223200 0.012800
0.520000 0.224000 0.007200
0.804800 0.224000 0.009600
0.415200 0.225600 0.013600
0.608000 0.225600 0.011200
0.620800 0.225600 0.007200
0.361600 0.226400 0.011200
0.386400 0.226400 0.013600
0.447200 0.226400 0.011200
0.332800 0.227200 0.011200
0.402400 0.227200 0.008800
0.135200 0.228000 0.014400
0.187200 0.228000 0.013600
0.200000 0.228000 0.005600
0.212800 0.228000 0.016800
0.318400 0.228000 0.012800
0.153600 0.228800 0.008800
0.168000 0.228800 0.011200
0.259200 0.229600 0.011200
0.279200 0.230400 0.012800
0.234400 0.231200 0.014400
0.299200 0.231200 0.011200
0.807200 0.243200 0.013600
0.852800 0.243200 0.010400
0.869600 0.243200 0.012800
0.836800 0.244000 0.011200
0.781600 0.244800 0.015200
0.472000 0.245600 0.011200
0.492000 0.245600 0.012800
0.508800 0.245600 0.011200
0.733600 0.245600 0.011200
0.746400 0.245600 0.011200
0.451200 0.246400 0.012800
0.563200 0.246400 0.013600
0.530400 0.247200 0.008800
0.544000 0.247200 0.011200
0.708800 0.247200 0.015200
0.433600 0.248000 0.013600
0.665600 0.248000 0.012800
0.684000 0.248000 0.012800
0.346400 0.248800 0.014400
0.369600 0.248800 0.011200
0.385600 0.248800 0.010400
0.601600 0.248800 0.013600
0.621600 0.248800 0.013600
0.640000 0.248800 0.011200
0.404800 0.249600 0.012800
0.576800 0.249600 0.007200
0.423200 0.250400 0.011200
0.318400 0.251200 0.013600
0.159200 0.252000 0.012800
0.180800 0.252800 0.011200
0.196000 0.252800 0.011200
0.220000 0.253600 0.013600
0.241600 0.254400 0.012000
0.264000 0.254400 0.013600
0.133600 0.255200 0.015200
0.293600 0.255200 0.012000
0.276800 0.256000 0.011200
0.860000 0.267200 0.013600
0.800800 0.268000 0.012000
0.822400 0.268000 0.012800
0.676000 0.269600 0.014400
0.720000 0.269600 0.013600
0.744800 0.269600 0.011200
0.760800 0.269600 0.011200
0.779200 0.269600 0.012800
0.842400 0.269600 0.012800
0.529600 0.270400 0.013600
0.548000 0.270400 0.011200
0.571200 0.270400 0.011200
0.585600 0.270400 0.013600
0.646400 0.270400 0.013600
0.700800 0.270400 0.011200
0.510400 0.271200 0.011200
0.632800 0.271200 0.011200
0.364800 0.272000 0.008800
0.416800 0.272000 0.012800
0.455200 0.272000 0.010400
0.488800 0.272000 0.012800
0.610400 0.272000 0.013600
0.309600 0.272800 0.013600
0.334400 0.272800 0.011200
0.352800 0.272800 0.013600
0.440800 0.272800 0.011200
0.473600 0.272800 0.008800
0.392800 0.273600 0.013600
0.171200 0.274400 0.012000
0.190400 0.274400 0.012000
0.263200 0.274400 0.011200
0.275200 0.274400 0.008800
0.295200 0.275200 0.008800
0.152000 0.276000 0.011200
0.206400 0.276000 0.011200
0.245600 0.276000 0.011200
0.232000 0.276800 0.011200
0.131200 0.278400 0.012800
0.485600 0.292000 0.011200
0.834400 0.292000 0.015200
0.440800 0.292800 0.011200
0.506400 0.292800 0.012800
0.592800 0.292800 0.012800
0.207200 0.293600 0.011200
0.380000 0.293600 0.014400
0.422400 0.293600 0.012800
0.459200 0.293600 0.011200
0.571200 0.293600 0.011200
0.639200 0.293600 0.012800
0.804800 0.293600 0.013600
0.859200 0.293600 0.013600
0.401600 0.294400 0.011200
0.472000 0.294400 0.008000
0.531200 0.294400 0.012000
0.618400 0.294400 0.013600
0.664000 0.294400 0.013600
0.700800 0.294400 0.016800
0.770400 0.294400 0.013600
0.783200 0.294400 0.013600
0.223200 0.295200 0.008800
0.236000 0.295200 0.011200
0.257600 0.295200 0.011200
0.325600 0.295200 0.015200
0.689600 0.295200 0.016800
0.552000 0.296000 0.013600
0.721600 0.296000 0.011200
0.742400 0.296000 0.015200
0.148000 0.296800 0.008800
0.160800 0.296800 0.011200
0.196000 0.296800 0.008800
0.278400 0.296800 0.012800
0.300800 0.296800 0.012800
0.347200 0.296800 0.011200
0.180000 0.297600 0.011200
0.125600 0.299200 0.009600
0.499200 0.317600 0.016800
0.524800 0.317600 0.015200
0.572000 0.317600 0.013600
0.633600 0.317600 0.016800
0.640800 0.317600 0.015200
0.239200 0.318400 0.012800
0.468000 0.318400 0.012800
0.817600 0.318400 0.013600
0.259200 0.319200 0.013600
0.275200 0.319200 0.012800
0.450400 0.319200 0.011200
0.796800 0.319200 0.013600
0.151200 0.320000 0.013600
0.178400 0.320000 0.012800
0.550400 0.320000 0.011200
0.130400 0.320800 0.016800
0.219200 0.320800 0.013600
0.305600 0.320800 0.013600
0.395200 0.320800 0.016800
0.434400 0.320800 0.011200
0.604000 0.320800 0.019200
0.620800 0.320800 0.011200
0.664000 0.320800 0.016800
0.673600 0.320800 0.016800
0.696800 0.320800 0.014400
0.728000 0.320800 0.016000
0.196800 0.321600 0.013600
0.290400 0.321600 0.007200
0.419200 0.321600 0.011200
0.752000 0.321600 0.016800
0.763200 0.321600 0.008800
0.777600 0.321600 0.011200
0.840000 0.321600 0.013600
0.324800 0.322400 0.011200
0.343200 0.322400 0.013600
0.368800 0.324000 0.016000
0.176000 0.360000 0.020000
0.190400 0.360000 0.007200
0.199200 0.360000 0.013600
0.246400 0.360000 0.016000
0.266400 0.360000 0.013600
0.220000 0.360800 0.016800
0.287200 0.360800 0.013600
0.307200 0.361600 0.016800
0.510400 0.362400 0.013600
0.460800 0.363200 0.008800
0.493600 0.363200 0.011200
0.548800 0.363200 0.027200
0.474400 0.364000 0.011200
0.445600 0.364800 0.013600
0.356800 0.391200 0.022400
0.164800 0.392000 0.013600
0.184800 0.392000 0.012800
0.205600 0.392000 0.013600
0.226400 0.392000 0.012800
0.246400 0.392000 0.012800
0.292800 0.392000 0.013600
0.266400 0.392800 0.015200
0.342400 0.392800 0.016800
0.312000 0.393600 0.016800
0.127200 0.400800 0.011200
0.163200 0.416800 0.015200
0.188000 0.417600 0.012800
0.208800 0.417600 0.012800
0.128800 0.418400 0.013600
0.230400 0.418400 0.012800
0.252000 0.419200 0.012800
0.274400 0.420000 0.012000
0.322400 0.420800 0.013600
0.292800 0.421600 0.011200
0.307200 0.422400 0.012800
0.364800 0.422400 0.012800
0.348800 0.423200 0.011200
0.166400 0.439200 0.013600
0.215200 0.439200 0.011200
0.196800 0.440000 0.011200
0.236800 0.440000 0.011200
0.274400 0.440000 0.011200
0.257600 0.440800 0.010400
0.125600 0.441600 0.013600
0.356000 0.444000 0.012800
0.226400 0.457600 0.012000
0.214400 0.459200 0.011200
0.168800 0.460000 0.016000
0.295200 0.460000 0.013600
0.314400 0.460000 0.028800
0.124800 0.460800 0.016800
0.195200 0.460800 0.012800
0.248800 0.460800 0.013600
0.272800 0.460800 0.012800
0.368800 0.464000 0.008800
0.355200 0.466400 0.024800
