0.164000 0.048800 0.024800
0.182400 0.048800 0.010400
0.200000 0.048800 0.011200
0.214400 0.049600 0.008800
0.226400 0.050400 0.008800
0.240800 0.051200 0.021600
0.833600 0.052000 0.020000
0.366400 0.080000 0.013600
0.745600 0.080000 0.013600
0.619200 0.080800 0.013600
0.723200 0.080800 0.012000
0.772800 0.080800 0.011200
0.836800 0.080800 0.012800
0.276000 0.081600 0.013600
0.349600 0.081600 0.011200
0.390400 0.081600 0.013600
0.411200 0.081600 0.012000
0.504800 0.081600 0.013600
0.639200 0.081600 0.013600
0.702400 0.081600 0.011200
0.788800 0.081600 0.010400
0.802400 0.081600 0.008800
0.858400 0.081600 0.012800
0.297600 0.082400 0.012800
0.430400 0.082400 0.011200
0.467200 0.082400 0.011200
0.663200 0.082400 0.011200
0.818400 0.082400 0.011200
0.154400 0.083200 0.011200
0.171200 0.083200 0.011200
0.189600 0.083200 0.012800
0.212800 0.083200 0.012800
0.235200 0.083200 0.011200
0.253600 0.083200 0.012800
0.316800 0.083200 0.013600
0.328000 0.083200 0.013600
0.447200 0.083200 0.012800
0.484800 0.083200 0.011200
0.521600 0.083200 0.010400
0.682400 0.083200 0.011200
0.136800 0.084000 0.013600
0.535200 0.085600 0.008800
0.544800 0.085600 0.016000
0.554400 0.085600 0.013600
0.568800 0.085600 0.011200
0.588000 0.085600 0.013600
0.599200 0.086400 0.012800
0.726400 0.103200 0.012800
0.809600 0.103200 0.012800
0.607200 0.104000 0.012000
0.746400 0.104000 0.011200
0.761600 0.104000 0.016000
0.786400 0.104000 0.011200
0.839200 0.104000 0.013600
0.488000 0.104800 0.011200
0.571200 0.104800 0.010400
0.588000 0.104800 0.008800
0.670400 0.104800 0.012800
0.687200 0.104800 0.010400
0.704800 0.104800 0.011200
0.827200 0.104800 0.008800
0.293600 0.105600 0.011200
0.310400 0.105600 0.008800
0.344000 0.105600 0.012800
0.520000 0.105600 0.009600
0.532800 0.105600 0.008000
0.553600 0.105600 0.011200
0.628000 0.105600 0.011200
0.651200 0.105600 0.011200
0.447200 0.106400 0.008800
0.504800 0.106400 0.010400
0.231200 0.107200 0.010400
0.326400 0.107200 0.010400
0.364000 0.107200 0.011200
0.386400 0.107200 0.013600
0.410400 0.107200 0.013600
0.434400 0.107200 0.008800
0.465600 0.107200 0.011200
0.476000 0.107200 0.005600
0.859200 0.107200 0.013600
0.152000 0.108000 0.011200
0.198400 0.108000 0.011200
0.215200 0.108000 0.010400
0.259200 0.108000 0.007200
0.273600 0.108000 0.011200
0.137600 0.108800 0.008800
0.249600 0.108800 0.011200
0.171200 0.109600 0.013600
0.442400 0.126400 0.013600
0.464000 0.126400 0.010400
0.659200 0.126400 0.012800
0.308800 0.127200 0.013600
0.726400 0.127200 0.013600
0.421600 0.128000 0.010400
0.481600 0.128000 0.011200
0.496000 0.128000 0.008800
0.679200 0.128000 0.011200
0.700800 0.128000 0.012000
0.259200 0.128800 0.012000
0.276800 0.128800 0.008800
0.404800 0.128800 0.008800
0.510400 0.128800 0.011200
0.747200 0.128800 0.012800
0.768800 0.128800 0.011200
0.789600 0.128800 0.012800
0.864000 0.128800 0.013600
0.187200 0.129600 0.013600
0.220000 0.129600 0.008800
0.292000 0.129600 0.011200
0.371200 0.129600 0.012800
0.636000 0.129600 0.012800
0.813600 0.129600 0.011200
0.830400 0.129600 0.011200
0.848800 0.129600 0.010400
0.149600 0.130400 0.011200
0.166400 0.130400 0.009600
0.238400 0.130400 0.012000
0.353600 0.130400 0.012000
0.390400 0.130400 0.008800
0.536000 0.130400 0.015200
0.615200 0.130400 0.012800
0.208800 0.131200 0.008800
0.334400 0.131200 0.011200
0.595200 0.131200 0.011200
0.557600 0.132000 0.013600
0.573600 0.132800 0.012800
0.814400 0.149600 0.012000
0.833600 0.151200 0.009600
0.848800 0.151200 0.011200
0.668800 0.152000 0.013600
0.786400 0.152000 0.011200
0.587200 0.152800 0.013600
0.768000 0.152800 0.012800
0.799200 0.152800 0.008800
0.232000 0.153600 0.012800
0.342400 0.153600 0.012800
0.433600 0.153600 0.011200
0.458400 0.153600 0.016000
0.648800 0.153600 0.013600
0.688000 0.153600 0.008800
0.700000 0.153600 0.016000
0.751200 0.153600 0.016000
0.322400 0.154400 0.011200
0.372000 0.154400 0.011200
0.416000 0.154400 0.012800
0.610400 0.154400 0.011200
0.628000 0.154400 0.011200
0.214400 0.155200 0.011200
0.254400 0.155200 0.011200
0.270400 0.155200 0.010400
0.288000 0.155200 0.011200
0.304000 0.155200 0.010400
0.359200 0.155200 0.008800
0.483200 0.155200 0.013600
0.493600 0.155200 0.011200
0.552800 0.155200 0.009600
0.568800 0.155200 0.010400
0.740800 0.155200 0.008800
0.141600 0.156000 0.015200
0.179200 0.156000 0.011200
0.197600 0.156000 0.009600
0.388800 0.156000 0.012800
0.511200 0.156000 0.013600
0.532800 0.156000 0.013600
0.721600 0.156000 0.013600
0.161600 0.156800 0.010400
0.857600 0.173600 0.015200
0.824000 0.175200 0.008800
0.733600 0.176000 0.013600
0.804800 0.176000 0.012800
0.840000 0.176000 0.011200
0.260800 0.176800 0.013600
0.405600 0.176800 0.011200
0.604800 0.177600 0.011200
0.620800 0.177600 0.012000
0.649600 0.177600 0.011200
0.694400 0.177600 0.011200
0.711200 0.177600 0.010400
0.768800 0.177600 0.008000
0.197600 0.178400 0.013600
0.239200 0.178400 0.012800
0.284800 0.178400 0.013600
0.309600 0.178400 0.011200
0.328800 0.178400 0.012800
0.387200 0.178400 0.011200
0.422400 0.178400 0.013600
0.518400 0.178400 0.011200
0.572800 0.178400 0.009600
0.587200 0.178400 0.009600
0.638400 0.178400 0.008800
0.758400 0.178400 0.011200
0.785600 0.178400 0.012000
0.368000 0.179200 0.011200
0.444800 0.179200 0.011200
0.461600 0.179200 0.012000
0.540000 0.179200 0.011200
0.556800 0.179200 0.010400
0.216800 0.180000 0.012800
0.352000 0.180000 0.011200
0.481600 0.180000 0.011200
0.498400 0.180000 0.012000
0.668800 0.180000 0.012800
0.177600 0.180800 0.010400
0.161600 0.182400 0.011200
0.143200 0.183200 0.013600
0.860800 0.196800 0.011200
0.760800 0.197600 0.013600
0.819200 0.197600 0.012800
0.841600 0.197600 0.012000
0.798400 0.198400 0.011200
0.634400 0.199200 0.014400
0.345600 0.200000 0.012000
0.659200 0.200000 0.012800
0.711200 0.200000 0.011200
0.784800 0.200000 0.008800
0.328000 0.200800 0.011200
0.411200 0.200800 0.010400
0.550400 0.200800 0.008800
0.696000 0.200800 0.011200
0.736800 0.200800 0.013600
0.252800 0.201600 0.013600
0.275200 0.201600 0.011200
0.292800 0.201600 0.011200
0.391200 0.201600 0.013600
0.537600 0.201600 0.009600
0.560000 0.201600 0.013600
0.681600 0.201600 0.011200
0.225600 0.202400 0.011200
0.311200 0.202400 0.011200
0.368800 0.202400 0.012800
0.482400 0.202400 0.011200
0.498400 0.202400 0.008800
0.520800 0.202400 0.011200
0.577600 0.202400 0.013600
0.599200 0.202400 0.008800
0.610400 0.202400 0.011200
0.240000 0.203200 0.008800
0.436800 0.203200 0.015200
0.459200 0.203200 0.012800
0.510400 0.203200 0.007200
0.162400 0.204000 0.012000
0.427200 0.204000 0.011200
0.184000 0.204800 0.011200
0.202400 0.204800 0.012000
0.445600 0.204800 0.013600
0.143200 0.205600 0.011200
0.868000 0.218400 0.013600
0.833600 0.219200 0.012800
0.856000 0.219200 0.015200
0.547200 0.221600 0.011200
0.739200 0.221600 0.010400
0.755200 0.221600 0.011200
0.783200 0.221600 0.013600
0.814400 0.221600 0.013600
0.488800 0.222400 0.011200
0.567200 0.222400 0.012000
0.588000 0.222400 0.009600
0.621600 0.222400 0.012800
0.763200 0.222400 0.013600
0.372000 0.223200 0.012800
0.525600 0.223200 0.012800
0.603200 0.223200 0.009600
0.660800 0.223200 0.010400
0.677600 0.223200 0.010400
0.704800 0.223200 0.010400
0.774400 0.223200 0.008800
0.804000 0.223200 0.011200
0.268000 0.224000 0.011200
0.352000 0.224000 0.012000
0.399200 0.224000 0.011200
0.423200 0.224000 0.012800
0.472800 0.224000 0.011200
0.644800 0.224000 0.011200
0.691200 0.224000 0.007200
0.721600 0.224000 0.011200
0.151200 0.224800 0.010400
0.249600 0.224800 0.010400
0.332800 0.224800 0.011200
0.442400 0.224800 0.010400
0.457600 0.224800 0.008800
0.176000 0.225600 0.011200
0.206400 0.225600 0.010400
0.222400 0.225600 0.011200
0.283200 0.225600 0.011200
0.299200 0.225600 0.012800
0.138400 0.226400 0.010400
0.166400 0.226400 0.007200
0.237600 0.226400 0.005600
0.190400 0.227200 0.008800
0.320800 0.227200 0.008800
0.769600 0.243200 0.013600
0.644800 0.244000 0.011200
0.688800 0.244000 0.012000
0.734400 0.244000 0.013600
0.752000 0.244000 0.011200
0.868800 0.244000 0.011200
0.617600 0.244800 0.009600
0.708800 0.244800 0.012000
0.816800 0.244800 0.013600
0.240800 0.245600 0.011200
0.405600 0.245600 0.012800
0.442400 0.245600 0.008800
0.598400 0.245600 0.011200
0.631200 0.245600 0.007200
0.666400 0.245600 0.012800
0.840000 0.245600 0.011200
0.856000 0.245600 0.011200
0.255200 0.246400 0.010400
0.432800 0.246400 0.014400
0.496800 0.246400 0.013600
0.518400 0.246400 0.011200
0.534400 0.246400 0.011200
0.796000 0.246400 0.013600
0.170400 0.247200 0.013600
0.376800 0.247200 0.005600
0.384000 0.247200 0.005600
0.392000 0.247200 0.005600
0.424000 0.247200 0.008800
0.192000 0.248000 0.011200
0.209600 0.248000 0.010400
0.224800 0.248000 0.011200
0.320800 0.248000 0.012000
0.348800 0.248000 0.008800
0.364800 0.248000 0.009600
0.460000 0.248000 0.008800
0.473600 0.248000 0.009600
0.582400 0.248000 0.011200
0.282400 0.248800 0.012000
0.555200 0.248800 0.011200
0.565600 0.248800 0.008000
0.144000 0.249600 0.013600
0.300000 0.249600 0.011200
0.337600 0.249600 0.007200
0.620000 0.267200 0.013600
0.465600 0.268000 0.012000
0.483200 0.268000 0.011200
0.497600 0.268800 0.011200
0.520800 0.268800 0.015200
0.604000 0.268800 0.011200
0.424800 0.269600 0.013600
0.445600 0.269600 0.011200
0.541600 0.269600 0.013600
0.564800 0.269600 0.012000
0.585600 0.269600 0.011200
0.266400 0.270400 0.015200
0.308000 0.270400 0.012800
0.328000 0.270400 0.011200
0.344800 0.270400 0.011200
0.397600 0.270400 0.013600
0.509600 0.270400 0.005600
0.158400 0.271200 0.013600
0.185600 0.271200 0.013600
0.240800 0.271200 0.015200
0.362400 0.271200 0.010400
0.140000 0.272000 0.012800
0.288800 0.272000 0.011200
0.379200 0.272000 0.012800
0.203200 0.272800 0.010400
0.218400 0.272800 0.011200
0.589600 0.294400 0.012800
0.368000 0.295200 0.013600
0.388800 0.296000 0.010400
0.406400 0.296000 0.011200
0.569600 0.296000 0.011200
0.336800 0.296800 0.013600
0.348000 0.296800 0.009600
0.428000 0.296800 0.011200
0.448000 0.296800 0.013600
0.482400 0.296800 0.013600
0.507200 0.296800 0.012800
0.529600 0.296800 0.012800
0.550400 0.296800 0.011200
0.324800 0.297600 0.011200
0.865600 0.313600 0.012000
0.801600 0.315200 0.013600
0.841600 0.315200 0.012800
0.649600 0.316000 0.006400
0.822400 0.316000 0.011200
0.629600 0.316800 0.005600
0.638400 0.316800 0.008800
0.735200 0.316800 0.016800
0.769600 0.316800 0.008800
0.783200 0.316800 0.011200
0.620000 0.317600 0.008800
0.708000 0.317600 0.011200
0.755200 0.317600 0.011200
0.444000 0.318400 0.011200
0.563200 0.318400 0.011200
0.581600 0.318400 0.012000
0.673600 0.318400 0.008000
0.689600 0.318400 0.011200
0.723200 0.318400 0.008800
0.524800 0.319200 0.011200
0.544000 0.319200 0.011200
0.608000 0.319200 0.011200
0.350400 0.320000 0.013600
0.401600 0.320000 0.013600
0.420800 0.320000 0.013600
0.460800 0.320000 0.011200
0.496800 0.320000 0.011200
0.275200 0.320800 0.012000
0.219200 0.321600 0.012800
0.256000 0.321600 0.011200
0.317600 0.321600 0.010400
0.333600 0.321600 0.009600
0.380000 0.321600 0.011200
0.479200 0.321600 0.010400
0.141600 0.322400 0.011200
0.156000 0.322400 0.016800
0.239200 0.322400 0.009600
0.301600 0.322400 0.012800
0.368800 0.322400 0.007200
0.180800 0.323200 0.011200
0.196000 0.323200 0.009600
0.164000 0.324000 0.013600
0.865600 0.336800 0.013600
0.845600 0.337600 0.013600
0.516800 0.338400 0.009600
0.540000 0.338400 0.012800
0.600000 0.338400 0.012000
0.640000 0.338400 0.013600
0.659200 0.338400 0.011200
0.785600 0.338400 0.011200
0.806400 0.338400 0.011200
0.445600 0.339200 0.011200
0.462400 0.339200 0.010400
0.561600 0.339200 0.010400
0.580800 0.339200 0.011200
0.692800 0.339200 0.009600
0.707200 0.339200 0.009600
0.747200 0.339200 0.008800
0.424800 0.340000 0.010400
0.480000 0.340000 0.010400
0.498400 0.340000 0.011200
0.677600 0.340000 0.011200
0.728000 0.340000 0.013600
0.737600 0.340000 0.007200
0.765600 0.340000 0.011200
0.822400 0.340000 0.011200
0.341600 0.340800 0.012000
0.619200 0.340800 0.012800
0.144800 0.341600 0.012800
0.213600 0.341600 0.011200
0.229600 0.341600 0.008800
0.247200 0.341600 0.011200
0.400000 0.341600 0.008800
0.194400 0.342400 0.011200
0.320000 0.342400 0.012000
0.388000 0.342400 0.011200
0.411200 0.342400 0.008800
0.178400 0.343200 0.008800
0.263200 0.343200 0.010400
0.279200 0.343200 0.011200
0.366400 0.343200 0.013600
0.162400 0.344000 0.008800
0.298400 0.344000 0.011200
0.790400 0.359200 0.013600
0.498400 0.360000 0.011200
0.745600 0.360000 0.011200
0.764800 0.360000 0.011200
0.852000 0.360000 0.010400
0.868000 0.360000 0.011200
0.518400 0.360800 0.013600
0.545600 0.360800 0.012000
0.564000 0.360800 0.010400
0.600000 0.360800 0.013600
0.814400 0.360800 0.012800
0.836000 0.360800 0.011200
0.480000 0.361600 0.010400
0.580000 0.361600 0.010400
0.676800 0.361600 0.010400
0.694400 0.361600 0.011200
0.712800 0.361600 0.013600
0.733600 0.361600 0.008800
0.460000 0.362400 0.012800
0.625600 0.362400 0.012800
0.655200 0.362400 0.013600
0.355200 0.363200 0.013600
0.432800 0.363200 0.013600
0.312800 0.364000 0.011200
0.377600 0.364000 0.011200
0.395200 0.364000 0.010400
0.413600 0.364000 0.012000
0.329600 0.364800 0.012800
0.184800 0.365600 0.012000
0.209600 0.365600 0.013600
0.232800 0.365600 0.016000
0.294400 0.365600 0.011200
0.260000 0.366400 0.011200
0.272000 0.366400 0.013600
0.140000 0.367200 0.011200
0.159200 0.367200 0.014400
0.218400 0.367200 0.011200
0.761600 0.383200 0.011200
0.682400 0.384000 0.011200
0.861600 0.384000 0.013600
0.605600 0.384800 0.012800
0.624000 0.384800 0.012000
0.646400 0.384800 0.011200
0.700800 0.384800 0.011200
0.719200 0.384800 0.012800
0.743200 0.384800 0.012000
0.801600 0.384800 0.015200
0.661600 0.385600 0.011200
0.778400 0.385600 0.011200
0.822400 0.385600 0.012800
0.452800 0.386400 0.014400
0.496000 0.386400 0.015200
0.518400 0.386400 0.011200
0.539200 0.386400 0.014400
0.563200 0.386400 0.012000
0.843200 0.386400 0.011200
0.392000 0.387200 0.011200
0.429600 0.387200 0.012000
0.477600 0.387200 0.011200
0.583200 0.387200 0.013600
0.276800 0.388000 0.011200
0.300800 0.388000 0.011200
0.320000 0.388000 0.013600
0.374400 0.388000 0.011200
0.409600 0.388000 0.011200
0.224000 0.388800 0.011200
0.241600 0.388800 0.012000
0.260800 0.388800 0.010400
0.352000 0.388800 0.013600
0.140800 0.389600 0.013600
0.199200 0.389600 0.016000
0.161600 0.390400 0.012800
0.178400 0.390400 0.013600
0.754400 0.409600 0.013600
0.788800 0.409600 0.011200
0.806400 0.409600 0.012800
0.828000 0.409600 0.012800
0.862400 0.409600 0.012800
0.454400 0.410400 0.016800
0.465600 0.410400 0.008800
0.667200 0.410400 0.011200
0.684000 0.410400 0.011200
0.701600 0.410400 0.011200
0.718400 0.410400 0.011200
0.406400 0.411200 0.013600
0.649600 0.411200 0.011200
0.776800 0.411200 0.011200
0.254400 0.412000 0.011200
0.438400 0.412000 0.011200
0.486400 0.412000 0.012000
0.593600 0.412000 0.012800
0.612000 0.412000 0.012000
0.844000 0.412000 0.011200
0.242400 0.412800 0.016000
0.504800 0.412800 0.011200
0.522400 0.412800 0.010400
0.630400 0.412800 0.011200
0.735200 0.412800 0.012800
0.270400 0.413600 0.011200
0.426400 0.413600 0.008800
0.534400 0.413600 0.008800
0.548800 0.413600 0.011200
0.219200 0.414400 0.011200
0.288000 0.414400 0.011200
0.304800 0.414400 0.012800
0.346400 0.414400 0.011200
0.365600 0.414400 0.012800
0.386400 0.414400 0.012800
0.569600 0.414400 0.013600
0.328000 0.415200 0.012800
0.152000 0.416000 0.012800
0.201600 0.416000 0.011200
0.138400 0.416800 0.011200
0.174400 0.418400 0.013600
0.869600 0.431200 0.011200
0.837600 0.433600 0.008800
0.854400 0.433600 0.010400
0.768000 0.434400 0.013600
0.802400 0.434400 0.009600
0.820800 0.434400 0.011200
0.249600 0.435200 0.013600
0.258400 0.435200 0.013600
0.482400 0.435200 0.012800
0.787200 0.435200 0.007200
0.230400 0.436000 0.012800
0.501600 0.436000 0.011200
0.520000 0.436000 0.011200
0.539200 0.436000 0.011200
0.557600 0.436000 0.011200
0.436000 0.436800 0.012000
0.456800 0.436800 0.012800
0.574400 0.436800 0.008800
0.597600 0.436800 0.011200
0.752000 0.436800 0.010400
0.339200 0.437600 0.009600
0.358400 0.437600 0.012800
0.378400 0.437600 0.011200
0.399200 0.437600 0.012800
0.417600 0.437600 0.011200
0.636800 0.437600 0.012800
0.656000 0.437600 0.008800
0.280800 0.438400 0.013600
0.304000 0.438400 0.012000
0.616000 0.438400 0.012000
0.669600 0.438400 0.011200
0.717600 0.438400 0.011200
0.736800 0.438400 0.009600
0.166400 0.439200 0.013600
0.188000 0.439200 0.010400
0.685600 0.439200 0.007200
0.698400 0.439200 0.010400
0.205600 0.440000 0.012800
0.324800 0.440000 0.012800
0.141600 0.441600 0.012800
0.627200 0.455200 0.010400
0.600000 0.456000 0.011200
0.644800 0.456000 0.008800
0.660800 0.456800 0.011200
0.804800 0.456800 0.010400
0.822400 0.456800 0.012800
0.548800 0.457600 0.012800
0.572800 0.457600 0.014400
0.614400 0.457600 0.007200
0.680800 0.457600 0.011200
0.768000 0.457600 0.011200
0.260800 0.458400 0.012800
0.489600 0.458400 0.010400
0.691200 0.458400 0.011200
0.709600 0.458400 0.011200
0.750400 0.458400 0.011200
0.788000 0.458400 0.013600
0.845600 0.458400 0.016800
0.226400 0.459200 0.008800
0.442400 0.459200 0.011200
0.460000 0.459200 0.011200
0.476000 0.459200 0.011200
0.528000 0.459200 0.011200
0.210400 0.460000 0.011200
0.243200 0.460000 0.011200
0.411200 0.460000 0.011200
0.428800 0.460000 0.011200
0.510400 0.460000 0.013600
0.730400 0.460000 0.012800
0.148800 0.460800 0.011200
0.164000 0.460800 0.008800
0.180000 0.460800 0.010400
0.194400 0.460800 0.008800
0.368800 0.460800 0.011200
0.387200 0.460800 0.013600
0.396000 0.460800 0.008800
0.281600 0.461600 0.008800
0.353600 0.461600 0.011200
0.294400 0.462400 0.012000
0.336000 0.462400 0.011200
0.870400 0.462400 0.016800
0.312800 0.463200 0.011200
