0
0
0
0
1
0
0
2
2
3
3
3
2
2
2
2
2
2
2
3
3
2
2
2
2
3
3
3
2
2
2
3
2
2
2
3
3
3
3
3
4
5
5
4
5
5
5
4
4
5
6
6
6
6
7
8
8
7
9
9
10
10
10
10
11
10
11
13
13
13
13
12
13
13
13
13
13
13
13
13
13
13
13
13
13
13
13
13
13
14
14
14
14
14
15
15
16
18
17
19
18
17
19
17
19
19
19
19
19
19
19
18
17
19
19
19
19
19
19
20
19
18
20
21
22
22
22
23
22
23
23
23
23
23
22
23
23
23
23
24
24
23
23
24
24
25
25
23
26
27
27
29
29
29
28
28
29
29
29
29
30
28
29
29
29
28
29
29
30
30
30
31
29
29
30
31
32
33
33
33
33
33
33
33
34
34
33
34
34
34
34
34
34
34
34
34
34
34
34
34
34
34
35
36
34
35
35
35
36
37
38
39
38
38
38
39
39
39
38
39
39
39
39
38
38
39
39
39
39
39
40
40
41
41
41
42
41
41
41
43
43
43
43
43
43
43
43
43
43
43
43
43
43
43
44
44
44
44
44
44
45
44
46
45
47
47
47
47
47
47
47
47
47
47
47
47
47
47
47
47
47
47
47
47
47
47
47
47
48
49
49
49
50
49
50
49
51
51
51
51
51
51
51
51
51
51
51
51
51
51
51
51
51
51
51
51
51
52
52
53
53
53
53
53
55
54
55
55
55
55
55
55
55
55
55
56
55
55
55
55
55
55
57
57
57
57
57
57
57
57
57
57
57
57
58
58
58
58
58
58
59
59
58
58
58
59
59
60
58
58
59
58
58
58
62
61
61
61
61
61
61
61
61
61
61
61
61
61
61
62
62
62
62
62
62
62
63
63
63
63