581.000000 224.000000 9.000000
592.000000 224.000000 17.000000
599.000000 224.000000 12.000000
696.000000 224.000000 15.000000
743.000000 224.000000 17.000000
768.000000 224.000000 22.000000
779.000000 224.000000 24.000000
571.000000 225.000000 17.000000
655.000000 225.000000 13.000000
671.000000 225.000000 7.000000
678.000000 225.000000 4.000000
685.000000 225.000000 11.000000
730.000000 225.000000 4.000000
737.000000 225.000000 4.000000
753.000000 225.000000 7.000000
526.000000 226.000000 11.000000
541.000000 226.000000 21.000000
639.000000 226.000000 13.000000
646.000000 226.000000 20.000000
661.000000 226.000000 14.000000
722.000000 226.000000 18.000000
486.000000 227.000000 11.000000
498.000000 227.000000 7.000000
511.000000 227.000000 10.000000
549.000000 227.000000 14.000000
632.000000 227.000000 20.000000
621.000000 228.000000 15.000000
595.000000 252.000000 15.000000
628.000000 252.000000 7.000000
701.000000 252.000000 17.000000
708.000000 252.000000 17.000000
537.000000 253.000000 17.000000
545.000000 253.000000 15.000000
588.000000 253.000000 15.000000
615.000000 253.000000 10.000000
638.000000 253.000000 7.000000
679.000000 253.000000 10.000000
692.000000 253.000000 7.000000
720.000000 253.000000 16.000000
649.000000 254.000000 18.000000
655.000000 254.000000 13.000000
728.000000 254.000000 17.000000
566.000000 255.000000 12.000000
726.000000 286.000000 25.000000
777.000000 288.000000 26.000000
717.000000 290.000000 25.000000
758.000000 290.000000 17.000000
745.000000 291.000000 24.000000
514.000000 292.000000 23.000000
547.000000 292.000000 14.000000
527.000000 293.000000 11.000000
566.000000 293.000000 28.000000
671.000000 294.000000 13.000000
729.000000 294.000000 25.000000
736.000000 294.000000 32.000000
678.000000 296.000000 15.000000
688.000000 296.000000 7.000000
697.000000 296.000000 14.000000
455.000000 297.000000 17.000000
447.000000 298.000000 12.000000
462.000000 298.000000 4.000000
475.000000 298.000000 11.000000
468.000000 299.000000 4.000000
701.000000 324.000000 12.000000
651.000000 325.000000 11.000000
568.000000 326.000000 14.000000
586.000000 326.000000 17.000000
609.000000 326.000000 17.000000
671.000000 326.000000 11.000000
686.000000 326.000000 11.000000
715.000000 326.000000 21.000000
597.000000 327.000000 21.000000
626.000000 328.000000 23.000000
635.000000 328.000000 21.000000
502.000000 332.000000 14.000000
447.000000 333.000000 11.000000
462.000000 333.000000 11.000000
483.000000 333.000000 14.000000
493.000000 333.000000 7.000000
503.000000 365.000000 18.000000
448.000000 367.000000 14.000000
458.000000 367.000000 7.000000
467.000000 367.000000 7.000000
480.000000 368.000000 8.000000
492.000000 368.000000 9.000000
792.000000 377.000000 11.000000
733.000000 378.000000 10.000000
719.000000 379.000000 11.000000
804.000000 379.000000 18.000000
775.000000 380.000000 13.000000
751.000000 383.000000 13.000000
728.000000 396.000000 14.000000
791.000000 396.000000 8.000000
781.000000 397.000000 11.000000
669.000000 399.000000 16.000000
680.000000 399.000000 20.000000
693.000000 400.000000 10.000000
704.000000 400.000000 14.000000
450.000000 402.000000 14.000000
460.000000 402.000000 4.000000
469.000000 402.000000 13.000000
513.000000 432.000000 20.000000
525.000000 432.000000 24.000000
543.000000 432.000000 15.000000
553.000000 432.000000 7.000000
562.000000 432.000000 7.000000
570.000000 432.000000 17.000000
592.000000 432.000000 20.000000
677.000000 433.000000 22.000000
448.000000 434.000000 14.000000
469.000000 434.000000 14.000000
581.000000 434.000000 7.000000
669.000000 434.000000 11.000000
692.000000 434.000000 21.000000
703.000000 434.000000 16.000000
711.000000 434.000000 13.000000
725.000000 434.000000 11.000000
458.000000 436.000000 4.000000
