0.819200 0.040800 0.030400
0.831200 0.040800 0.027200
0.255200 0.042400 0.011200
0.220000 0.043200 0.016800
0.239200 0.043200 0.011200
0.272000 0.043200 0.024800
0.175200 0.044000 0.029600
0.196000 0.044800 0.012800
0.227200 0.079200 0.016800
0.269600 0.080000 0.013600
0.292000 0.080000 0.013600
0.248800 0.080800 0.013600
0.311200 0.080800 0.013600
0.590400 0.082400 0.011200
0.139200 0.083200 0.022400
0.154400 0.083200 0.008800
0.168000 0.083200 0.022400
0.549600 0.083200 0.011200
0.575200 0.083200 0.008800
0.609600 0.083200 0.012800
0.629600 0.083200 0.013600
0.665600 0.083200 0.013600
0.188800 0.084000 0.013600
0.205600 0.084000 0.011200
0.564800 0.084000 0.022400
0.648800 0.084000 0.013600
0.533600 0.084800 0.022400
0.520800 0.085600 0.008800
0.508000 0.086400 0.019200
0.749600 0.128800 0.012800
0.729600 0.129600 0.014400
0.768000 0.129600 0.011200
0.787200 0.129600 0.011200
0.798400 0.129600 0.008000
0.595200 0.130400 0.016800
0.710400 0.130400 0.011200
0.193600 0.131200 0.013600
0.612800 0.131200 0.010400
0.633600 0.131200 0.013600
0.696000 0.131200 0.013600
0.173600 0.132000 0.016800
0.566400 0.132000 0.015200
0.674400 0.132000 0.011200
0.540800 0.132800 0.016800
0.653600 0.132800 0.012800
0.215200 0.135200 0.014400
0.236800 0.135200 0.012800
0.258400 0.135200 0.012800
0.352800 0.135200 0.013600
0.375200 0.135200 0.013600
0.334400 0.136000 0.019200
0.416800 0.136000 0.016800
0.278400 0.136800 0.011200
0.296000 0.136800 0.011200
0.308000 0.136800 0.011200
0.394400 0.136800 0.014400
0.802400 0.148800 0.011200
0.789600 0.149600 0.008800
0.821600 0.149600 0.012800
0.859200 0.150400 0.012800
0.878400 0.150400 0.016800
0.776800 0.151200 0.011200
0.840000 0.151200 0.011200
0.626400 0.152000 0.013600
0.888800 0.152000 0.020000
0.653600 0.152800 0.012800
0.676800 0.152800 0.011200
0.696800 0.152800 0.011200
0.714400 0.152800 0.011200
0.759200 0.152800 0.011200
0.587200 0.153600 0.008800
0.603200 0.153600 0.012800
0.747200 0.153600 0.011200
0.564800 0.154400 0.013600
0.727200 0.154400 0.008000
0.541600 0.156000 0.012800
0.510400 0.158400 0.013600
0.195200 0.166400 0.013600
0.139200 0.168800 0.018400
0.172800 0.168800 0.013600
0.244800 0.168800 0.013600
0.216800 0.169600 0.016800
0.379200 0.169600 0.016800
0.265600 0.170400 0.012800
0.356800 0.170400 0.015200
0.284000 0.171200 0.019200
0.411200 0.171200 0.019200
0.295200 0.172000 0.020800
0.336000 0.172000 0.019200
0.757600 0.173600 0.008800
0.774400 0.175200 0.011200
0.791200 0.176000 0.011200
0.863200 0.176000 0.011200
0.598400 0.176800 0.012800
0.643200 0.176800 0.011200
0.747200 0.176800 0.015200
0.808800 0.176800 0.011200
0.850400 0.176800 0.013600
0.620000 0.177600 0.013600
0.676800 0.177600 0.011200
0.729600 0.177600 0.016800
0.544800 0.178400 0.013600
0.565600 0.178400 0.015200
0.660000 0.178400 0.010400
0.691200 0.178400 0.008800
0.827200 0.178400 0.013600
0.716000 0.179200 0.009600
0.512000 0.183200 0.013600
0.760000 0.197600 0.013600
0.782400 0.198400 0.011200
0.580000 0.199200 0.008800
0.739200 0.199200 0.012000
0.802400 0.199200 0.010400
0.874400 0.199200 0.015200
0.595200 0.200000 0.011200
0.680000 0.200000 0.011200
0.856000 0.200000 0.011200
0.172800 0.200800 0.019200
0.191200 0.200800 0.011200
0.204800 0.200800 0.019200
0.228000 0.200800 0.016800
0.612000 0.200800 0.011200
0.640000 0.200800 0.013600
0.661600 0.200800 0.011200
0.698400 0.200800 0.012000
0.838400 0.200800 0.011200
0.255200 0.201600 0.016000
0.280800 0.201600 0.012800
0.450400 0.201600 0.022400
0.630400 0.201600 0.011200
0.714400 0.201600 0.012800
0.721600 0.201600 0.012800
0.819200 0.201600 0.011200
0.884800 0.201600 0.016800
0.301600 0.202400 0.012000
0.320000 0.202400 0.011200
0.368800 0.202400 0.016800
0.543200 0.202400 0.013600
0.332800 0.203200 0.011200
0.400000 0.203200 0.019200
0.424800 0.204000 0.016800
0.568000 0.204000 0.016000
0.141600 0.206400 0.016800
0.512000 0.207200 0.012800
0.170400 0.222400 0.011200
0.672000 0.222400 0.011200
0.650400 0.223200 0.012000
0.689600 0.223200 0.011200
0.736000 0.223200 0.013600
0.786400 0.223200 0.013600
0.544800 0.224000 0.013600
0.629600 0.224000 0.011200
0.756800 0.224000 0.016800
0.810400 0.224000 0.013600
0.829600 0.224000 0.011200
0.868800 0.224000 0.011200
0.888000 0.224000 0.011200
0.617600 0.224800 0.008800
0.704000 0.224800 0.008800
0.721600 0.224800 0.011200
0.848800 0.224800 0.011200
0.566400 0.225600 0.013600
0.597600 0.225600 0.014400
0.900800 0.225600 0.008800
0.511200 0.227200 0.013600
0.172800 0.236000 0.016800
0.192800 0.236800 0.013600
0.140800 0.239200 0.016800
0.219200 0.239200 0.014400
0.246400 0.239200 0.014400
0.268000 0.239200 0.012800
0.288000 0.239200 0.016800
0.344800 0.241600 0.013600
0.449600 0.241600 0.019200
0.422400 0.242400 0.016000
0.365600 0.243200 0.019200
0.396800 0.243200 0.013600
0.844800 0.244000 0.012800
0.824800 0.244800 0.013600
0.866400 0.244800 0.011200
0.667200 0.246400 0.013600
0.692000 0.246400 0.016000
0.814400 0.246400 0.008800
0.719200 0.247200 0.012000
0.736800 0.247200 0.011200
0.924000 0.247200 0.011200
0.885600 0.248000 0.012800
0.905600 0.248000 0.011200
0.569600 0.248800 0.016000
0.645600 0.248800 0.013600
0.936800 0.248800 0.008800
0.780000 0.249600 0.011200
0.796800 0.249600 0.013600
0.603200 0.251200 0.012800
0.755200 0.251200 0.010400
0.764800 0.251200 0.008800
0.545600 0.252000 0.016800
0.623200 0.252000 0.012800
0.512000 0.255200 0.013600
0.168000 0.258400 0.008800
0.194400 0.268000 0.012800
0.214400 0.268000 0.013600
0.233600 0.268000 0.013600
0.329600 0.268000 0.016800
0.252000 0.268800 0.011200
0.426400 0.268800 0.015200
0.173600 0.269600 0.013600
0.670400 0.269600 0.011200
0.270400 0.270400 0.016800
0.376000 0.270400 0.013600
0.655200 0.270400 0.008800
0.689600 0.270400 0.011200
0.707200 0.270400 0.011200
0.281600 0.271200 0.008800
0.351200 0.271200 0.013600
0.720000 0.271200 0.007200
0.859200 0.271200 0.014400
0.140000 0.272000 0.016800
0.636800 0.272000 0.012800
0.780000 0.272000 0.008000
0.835200 0.272000 0.014400
0.876000 0.272000 0.009600
0.916000 0.272000 0.012800
0.400800 0.272800 0.015200
0.735200 0.272800 0.010400
0.749600 0.272800 0.011200
0.793600 0.272800 0.011200
0.811200 0.272800 0.012000
0.893600 0.272800 0.011200
0.929600 0.272800 0.008800
0.548000 0.273600 0.013600
0.608800 0.273600 0.014400
0.767200 0.273600 0.013600
0.574400 0.275200 0.015200
0.515200 0.278400 0.016800
0.170400 0.284800 0.008800
0.442400 0.293600 0.013600
0.466400 0.293600 0.019200
0.198400 0.294400 0.016800
0.228000 0.294400 0.012800
0.633600 0.294400 0.013600
0.960000 0.294400 0.016800
0.969600 0.294400 0.019200
0.204000 0.295200 0.016800
0.249600 0.295200 0.013600
0.274400 0.295200 0.013600
0.299200 0.295200 0.012000
0.383200 0.295200 0.011200
0.279200 0.296000 0.013600
0.367200 0.296000 0.011200
0.663200 0.296000 0.015200
0.688000 0.296000 0.012800
0.708800 0.296000 0.011200
0.728000 0.296000 0.011200
0.825600 0.296000 0.011200
0.844800 0.296000 0.011200
0.860000 0.296000 0.013600
0.907200 0.296000 0.016800
0.943200 0.296000 0.011200
0.318400 0.296800 0.011200
0.747200 0.296800 0.010400
0.811200 0.296800 0.008800
0.915200 0.296800 0.016800
0.928000 0.296800 0.008800
0.336000 0.297600 0.013600
0.400800 0.297600 0.012000
0.421600 0.297600 0.011200
0.548800 0.297600 0.013600
0.572800 0.297600 0.015200
0.607200 0.297600 0.012800
0.760800 0.297600 0.008800
0.893600 0.297600 0.008800
0.169600 0.298400 0.018400
0.768800 0.298400 0.005600
0.798400 0.298400 0.011200
0.880800 0.298400 0.008800
0.345600 0.299200 0.008000
0.780000 0.299200 0.013600
0.140800 0.301600 0.016000
0.512000 0.306400 0.019200
0.252800 0.316000 0.011200
0.173600 0.316800 0.016800
0.211200 0.316800 0.013600
0.751200 0.316800 0.008800
0.233600 0.317600 0.011200
0.272000 0.317600 0.011200
0.292000 0.317600 0.011200
0.304800 0.317600 0.008800
0.337600 0.317600 0.013600
0.644800 0.317600 0.011200
0.360800 0.318400 0.011200
0.741600 0.318400 0.013600
0.766400 0.318400 0.011200
0.798400 0.318400 0.008800
0.379200 0.319200 0.011200
0.425600 0.319200 0.015200
0.606400 0.319200 0.011200
0.663200 0.319200 0.010400
0.680000 0.319200 0.011200
0.710400 0.319200 0.011200
0.724000 0.319200 0.011200
0.860000 0.319200 0.012800
0.400800 0.320000 0.014400
0.784000 0.320000 0.009600
0.824000 0.320000 0.008800
0.840800 0.320000 0.010400
0.869600 0.320000 0.008800
0.138400 0.320800 0.012800
0.625600 0.320800 0.011200
0.694400 0.320800 0.008000
0.809600 0.320800 0.009600
0.516000 0.321600 0.012800
0.548800 0.322400 0.013600
0.575200 0.324000 0.016800
0.888000 0.336800 0.017600
0.899200 0.337600 0.026400
0.864800 0.338400 0.011200
0.828000 0.339200 0.011200
0.845600 0.339200 0.011200
0.779200 0.340000 0.011200
0.516800 0.340800 0.015200
0.601600 0.340800 0.014400
0.644800 0.340800 0.012800
0.752000 0.340800 0.016000
0.799200 0.340800 0.012800
0.816000 0.340800 0.011200
0.624800 0.341600 0.011200
0.716800 0.341600 0.013600
0.668800 0.342400 0.012800
0.687200 0.342400 0.011200
0.698400 0.343200 0.008800
0.728800 0.343200 0.016800
0.568000 0.344000 0.016800
0.546400 0.344800 0.013600
0.174400 0.353600 0.018400
0.260000 0.353600 0.013600
0.199200 0.354400 0.020800
0.280000 0.354400 0.012800
0.234400 0.355200 0.016800
0.301600 0.355200 0.012800
0.432800 0.356000 0.016800
0.460800 0.356000 0.019200
0.141600 0.356800 0.016800
0.321600 0.356800 0.011200
0.340000 0.357600 0.011200
0.369600 0.357600 0.012800
0.389600 0.357600 0.012800
0.408800 0.357600 0.012800
0.352000 0.358400 0.008000
0.172000 0.376000 0.009600
0.607200 0.376800 0.019200
0.730400 0.376800 0.011200
0.628000 0.377600 0.016800
0.647200 0.377600 0.012800
0.668000 0.378400 0.013600
0.710400 0.378400 0.016800
0.689600 0.379200 0.013600
0.360800 0.387200 0.015200
0.408800 0.387200 0.016800
0.384000 0.388000 0.016800
0.262400 0.388800 0.016000
0.284800 0.388800 0.012800
0.303200 0.388800 0.011200
0.215200 0.389600 0.016800
0.340000 0.389600 0.016800
0.176800 0.390400 0.021600
0.316800 0.390400 0.008800
0.238400 0.392000 0.015200
0.142400 0.393600 0.019200
0.170400 0.410400 0.008800
0.215200 0.419200 0.013600
0.235200 0.421600 0.013600
0.197600 0.422400 0.024800
0.173600 0.423200 0.019200
0.260800 0.423200 0.013600
0.136800 0.424000 0.018400
0.146400 0.424000 0.016800
0.283200 0.424000 0.013600
0.304800 0.424000 0.012800
0.322400 0.424000 0.011200
0.422400 0.424000 0.016800
0.448000 0.424000 0.019200
0.336000 0.424800 0.008800
0.374400 0.426400 0.013600
0.389600 0.426400 0.011200
0.403200 0.426400 0.008800
0.238400 0.450400 0.014400
0.301600 0.451200 0.016800
0.217600 0.452000 0.015200
0.275200 0.452000 0.011200
0.320800 0.452000 0.019200
0.264800 0.453600 0.016800
0.330400 0.453600 0.016800
0.356000 0.453600 0.013600
0.372800 0.454400 0.011200
