0.232000 0.040800 0.026400
0.266400 0.040800 0.011200
0.283200 0.040800 0.025600
0.250400 0.041600 0.011200
0.839200 0.041600 0.037600
0.176800 0.042400 0.022400
0.201600 0.043200 0.013600
0.770400 0.081600 0.013600
0.789600 0.082400 0.013600
0.348800 0.083200 0.011200
0.330400 0.084000 0.011200
0.364000 0.084000 0.013600
0.501600 0.084000 0.016800
0.539200 0.084000 0.011200
0.556800 0.084000 0.011200
0.569600 0.084000 0.005600
0.612800 0.084000 0.011200
0.629600 0.084000 0.012800
0.751200 0.084000 0.011200
0.289600 0.084800 0.013600
0.309600 0.084800 0.013600
0.484000 0.084800 0.011200
0.524800 0.084800 0.010400
0.581600 0.084800 0.011200
0.729600 0.084800 0.016800
0.144000 0.085600 0.038400
0.241600 0.085600 0.013600
0.266400 0.085600 0.016800
0.465600 0.085600 0.016800
0.599200 0.085600 0.011200
0.656000 0.085600 0.016800
0.221600 0.086400 0.011200
0.439200 0.086400 0.019200
0.678400 0.086400 0.013600
0.702400 0.086400 0.016800
0.174400 0.087200 0.013600
0.192000 0.087200 0.008800
0.125600 0.088000 0.024800
0.155200 0.088800 0.030400
0.204800 0.088800 0.011200
0.357600 0.124000 0.013600
0.194400 0.125600 0.011200
0.231200 0.125600 0.012000
0.374400 0.125600 0.011200
0.160000 0.126400 0.012800
0.177600 0.126400 0.011200
0.212000 0.126400 0.010400
0.390400 0.126400 0.009600
0.404800 0.126400 0.011200
0.250400 0.127200 0.013600
0.271200 0.127200 0.008000
0.288800 0.127200 0.011200
0.323200 0.127200 0.013600
0.306400 0.128000 0.011200
0.279200 0.139200 0.008800
0.221600 0.140000 0.008800
0.233600 0.140000 0.005600
0.292000 0.140800 0.008000
0.358400 0.144800 0.012800
0.378400 0.144800 0.010400
0.161600 0.158400 0.013600
0.183200 0.158400 0.011200
0.208800 0.159200 0.015200
0.230400 0.160000 0.013600
0.303200 0.160800 0.011200
0.125600 0.161600 0.013600
0.288000 0.161600 0.012800
0.442400 0.165600 0.012800
0.450400 0.166400 0.005600
0.460800 0.167200 0.008800
0.531200 0.167200 0.013600
0.372800 0.168000 0.013600
0.552000 0.168000 0.016800
0.796800 0.168000 0.013600
0.477600 0.168800 0.011200
0.573600 0.168800 0.008800
0.588800 0.168800 0.011200
0.739200 0.168800 0.025600
0.775200 0.168800 0.016800
0.494400 0.169600 0.011200
0.510400 0.169600 0.013600
0.629600 0.169600 0.013600
0.647200 0.169600 0.012800
0.666400 0.169600 0.011200
0.702400 0.169600 0.015200
0.723200 0.169600 0.013600
0.811200 0.169600 0.024000
0.680000 0.170400 0.022400
0.608000 0.172000 0.013600
0.192000 0.180000 0.013600
0.152800 0.182400 0.011200
0.166400 0.182400 0.012800
0.218400 0.183200 0.013600
0.125600 0.184000 0.013600
0.300000 0.185600 0.013600
0.286400 0.186400 0.011200
0.372000 0.186400 0.013600
0.200800 0.203200 0.012800
0.476800 0.203200 0.019200
0.640000 0.204000 0.016800
0.157600 0.204800 0.015200
0.524800 0.204800 0.013600
0.836000 0.204800 0.012800
0.487200 0.205600 0.016800
0.612000 0.205600 0.013600
0.622400 0.205600 0.005600
0.660000 0.205600 0.011200
0.809600 0.205600 0.016800
0.820000 0.205600 0.019200
0.856000 0.206400 0.011200
0.873600 0.206400 0.013600
0.183200 0.207200 0.016800
0.505600 0.207200 0.011200
0.675200 0.207200 0.011200
0.700800 0.207200 0.015200
0.722400 0.207200 0.011200
0.756800 0.207200 0.011200
0.741600 0.208000 0.010400
0.792000 0.208000 0.011200
0.302400 0.208800 0.016800
0.776000 0.208800 0.011200
0.123200 0.209600 0.013600
0.289600 0.210400 0.013600
0.373600 0.212800 0.015200
0.481600 0.227200 0.013600
0.446400 0.228000 0.013600
0.522400 0.228000 0.013600
0.869600 0.228000 0.013600
0.541600 0.228800 0.016000
0.853600 0.228800 0.010400
0.714400 0.229600 0.014400
0.740800 0.229600 0.011200
0.787200 0.229600 0.013600
0.832000 0.229600 0.012800
0.500800 0.230400 0.011200
0.619200 0.230400 0.016800
0.674400 0.230400 0.011200
0.760000 0.230400 0.013600
0.811200 0.230400 0.011200
0.200800 0.231200 0.015200
0.178400 0.232000 0.013600
0.661600 0.232000 0.008800
0.693600 0.232000 0.013600
0.123200 0.232800 0.015200
0.156000 0.232800 0.013600
0.290400 0.233600 0.013600
0.306400 0.233600 0.013600
0.640800 0.236800 0.014400
0.376000 0.238400 0.016000
0.583200 0.238400 0.020800
0.572800 0.239200 0.019200
0.806400 0.251200 0.009600
0.822400 0.251200 0.010400
0.838400 0.252000 0.010400
0.480000 0.252800 0.012800
0.500800 0.252800 0.012000
0.745600 0.252800 0.011200
0.789600 0.252800 0.009600
0.766400 0.253600 0.013600
0.777600 0.253600 0.005600
0.220800 0.254400 0.016000
0.520000 0.254400 0.011200
0.679200 0.254400 0.012800
0.724000 0.254400 0.012800
0.857600 0.254400 0.014400
0.444800 0.255200 0.013600
0.613600 0.255200 0.013600
0.705600 0.255200 0.011200
0.196800 0.256000 0.013600
0.176000 0.256800 0.012000
0.153600 0.257600 0.012800
0.302400 0.257600 0.016800
0.632000 0.257600 0.011200
0.655200 0.257600 0.015200
0.124800 0.259200 0.013600
0.288800 0.259200 0.016000
0.373600 0.261600 0.013600
0.545600 0.271200 0.008800
0.528800 0.272800 0.012000
0.559200 0.272800 0.011200
0.577600 0.272800 0.012800
0.442400 0.274400 0.019200
0.509600 0.274400 0.011200
0.488800 0.275200 0.012800
0.797600 0.275200 0.008800
0.845600 0.276000 0.007200
0.473600 0.276800 0.011200
0.718400 0.276800 0.008800
0.744000 0.276800 0.007200
0.752800 0.276800 0.011200
0.832800 0.276800 0.009600
0.866400 0.276800 0.015200
0.704800 0.277600 0.008800
0.732000 0.277600 0.008800
0.816800 0.277600 0.011200
0.856000 0.277600 0.007200
0.625600 0.278400 0.011200
0.691200 0.278400 0.011200
0.770400 0.278400 0.011200
0.786400 0.278400 0.008800
0.611200 0.279200 0.008800
0.665600 0.279200 0.011200
0.208800 0.280800 0.013600
0.295200 0.280800 0.016800
0.645600 0.280800 0.011200
0.127200 0.281600 0.016800
0.188000 0.282400 0.014400
0.159200 0.283200 0.016800
0.288000 0.284800 0.016800
0.372800 0.286400 0.016800
0.544000 0.297600 0.011200
0.776000 0.297600 0.010400
0.499200 0.298400 0.013600
0.524000 0.298400 0.015200
0.559200 0.298400 0.012800
0.685600 0.298400 0.012800
0.718400 0.298400 0.011200
0.756000 0.298400 0.012800
0.478400 0.299200 0.013600
0.612000 0.299200 0.013600
0.637600 0.299200 0.011200
0.798400 0.299200 0.013600
0.864000 0.299200 0.013600
0.444800 0.300000 0.015200
0.579200 0.300000 0.016800
0.661600 0.300000 0.012800
0.704800 0.300000 0.011200
0.820000 0.300000 0.013600
0.842400 0.300000 0.012000
0.736800 0.300800 0.011200
0.283200 0.307200 0.016800
0.299200 0.307200 0.016800
0.216000 0.308800 0.013600
0.190400 0.309600 0.015200
0.238400 0.309600 0.013600
0.371200 0.312000 0.016800
0.163200 0.312800 0.013600
0.150400 0.313600 0.013600
0.123200 0.317600 0.015200
0.612800 0.320000 0.012000
0.634400 0.320000 0.012800
0.770400 0.320800 0.012800
0.655200 0.321600 0.010400
0.672000 0.321600 0.011200
0.724800 0.322400 0.012800
0.788000 0.322400 0.011200
0.689600 0.323200 0.012800
0.708000 0.323200 0.008800
0.749600 0.324000 0.013600
0.804000 0.324000 0.011200
0.852800 0.324000 0.013600
0.833600 0.324800 0.012800
0.816800 0.325600 0.008800
0.869600 0.325600 0.011200
0.161600 0.333600 0.011200
0.232800 0.333600 0.014400
0.174400 0.334400 0.013600
0.147200 0.335200 0.008800
0.188800 0.335200 0.011200
0.207200 0.335200 0.015200
0.296000 0.336000 0.019200
0.125600 0.337600 0.015200
0.370400 0.338400 0.016800
0.280800 0.339200 0.016800
0.443200 0.341600 0.013600
0.465600 0.343200 0.013600
0.564000 0.343200 0.016800
0.488000 0.344000 0.013600
0.513600 0.344000 0.013600
0.628000 0.344800 0.012800
0.583200 0.345600 0.013600
0.607200 0.345600 0.013600
0.654400 0.345600 0.013600
0.535200 0.346400 0.015200
0.676800 0.347200 0.012800
0.696000 0.348000 0.012800
0.845600 0.348800 0.011200
0.860000 0.348800 0.013600
0.869600 0.348800 0.015200
0.712800 0.349600 0.011200
0.814400 0.349600 0.009600
0.827200 0.349600 0.010400
0.790400 0.350400 0.013600
0.797600 0.350400 0.013600
0.774400 0.351200 0.011200
0.731200 0.352000 0.013600
0.742400 0.352000 0.008800
0.758400 0.352800 0.012800
0.372000 0.358400 0.011200
0.189600 0.359200 0.014400
0.215200 0.360000 0.016800
0.167200 0.360800 0.013600
0.294400 0.360800 0.036800
0.124000 0.361600 0.016000
0.280800 0.361600 0.013600
0.153600 0.362400 0.019200
0.450400 0.367200 0.016000
0.475200 0.367200 0.011200
0.491200 0.368000 0.011200
0.514400 0.368000 0.012800
0.534400 0.369600 0.012800
0.554400 0.370400 0.011200
0.568000 0.370400 0.011200
0.625600 0.370400 0.011200
0.869600 0.370400 0.013600
0.587200 0.371200 0.012800
0.647200 0.371200 0.013600
0.608800 0.372000 0.011200
0.827200 0.372000 0.016800
0.788800 0.372800 0.016000
0.849600 0.372800 0.012800
0.664800 0.373600 0.011200
0.683200 0.374400 0.016800
0.717600 0.374400 0.013600
0.693600 0.375200 0.019200
0.740000 0.375200 0.013600
0.763200 0.375200 0.013600
0.587200 0.388000 0.005600
0.580000 0.390400 0.010400
0.447200 0.391200 0.013600
0.468000 0.392000 0.012800
0.490400 0.392800 0.013600
0.508800 0.392800 0.011200
0.524800 0.395200 0.008800
0.171200 0.398400 0.013600
0.605600 0.398400 0.010400
0.128800 0.399200 0.013600
0.152800 0.400000 0.016000
0.224000 0.400800 0.019200
0.189600 0.401600 0.011200
0.209600 0.402400 0.011200
0.233600 0.403200 0.016800
0.258400 0.403200 0.013600
0.244800 0.404800 0.007200
0.321600 0.404800 0.011200
0.804000 0.404800 0.016800
0.302400 0.405600 0.012800
0.394400 0.405600 0.016800
0.283200 0.406400 0.013600
0.341600 0.406400 0.011200
0.357600 0.406400 0.011200
0.376800 0.407200 0.012800
0.694400 0.411200 0.014400
0.676800 0.412000 0.013600
0.684800 0.412000 0.005600
0.671200 0.412800 0.009600
0.614400 0.413600 0.007200
0.629600 0.413600 0.008800
0.652800 0.413600 0.016800
0.658400 0.413600 0.011200
0.597600 0.414400 0.005600
0.604000 0.414400 0.005600
0.590400 0.415200 0.009600
0.644000 0.415200 0.011200
0.130400 0.420800 0.012800
0.148800 0.421600 0.012800
0.168800 0.422400 0.011200
0.193600 0.424800 0.013600
0.212800 0.424800 0.013600
0.221600 0.424800 0.013600
0.480800 0.425600 0.013600
0.499200 0.426400 0.008800
0.240800 0.427200 0.011200
0.257600 0.427200 0.010400
0.324000 0.428000 0.011200
0.533600 0.428000 0.016800
0.540000 0.428000 0.016800
0.922400 0.428000 0.027200
0.303200 0.428800 0.012800
0.344000 0.428800 0.011200
0.512000 0.428800 0.016800
0.278400 0.429600 0.012800
0.364000 0.429600 0.012000
0.383200 0.431200 0.011200
0.572000 0.435200 0.011200
0.136000 0.445600 0.016000
0.157600 0.447200 0.011200
0.173600 0.448000 0.009600
0.247200 0.448000 0.013600
0.198400 0.448800 0.016000
0.221600 0.448800 0.012800
0.268000 0.448800 0.012000
0.343200 0.448800 0.013600
0.187200 0.449600 0.008800
0.296800 0.450400 0.013600
0.320000 0.450400 0.011200
0.365600 0.450400 0.011200
0.380800 0.450400 0.008800
0.396800 0.450400 0.012800
0.589600 0.452800 0.012800
0.673600 0.455200 0.008800
0.616800 0.459200 0.016000
0.662400 0.459200 0.008000
0.651200 0.460000 0.008800
0.627200 0.460800 0.007200
0.639200 0.460800 0.008800
0.211200 0.485600 0.025600
0.228800 0.487200 0.011200
0.243200 0.487200 0.011200
0.260800 0.487200 0.013600
