0
0
0
0
0
1
2
3
5
5
5
4
5
5
5
5
5
5
5
5
5
5
5
5
5
5
5
5
5
5
5
5
5
5
5
5
5
5
5
5
5
5
5
5
5
5
5
5
5
5
5
5
5
5
5
5
6
7
7
7
7
7
7
7
7
7
7
7
7
7
7
7
7
7
7
7
7
7
7
7
7
7
7
7
7
7
7
7
7
7
7
7
7
7
7
7
7
7
7
7
7
7
7
7
7
8
9
9
9
9
9
9
9
9
9
9
9
9
9
9
9
9
9
9
9
9
9
9
9
9
9
9
9
9
9
9
9
9
9
9
9
9
9
9
9
9
9
9
9
9
9
9
9
9
9
10
10
10
10
10
10
11
11
11
11
11
11
11
11
11
11
11
11
11
11
11
11
11
11
11
11
11
11
11
11
11
11
11
11
11
11
11
11
11
11
11
11
11
12
12
11
11
11
12
11
12
11
11
11
11
11
11
11
11
13
13
13
13
13
13
13
13
13
13
13
13
13
13
13
13
13
13
13
13
13
13
13
13
13
13
13
13
13
13
13
13
13
13
13
13
13
13
14
13
14
14
13
14
13
14
13
13
13
13
13
13
13
13
15
15
15
15
15
15
15
15
15
15
15
15
15
15
15
15
15
15
15
15
15
15
15
15
15
15
15
15
15
15
15
15
15
15
15
15
15
16
15
15
15
15
15
15
17
17
17
17
17
17
17
17
17
17
17
15
17
17
17
17
17
17
17
17
17
17
17
17
17
17
18
18
18
18
18
18
17
18
17
18
18
17
17
18
18
17
17
17
17
17
17
19
17
17
17
20
17
20
17
20
20
20
20
17
17
20
17
20
20
20
20
20
20
20
20
20
20
20
20
20
20
20
20
20
20
20
20
20
20
20
20
20
20
20
20
20
20
20
20
21
21
21
21
21
21
21
21
21
20
20
22
20
20
20
21
22
23
23
20
20
22
22
22
22
23
23
22
22
22
22
22
23
23
23
23
23
23
23
23
23
23
23
23
23
23
23
23
23
23
23
23
23
23
23
23
23
23
23
23
23
23
23
23
23
23
23
23
23
23
23
24
23
24
24
24
24
24
24
24
24
24
24
24
24
24
24
24
24
24
24
24
24
24
24
24
24
24
24
24
24
24
24
24
24
24
24
24
24
24
24
24
24
24
24
25
25
25
24
25
25
25
25
25
25
25
25
25
25
25
25
25
25
25
25
25
25
25
25
25
25
25
25
25
25
25
25
25
25
25
25
25
25
27
25
25
25
25
25
27
26
25
25
27
28
25
25
27
25
28
27
27
28
27
27
27
28
28
27
27
28
28
28
28
28
28
28
28
28
28
28
28
28
28
28
28
28
28
28
28
28
28
28
28
29
28
28
29
28
28
28
28
29
28
28
28
28
28
29
29
28
29
28
28
28
28
28
28
29
29
28
28
28
28
29
30
29
33
33
33
31
33
33
33
33
33
33
33
33
33
33
33
33
33
33
34
32
33
33
33
33
33
33
33
33
34
33
33
33
33
33
34
34
33
34
33
33
33
33
33
33
33
33
33
33
33
33
33
33
33
33
35
35
35
35