0.833600 0.061600 0.022400
0.845600 0.062400 0.020800
0.070400 0.064000 0.024800
0.200000 0.066400 0.008800
0.213600 0.066400 0.008800
0.228000 0.066400 0.020800
0.170400 0.067200 0.016800
0.188000 0.067200 0.008800
0.806400 0.091200 0.011200
0.596000 0.092000 0.011200
0.752000 0.092000 0.012800
0.769600 0.092000 0.016800
0.791200 0.092000 0.008800
0.822400 0.092000 0.008800
0.836000 0.092000 0.010400
0.852800 0.092000 0.013600
0.498400 0.092800 0.019200
0.611200 0.092800 0.008800
0.648800 0.092800 0.020800
0.695200 0.092800 0.019200
0.720000 0.092800 0.011200
0.734400 0.092800 0.011200
0.778400 0.092800 0.018400
0.582400 0.093600 0.008800
0.624000 0.093600 0.008000
0.486400 0.094400 0.008800
0.548800 0.094400 0.013600
0.635200 0.094400 0.011200
0.704000 0.094400 0.016800
0.087200 0.095200 0.014400
0.204800 0.095200 0.011200
0.263200 0.095200 0.005600
0.273600 0.095200 0.008800
0.516800 0.095200 0.011200
0.553600 0.095200 0.013600
0.656000 0.095200 0.005600
0.665600 0.095200 0.013600
0.148000 0.096000 0.019200
0.186400 0.096000 0.010400
0.219200 0.096000 0.012800
0.236800 0.096000 0.011200
0.252800 0.096000 0.008800
0.286400 0.096000 0.019200
0.308000 0.096000 0.010400
0.422400 0.096000 0.016800
0.439200 0.096000 0.011200
0.468000 0.096000 0.013600
0.504800 0.096000 0.013600
0.532000 0.096000 0.011200
0.568800 0.096000 0.011200
0.680800 0.096000 0.010400
0.160800 0.096800 0.008000
0.173600 0.096800 0.008800
0.453600 0.096800 0.011200
0.064800 0.097600 0.013600
0.356800 0.097600 0.011200
0.374400 0.097600 0.011200
0.388000 0.097600 0.008800
0.413600 0.097600 0.016800
0.324800 0.098400 0.011200
0.342400 0.098400 0.011200
0.398400 0.098400 0.019200
0.805600 0.118400 0.005600
0.694400 0.119200 0.009600
0.737600 0.119200 0.011200
0.816000 0.119200 0.008800
0.840000 0.119200 0.008800
0.854400 0.119200 0.013600
0.540000 0.120000 0.012800
0.637600 0.120000 0.008800
0.679200 0.120000 0.008800
0.708000 0.120000 0.008800
0.753600 0.120000 0.011200
0.826400 0.120000 0.008800
0.720000 0.120800 0.008800
0.774400 0.120800 0.012000
0.792800 0.120800 0.011200
0.285600 0.121600 0.007200
0.624000 0.121600 0.008800
0.648800 0.121600 0.013600
0.667200 0.121600 0.008800
0.295200 0.122400 0.016800
0.469600 0.122400 0.011200
0.484000 0.122400 0.009600
0.499200 0.122400 0.008800
0.510400 0.122400 0.008000
0.522400 0.122400 0.008800
0.557600 0.122400 0.012800
0.578400 0.122400 0.011200
0.611200 0.122400 0.008800
0.658400 0.122400 0.005600
0.225600 0.123200 0.011200
0.210400 0.124000 0.011200
0.252800 0.124000 0.011200
0.328000 0.124000 0.008800
0.343200 0.124000 0.010400
0.387200 0.124000 0.011200
0.404800 0.124000 0.011200
0.453600 0.124000 0.011200
0.596000 0.124000 0.011200
0.146400 0.124800 0.015200
0.194400 0.124800 0.009600
0.240000 0.124800 0.008800
0.268000 0.124800 0.011200
0.310400 0.124800 0.012800
0.360000 0.124800 0.011200
0.372000 0.124800 0.008800
0.421600 0.124800 0.011200
0.428800 0.124800 0.004800
0.438400 0.124800 0.008800
0.152000 0.126400 0.019200
0.167200 0.126400 0.008800
0.180000 0.126400 0.008800
0.630400 0.141600 0.013600
0.839200 0.141600 0.011200
0.719200 0.142400 0.013600
0.807200 0.142400 0.008800
0.820800 0.142400 0.010400
0.792000 0.143200 0.010400
0.856000 0.143200 0.012800
0.612800 0.144000 0.005600
0.647200 0.144000 0.008800
0.656000 0.144000 0.013600
0.672800 0.144000 0.011200
0.680000 0.144000 0.005600
0.688800 0.144000 0.012000
0.695200 0.144000 0.005600
0.704000 0.144000 0.008800
0.772000 0.144000 0.012800
0.603200 0.144800 0.013600
0.622400 0.144800 0.006400
0.726400 0.144800 0.011200
0.741600 0.144800 0.011200
0.753600 0.145600 0.011200
0.582400 0.146400 0.012800
0.563200 0.147200 0.011200
0.545600 0.148000 0.011200
0.284000 0.149600 0.011200
0.270400 0.150400 0.008800
0.299200 0.150400 0.008800
0.442400 0.150400 0.012800
0.497600 0.150400 0.008800
0.512800 0.150400 0.011200
0.253600 0.151200 0.011200
0.260800 0.151200 0.005600
0.324000 0.151200 0.008800
0.380800 0.151200 0.008800
0.460000 0.151200 0.012800
0.480800 0.151200 0.012000
0.528800 0.151200 0.011200
0.192000 0.152000 0.008800
0.207200 0.152000 0.012800
0.225600 0.152000 0.008800
0.238400 0.152000 0.008800
0.311200 0.152000 0.008800
0.368000 0.152000 0.008800
0.421600 0.152000 0.011200
0.178400 0.152800 0.008800
0.215200 0.152800 0.005600
0.336800 0.152800 0.008800
0.352000 0.152800 0.011200
0.393600 0.152800 0.011200
0.148800 0.153600 0.012800
0.166400 0.153600 0.008800
0.408800 0.153600 0.008800
0.156800 0.154400 0.005600
0.704800 0.167200 0.012800
0.724800 0.168000 0.011200
0.846400 0.168000 0.008800
0.860800 0.168000 0.011200
0.739200 0.168800 0.012800
0.762400 0.168800 0.011200
0.800000 0.168800 0.011200
0.818400 0.168800 0.010400
0.833600 0.168800 0.008800
0.663200 0.169600 0.008800
0.691200 0.169600 0.008800
0.677600 0.170400 0.008800
0.493600 0.171200 0.011200
0.526400 0.171200 0.009600
0.545600 0.171200 0.012000
0.586400 0.171200 0.011200
0.640800 0.171200 0.005600
0.780000 0.171200 0.012800
0.788000 0.171200 0.005600
0.565600 0.172000 0.011200
0.650400 0.172000 0.008800
0.476800 0.172800 0.007200
0.632800 0.172800 0.013600
0.152800 0.173600 0.013600
0.424800 0.173600 0.009600
0.437600 0.173600 0.008800
0.510400 0.173600 0.010400
0.619200 0.173600 0.011200
0.164800 0.174400 0.011200
0.213600 0.174400 0.010400
0.393600 0.174400 0.010400
0.452000 0.174400 0.010400
0.467200 0.174400 0.008800
0.602400 0.174400 0.011200
0.227200 0.175200 0.008800
0.347200 0.175200 0.010400
0.408000 0.175200 0.008800
0.182400 0.176000 0.011200
0.197600 0.176000 0.008800
0.244000 0.176000 0.011200
0.359200 0.176000 0.011200
0.376800 0.176000 0.008800
0.296000 0.176800 0.011200
0.312800 0.176800 0.012800
0.331200 0.176800 0.008800
0.262400 0.177600 0.011200
0.280000 0.177600 0.011200
0.829600 0.190400 0.011200
0.776800 0.192000 0.010400
0.812800 0.192000 0.011200
0.847200 0.192800 0.011200
0.488800 0.193600 0.012000
0.541600 0.193600 0.008800
0.604000 0.193600 0.004800
0.720800 0.193600 0.014400
0.742400 0.193600 0.011200
0.758400 0.193600 0.011200
0.792800 0.193600 0.011200
0.574400 0.194400 0.010400
0.687200 0.194400 0.008800
0.527200 0.195200 0.011200
0.559200 0.195200 0.011200
0.612000 0.195200 0.011200
0.672800 0.195200 0.008800
0.701600 0.195200 0.011200
0.863200 0.195200 0.013600
0.508000 0.196000 0.010400
0.589600 0.196000 0.011200
0.423200 0.196800 0.011200
0.644000 0.196800 0.008800
0.659200 0.196800 0.011200
0.307200 0.197600 0.011200
0.454400 0.197600 0.010400
0.470400 0.197600 0.011200
0.631200 0.197600 0.011200
0.378400 0.198400 0.011200
0.438400 0.198400 0.010400
0.150400 0.199200 0.013600
0.167200 0.199200 0.011200
0.180800 0.199200 0.010400
0.197600 0.199200 0.010400
0.215200 0.199200 0.011200
0.394400 0.199200 0.008800
0.408000 0.199200 0.008800
0.244800 0.200000 0.011200
0.324000 0.200000 0.008800
0.336000 0.200000 0.008800
0.230400 0.200800 0.008800
0.263200 0.201600 0.011200
0.280000 0.201600 0.008800
0.292800 0.201600 0.008800
0.356800 0.201600 0.013600
0.833600 0.216000 0.008800
0.848800 0.216800 0.011200
0.821600 0.217600 0.008800
0.763200 0.218400 0.008800
0.776800 0.218400 0.008800
0.790400 0.218400 0.010400
0.808800 0.218400 0.011200
0.676800 0.219200 0.005600
0.685600 0.219200 0.012800
0.712800 0.219200 0.011200
0.729600 0.219200 0.011200
0.749600 0.219200 0.011200
0.631200 0.220000 0.011200
0.648800 0.220000 0.012000
0.149600 0.220800 0.011200
0.480800 0.220800 0.008800
0.496000 0.220800 0.009600
0.667200 0.220800 0.008800
0.701600 0.220800 0.010400
0.164000 0.221600 0.011200
0.511200 0.221600 0.011200
0.616000 0.221600 0.011200
0.658400 0.221600 0.005600
0.186400 0.222400 0.011200
0.418400 0.222400 0.008800
0.456000 0.222400 0.008800
0.526400 0.222400 0.011200
0.542400 0.222400 0.013600
0.583200 0.222400 0.011200
0.598400 0.222400 0.008800
0.608800 0.222400 0.004800
0.202400 0.223200 0.012000
0.264000 0.223200 0.004800
0.429600 0.223200 0.005600
0.438400 0.223200 0.012800
0.445600 0.223200 0.005600
0.468800 0.223200 0.007200
0.564000 0.223200 0.012800
0.574400 0.223200 0.003200
0.210400 0.224000 0.005600
0.220000 0.224000 0.011200
0.235200 0.224000 0.008800
0.247200 0.224000 0.008800
0.273600 0.224000 0.008800
0.287200 0.224000 0.008800
0.301600 0.224000 0.008800
0.316000 0.224000 0.011200
0.333600 0.224000 0.008800
0.346400 0.224000 0.008800
0.360800 0.224000 0.008800
0.372800 0.224000 0.008800
0.401600 0.224000 0.009600
0.257600 0.224800 0.011200
0.387200 0.224800 0.009600
0.484000 0.241600 0.011200
0.765600 0.241600 0.011200
0.812800 0.241600 0.008800
0.825600 0.241600 0.008800
0.560000 0.242400 0.008000
0.626400 0.242400 0.011200
0.736000 0.242400 0.011200
0.749600 0.242400 0.008800
0.837600 0.242400 0.008800
0.658400 0.243200 0.010400
0.803200 0.243200 0.005600
0.856800 0.243200 0.015200
0.150400 0.244000 0.011200
0.340000 0.244000 0.011200
0.587200 0.244000 0.008000
0.598400 0.244000 0.008000
0.611200 0.244000 0.008800
0.643200 0.244000 0.011200
0.672800 0.244000 0.008800
0.705600 0.244000 0.008800
0.716800 0.244000 0.011200
0.793600 0.244000 0.008800
0.164000 0.244800 0.008800
0.324000 0.244800 0.011200
0.361600 0.244800 0.012000
0.420800 0.244800 0.016000
0.467200 0.244800 0.011200
0.502400 0.244800 0.011200
0.519200 0.244800 0.010400
0.575200 0.244800 0.009600
0.690400 0.244800 0.011200
0.780800 0.244800 0.008800
0.190400 0.245600 0.008800
0.200000 0.245600 0.008800
0.214400 0.245600 0.011200
0.232000 0.245600 0.011200
0.251200 0.245600 0.010400
0.265600 0.245600 0.009600
0.380000 0.245600 0.011200
0.545600 0.245600 0.008800
0.176800 0.246400 0.008800
0.308000 0.246400 0.008800
0.396800 0.246400 0.011200
0.445600 0.246400 0.013600
0.532000 0.246400 0.008800
0.288800 0.247200 0.013600
0.154400 0.265600 0.012800
0.174400 0.268000 0.009600
0.460800 0.268000 0.008800
0.585600 0.268000 0.011200
0.680000 0.268000 0.007200
0.192800 0.268800 0.011200
0.210400 0.268800 0.011200
0.278400 0.268800 0.012800
0.688000 0.268800 0.012800
0.749600 0.268800 0.011200
0.780800 0.268800 0.008800
0.794400 0.268800 0.008000
0.805600 0.268800 0.008800
0.820000 0.268800 0.011200
0.244000 0.269600 0.008800
0.256800 0.269600 0.008800
0.448000 0.269600 0.011200
0.488000 0.269600 0.011200
0.520000 0.269600 0.012800
0.570400 0.269600 0.008800
0.632800 0.269600 0.011200
0.659200 0.269600 0.016000
0.666400 0.269600 0.011200
0.733600 0.269600 0.008800
0.298400 0.270400 0.010400
0.314400 0.270400 0.010400
0.331200 0.270400 0.011200
0.361600 0.270400 0.011200
0.390400 0.270400 0.008800
0.430400 0.270400 0.008800
0.439200 0.270400 0.005600
0.471200 0.270400 0.016000
0.502400 0.270400 0.011200
0.537600 0.270400 0.008800
0.548000 0.270400 0.004800
0.557600 0.270400 0.008800
0.600800 0.270400 0.008800
0.616800 0.270400 0.010400
0.648000 0.270400 0.008800
0.707200 0.270400 0.009600
0.720800 0.270400 0.008800
0.837600 0.270400 0.011200
0.853600 0.270400 0.013600
0.346400 0.271200 0.008800
0.404000 0.271200 0.008800
0.418400 0.271200 0.008800
0.767200 0.271200 0.008800
0.376000 0.272000 0.008800
0.227200 0.272800 0.011200
0.155200 0.288000 0.011200
0.172000 0.288000 0.010400
0.189600 0.289600 0.011200
0.233600 0.289600 0.007200
0.245600 0.289600 0.007200
0.204800 0.290400 0.008000
0.215200 0.290400 0.007200
0.224800 0.290400 0.005600
0.660800 0.290400 0.008800
0.759200 0.290400 0.007200
0.272800 0.291200 0.011200
0.517600 0.291200 0.005600
0.647200 0.291200 0.008800
0.673600 0.291200 0.008800
0.688000 0.291200 0.008800
0.744800 0.291200 0.008800
0.257600 0.292000 0.008800
0.294400 0.292000 0.012000
0.574400 0.292000 0.016000
0.584800 0.292000 0.008800
0.632800 0.292000 0.010400
0.703200 0.292000 0.008800
0.328800 0.292800 0.010400
0.449600 0.292800 0.011200
0.557600 0.292800 0.010400
0.613600 0.292800 0.011200
0.716800 0.292800 0.008800
0.731200 0.292800 0.008800
0.769600 0.292800 0.008800
0.784800 0.292800 0.008800
0.797600 0.292800 0.008800
0.814400 0.292800 0.011200
0.313600 0.293600 0.011200
0.344000 0.293600 0.008800
0.508800 0.293600 0.005600
0.524800 0.293600 0.011200
0.544000 0.293600 0.011200
0.358400 0.294400 0.008800
0.370400 0.294400 0.008800
0.484800 0.294400 0.011200
0.597600 0.294400 0.008800
0.384800 0.295200 0.011200
0.404000 0.295200 0.011200
0.432800 0.295200 0.009600
0.465600 0.295200 0.011200
0.498400 0.295200 0.008800
0.419200 0.296000 0.008800
0.834400 0.296000 0.012800
0.855200 0.296000 0.011200
0.156000 0.312000 0.011200
0.692800 0.312000 0.010400
0.719200 0.312000 0.008800
0.736800 0.312000 0.011200
0.656800 0.312800 0.005600
0.676800 0.312800 0.008800
0.754400 0.312800 0.011200
0.820800 0.312800 0.009600
0.836000 0.312800 0.007200
0.844800 0.312800 0.005600
0.856000 0.312800 0.011200
0.665600 0.313600 0.008800
0.772000 0.313600 0.010400
0.789600 0.313600 0.009600
0.806400 0.313600 0.010400
0.195200 0.314400 0.011200
0.348800 0.314400 0.005600
0.617600 0.314400 0.008800
0.632800 0.314400 0.009600
0.645600 0.314400 0.008000
0.706400 0.314400 0.008800
0.208800 0.315200 0.008800
0.224000 0.315200 0.010400
0.340800 0.315200 0.005600
0.529600 0.315200 0.013600
0.544800 0.315200 0.010400
0.583200 0.315200 0.008800
0.609600 0.315200 0.013600
0.175200 0.316000 0.013600
0.243200 0.316000 0.011200
0.290400 0.316000 0.012000
0.330400 0.316000 0.008000
0.358400 0.316000 0.008800
0.522400 0.316000 0.013600
0.559200 0.316000 0.008800
0.566400 0.316000 0.012800
0.596000 0.316000 0.008800
0.264000 0.316800 0.013600
0.304800 0.316800 0.008800
0.317600 0.316800 0.008800
0.452800 0.316800 0.008800
0.471200 0.316800 0.011200
0.505600 0.316800 0.011200
0.372800 0.317600 0.008800
0.386400 0.317600 0.007200
0.396000 0.317600 0.005600
0.410400 0.317600 0.011200
0.425600 0.317600 0.008800
0.437600 0.317600 0.008800
0.490400 0.317600 0.010400
0.156000 0.332800 0.013600
0.216800 0.335200 0.011200
0.228800 0.335200 0.007200
0.168000 0.336000 0.010400
0.186400 0.336000 0.008800
0.646400 0.336000 0.011200
0.239200 0.336800 0.008800
0.663200 0.336800 0.010400
0.832800 0.336800 0.013600
0.200000 0.337600 0.011200
0.249600 0.337600 0.007200
0.276000 0.337600 0.011200
0.382400 0.337600 0.011200
0.603200 0.337600 0.011200
0.632000 0.337600 0.008800
0.676000 0.337600 0.008800
0.725600 0.337600 0.011200
0.796000 0.337600 0.011200
0.848800 0.337600 0.008800
0.260000 0.338400 0.008000
0.288800 0.338400 0.015200
0.297600 0.338400 0.013600
0.331200 0.338400 0.011200
0.398400 0.338400 0.008800
0.576800 0.338400 0.011200
0.620000 0.338400 0.008800
0.690400 0.338400 0.008800
0.709600 0.338400 0.012800
0.780000 0.338400 0.011200
0.861600 0.338400 0.017600
0.306400 0.339200 0.004800
0.316800 0.339200 0.008800
0.348800 0.339200 0.012000
0.365600 0.339200 0.008800
0.449600 0.339200 0.007200
0.459200 0.339200 0.007200
0.471200 0.339200 0.009600
0.488000 0.339200 0.010400
0.561600 0.339200 0.011200
0.588000 0.339200 0.011200
0.702400 0.339200 0.013600
0.740800 0.339200 0.008800
0.752800 0.339200 0.008000
0.764000 0.339200 0.008800
0.414400 0.340000 0.012000
0.514400 0.340000 0.008800
0.544800 0.340000 0.009600
0.812800 0.340000 0.012000
0.436800 0.340800 0.011200
0.501600 0.340800 0.008800
0.528800 0.340800 0.011200
0.268800 0.360800 0.007200
0.173600 0.361600 0.008800
0.214400 0.361600 0.008800
0.257600 0.361600 0.008800
0.282400 0.361600 0.008800
0.158400 0.362400 0.011200
0.187200 0.362400 0.008800
0.226400 0.362400 0.008800
0.360800 0.362400 0.011200
0.400000 0.362400 0.010400
0.698400 0.362400 0.011200
0.200000 0.363200 0.008800
0.239200 0.363200 0.011200
0.299200 0.363200 0.010400
0.312800 0.363200 0.013600
0.330400 0.363200 0.007200
0.341600 0.363200 0.013600
0.347200 0.363200 0.011200
0.374400 0.363200 0.008800
0.384800 0.363200 0.011200
0.416000 0.363200 0.007200
0.461600 0.363200 0.011200
0.480000 0.363200 0.011200
0.504800 0.363200 0.010400
0.522400 0.363200 0.010400
0.574400 0.363200 0.007200
0.587200 0.363200 0.008800
0.320000 0.364000 0.016000
0.430400 0.364000 0.009600
0.443200 0.364000 0.011200
0.538400 0.364000 0.011200
0.552800 0.364000 0.008800
0.564000 0.364000 0.007200
0.604000 0.364000 0.011200
0.722400 0.364000 0.008800
0.492800 0.364800 0.007200
0.658400 0.364800 0.012800
0.776000 0.364800 0.008800
0.636800 0.365600 0.010400
0.684800 0.365600 0.008800
0.708000 0.365600 0.016800
0.760800 0.365600 0.011200
0.788000 0.365600 0.008800
0.824800 0.365600 0.011200
0.841600 0.365600 0.011200
0.620000 0.366400 0.011200
0.738400 0.366400 0.013600
0.744800 0.366400 0.013600
0.806400 0.366400 0.012800
0.855200 0.366400 0.008800
0.868000 0.366400 0.016800
0.673600 0.367200 0.008800
0.156800 0.381600 0.010400
0.171200 0.383200 0.009600
0.186400 0.385600 0.011200
0.207200 0.385600 0.008800
0.252000 0.385600 0.008800
0.340800 0.385600 0.011200
0.650400 0.385600 0.008800
0.195200 0.386400 0.005600
0.220800 0.386400 0.008800
0.239200 0.386400 0.011200
0.268800 0.386400 0.010400
0.284800 0.386400 0.009600
0.301600 0.386400 0.011200
0.320000 0.386400 0.012800
0.367200 0.386400 0.008800
0.395200 0.386400 0.008800
0.420800 0.386400 0.007200
0.512000 0.386400 0.010400
0.633600 0.386400 0.011200
0.665600 0.386400 0.009600
0.826400 0.386400 0.010400
0.844800 0.386400 0.011200
0.918400 0.386400 0.008800
0.928800 0.386400 0.008800
0.355200 0.387200 0.008800
0.379200 0.387200 0.010400
0.429600 0.387200 0.015200
0.441600 0.387200 0.008800
0.525600 0.387200 0.008800
0.573600 0.387200 0.012000
0.680000 0.387200 0.008800
0.693600 0.387200 0.009600
0.708800 0.387200 0.008800
0.756800 0.387200 0.009600
0.864800 0.387200 0.008000
0.877600 0.387200 0.010400
0.407200 0.388000 0.008800
0.454400 0.388000 0.011200
0.537600 0.388000 0.008800
0.554400 0.388000 0.011200
0.616000 0.388000 0.010400
0.740000 0.388000 0.008800
0.778400 0.388000 0.011200
0.807200 0.388000 0.009600
0.471200 0.388800 0.008800
0.496800 0.388800 0.008800
0.726400 0.388800 0.009600
0.484800 0.389600 0.008800
0.596000 0.389600 0.012800
0.794400 0.389600 0.008800
0.157600 0.400800 0.008800
0.170400 0.400800 0.007200
0.238400 0.402400 0.004800
0.856000 0.402400 0.009600
0.184800 0.403200 0.008000
0.198400 0.403200 0.008000
0.212800 0.403200 0.008000
0.230400 0.404000 0.005600
0.245600 0.404000 0.009600
0.334400 0.404000 0.009600
0.760800 0.404000 0.010400
0.224000 0.404800 0.005600
0.260000 0.404800 0.008000
0.273600 0.404800 0.008800
0.289600 0.404800 0.009600
0.823200 0.404800 0.011200
0.839200 0.404800 0.009600
0.871200 0.404800 0.010400
0.707200 0.405600 0.010400
0.726400 0.405600 0.010400
0.744800 0.405600 0.008800
0.922400 0.405600 0.013600
0.319200 0.406400 0.008800
0.349600 0.406400 0.011200
0.358400 0.406400 0.005600
0.368000 0.406400 0.008000
0.380800 0.406400 0.007200
0.396800 0.406400 0.009600
0.410400 0.406400 0.008800
0.426400 0.406400 0.007200
0.436000 0.406400 0.007200
0.447200 0.406400 0.008000
0.460000 0.406400 0.007200
0.490400 0.406400 0.006400
0.536800 0.406400 0.008800
0.684000 0.406400 0.008800
0.692000 0.406400 0.008800
0.779200 0.406400 0.010400
0.304800 0.407200 0.009600
0.472000 0.407200 0.007200
0.502400 0.407200 0.008800
0.516000 0.407200 0.008800
0.524800 0.407200 0.005600
0.563200 0.407200 0.010400
0.579200 0.407200 0.005600
0.588000 0.407200 0.008800
0.602400 0.407200 0.008800
0.615200 0.407200 0.007200
0.640000 0.407200 0.008000
0.652000 0.407200 0.008800
0.480800 0.408000 0.005600
0.550400 0.408000 0.008000
0.627200 0.408000 0.008800
0.668800 0.408000 0.009600
0.798400 0.408000 0.011200
0.158400 0.415200 0.012800
0.164800 0.419200 0.016800
0.176800 0.420000 0.007200
0.256800 0.420800 0.009600
0.840800 0.420800 0.008800
0.856800 0.420800 0.010400
0.188000 0.421600 0.008800
0.202400 0.421600 0.008800
0.213600 0.421600 0.008800
0.228800 0.421600 0.008800
0.241600 0.421600 0.008800
0.271200 0.421600 0.007200
0.767200 0.421600 0.008800
0.281600 0.422400 0.007200
0.385600 0.422400 0.008800
0.413600 0.422400 0.011200
0.589600 0.422400 0.008000
0.750400 0.422400 0.011200
0.774400 0.422400 0.011200
0.802400 0.422400 0.007200
0.828000 0.422400 0.008800
0.293600 0.423200 0.008000
0.334400 0.423200 0.008800
0.344800 0.423200 0.008800
0.398400 0.423200 0.008000
0.681600 0.423200 0.008800
0.715200 0.423200 0.011200
0.320800 0.424000 0.008800
0.356000 0.424000 0.008800
0.369600 0.424000 0.009600
0.451200 0.424000 0.009600
0.482400 0.424000 0.008800
0.540800 0.424000 0.008800
0.614400 0.424000 0.008000
0.649600 0.424000 0.011200
0.668800 0.424000 0.011200
0.701600 0.424000 0.008800
0.735200 0.424000 0.009600
0.812800 0.424000 0.008800
0.306400 0.424800 0.008800
0.435200 0.424800 0.010400
0.499200 0.424800 0.008800
0.527200 0.424800 0.008800
0.576000 0.424800 0.008800
0.630400 0.424800 0.009600
0.787200 0.424800 0.008800
0.467200 0.425600 0.011200
0.512000 0.425600 0.009600
0.556000 0.425600 0.008800
0.566400 0.425600 0.005600
0.602400 0.425600 0.008800
0.872800 0.425600 0.013600
