0.234400 0.056000 0.011200
0.198400 0.056800 0.019200
0.219200 0.057600 0.008800
0.248000 0.057600 0.008800
0.261600 0.058400 0.020800
0.786400 0.067200 0.018400
0.502400 0.078400 0.007200
0.740000 0.084000 0.007200
0.170400 0.090400 0.020800
0.184800 0.092000 0.008800
0.196000 0.092000 0.007200
0.828000 0.092000 0.007200
0.208000 0.092800 0.008800
0.364800 0.092800 0.011200
0.495200 0.092800 0.012000
0.534400 0.092800 0.009600
0.560000 0.092800 0.016800
0.622400 0.092800 0.008800
0.464800 0.093600 0.010400
0.479200 0.093600 0.013600
0.488000 0.093600 0.005600
0.520000 0.093600 0.011200
0.548000 0.093600 0.008800
0.300800 0.094400 0.011200
0.316000 0.094400 0.012800
0.338400 0.094400 0.012800
0.352000 0.094400 0.008800
0.580000 0.094400 0.008800
0.595200 0.094400 0.011200
0.610400 0.094400 0.008800
0.660000 0.094400 0.011200
0.222400 0.095200 0.012800
0.241600 0.095200 0.008800
0.320800 0.095200 0.011200
0.450400 0.095200 0.011200
0.634400 0.095200 0.005600
0.231200 0.096000 0.004800
0.255200 0.096000 0.008800
0.284800 0.096000 0.011200
0.383200 0.096000 0.011200
0.400000 0.096000 0.012800
0.420800 0.096000 0.011200
0.436000 0.096000 0.008800
0.676000 0.096000 0.011200
0.269600 0.096800 0.011200
0.644000 0.096800 0.008800
0.750400 0.096800 0.021600
0.691200 0.097600 0.008800
0.704000 0.097600 0.008800
0.722400 0.098400 0.021600
0.736800 0.098400 0.008800
0.765600 0.098400 0.021600
0.777600 0.098400 0.019200
0.792800 0.098400 0.011200
0.810400 0.100000 0.026400
0.820000 0.102400 0.018400
0.213600 0.107200 0.004800
0.169600 0.116800 0.013600
0.188800 0.118400 0.008800
0.200000 0.119200 0.008800
0.256000 0.119200 0.010400
0.299200 0.120000 0.013600
0.308800 0.120000 0.005600
0.452000 0.120000 0.008800
0.492000 0.120000 0.008800
0.524800 0.120000 0.011200
0.270400 0.120800 0.008800
0.317600 0.120800 0.008800
0.366400 0.120800 0.016800
0.420800 0.120800 0.011200
0.436000 0.120800 0.011200
0.229600 0.121600 0.011200
0.242400 0.121600 0.008000
0.284000 0.121600 0.011200
0.329600 0.121600 0.008800
0.374400 0.121600 0.013600
0.405600 0.121600 0.011200
0.464000 0.121600 0.008800
0.477600 0.121600 0.009600
0.504000 0.121600 0.005600
0.540000 0.121600 0.010400
0.213600 0.122400 0.011200
0.342400 0.122400 0.008800
0.355200 0.122400 0.008800
0.555200 0.122400 0.008800
0.570400 0.122400 0.011200
0.602400 0.122400 0.008800
0.616800 0.122400 0.008800
0.392800 0.123200 0.008800
0.511200 0.123200 0.012800
0.587200 0.123200 0.011200
0.632800 0.123200 0.012800
0.652800 0.124800 0.011200
0.667200 0.125600 0.008800
0.680000 0.126400 0.008800
0.772000 0.126400 0.012000
0.725600 0.127200 0.009600
0.693600 0.128000 0.008800
0.712800 0.128000 0.008800
0.739200 0.128000 0.008800
0.752000 0.128800 0.011200
0.800000 0.128800 0.011200
0.704000 0.129600 0.004800
0.785600 0.129600 0.008800
0.817600 0.132800 0.013600
0.156000 0.138400 0.008000
0.166400 0.144800 0.019200
0.180800 0.146400 0.013600
0.199200 0.146400 0.012800
0.190400 0.147200 0.004800
0.323200 0.147200 0.008800
0.336000 0.147200 0.008800
0.360800 0.147200 0.008800
0.304000 0.148000 0.013600
0.313600 0.148000 0.005600
0.349600 0.148000 0.008800
0.384000 0.148000 0.008800
0.484800 0.148000 0.013600
0.500000 0.148000 0.011200
0.213600 0.148800 0.008800
0.227200 0.148800 0.009600
0.372000 0.148800 0.008000
0.457600 0.148800 0.016800
0.243200 0.149600 0.012800
0.276000 0.149600 0.008800
0.288000 0.149600 0.008800
0.413600 0.149600 0.011200
0.442400 0.149600 0.008800
0.466400 0.149600 0.016000
0.546400 0.149600 0.015200
0.398400 0.150400 0.008800
0.429600 0.150400 0.008800
0.518400 0.150400 0.011200
0.530400 0.150400 0.008800
0.552000 0.150400 0.015200
0.570400 0.150400 0.011200
0.592800 0.150400 0.016800
0.261600 0.151200 0.013600
0.616800 0.151200 0.011200
0.251200 0.152000 0.003200
0.585600 0.152000 0.013600
0.604000 0.152000 0.008800
0.636000 0.152800 0.011200
0.652000 0.153600 0.010400
0.664000 0.154400 0.007200
0.676000 0.154400 0.008800
0.692800 0.156000 0.011200
0.708000 0.156000 0.008800
0.721600 0.156000 0.011200
0.740000 0.156000 0.012800
0.799200 0.156000 0.011200
0.759200 0.157600 0.016800
0.783200 0.158400 0.011200
0.814400 0.158400 0.016800
0.771200 0.159200 0.008800
0.082400 0.164800 0.011200
0.043200 0.165600 0.009600
0.048800 0.165600 0.003200
0.056800 0.165600 0.007200
0.068000 0.165600 0.007200
0.076800 0.166400 0.005600
0.169600 0.170400 0.013600
0.380000 0.171200 0.003200
0.344800 0.172000 0.008800
0.356000 0.172000 0.010400
0.208800 0.172800 0.010400
0.332000 0.172800 0.008000
0.370400 0.172800 0.013600
0.321600 0.173600 0.008800
0.184800 0.174400 0.008800
0.195200 0.174400 0.005600
0.251200 0.174400 0.012800
0.290400 0.174400 0.011200
0.307200 0.174400 0.011200
0.406400 0.174400 0.011200
0.424000 0.174400 0.008800
0.524000 0.174400 0.008800
0.243200 0.175200 0.008800
0.392800 0.175200 0.011200
0.436800 0.175200 0.010400
0.453600 0.175200 0.011200
0.467200 0.175200 0.012800
0.232000 0.176000 0.005600
0.270400 0.176000 0.013600
0.280000 0.176000 0.005600
0.497600 0.176000 0.008800
0.510400 0.176000 0.008800
0.552000 0.176000 0.012800
0.223200 0.176800 0.008800
0.484800 0.176800 0.008800
0.530400 0.176800 0.013600
0.571200 0.177600 0.016000
0.582400 0.177600 0.011200
0.597600 0.177600 0.008800
0.608800 0.178400 0.007200
0.633600 0.178400 0.011200
0.620000 0.179200 0.005600
0.645600 0.180800 0.008800
0.852000 0.180800 0.017600
0.863200 0.180800 0.008800
0.829600 0.181600 0.007200
0.660000 0.182400 0.011200
0.697600 0.183200 0.013600
0.874400 0.183200 0.007200
0.678400 0.184000 0.011200
0.883200 0.184000 0.008800
0.716000 0.184800 0.011200
0.731200 0.184800 0.011200
0.747200 0.186400 0.008800
0.760000 0.186400 0.011200
0.775200 0.187200 0.008800
0.786400 0.187200 0.008800
0.800000 0.187200 0.008800
0.815200 0.187200 0.020800
0.170400 0.194400 0.011200
0.188000 0.194400 0.010400
0.208000 0.196800 0.011200
0.225600 0.197600 0.010400
0.241600 0.198400 0.012800
0.250400 0.198400 0.004800
0.275200 0.198400 0.009600
0.331200 0.198400 0.010400
0.260000 0.199200 0.012000
0.288800 0.199200 0.008800
0.304800 0.199200 0.010400
0.346400 0.199200 0.008800
0.316800 0.200000 0.008000
0.358400 0.200000 0.008800
0.386400 0.200000 0.010400
0.432000 0.200000 0.011200
0.447200 0.200000 0.009600
0.369600 0.200800 0.008800
0.398400 0.200800 0.008800
0.413600 0.200800 0.011200
0.464000 0.201600 0.011200
0.483200 0.202400 0.013600
0.502400 0.203200 0.008800
0.603200 0.203200 0.007200
0.492800 0.204000 0.005600
0.516800 0.204000 0.011200
0.532000 0.204000 0.005600
0.561600 0.204000 0.008800
0.540000 0.204800 0.016800
0.551200 0.204800 0.007200
0.576000 0.204800 0.011200
0.592000 0.204800 0.008800
0.613600 0.204800 0.008800
0.625600 0.206400 0.008800
0.652800 0.207200 0.011200
0.660000 0.207200 0.004800
0.671200 0.207200 0.014400
0.639200 0.208000 0.008800
0.131200 0.209600 0.007200
0.678400 0.209600 0.013600
0.110400 0.210400 0.016000
0.121600 0.210400 0.008800
0.694400 0.210400 0.010400
0.140800 0.212000 0.005600
0.717600 0.212000 0.013600
0.147200 0.212800 0.012000
0.760800 0.212800 0.011200
0.732800 0.213600 0.008800
0.745600 0.213600 0.008800
0.774400 0.213600 0.019200
0.780000 0.214400 0.016000
0.804800 0.216000 0.016000
0.793600 0.216800 0.016800
0.826400 0.216800 0.013600
0.171200 0.217600 0.013600
0.179200 0.218400 0.016800
0.193600 0.219200 0.013600
0.228800 0.219200 0.011200
0.213600 0.220000 0.008800
0.246400 0.220800 0.011200
0.261600 0.220800 0.011200
0.300000 0.220800 0.011200
0.318400 0.220800 0.011200
0.335200 0.222400 0.008800
0.347200 0.222400 0.008000
0.359200 0.222400 0.008800
0.372800 0.222400 0.011200
0.283200 0.223200 0.009600
0.389600 0.223200 0.012800
0.410400 0.223200 0.011200
0.428000 0.225600 0.011200
0.445600 0.226400 0.011200
0.493600 0.226400 0.008800
0.465600 0.227200 0.010400
0.480000 0.227200 0.008800
0.508800 0.227200 0.011200
0.523200 0.227200 0.008800
0.535200 0.227200 0.008800
0.544000 0.228000 0.004800
0.552000 0.229600 0.013600
0.564000 0.230400 0.008800
0.578400 0.231200 0.016800
0.600800 0.231200 0.013600
0.587200 0.232000 0.016800
0.630400 0.232000 0.011200
0.615200 0.232800 0.011200
0.644000 0.232800 0.011200
0.660800 0.235200 0.008800
0.670400 0.236000 0.007200
0.695200 0.236800 0.017600
0.679200 0.237600 0.013600
0.440000 0.240000 0.005600
0.717600 0.240000 0.008800
0.732800 0.240000 0.011200
0.763200 0.240800 0.013600
0.748000 0.241600 0.010400
0.785600 0.243200 0.013600
0.806400 0.244000 0.013600
0.175200 0.244800 0.016800
0.190400 0.245600 0.008800
0.204800 0.245600 0.008800
0.218400 0.245600 0.010400
0.252800 0.246400 0.013600
0.311200 0.246400 0.011200
0.235200 0.247200 0.010400
0.276800 0.247200 0.012800
0.296000 0.247200 0.011200
0.324800 0.247200 0.008000
0.397600 0.248000 0.012000
0.828000 0.248000 0.013600
0.351200 0.248800 0.008800
0.364000 0.248800 0.008800
0.416800 0.248800 0.011200
0.432000 0.248800 0.008800
0.451200 0.248800 0.013600
0.379200 0.249600 0.011200
0.337600 0.250400 0.008800
0.500800 0.250400 0.009600
0.532800 0.250400 0.008800
0.472800 0.251200 0.011200
0.516800 0.251200 0.010400
0.545600 0.251200 0.009600
0.486400 0.252000 0.008800
0.560800 0.252800 0.008800
0.067200 0.253600 0.008800
0.077600 0.253600 0.008800
0.083200 0.253600 0.003200
0.089600 0.253600 0.011200
0.096000 0.253600 0.010400
0.103200 0.253600 0.003200
0.570400 0.253600 0.015200
0.109600 0.254400 0.013600
0.599200 0.254400 0.008800
0.118400 0.255200 0.005600
0.129600 0.255200 0.009600
0.587200 0.255200 0.008800
0.612000 0.255200 0.016000
0.136000 0.256000 0.014400
0.143200 0.256000 0.009600
0.620000 0.256000 0.013600
0.633600 0.256000 0.009600
0.649600 0.256800 0.010400
0.665600 0.257600 0.010400
0.680800 0.260000 0.008800
0.695200 0.262400 0.008800
0.384000 0.263200 0.004800
0.709600 0.263200 0.009600
0.724800 0.264000 0.008800
0.743200 0.265600 0.011200
0.167200 0.267200 0.011200
0.760800 0.267200 0.011200
0.179200 0.268000 0.008800
0.776800 0.268800 0.008800
0.209600 0.269600 0.008800
0.222400 0.269600 0.008800
0.236000 0.269600 0.013600
0.196000 0.270400 0.010400
0.791200 0.270400 0.008800
0.826400 0.270400 0.013600
0.244800 0.271200 0.005600
0.810400 0.271200 0.012800
0.257600 0.272800 0.011200
0.337600 0.272800 0.008800
0.276800 0.273600 0.012800
0.299200 0.273600 0.013600
0.319200 0.273600 0.012800
0.350400 0.274400 0.011200
0.365600 0.274400 0.011200
0.500000 0.274400 0.012800
0.539200 0.274400 0.011200
0.381600 0.275200 0.008800
0.395200 0.275200 0.008800
0.406400 0.276000 0.005600
0.416000 0.276000 0.008800
0.443200 0.276000 0.005600
0.455200 0.276000 0.008800
0.520800 0.276000 0.011200
0.432800 0.276800 0.013600
0.464000 0.276800 0.013600
0.552800 0.276800 0.008800
0.482400 0.277600 0.011200
0.566400 0.277600 0.008800
0.597600 0.278400 0.011200
0.580000 0.279200 0.008800
0.611200 0.280000 0.008800
0.628000 0.280800 0.011200
0.644000 0.280800 0.011200
0.661600 0.280800 0.011200
0.678400 0.284000 0.008800
0.692800 0.284000 0.008800
0.708000 0.284000 0.008800
0.722400 0.284800 0.008800
0.732800 0.285600 0.005600
0.861600 0.288000 0.007200
0.872000 0.288000 0.007200
0.904800 0.288000 0.008000
0.916000 0.288000 0.008000
0.928000 0.288000 0.008800
0.849600 0.288800 0.017600
0.881600 0.288800 0.007200
0.892800 0.288800 0.008000
0.942400 0.288800 0.008800
0.748000 0.289600 0.012000
0.764800 0.290400 0.011200
0.055200 0.291200 0.007200
0.775200 0.291200 0.011200
0.788000 0.291200 0.007200
0.796800 0.291200 0.011200
0.955200 0.291200 0.020800
0.067200 0.292000 0.008800
0.168000 0.292000 0.015200
0.185600 0.292000 0.013600
0.811200 0.292000 0.008000
0.820800 0.292000 0.013600
0.045600 0.292800 0.016000
0.079200 0.293600 0.008000
0.089600 0.293600 0.008800
0.108000 0.293600 0.005600
0.207200 0.293600 0.011200
0.222400 0.293600 0.012800
0.099200 0.294400 0.005600
0.145600 0.294400 0.005600
0.118400 0.295200 0.008800
0.128800 0.295200 0.005600
0.137600 0.295200 0.005600
0.253600 0.296000 0.011200
0.239200 0.296800 0.008800
0.268800 0.298400 0.008800
0.354400 0.298400 0.005600
0.344800 0.299200 0.012800
0.365600 0.299200 0.007200
0.400000 0.299200 0.008800
0.444800 0.299200 0.013600
0.284800 0.300000 0.011200
0.302400 0.300000 0.008800
0.315200 0.300000 0.008800
0.375200 0.300000 0.007200
0.386400 0.300000 0.008800
0.412800 0.300000 0.011200
0.467200 0.300000 0.011200
0.484000 0.300000 0.011200
0.500000 0.300000 0.011200
0.428800 0.300800 0.008800
0.517600 0.301600 0.012800
0.539200 0.301600 0.012800
0.328800 0.302400 0.009600
0.559200 0.304000 0.011200
0.587200 0.304000 0.008800
0.575200 0.304800 0.008800
0.599200 0.306400 0.007200
0.610400 0.307200 0.008800
0.682400 0.308000 0.008800
0.624800 0.308800 0.008800
0.636800 0.308800 0.008800
0.650400 0.308800 0.011200
0.668000 0.308800 0.010400
0.694400 0.309600 0.016800
0.728800 0.311200 0.011200
0.712000 0.312000 0.012800
0.740800 0.312000 0.008800
0.774400 0.312800 0.011200
0.812800 0.312800 0.015200
0.791200 0.313600 0.011200
0.820800 0.313600 0.016800
0.169600 0.315200 0.011200
0.754400 0.315200 0.010400
0.188000 0.316800 0.012800
0.224800 0.317600 0.008800
0.206400 0.318400 0.012800
0.215200 0.318400 0.005600
0.236000 0.318400 0.008800
0.248800 0.318400 0.008800
0.260800 0.318400 0.007200
0.272000 0.319200 0.008800
0.288000 0.320000 0.010400
0.304000 0.321600 0.008800
0.319200 0.321600 0.010400
0.352800 0.322400 0.012800
0.367200 0.322400 0.011200
0.380800 0.323200 0.014400
0.404000 0.323200 0.011200
0.334400 0.324000 0.008800
0.416800 0.324000 0.008800
0.425600 0.324000 0.013600
0.462400 0.324000 0.011200
0.476000 0.324000 0.008000
0.443200 0.324800 0.012000
0.487200 0.324800 0.008800
0.506400 0.324800 0.013600
0.520000 0.326400 0.008800
0.545600 0.326400 0.011200
0.532800 0.327200 0.008800
0.562400 0.328000 0.009600
0.576000 0.329600 0.008800
0.662400 0.329600 0.011200
0.588000 0.330400 0.008800
0.603200 0.331200 0.009600
0.618400 0.332000 0.011200
0.633600 0.332000 0.011200
0.644000 0.332800 0.011200
0.704800 0.333600 0.011200
0.684800 0.334400 0.012800
0.721600 0.335200 0.011200
0.736800 0.336000 0.011200
0.750400 0.336000 0.008800
0.767200 0.336000 0.010400
0.783200 0.336000 0.010400
0.800000 0.336000 0.013600
0.172000 0.337600 0.011200
0.184800 0.339200 0.008800
0.204000 0.339200 0.012000
0.822400 0.339200 0.012800
0.218400 0.341600 0.008800
0.260000 0.341600 0.012000
0.232000 0.342400 0.008800
0.244000 0.342400 0.008800
0.282400 0.342400 0.012000
0.310400 0.342400 0.005600
0.300000 0.343200 0.008800
0.318400 0.343200 0.012800
0.332000 0.344000 0.011200
0.400000 0.344800 0.016000
0.349600 0.345600 0.008800
0.378400 0.345600 0.008800
0.363200 0.346400 0.008800
0.409600 0.346400 0.011200
0.425600 0.347200 0.011200
0.443200 0.348000 0.008800
0.459200 0.348000 0.011200
0.482400 0.349600 0.010400
0.496000 0.349600 0.008800
0.518400 0.349600 0.009600
0.506400 0.350400 0.004800
0.532000 0.350400 0.011200
0.539200 0.350400 0.005600
0.553600 0.351200 0.010400
0.566400 0.352000 0.008800
0.585600 0.352000 0.008800
0.598400 0.352800 0.008000
0.575200 0.353600 0.005600
0.622400 0.353600 0.008000
0.610400 0.354400 0.008000
0.636000 0.355200 0.008800
0.653600 0.355200 0.010400
0.696800 0.355200 0.008800
0.706400 0.356000 0.008800
0.047200 0.356800 0.009600
0.683200 0.357600 0.008800
0.717600 0.357600 0.008800
0.730400 0.357600 0.008000
0.744000 0.357600 0.008800
0.759200 0.357600 0.013600
0.060800 0.358400 0.007200
0.290400 0.358400 0.004000
0.670400 0.358400 0.008800
0.792000 0.358400 0.009600
0.072800 0.359200 0.007200
0.168800 0.359200 0.011200
0.777600 0.359200 0.008800
0.807200 0.359200 0.011200
0.084000 0.360000 0.008000
0.822400 0.360000 0.012800
0.183200 0.360800 0.009600
0.096800 0.361600 0.007200
0.124000 0.362400 0.007200
0.198400 0.362400 0.012000
0.107200 0.363200 0.007200
0.116000 0.363200 0.004800
0.134400 0.363200 0.007200
0.206400 0.363200 0.005600
0.216000 0.363200 0.011200
0.144800 0.364000 0.011200
0.151200 0.364800 0.011200
0.264800 0.364800 0.011200
0.232800 0.365600 0.008800
0.244000 0.365600 0.011200
0.302400 0.365600 0.008800
0.280800 0.367200 0.008800
0.292800 0.367200 0.005600
0.316800 0.368000 0.008800
0.329600 0.368000 0.011200
0.336800 0.368000 0.005600
0.345600 0.368000 0.008800
0.376000 0.368000 0.010400
0.458400 0.368000 0.011200
0.411200 0.368800 0.011200
0.531200 0.368800 0.011200
0.360000 0.369600 0.009600
0.392000 0.369600 0.010400
0.428000 0.369600 0.008800
0.441600 0.369600 0.008800
0.518400 0.369600 0.008800
0.476800 0.370400 0.010400
0.504000 0.370400 0.008800
0.548000 0.370400 0.008800
0.557600 0.370400 0.010400
0.603200 0.371200 0.008800
0.046400 0.372000 0.008000
0.573600 0.372000 0.008800
0.616800 0.372800 0.008800
0.056800 0.373600 0.008000
0.490400 0.373600 0.008800
0.587200 0.373600 0.008800
0.628800 0.373600 0.012800
0.691200 0.374400 0.008800
0.069600 0.375200 0.008800
0.635200 0.375200 0.011200
0.648000 0.375200 0.008800
0.660000 0.375200 0.007200
0.668800 0.376000 0.013600
0.677600 0.376000 0.005600
0.078400 0.376800 0.005600
0.086400 0.376800 0.009600
0.704000 0.376800 0.008800
0.100800 0.377600 0.007200
0.749600 0.378400 0.013600
0.760000 0.378400 0.007200
0.716000 0.379200 0.008800
0.731200 0.379200 0.008800
0.741600 0.379200 0.005600
0.815200 0.379200 0.013600
0.111200 0.380000 0.008000
0.123200 0.380000 0.008800
0.771200 0.380000 0.008000
0.782400 0.380000 0.007200
0.792800 0.380000 0.007200
0.803200 0.380000 0.008800
0.136000 0.380800 0.008800
0.381600 0.380800 0.004000
0.148800 0.381600 0.009600
0.169600 0.383200 0.013600
0.182400 0.383200 0.008800
0.197600 0.384000 0.013600
0.539200 0.384000 0.004800
0.220800 0.386400 0.011200
0.237600 0.386400 0.010400
0.254400 0.387200 0.010400
0.268000 0.388000 0.008800
0.284000 0.388800 0.011200
0.300000 0.389600 0.008800
0.331200 0.389600 0.014400
0.310400 0.390400 0.008800
0.405600 0.390400 0.010400
0.419200 0.390400 0.007200
0.463200 0.390400 0.011200
0.390400 0.391200 0.008800
0.430400 0.391200 0.011200
0.447200 0.391200 0.011200
0.098400 0.392000 0.010400
0.749600 0.392000 0.004000
0.348800 0.392800 0.011200
0.500000 0.392800 0.010400
0.518400 0.392800 0.011200
0.364800 0.393600 0.011200
0.379200 0.393600 0.008000
0.482400 0.394400 0.010400
0.532800 0.396000 0.008800
0.592800 0.396000 0.011200
0.116000 0.396800 0.007200
0.563200 0.396800 0.011200
0.578400 0.396800 0.008800
0.607200 0.396800 0.008800
0.619200 0.396800 0.016800
0.668800 0.396800 0.013600
0.125600 0.397600 0.008800
0.137600 0.397600 0.011200
0.627200 0.397600 0.005600
0.145600 0.398400 0.004800
0.638400 0.398400 0.008800
0.545600 0.399200 0.011200
0.652800 0.399200 0.011200
0.675200 0.399200 0.013600
0.688800 0.400800 0.010400
0.705600 0.400800 0.010400
0.712000 0.400800 0.004800
0.720800 0.400800 0.007200
0.732000 0.400800 0.008800
0.745600 0.401600 0.008800
0.761600 0.401600 0.010400
0.790400 0.402400 0.008800
0.776800 0.403200 0.011200
0.801600 0.403200 0.008800
0.815200 0.404800 0.008800
0.828800 0.406400 0.020800
0.446400 0.416800 0.011200
0.458400 0.417600 0.008800
0.472000 0.419200 0.005600
0.480800 0.419200 0.013600
