0.489600 0.036800 0.016000
0.484000 0.045600 0.023200
0.477600 0.052800 0.006400
0.472000 0.058400 0.013600
0.463200 0.071200 0.014400
0.239200 0.072800 0.011200
0.252800 0.072800 0.008800
0.206400 0.073600 0.024800
0.225600 0.073600 0.008800
0.270400 0.073600 0.023200
0.458400 0.078400 0.004800
0.454400 0.084800 0.004800
0.781600 0.088800 0.020800
0.448800 0.091200 0.004800
0.441600 0.096000 0.014400
0.236800 0.099200 0.011200
0.372000 0.100800 0.005600
0.243200 0.101600 0.005600
0.260800 0.101600 0.007200
0.331200 0.101600 0.007200
0.344800 0.101600 0.008000
0.363200 0.101600 0.005600
0.252000 0.102400 0.005600
0.271200 0.102400 0.007200
0.280000 0.102400 0.011200
0.285600 0.102400 0.010400
0.355200 0.102400 0.005600
0.384000 0.102400 0.008000
0.297600 0.103200 0.008000
0.308800 0.103200 0.007200
0.436800 0.103200 0.008000
0.319200 0.104000 0.007200
0.396800 0.104000 0.007200
0.406400 0.104000 0.008800
0.519200 0.110400 0.007200
0.551200 0.110400 0.007200
0.560800 0.110400 0.015200
0.528800 0.111200 0.007200
0.428800 0.112000 0.008000
0.494400 0.112000 0.007200
0.507200 0.112000 0.008000
0.540800 0.112000 0.008800
0.484800 0.112800 0.008000
0.236000 0.114400 0.008000
0.328800 0.115200 0.007200
0.340800 0.115200 0.008000
0.362400 0.115200 0.007200
0.384800 0.115200 0.008800
0.419200 0.115200 0.005600
0.247200 0.116000 0.007200
0.320800 0.116000 0.005600
0.372800 0.116000 0.007200
0.399200 0.116000 0.007200
0.409600 0.116000 0.005600
0.789600 0.116000 0.012800
0.799200 0.116000 0.008800
0.257600 0.116800 0.007200
0.267200 0.116800 0.007200
0.279200 0.116800 0.007200
0.291200 0.117600 0.007200
0.300800 0.117600 0.006400
0.311200 0.118400 0.006400
0.490400 0.124800 0.006400
0.438400 0.132800 0.011200
0.367200 0.133600 0.011200
0.384000 0.133600 0.008800
0.653600 0.133600 0.005600
0.770400 0.133600 0.013600
0.805600 0.133600 0.011200
0.352800 0.134400 0.008800
0.411200 0.134400 0.011200
0.425600 0.134400 0.008800
0.608800 0.134400 0.008800
0.632000 0.134400 0.008800
0.644800 0.134400 0.007200
0.671200 0.134400 0.013600
0.754400 0.134400 0.008800
0.790400 0.134400 0.008800
0.340000 0.135200 0.008000
0.469600 0.135200 0.011200
0.598400 0.135200 0.005600
0.620800 0.135200 0.008000
0.660800 0.135200 0.005600
0.691200 0.135200 0.008800
0.708800 0.135200 0.011200
0.739200 0.135200 0.011200
0.780000 0.135200 0.004800
0.190400 0.136000 0.011200
0.396800 0.136000 0.008000
0.454400 0.136000 0.008800
0.485600 0.136000 0.008800
0.497600 0.136000 0.016000
0.505600 0.136000 0.015200
0.680000 0.136000 0.007200
0.722400 0.136000 0.011200
0.821600 0.136000 0.013600
0.528800 0.136800 0.008800
0.542400 0.136800 0.008800
0.558400 0.136800 0.011200
0.574400 0.136800 0.009600
0.587200 0.136800 0.008000
0.216800 0.137600 0.011200
0.292000 0.137600 0.008800
0.304000 0.137600 0.008000
0.316000 0.137600 0.008800
0.516000 0.137600 0.008000
0.204800 0.138400 0.008800
0.236000 0.138400 0.008800
0.247200 0.138400 0.007200
0.263200 0.138400 0.011200
0.279200 0.138400 0.008800
0.328800 0.138400 0.008800
0.253600 0.148800 0.003200
0.800000 0.156800 0.011200
0.367200 0.157600 0.011200
0.383200 0.157600 0.011200
0.422400 0.157600 0.011200
0.450400 0.157600 0.008800
0.463200 0.157600 0.008800
0.588000 0.157600 0.013600
0.205600 0.158400 0.011200
0.346400 0.158400 0.007200
0.355200 0.158400 0.008800
0.437600 0.158400 0.008800
0.477600 0.158400 0.008800
0.487200 0.158400 0.008800
0.541600 0.158400 0.011200
0.601600 0.158400 0.011200
0.616000 0.158400 0.008800
0.706400 0.158400 0.011200
0.720000 0.158400 0.008800
0.214400 0.159200 0.003200
0.222400 0.159200 0.011200
0.235200 0.159200 0.008800
0.278400 0.159200 0.011200
0.322400 0.159200 0.010400
0.336000 0.159200 0.008800
0.396800 0.159200 0.008000
0.557600 0.159200 0.008800
0.580000 0.159200 0.015200
0.629600 0.159200 0.010400
0.648000 0.159200 0.011200
0.660800 0.159200 0.005600
0.668800 0.159200 0.013600
0.732800 0.159200 0.008800
0.190400 0.160000 0.011200
0.249600 0.160000 0.008800
0.296000 0.160000 0.008800
0.408800 0.160000 0.008800
0.500800 0.160000 0.008800
0.519200 0.160000 0.007200
0.529600 0.160000 0.008800
0.683200 0.160000 0.011200
0.696800 0.160000 0.008800
0.743200 0.160000 0.005600
0.752000 0.160000 0.013600
0.768800 0.160000 0.011200
0.783200 0.160000 0.009600
0.815200 0.160000 0.011200
0.264800 0.160800 0.010400
0.307200 0.160800 0.008800
0.509600 0.160800 0.005600
0.568800 0.160800 0.008800
0.831200 0.161600 0.013600
0.204800 0.177600 0.009600
0.221600 0.177600 0.009600
0.191200 0.178400 0.010400
0.236000 0.180800 0.008800
0.344000 0.180800 0.007200
0.457600 0.180800 0.011200
0.491200 0.180800 0.012000
0.583200 0.180800 0.011200
0.276000 0.181600 0.008800
0.300000 0.181600 0.008800
0.400800 0.181600 0.016800
0.405600 0.181600 0.012800
0.553600 0.181600 0.009600
0.250400 0.182400 0.008800
0.263200 0.182400 0.008000
0.288000 0.182400 0.007200
0.312000 0.182400 0.008800
0.323200 0.182400 0.008000
0.334400 0.182400 0.005600
0.355200 0.182400 0.008000
0.448800 0.182400 0.005600
0.510400 0.182400 0.010400
0.526400 0.182400 0.008800
0.538400 0.182400 0.008800
0.708000 0.182400 0.010400
0.368000 0.183200 0.008800
0.379200 0.183200 0.008800
0.391200 0.183200 0.007200
0.414400 0.183200 0.005600
0.428800 0.183200 0.013600
0.439200 0.183200 0.013600
0.472000 0.183200 0.010400
0.568000 0.183200 0.008800
0.599200 0.183200 0.008800
0.613600 0.183200 0.012800
0.631200 0.184000 0.011200
0.645600 0.184000 0.008800
0.680000 0.184000 0.010400
0.663200 0.184800 0.011200
0.693600 0.184800 0.008800
0.738400 0.184800 0.008800
0.808800 0.184800 0.008800
0.721600 0.185600 0.011200
0.796000 0.185600 0.008000
0.822400 0.185600 0.016800
0.755200 0.186400 0.012000
0.772000 0.187200 0.008800
0.784000 0.187200 0.008800
0.629600 0.195200 0.004800
0.336800 0.196000 0.007200
0.189600 0.200800 0.008800
0.200800 0.201600 0.008800
0.216800 0.204000 0.011200
0.284800 0.204000 0.010400
0.233600 0.204800 0.011200
0.257600 0.204800 0.008800
0.297600 0.205600 0.008800
0.488800 0.205600 0.008800
0.502400 0.205600 0.011200
0.521600 0.205600 0.013600
0.532000 0.205600 0.011200
0.244800 0.206400 0.008800
0.270400 0.206400 0.008800
0.310400 0.206400 0.008800
0.548800 0.206400 0.012000
0.568800 0.206400 0.011200
0.324000 0.207200 0.008800
0.388800 0.207200 0.008800
0.401600 0.207200 0.011200
0.420800 0.207200 0.009600
0.469600 0.207200 0.012800
0.588000 0.207200 0.012800
0.656800 0.207200 0.011200
0.372000 0.208000 0.011200
0.433600 0.208000 0.005600
0.440800 0.208000 0.005600
0.453600 0.208000 0.008800
0.607200 0.208000 0.010400
0.640800 0.208000 0.008800
0.672800 0.208000 0.011200
0.688800 0.208000 0.011200
0.339200 0.208800 0.008800
0.355200 0.208800 0.011200
0.621600 0.208800 0.012800
0.705600 0.209600 0.010400
0.721600 0.211200 0.011200
0.742400 0.212000 0.011200
0.757600 0.212000 0.008800
0.772800 0.212000 0.010400
0.788800 0.212800 0.011200
0.804000 0.213600 0.011200
0.816800 0.213600 0.008800
0.829600 0.216000 0.020000
0.190400 0.220800 0.012800
0.209600 0.224800 0.011200
0.247200 0.226400 0.008800
0.291200 0.226400 0.008800
0.226400 0.227200 0.008800
0.239200 0.227200 0.008800
0.260000 0.227200 0.008800
0.306400 0.227200 0.008800
0.339200 0.227200 0.007200
0.273600 0.228000 0.010400
0.320800 0.228000 0.010400
0.390400 0.228000 0.012000
0.348000 0.228800 0.013600
0.516800 0.228800 0.010400
0.362400 0.229600 0.008800
0.408800 0.229600 0.008800
0.422400 0.229600 0.008800
0.374400 0.230400 0.010400
0.436000 0.230400 0.008800
0.448000 0.230400 0.008800
0.460000 0.231200 0.008800
0.504000 0.231200 0.008800
0.471200 0.232000 0.008800
0.491200 0.232000 0.016800
0.532800 0.232000 0.010400
0.558400 0.232000 0.008800
0.569600 0.232000 0.008800
0.631200 0.232000 0.010400
0.544800 0.232800 0.008800
0.604000 0.232800 0.009600
0.618400 0.233600 0.008800
0.648000 0.233600 0.011200
0.582400 0.234400 0.007200
0.592800 0.234400 0.007200
0.694400 0.234400 0.008800
0.684000 0.235200 0.016800
0.664800 0.236000 0.008800
0.677600 0.236000 0.013600
0.706400 0.236000 0.016800
0.743200 0.237600 0.011200
0.726400 0.238400 0.011200
0.760000 0.239200 0.011200
0.332800 0.240000 0.005600
0.341600 0.240000 0.005600
0.805600 0.240000 0.008800
0.833600 0.240000 0.016800
0.774400 0.240800 0.012800
0.783200 0.240800 0.004800
0.792000 0.240800 0.012800
0.820000 0.240800 0.009600
0.615200 0.244000 0.004000
0.184800 0.246400 0.013600
0.191200 0.248000 0.012800
0.204800 0.249600 0.008800
0.216800 0.249600 0.008800
0.229600 0.249600 0.012800
0.263200 0.249600 0.009600
0.279200 0.250400 0.011200
0.293600 0.250400 0.013600
0.247200 0.252000 0.011200
0.312000 0.252000 0.013600
0.426400 0.252800 0.004800
0.495200 0.252800 0.004800
0.522400 0.252800 0.011200
0.352000 0.253600 0.010400
0.367200 0.253600 0.008800
0.379200 0.253600 0.008000
0.419200 0.253600 0.011200
0.391200 0.254400 0.010400
0.407200 0.254400 0.008800
0.436800 0.254400 0.008000
0.446400 0.254400 0.007200
0.476000 0.254400 0.008800
0.487200 0.254400 0.007200
0.505600 0.254400 0.008800
0.322400 0.255200 0.019200
0.336800 0.255200 0.011200
0.539200 0.255200 0.010400
0.460800 0.256000 0.010400
0.576800 0.256000 0.013600
0.556000 0.256800 0.011200
0.568800 0.256800 0.015200
0.592800 0.256800 0.011200
0.608800 0.257600 0.012800
0.628800 0.259200 0.011200
0.644800 0.260800 0.008800
0.658400 0.261600 0.008800
0.672000 0.262400 0.009600
0.690400 0.262400 0.012800
0.708000 0.264000 0.012800
0.715200 0.264000 0.013600
0.728800 0.264800 0.008800
0.754400 0.264800 0.008800
0.740800 0.265600 0.008800
0.784000 0.265600 0.010400
0.812800 0.265600 0.008800
0.768800 0.266400 0.008800
0.799200 0.266400 0.009600
0.824800 0.267200 0.016800
0.188000 0.271200 0.011200
0.202400 0.272800 0.009600
0.216800 0.272800 0.008800
0.856800 0.272800 0.009600
0.869600 0.273600 0.007200
0.879200 0.273600 0.007200
0.232800 0.275200 0.010400
0.888800 0.275200 0.006400
0.897600 0.275200 0.005600
0.936000 0.275200 0.013600
0.247200 0.276000 0.010400
0.904800 0.276000 0.012800
0.916000 0.276000 0.008800
0.927200 0.276000 0.011200
0.941600 0.276000 0.020000
0.264000 0.276800 0.008800
0.276000 0.276800 0.008800
0.950400 0.276800 0.013600
0.289600 0.277600 0.008800
0.390400 0.277600 0.010400
0.304000 0.278400 0.009600
0.451200 0.278400 0.013600
0.475200 0.278400 0.011200
0.488800 0.279200 0.008800
0.318400 0.280000 0.008800
0.345600 0.280000 0.010400
0.363200 0.280000 0.010400
0.406400 0.280000 0.009600
0.420000 0.280000 0.009600
0.434400 0.280000 0.011200
0.508000 0.280000 0.012800
0.376800 0.280800 0.008800
0.330400 0.281600 0.008800
0.524000 0.281600 0.012800
0.539200 0.281600 0.005600
0.560000 0.281600 0.008800
0.570400 0.281600 0.016800
0.576000 0.281600 0.012800
0.168000 0.282400 0.011200
0.548800 0.282400 0.008800
0.583200 0.282400 0.017600
0.597600 0.282400 0.011200
0.604000 0.282400 0.005600
0.618400 0.282400 0.011200
0.156000 0.283200 0.008800
0.636000 0.283200 0.011200
0.650400 0.284000 0.008800
0.142400 0.284800 0.016800
0.664800 0.284800 0.011200
0.107200 0.285600 0.010400
0.133600 0.285600 0.007200
0.704800 0.285600 0.005600
0.122400 0.286400 0.008800
0.680000 0.286400 0.008800
0.692800 0.286400 0.008800
0.713600 0.287200 0.007200
0.741600 0.288000 0.013600
0.726400 0.288800 0.010400
0.752000 0.288800 0.011200
0.767200 0.289600 0.008800
0.778400 0.289600 0.008800
0.791200 0.289600 0.008800
0.187200 0.290400 0.008800
0.804000 0.290400 0.008000
0.201600 0.291200 0.008800
0.814400 0.291200 0.007200
0.826400 0.291200 0.008000
0.838400 0.291200 0.008800
0.851200 0.292800 0.007200
0.860800 0.292800 0.008800
0.221600 0.294400 0.010400
0.591200 0.295200 0.004000
0.235200 0.296000 0.008000
0.247200 0.296000 0.008000
0.260800 0.296800 0.008800
0.875200 0.296800 0.008000
0.886400 0.296800 0.008800
0.903200 0.297600 0.011200
0.275200 0.299200 0.008800
0.286400 0.299200 0.008000
0.307200 0.299200 0.007200
0.317600 0.299200 0.008000
0.915200 0.299200 0.016800
0.922400 0.299200 0.013600
0.296000 0.300000 0.008800
0.334400 0.300800 0.011200
0.343200 0.301600 0.005600
0.353600 0.301600 0.008800
0.365600 0.301600 0.011200
0.417600 0.301600 0.009600
0.385600 0.302400 0.009600
0.432800 0.302400 0.008800
0.400800 0.304000 0.009600
0.446400 0.304000 0.008800
0.458400 0.304000 0.007200
0.470400 0.304800 0.008800
0.499200 0.304800 0.010400
0.484000 0.305600 0.008000
0.515200 0.305600 0.009600
0.576000 0.306400 0.011200
0.547200 0.307200 0.008800
0.533600 0.308000 0.011200
0.560800 0.308000 0.010400
0.583200 0.308000 0.005600
0.191200 0.308800 0.011200
0.591200 0.308800 0.005600
0.203200 0.309600 0.008800
0.600800 0.309600 0.008800
0.613600 0.310400 0.008800
0.628800 0.310400 0.008800
0.642400 0.310400 0.012800
0.648800 0.310400 0.013600
0.660800 0.310400 0.008800
0.695200 0.311200 0.008000
0.674400 0.312000 0.007200
0.735200 0.312000 0.008000
0.746400 0.312000 0.008800
0.684800 0.312800 0.007200
0.759200 0.312800 0.008800
0.215200 0.313600 0.008000
0.772800 0.313600 0.008800
0.227200 0.314400 0.007200
0.709600 0.314400 0.008800
0.722400 0.314400 0.008800
0.787200 0.315200 0.008800
0.239200 0.316000 0.008800
0.251200 0.316000 0.008800
0.799200 0.316800 0.008800
0.264000 0.317600 0.008800
0.277600 0.317600 0.008800
0.810400 0.317600 0.008800
0.824800 0.317600 0.011200
0.292800 0.318400 0.009600
0.307200 0.318400 0.008800
0.332800 0.320000 0.008800
0.345600 0.320000 0.008800
0.354400 0.320000 0.004000
0.320000 0.320800 0.008800
0.364000 0.320800 0.008800
0.379200 0.320800 0.008800
0.410400 0.320800 0.008000
0.391200 0.321600 0.011200
0.397600 0.321600 0.011200
0.423200 0.322400 0.007200
0.463200 0.323200 0.008000
0.476000 0.324000 0.007200
0.126400 0.324800 0.013600
0.432800 0.324800 0.008800
0.452000 0.324800 0.008000
0.488800 0.324800 0.008800
0.504000 0.324800 0.008800
0.142400 0.325600 0.011200
0.516800 0.325600 0.007200
0.541600 0.326400 0.008000
0.554400 0.326400 0.008000
0.567200 0.326400 0.008000
0.580000 0.326400 0.008000
0.593600 0.326400 0.008000
0.601600 0.326400 0.005600
0.611200 0.326400 0.007200
0.528800 0.327200 0.008000
0.622400 0.328800 0.008000
0.636800 0.329600 0.010400
0.653600 0.330400 0.008800
0.665600 0.330400 0.010400
0.728000 0.331200 0.008800
0.682400 0.332000 0.008000
0.712000 0.332000 0.008800
0.205600 0.333600 0.009600
0.695200 0.333600 0.010400
0.741600 0.333600 0.008800
0.220800 0.334400 0.008800
0.235200 0.334400 0.009600
0.191200 0.335200 0.011200
0.251200 0.335200 0.007200
0.752000 0.335200 0.008800
0.261600 0.336000 0.007200
0.600800 0.336000 0.005600
0.765600 0.336000 0.008800
0.779200 0.336000 0.007200
0.790400 0.336000 0.011200
0.308800 0.336800 0.005600
0.809600 0.336800 0.008800
0.326400 0.337600 0.005600
0.346400 0.337600 0.008800
0.824000 0.337600 0.008800
0.290400 0.338400 0.010400
0.296800 0.338400 0.008000
0.316800 0.338400 0.007200
0.332800 0.338400 0.010400
0.355200 0.338400 0.005600
0.274400 0.339200 0.008800
0.364000 0.340000 0.008800
0.388800 0.340000 0.008000
0.401600 0.340000 0.008000
0.416000 0.340000 0.010400
0.377600 0.340800 0.008000
0.443200 0.340800 0.008000
0.432000 0.341600 0.008000
0.458400 0.341600 0.008000
0.473600 0.341600 0.008800
0.507200 0.343200 0.005600
0.485600 0.344000 0.007200
0.495200 0.344000 0.008000
0.516000 0.344000 0.008800
0.528800 0.344000 0.008800
0.547200 0.344000 0.010400
0.563200 0.345600 0.008800
0.582400 0.346400 0.005600
0.589600 0.346400 0.005600
0.574400 0.347200 0.005600
0.598400 0.347200 0.008800
0.609600 0.347200 0.007200
0.619200 0.348000 0.007200
0.637600 0.348000 0.008800
0.305600 0.348800 0.004000
0.629600 0.348800 0.013600
0.648800 0.349600 0.008800
0.678400 0.349600 0.008800
0.663200 0.350400 0.008800
0.706400 0.352000 0.008800
0.722400 0.352000 0.008800
0.190400 0.352800 0.008800
0.692000 0.352800 0.008800
0.783200 0.352800 0.009600
0.124000 0.353600 0.008800
0.138400 0.353600 0.008800
0.210400 0.353600 0.008800
0.224800 0.353600 0.008000
0.237600 0.353600 0.008800
0.065600 0.354400 0.011200
0.074400 0.354400 0.005600
0.080800 0.354400 0.010400
0.091200 0.354400 0.007200
0.102400 0.354400 0.007200
0.112800 0.354400 0.007200
0.199200 0.354400 0.007200
0.736800 0.354400 0.008800
0.750400 0.354400 0.008800
0.764800 0.354400 0.009600
0.150400 0.355200 0.011200
0.255200 0.355200 0.010400
0.798400 0.355200 0.009600
0.272000 0.356000 0.008800
0.387200 0.356000 0.009600
0.284800 0.356800 0.007200
0.300000 0.356800 0.010400
0.367200 0.356800 0.004800
0.813600 0.356800 0.008800
0.822400 0.356800 0.011200
0.840000 0.356800 0.008800
0.849600 0.356800 0.005600
0.856000 0.356800 0.011200
0.868000 0.356800 0.008000
0.900800 0.356800 0.007200
0.313600 0.357600 0.008800
0.327200 0.357600 0.008000
0.341600 0.357600 0.008800
0.354400 0.357600 0.008800
0.879200 0.357600 0.007200
0.890400 0.357600 0.007200
0.374400 0.358400 0.008800
0.912000 0.358400 0.008800
0.404800 0.359200 0.008000
0.454400 0.359200 0.008800
0.924800 0.359200 0.008800
0.417600 0.360000 0.008000
0.440800 0.360000 0.008800
0.468000 0.360000 0.008800
0.428800 0.360800 0.007200
0.937600 0.361600 0.020000
0.478400 0.362400 0.004800
0.485600 0.362400 0.010400
0.498400 0.362400 0.008000
0.556800 0.363200 0.008800
0.572800 0.363200 0.009600
0.509600 0.364000 0.011200
0.526400 0.364800 0.012800
0.544000 0.364800 0.008000
0.586400 0.365600 0.008800
0.532000 0.366400 0.011200
0.606400 0.367200 0.011200
0.620800 0.368800 0.008800
0.065600 0.369600 0.009600
0.191200 0.369600 0.008800
0.631200 0.369600 0.011200
0.645600 0.369600 0.008800
0.660800 0.369600 0.008800
0.675200 0.370400 0.008800
0.100800 0.371200 0.011200
0.104800 0.371200 0.009600
0.689600 0.371200 0.008800
0.698400 0.371200 0.005600
0.090400 0.372000 0.007200
0.199200 0.372000 0.011200
0.706400 0.372000 0.011200
0.116800 0.372800 0.008000
0.211200 0.372800 0.008800
0.244000 0.372800 0.010400
0.129600 0.373600 0.008800
0.142400 0.373600 0.008800
0.226400 0.373600 0.010400
0.080000 0.374400 0.008000
0.151200 0.374400 0.005600
0.160800 0.374400 0.008800
0.256800 0.374400 0.008800
0.272000 0.374400 0.009600
0.718400 0.374400 0.008000
0.730400 0.374400 0.008000
0.380800 0.375200 0.009600
0.761600 0.375200 0.008800
0.301600 0.376000 0.008800
0.314400 0.376000 0.008800
0.352800 0.376000 0.008800
0.365600 0.376000 0.008800
0.743200 0.376000 0.011200
0.287200 0.376800 0.009600
0.397600 0.376800 0.011200
0.333600 0.377600 0.012800
0.432800 0.377600 0.008800
0.775200 0.377600 0.008800
0.787200 0.377600 0.007200
0.836000 0.377600 0.008800
0.798400 0.378400 0.007200
0.808000 0.379200 0.011200
0.823200 0.379200 0.008800
0.845600 0.379200 0.005600
0.412800 0.380000 0.011200
0.447200 0.380000 0.008800
0.459200 0.380800 0.008800
0.473600 0.381600 0.008800
0.486400 0.382400 0.008800
0.499200 0.382400 0.008000
0.512800 0.383200 0.009600
0.519200 0.383200 0.005600
0.528000 0.383200 0.007200
0.540000 0.383200 0.008000
0.568800 0.383200 0.011200
0.552800 0.384800 0.008800
0.586400 0.384800 0.011200
0.602400 0.385600 0.007200
0.615200 0.386400 0.008800
0.630400 0.387200 0.008000
0.642400 0.388000 0.008000
0.655200 0.388000 0.008800
0.060000 0.388800 0.008800
0.070400 0.388800 0.008800
0.668000 0.388800 0.008800
0.684000 0.388800 0.008800
0.076800 0.389600 0.003200
0.084000 0.389600 0.008800
0.095200 0.390400 0.008000
0.699200 0.390400 0.009600
0.144000 0.391200 0.007200
0.153600 0.391200 0.005600
0.110400 0.392000 0.009600
0.134400 0.392000 0.010400
0.192800 0.392000 0.011200
0.120800 0.392800 0.008800
0.163200 0.392800 0.012800
0.204800 0.392800 0.007200
0.713600 0.392800 0.008800
0.220000 0.393600 0.009600
0.244800 0.393600 0.008800
0.726400 0.393600 0.013600
0.258400 0.394400 0.008000
0.732800 0.394400 0.011200
0.746400 0.394400 0.008000
0.232000 0.395200 0.008800
0.281600 0.395200 0.008800
0.760000 0.395200 0.008800
0.768000 0.396000 0.005600
0.777600 0.396000 0.007200
0.270400 0.396800 0.008800
0.296000 0.396800 0.008800
0.352000 0.396800 0.010400
0.308800 0.397600 0.008800
0.323200 0.397600 0.008800
0.336000 0.397600 0.008800
0.365600 0.397600 0.016800
0.389600 0.398400 0.008800
0.405600 0.398400 0.009600
0.801600 0.398400 0.008000
0.372000 0.399200 0.012800
0.419200 0.399200 0.008800
0.432000 0.399200 0.009600
0.446400 0.399200 0.008800
0.788800 0.399200 0.008800
0.814400 0.399200 0.008800
0.828000 0.399200 0.009600
0.476800 0.400800 0.009600
0.491200 0.400800 0.008800
0.504800 0.400800 0.008800
0.461600 0.401600 0.011200
0.516800 0.401600 0.011200
0.537600 0.401600 0.010400
0.551200 0.402400 0.008800
0.564800 0.404000 0.011200
0.572800 0.404000 0.004800
0.581600 0.404000 0.011200
0.596800 0.404000 0.009600
0.060800 0.404800 0.008800
0.070400 0.405600 0.007200
0.612800 0.405600 0.008800
0.081600 0.406400 0.008800
0.635200 0.406400 0.005600
0.644800 0.406400 0.012800
0.101600 0.407200 0.008800
0.119200 0.407200 0.009600
0.138400 0.407200 0.008800
0.681600 0.407200 0.008800
0.133600 0.408000 0.008800
0.150400 0.408000 0.007200
0.160000 0.408000 0.005600
0.626400 0.408000 0.013600
0.653600 0.408000 0.004800
0.665600 0.408000 0.009600
0.696000 0.408800 0.008800
0.169600 0.410400 0.007200
0.710400 0.411200 0.008800
0.720800 0.412000 0.008800
0.732800 0.412000 0.008800
0.747200 0.412800 0.009600
0.788000 0.412800 0.007200
0.761600 0.413600 0.008800
0.772800 0.413600 0.008800
0.799200 0.414400 0.007200
0.828000 0.415200 0.008800
0.836800 0.415200 0.016000
0.813600 0.416000 0.008800
0.085600 0.423200 0.008800
0.066400 0.424000 0.012800
0.074400 0.424000 0.005600
0.112800 0.424000 0.009600
0.128800 0.424000 0.008800
0.401600 0.424000 0.008800
0.413600 0.424000 0.008800
0.098400 0.424800 0.008000
0.141600 0.424800 0.008000
0.153600 0.424800 0.008800
0.268000 0.424800 0.008800
0.256800 0.425600 0.008800
0.293600 0.425600 0.008000
0.423200 0.425600 0.005600
0.166400 0.426400 0.008000
0.280000 0.426400 0.008000
0.304000 0.426400 0.007200
0.334400 0.426400 0.010400
0.432800 0.426400 0.007200
0.314400 0.427200 0.005600
0.328000 0.427200 0.011200
0.444800 0.427200 0.008800
0.178400 0.428000 0.008800
0.190400 0.428000 0.008000
0.320800 0.428000 0.004000
0.477600 0.428000 0.012000
0.200800 0.428800 0.007200
0.211200 0.428800 0.008800
0.459200 0.428800 0.008800
0.471200 0.428800 0.016800
0.261600 0.440800 0.008800
0.297600 0.440800 0.008000
0.403200 0.440800 0.011200
0.428800 0.440800 0.004000
0.272000 0.441600 0.008800
0.285600 0.441600 0.008800
0.411200 0.441600 0.005600
0.311200 0.442400 0.008800
0.418400 0.442400 0.011200
0.435200 0.443200 0.010400
0.325600 0.444000 0.008800
0.445600 0.444000 0.005600
0.338400 0.444800 0.011200
0.453600 0.445600 0.005600
0.463200 0.446400 0.010400
0.468800 0.446400 0.012800
0.478400 0.447200 0.007200
0.553600 0.447200 0.020000
0.487200 0.448000 0.005600
0.512800 0.448000 0.008800
0.564800 0.448000 0.005600
0.571200 0.448000 0.003200
0.633600 0.448000 0.020000
0.644000 0.448000 0.013600
0.500000 0.448800 0.009600
0.523200 0.448800 0.013600
0.531200 0.448800 0.005600
0.539200 0.448800 0.011200
0.577600 0.448800 0.019200
0.588000 0.448800 0.014400
0.658400 0.448800 0.008800
0.596000 0.449600 0.005600
0.607200 0.449600 0.008800
0.620000 0.449600 0.008800
0.671200 0.450400 0.008800
0.683200 0.450400 0.019200
