240.000000 82.000000 33.000000
266.000000 82.000000 11.000000
281.000000 82.000000 11.000000
297.000000 84.000000 11.000000
315.000000 84.000000 27.000000
1038.000000 87.000000 26.000000
1048.000000 127.000000 14.000000
781.000000 129.000000 15.000000
799.000000 129.000000 11.000000
824.000000 129.000000 11.000000
841.000000 129.000000 11.000000
887.000000 129.000000 14.000000
1034.000000 129.000000 10.000000
653.000000 130.000000 12.000000
725.000000 130.000000 14.000000
758.000000 130.000000 11.000000
812.000000 130.000000 7.000000
861.000000 130.000000 17.000000
946.000000 130.000000 14.000000
982.000000 130.000000 11.000000
998.000000 130.000000 11.000000
1017.000000 130.000000 13.000000
1067.000000 130.000000 17.000000
1076.000000 130.000000 17.000000
603.000000 131.000000 11.000000
621.000000 131.000000 11.000000
635.000000 131.000000 11.000000
703.000000 131.000000 11.000000
742.000000 131.000000 10.000000
871.000000 131.000000 24.000000
903.000000 131.000000 21.000000
966.000000 131.000000 11.000000
575.000000 132.000000 6.000000
587.000000 132.000000 11.000000
672.000000 132.000000 11.000000
689.000000 132.000000 11.000000
911.000000 132.000000 17.000000
518.000000 133.000000 16.000000
562.000000 133.000000 11.000000
481.000000 134.000000 9.000000
499.000000 134.000000 13.000000
927.000000 134.000000 11.000000
459.000000 135.000000 17.000000
544.000000 135.000000 14.000000
368.000000 136.000000 16.000000
407.000000 136.000000 12.000000
426.000000 136.000000 11.000000
448.000000 136.000000 7.000000
470.000000 136.000000 7.000000
203.000000 137.000000 13.000000
388.000000 137.000000 12.000000
438.000000 137.000000 7.000000
220.000000 138.000000 11.000000
233.000000 138.000000 10.000000
261.000000 138.000000 19.000000
270.000000 138.000000 17.000000
284.000000 138.000000 9.000000
346.000000 138.000000 17.000000
357.000000 138.000000 6.000000
248.000000 139.000000 11.000000
297.000000 139.000000 11.000000
313.000000 139.000000 11.000000
329.000000 139.000000 11.000000
492.000000 160.000000 14.000000
511.000000 160.000000 11.000000
530.000000 161.000000 12.000000
549.000000 161.000000 11.000000
566.000000 161.000000 13.000000
661.000000 161.000000 12.000000
462.000000 162.000000 9.000000
611.000000 162.000000 17.000000
629.000000 162.000000 11.000000
679.000000 162.000000 11.000000
711.000000 162.000000 14.000000
802.000000 162.000000 14.000000
827.000000 162.000000 15.000000
847.000000 162.000000 14.000000
447.000000 163.000000 11.000000
585.000000 163.000000 11.000000
644.000000 163.000000 10.000000
694.000000 163.000000 11.000000
732.000000 163.000000 14.000000
756.000000 163.000000 14.000000
784.000000 163.000000 17.000000
995.000000 163.000000 14.000000
256.000000 164.000000 13.000000
400.000000 164.000000 14.000000
417.000000 164.000000 6.000000
432.000000 164.000000 11.000000
474.000000 164.000000 19.000000
775.000000 164.000000 17.000000
278.000000 165.000000 14.000000
297.000000 165.000000 11.000000
325.000000 165.000000 11.000000
344.000000 165.000000 11.000000
381.000000 165.000000 14.000000
408.000000 165.000000 7.000000
868.000000 165.000000 13.000000
884.000000 165.000000 11.000000
901.000000 165.000000 17.000000
1066.000000 165.000000 21.000000
208.000000 166.000000 17.000000
236.000000 166.000000 13.000000
311.000000 166.000000 9.000000
362.000000 166.000000 12.000000
909.000000 166.000000 17.000000
1017.000000 166.000000 15.000000
1043.000000 166.000000 16.000000
952.000000 167.000000 11.000000
970.000000 167.000000 14.000000
927.000000 169.000000 17.000000
940.000000 169.000000 7.000000
612.000000 189.000000 7.000000
655.000000 189.000000 12.000000
675.000000 189.000000 14.000000
781.000000 189.000000 9.000000
594.000000 190.000000 6.000000
604.000000 190.000000 14.000000
697.000000 190.000000 14.000000
366.000000 191.000000 16.000000
454.000000 191.000000 6.000000
465.000000 191.000000 16.000000
484.000000 191.000000 7.000000
510.000000 191.000000 7.000000
524.000000 191.000000 11.000000
586.000000 191.000000 7.000000
623.000000 191.000000 11.000000
638.000000 191.000000 11.000000
714.000000 191.000000 11.000000
735.000000 191.000000 14.000000
793.000000 191.000000 17.000000
420.000000 192.000000 14.000000
443.000000 192.000000 15.000000
493.000000 192.000000 15.000000
540.000000 192.000000 11.000000
575.000000 192.000000 17.000000
766.000000 192.000000 7.000000
968.000000 192.000000 13.000000
203.000000 193.000000 22.000000
388.000000 193.000000 11.000000
401.000000 193.000000 11.000000
556.000000 193.000000 14.000000
755.000000 193.000000 17.000000
810.000000 193.000000 11.000000
831.000000 193.000000 13.000000
988.000000 193.000000 12.000000
313.000000 194.000000 14.000000
346.000000 194.000000 12.000000
849.000000 194.000000 11.000000
864.000000 194.000000 11.000000
878.000000 194.000000 17.000000
930.000000 194.000000 9.000000
948.000000 194.000000 12.000000
330.000000 195.000000 11.000000
901.000000 195.000000 11.000000
915.000000 195.000000 11.000000
1005.000000 195.000000 11.000000
1023.000000 195.000000 13.000000
287.000000 196.000000 16.000000
241.000000 197.000000 15.000000
263.000000 197.000000 14.000000
217.000000 198.000000 11.000000
1055.000000 199.000000 11.000000
1040.000000 200.000000 11.000000
599.000000 222.000000 7.000000
608.000000 222.000000 7.000000
653.000000 222.000000 11.000000
587.000000 223.000000 17.000000
621.000000 223.000000 9.000000
668.000000 223.000000 11.000000
474.000000 224.000000 21.000000
502.000000 224.000000 14.000000
414.000000 225.000000 6.000000
424.000000 225.000000 16.000000
457.000000 225.000000 11.000000
522.000000 225.000000 14.000000
555.000000 225.000000 21.000000
564.000000 225.000000 17.000000
635.000000 225.000000 11.000000
684.000000 225.000000 14.000000
783.000000 225.000000 16.000000
401.000000 226.000000 11.000000
441.000000 226.000000 11.000000
540.000000 226.000000 11.000000
750.000000 226.000000 11.000000
764.000000 226.000000 7.000000
802.000000 226.000000 14.000000
867.000000 226.000000 14.000000
383.000000 227.000000 14.000000
712.000000 227.000000 17.000000
826.000000 227.000000 14.000000
892.000000 227.000000 17.000000
207.000000 228.000000 17.000000
248.000000 228.000000 14.000000
322.000000 228.000000 7.000000
336.000000 228.000000 11.000000
732.000000 228.000000 14.000000
848.000000 228.000000 14.000000
920.000000 228.000000 14.000000
959.000000 228.000000 17.000000
227.000000 229.000000 14.000000
268.000000 229.000000 12.000000
297.000000 229.000000 11.000000
313.000000 229.000000 17.000000
353.000000 229.000000 11.000000
368.000000 229.000000 11.000000
942.000000 230.000000 15.000000
967.000000 230.000000 17.000000
987.000000 230.000000 17.000000
1016.000000 230.000000 21.000000
282.000000 231.000000 11.000000
1033.000000 233.000000 14.000000
1055.000000 233.000000 17.000000
204.000000 257.000000 14.000000
222.000000 258.000000 11.000000
234.000000 258.000000 9.000000
248.000000 258.000000 9.000000
281.000000 259.000000 16.000000
260.000000 260.000000 17.000000
309.000000 260.000000 13.000000
332.000000 260.000000 14.000000
355.000000 260.000000 14.000000
557.000000 261.000000 17.000000
642.000000 261.000000 14.000000
387.000000 262.000000 14.000000
499.000000 262.000000 14.000000
518.000000 262.000000 11.000000
535.000000 262.000000 13.000000
670.000000 262.000000 19.000000
699.000000 262.000000 17.000000
453.000000 263.000000 14.000000
472.000000 263.000000 14.000000
621.000000 263.000000 14.000000
726.000000 263.000000 14.000000
405.000000 264.000000 10.000000
589.000000 264.000000 17.000000
602.000000 264.000000 7.000000
781.000000 264.000000 7.000000
793.000000 264.000000 7.000000
420.000000 265.000000 9.000000
750.000000 265.000000 15.000000
772.000000 266.000000 16.000000
802.000000 266.000000 16.000000
822.000000 266.000000 14.000000
432.000000 267.000000 7.000000
854.000000 267.000000 20.000000
908.000000 268.000000 17.000000
936.000000 268.000000 19.000000
948.000000 268.000000 9.000000
964.000000 268.000000 11.000000
881.000000 269.000000 21.000000
893.000000 269.000000 21.000000
976.000000 270.000000 23.000000
994.000000 270.000000 14.000000
865.000000 271.000000 23.000000
1024.000000 271.000000 19.000000
1052.000000 274.000000 20.000000
832.000000 282.000000 8.000000
252.000000 283.000000 7.000000
204.000000 286.000000 14.000000
241.000000 286.000000 18.000000
222.000000 287.000000 14.000000
337.000000 287.000000 14.000000
316.000000 288.000000 14.000000
294.000000 289.000000 14.000000
386.000000 289.000000 16.000000
408.000000 289.000000 14.000000
270.000000 290.000000 16.000000
359.000000 290.000000 14.000000
526.000000 290.000000 15.000000
584.000000 291.000000 14.000000
619.000000 291.000000 11.000000
638.000000 291.000000 16.000000
428.000000 292.000000 11.000000
503.000000 292.000000 14.000000
604.000000 292.000000 11.000000
694.000000 292.000000 11.000000
718.000000 292.000000 21.000000
458.000000 293.000000 17.000000
546.000000 293.000000 11.000000
665.000000 293.000000 11.000000
680.000000 293.000000 10.000000
735.000000 293.000000 11.000000
753.000000 293.000000 14.000000
479.000000 294.000000 17.000000
562.000000 294.000000 11.000000
772.000000 295.000000 14.000000
795.000000 296.000000 14.000000
819.000000 297.000000 13.000000
837.000000 297.000000 11.000000
857.000000 299.000000 14.000000
878.000000 299.000000 14.000000
897.000000 299.000000 12.000000
916.000000 300.000000 17.000000
988.000000 300.000000 16.000000
1009.000000 300.000000 10.000000
970.000000 301.000000 21.000000
1022.000000 301.000000 17.000000
942.000000 302.000000 14.000000
1041.000000 302.000000 11.000000
1059.000000 302.000000 14.000000
252.000000 316.000000 13.000000
206.000000 317.000000 21.000000
221.000000 317.000000 10.000000
234.000000 318.000000 11.000000
273.000000 318.000000 13.000000
294.000000 319.000000 14.000000
332.000000 319.000000 26.000000
314.000000 320.000000 13.000000
385.000000 323.000000 14.000000
447.000000 323.000000 14.000000
345.000000 324.000000 20.000000
367.000000 324.000000 11.000000
406.000000 324.000000 14.000000
470.000000 324.000000 14.000000
524.000000 324.000000 16.000000
644.000000 324.000000 17.000000
493.000000 325.000000 16.000000
549.000000 325.000000 14.000000
613.000000 325.000000 21.000000
628.000000 325.000000 10.000000
426.000000 326.000000 14.000000
568.000000 326.000000 11.000000
584.000000 326.000000 14.000000
699.000000 326.000000 17.000000
720.000000 326.000000 17.000000
732.000000 326.000000 7.000000
674.000000 328.000000 14.000000
846.000000 328.000000 17.000000
770.000000 329.000000 12.000000
785.000000 329.000000 9.000000
805.000000 329.000000 15.000000
751.000000 330.000000 14.000000
827.000000 330.000000 13.000000
873.000000 330.000000 10.000000
886.000000 330.000000 7.000000
903.000000 330.000000 14.000000
856.000000 331.000000 16.000000
982.000000 332.000000 14.000000
1003.000000 332.000000 14.000000
922.000000 333.000000 11.000000
940.000000 334.000000 14.000000
954.000000 334.000000 11.000000
1025.000000 335.000000 14.000000
1043.000000 335.000000 11.000000
1063.000000 338.000000 17.000000
716.000000 341.000000 5.000000
204.000000 344.000000 14.000000
220.000000 345.000000 14.000000
227.000000 346.000000 14.000000
241.000000 346.000000 11.000000
258.000000 348.000000 13.000000
402.000000 350.000000 13.000000
299.000000 351.000000 11.000000
363.000000 351.000000 11.000000
282.000000 352.000000 14.000000
378.000000 352.000000 16.000000
388.000000 352.000000 7.000000
571.000000 352.000000 13.000000
319.000000 353.000000 16.000000
342.000000 353.000000 14.000000
422.000000 353.000000 11.000000
549.000000 353.000000 13.000000
645.000000 353.000000 7.000000
496.000000 354.000000 11.000000
515.000000 354.000000 11.000000
530.000000 354.000000 11.000000
865.000000 354.000000 14.000000
438.000000 355.000000 11.000000
469.000000 355.000000 9.000000
587.000000 355.000000 10.000000
602.000000 355.000000 11.000000
656.000000 355.000000 7.000000
709.000000 355.000000 11.000000
725.000000 355.000000 11.000000
740.000000 355.000000 11.000000
853.000000 355.000000 11.000000
482.000000 356.000000 9.000000
618.000000 356.000000 9.000000
631.000000 356.000000 9.000000
670.000000 356.000000 11.000000
687.000000 356.000000 16.000000
755.000000 356.000000 11.000000
770.000000 356.000000 11.000000
787.000000 356.000000 11.000000
454.000000 357.000000 11.000000
816.000000 357.000000 14.000000
835.000000 357.000000 14.000000
885.000000 358.000000 11.000000
904.000000 360.000000 11.000000
930.000000 362.000000 16.000000
949.000000 362.000000 14.000000
1012.000000 364.000000 17.000000
969.000000 365.000000 13.000000
989.000000 365.000000 16.000000
1041.000000 366.000000 12.000000
1022.000000 367.000000 17.000000
1057.000000 369.000000 11.000000
1087.000000 370.000000 24.000000
1072.000000 371.000000 11.000000
201.000000 373.000000 19.000000
232.000000 375.000000 14.000000
288.000000 375.000000 10.000000
212.000000 377.000000 17.000000
250.000000 377.000000 11.000000
265.000000 377.000000 17.000000
297.000000 377.000000 14.000000
314.000000 377.000000 12.000000
361.000000 377.000000 8.000000
344.000000 378.000000 11.000000
385.000000 378.000000 14.000000
391.000000 378.000000 13.000000
406.000000 378.000000 13.000000
332.000000 379.000000 9.000000
430.000000 379.000000 13.000000
371.000000 380.000000 17.000000
461.000000 380.000000 12.000000
445.000000 381.000000 9.000000
501.000000 382.000000 14.000000
483.000000 383.000000 12.000000
529.000000 384.000000 14.000000
552.000000 384.000000 14.000000
580.000000 384.000000 11.000000
698.000000 384.000000 19.000000
568.000000 385.000000 9.000000
668.000000 385.000000 12.000000
684.000000 385.000000 11.000000
623.000000 386.000000 15.000000
644.000000 386.000000 14.000000
705.000000 386.000000 14.000000
856.000000 386.000000 21.000000
602.000000 387.000000 14.000000
725.000000 387.000000 11.000000
793.000000 387.000000 11.000000
742.000000 388.000000 11.000000
776.000000 388.000000 12.000000
810.000000 388.000000 11.000000
826.000000 388.000000 9.000000
758.000000 389.000000 11.000000
839.000000 389.000000 14.000000
865.000000 390.000000 19.000000
882.000000 391.000000 19.000000
923.000000 391.000000 14.000000
891.000000 393.000000 20.000000
906.000000 393.000000 9.000000
946.000000 395.000000 14.000000
967.000000 395.000000 11.000000
383.000000 396.000000 7.000000
983.000000 396.000000 10.000000
998.000000 396.000000 9.000000
1032.000000 396.000000 13.000000
1010.000000 397.000000 11.000000
1049.000000 397.000000 11.000000
1065.000000 397.000000 14.000000
205.000000 404.000000 21.000000
290.000000 404.000000 14.000000
273.000000 406.000000 11.000000
310.000000 406.000000 11.000000
220.000000 407.000000 9.000000
250.000000 407.000000 17.000000
328.000000 407.000000 12.000000
234.000000 409.000000 10.000000
345.000000 409.000000 11.000000
360.000000 409.000000 11.000000
510.000000 410.000000 11.000000
702.000000 410.000000 7.000000
373.000000 411.000000 11.000000
392.000000 411.000000 12.000000
460.000000 411.000000 11.000000
492.000000 411.000000 11.000000
608.000000 411.000000 13.000000
409.000000 412.000000 13.000000
433.000000 412.000000 14.000000
450.000000 412.000000 17.000000
478.000000 412.000000 11.000000
528.000000 412.000000 11.000000
560.000000 412.000000 12.000000
628.000000 412.000000 11.000000
543.000000 413.000000 10.000000
580.000000 413.000000 14.000000
590.000000 413.000000 17.000000
645.000000 413.000000 11.000000
666.000000 413.000000 14.000000
685.000000 413.000000 13.000000
732.000000 413.000000 12.000000
751.000000 413.000000 11.000000
714.000000 414.000000 11.000000
768.000000 414.000000 11.000000
781.000000 415.000000 11.000000
820.000000 415.000000 12.000000
801.000000 416.000000 13.000000
837.000000 417.000000 11.000000
855.000000 417.000000 12.000000
880.000000 420.000000 14.000000
926.000000 421.000000 14.000000
948.000000 421.000000 12.000000
1042.000000 421.000000 12.000000
970.000000 422.000000 13.000000
1021.000000 422.000000 14.000000
1057.000000 422.000000 14.000000
903.000000 423.000000 14.000000
1003.000000 424.000000 11.000000
987.000000 425.000000 10.000000
696.000000 427.000000 5.000000
221.000000 432.000000 7.000000
206.000000 433.000000 14.000000
317.000000 434.000000 14.000000
299.000000 435.000000 12.000000
231.000000 436.000000 9.000000
260.000000 436.000000 10.000000
275.000000 436.000000 14.000000
337.000000 436.000000 11.000000
245.000000 437.000000 9.000000
530.000000 437.000000 11.000000
617.000000 437.000000 11.000000
354.000000 438.000000 11.000000
376.000000 438.000000 14.000000
396.000000 438.000000 11.000000
488.000000 438.000000 11.000000
503.000000 438.000000 16.000000
545.000000 438.000000 11.000000
601.000000 438.000000 11.000000
639.000000 438.000000 14.000000
412.000000 439.000000 11.000000
431.000000 439.000000 14.000000
457.000000 439.000000 10.000000
472.000000 439.000000 11.000000
567.000000 439.000000 13.000000
585.000000 439.000000 11.000000
721.000000 440.000000 12.000000
740.000000 440.000000 11.000000
664.000000 441.000000 14.000000
700.000000 441.000000 11.000000
819.000000 441.000000 7.000000
835.000000 441.000000 11.000000
685.000000 442.000000 11.000000
758.000000 442.000000 12.000000
776.000000 442.000000 11.000000
791.000000 442.000000 10.000000
804.000000 442.000000 11.000000
848.000000 442.000000 7.000000
862.000000 444.000000 11.000000
882.000000 444.000000 13.000000
907.000000 445.000000 12.000000
944.000000 446.000000 11.000000
964.000000 446.000000 12.000000
988.000000 446.000000 11.000000
926.000000 447.000000 10.000000
1051.000000 447.000000 12.000000
1068.000000 449.000000 11.000000
999.000000 450.000000 9.000000
1012.000000 451.000000 9.000000
1028.000000 451.000000 11.000000
207.000000 460.000000 14.000000
226.000000 460.000000 12.000000
246.000000 460.000000 13.000000
270.000000 461.000000 14.000000
288.000000 461.000000 11.000000
303.000000 461.000000 17.000000
452.000000 462.000000 14.000000
517.000000 462.000000 13.000000
553.000000 462.000000 11.000000
371.000000 463.000000 13.000000
496.000000 463.000000 12.000000
536.000000 463.000000 11.000000
571.000000 463.000000 11.000000
352.000000 464.000000 11.000000
414.000000 464.000000 12.000000
432.000000 464.000000 11.000000
477.000000 464.000000 13.000000
591.000000 464.000000 12.000000
669.000000 464.000000 11.000000
721.000000 464.000000 12.000000
336.000000 465.000000 14.000000
394.000000 465.000000 12.000000
608.000000 465.000000 10.000000
650.000000 465.000000 12.000000
747.000000 465.000000 13.000000
624.000000 466.000000 14.000000
705.000000 466.000000 9.000000
764.000000 466.000000 11.000000
824.000000 466.000000 13.000000
838.000000 466.000000 11.000000
689.000000 467.000000 11.000000
859.000000 467.000000 14.000000
780.000000 468.000000 9.000000
805.000000 468.000000 7.000000
793.000000 469.000000 10.000000
884.000000 469.000000 14.000000
903.000000 469.000000 11.000000
1066.000000 469.000000 13.000000
964.000000 471.000000 11.000000
981.000000 471.000000 11.000000
922.000000 472.000000 11.000000
945.000000 472.000000 14.000000
1033.000000 472.000000 11.000000
1050.000000 472.000000 11.000000
999.000000 473.000000 11.000000
1015.000000 474.000000 11.000000
206.000000 487.000000 20.000000
219.000000 489.000000 10.000000
233.000000 490.000000 11.000000
251.000000 490.000000 17.000000
261.000000 490.000000 21.000000
275.000000 490.000000 17.000000
304.000000 490.000000 14.000000
392.000000 491.000000 11.000000
533.000000 491.000000 14.000000
597.000000 491.000000 13.000000
617.000000 491.000000 13.000000
635.000000 491.000000 11.000000
339.000000 492.000000 11.000000
438.000000 492.000000 11.000000
464.000000 492.000000 17.000000
498.000000 492.000000 4.000000
553.000000 492.000000 14.000000
326.000000 493.000000 14.000000
356.000000 493.000000 11.000000
376.000000 493.000000 12.000000
416.000000 493.000000 17.000000
486.000000 493.000000 16.000000
509.000000 493.000000 15.000000
577.000000 493.000000 13.000000
667.000000 493.000000 11.000000
726.000000 493.000000 16.000000
652.000000 494.000000 11.000000
686.000000 494.000000 13.000000
706.000000 494.000000 13.000000
759.000000 494.000000 17.000000
813.000000 494.000000 14.000000
795.000000 495.000000 13.000000
776.000000 496.000000 11.000000
832.000000 497.000000 14.000000
855.000000 497.000000 13.000000
879.000000 499.000000 16.000000
908.000000 499.000000 6.000000
919.000000 500.000000 16.000000
942.000000 500.000000 14.000000
988.000000 500.000000 14.000000
1053.000000 500.000000 14.000000
964.000000 501.000000 14.000000
1044.000000 501.000000 4.000000
1070.000000 501.000000 24.000000
897.000000 502.000000 16.000000
1014.000000 502.000000 14.000000
1033.000000 502.000000 14.000000
