0.260800 0.106400 0.017600
0.191200 0.107200 0.026400
0.208800 0.107200 0.011200
0.224000 0.107200 0.008800
0.236800 0.107200 0.008800
0.251200 0.108000 0.008800
0.825600 0.112000 0.024000
0.605600 0.153600 0.015200
0.732000 0.153600 0.013600
0.813600 0.153600 0.013600
0.625600 0.154400 0.011200
0.640800 0.154400 0.013600
0.710400 0.154400 0.015200
0.749600 0.154400 0.013600
0.774400 0.154400 0.016800
0.793600 0.154400 0.011200
0.832000 0.154400 0.008800
0.844000 0.154400 0.020800
0.662400 0.155200 0.013600
0.686400 0.155200 0.016800
0.535200 0.156000 0.013600
0.584000 0.156000 0.013600
0.185600 0.156800 0.019200
0.208800 0.156800 0.013600
0.228800 0.156800 0.013600
0.512800 0.156800 0.016800
0.557600 0.156800 0.016800
0.248000 0.158400 0.013600
0.272000 0.158400 0.016800
0.476000 0.158400 0.022400
0.445600 0.159200 0.016800
0.464800 0.159200 0.013600
0.339200 0.160000 0.016000
0.361600 0.160000 0.016000
0.384800 0.160000 0.013600
0.426400 0.160000 0.013600
0.297600 0.160800 0.016000
0.318400 0.160800 0.013600
0.407200 0.161600 0.013600
0.135200 0.170400 0.027200
0.802400 0.185600 0.008800
0.723200 0.186400 0.016800
0.792000 0.186400 0.007200
0.817600 0.186400 0.011200
0.567200 0.187200 0.013600
0.635200 0.187200 0.013600
0.657600 0.187200 0.013600
0.835200 0.187200 0.024800
0.588000 0.188000 0.015200
0.780000 0.188000 0.008800
0.544800 0.188800 0.005600
0.676800 0.188800 0.013600
0.696000 0.188800 0.019200
0.703200 0.188800 0.016800
0.732800 0.188800 0.008800
0.748000 0.188800 0.012800
0.532000 0.189600 0.017600
0.613600 0.189600 0.016000
0.765600 0.189600 0.011200
0.183200 0.190400 0.016800
0.200800 0.191200 0.011200
0.214400 0.191200 0.008800
0.403200 0.191200 0.016800
0.421600 0.191200 0.013600
0.487200 0.191200 0.013600
0.507200 0.191200 0.016800
0.231200 0.192000 0.013600
0.246400 0.192000 0.011200
0.288800 0.192000 0.016800
0.316800 0.192000 0.015200
0.340000 0.192000 0.015200
0.443200 0.192000 0.016800
0.467200 0.192000 0.013600
0.552800 0.192000 0.005600
0.264000 0.192800 0.016800
0.362400 0.192800 0.013600
0.395200 0.192800 0.016800
0.378400 0.194400 0.011200
0.136000 0.214400 0.036000
0.641600 0.221600 0.013600
0.186400 0.222400 0.019200
0.208000 0.222400 0.016800
0.603200 0.222400 0.013600
0.624800 0.222400 0.013600
0.664000 0.222400 0.016800
0.751200 0.222400 0.016000
0.796800 0.222400 0.013600
0.729600 0.223200 0.013600
0.772000 0.223200 0.016800
0.780800 0.223200 0.021600
0.235200 0.224000 0.019200
0.247200 0.224000 0.016800
0.490400 0.224000 0.015200
0.515200 0.224000 0.018400
0.563200 0.224000 0.013600
0.582400 0.224000 0.013600
0.692000 0.224000 0.016800
0.712800 0.224000 0.013600
0.816000 0.224000 0.011200
0.831200 0.224000 0.011200
0.848000 0.224000 0.024000
0.225600 0.224800 0.016800
0.257600 0.224800 0.003200
0.264000 0.224800 0.011200
0.385600 0.224800 0.013600
0.406400 0.224800 0.013600
0.428000 0.224800 0.013600
0.448800 0.224800 0.013600
0.468000 0.224800 0.013600
0.520800 0.224800 0.018400
0.542400 0.224800 0.013600
0.320800 0.225600 0.008800
0.333600 0.225600 0.008000
0.348000 0.225600 0.011200
0.365600 0.225600 0.013600
0.858400 0.225600 0.019200
0.277600 0.226400 0.019200
0.295200 0.226400 0.011200
0.308800 0.226400 0.008800
0.127200 0.236000 0.040000
0.791200 0.253600 0.013600
0.258400 0.254400 0.007200
0.591200 0.254400 0.008800
0.236800 0.255200 0.016800
0.248000 0.255200 0.005600
0.270400 0.255200 0.011200
0.550400 0.255200 0.013600
0.716800 0.255200 0.017600
0.752000 0.255200 0.013600
0.768800 0.255200 0.013600
0.811200 0.255200 0.013600
0.188000 0.256000 0.020800
0.202400 0.256000 0.008800
0.217600 0.256000 0.012800
0.352800 0.256000 0.007200
0.364000 0.256000 0.011200
0.528000 0.256000 0.013600
0.575200 0.256000 0.016800
0.735200 0.256000 0.013600
0.832800 0.256000 0.013600
0.302400 0.256800 0.005600
0.459200 0.256800 0.011200
0.495200 0.256800 0.011200
0.508800 0.256800 0.011200
0.603200 0.256800 0.019200
0.621600 0.256800 0.019200
0.647200 0.256800 0.011200
0.688800 0.256800 0.016000
0.288800 0.257600 0.011200
0.309600 0.257600 0.013600
0.324000 0.257600 0.011200
0.340000 0.257600 0.008800
0.384000 0.257600 0.015200
0.408000 0.257600 0.018400
0.441600 0.257600 0.016800
0.476800 0.257600 0.013600
0.664800 0.257600 0.013600
0.684000 0.257600 0.016800
0.852000 0.257600 0.013600
0.606400 0.286400 0.013600
0.836000 0.287200 0.013600
0.584800 0.288000 0.013600
0.718400 0.288000 0.012800
0.816800 0.288000 0.011200
0.188000 0.288800 0.019200
0.404800 0.288800 0.013600
0.476000 0.288800 0.013600
0.496800 0.288800 0.014400
0.520800 0.288800 0.013600
0.542400 0.288800 0.015200
0.652800 0.288800 0.013600
0.696000 0.288800 0.014400
0.784800 0.288800 0.016000
0.852800 0.288800 0.016800
0.208800 0.289600 0.011200
0.227200 0.289600 0.012800
0.369600 0.289600 0.011200
0.564000 0.289600 0.013600
0.629600 0.289600 0.013600
0.673600 0.289600 0.013600
0.739200 0.289600 0.012800
0.757600 0.289600 0.015200
0.802400 0.289600 0.011200
0.386400 0.290400 0.011200
0.424800 0.290400 0.016000
0.446400 0.290400 0.008800
0.457600 0.290400 0.018400
0.269600 0.291200 0.015200
0.335200 0.291200 0.011200
0.352800 0.291200 0.011200
0.246400 0.292000 0.013600
0.293600 0.292000 0.015200
0.314400 0.292000 0.013600
0.672800 0.316000 0.016800
0.472000 0.317600 0.004800
0.525600 0.317600 0.015200
0.606400 0.317600 0.013600
0.547200 0.318400 0.013600
0.567200 0.318400 0.013600
0.633600 0.318400 0.019200
0.647200 0.318400 0.018400
0.698400 0.318400 0.013600
0.448000 0.319200 0.008800
0.498400 0.319200 0.016800
0.588000 0.319200 0.011200
0.720000 0.319200 0.013600
0.463200 0.320000 0.020800
0.741600 0.320800 0.013600
0.760800 0.320800 0.013600
0.208800 0.321600 0.008800
0.221600 0.321600 0.008800
0.257600 0.321600 0.011200
0.338400 0.321600 0.014400
0.360800 0.321600 0.013600
0.388800 0.321600 0.008800
0.430400 0.321600 0.013600
0.480000 0.321600 0.013600
0.241600 0.322400 0.016800
0.317600 0.322400 0.016800
0.376800 0.322400 0.011200
0.409600 0.322400 0.015200
0.191200 0.323200 0.016800
0.233600 0.323200 0.018400
0.276000 0.323200 0.011200
0.291200 0.323200 0.008800
0.404000 0.323200 0.019200
0.830400 0.323200 0.016800
0.305600 0.324000 0.011200
0.783200 0.324000 0.013600
0.801600 0.324000 0.012800
0.818400 0.324800 0.011200
0.853600 0.324800 0.016800
0.600000 0.348800 0.016800
0.566400 0.350400 0.019200
0.672800 0.350400 0.011200
0.327200 0.351200 0.016800
0.556800 0.351200 0.019200
0.188800 0.352000 0.018400
0.516000 0.352000 0.013600
0.540000 0.352000 0.013600
0.629600 0.352000 0.022400
0.646400 0.352000 0.019200
0.657600 0.352000 0.008000
0.691200 0.352000 0.012800
0.208800 0.352800 0.013600
0.231200 0.352800 0.016800
0.239200 0.352800 0.016800
0.373600 0.352800 0.019200
0.486400 0.352800 0.019200
0.500000 0.352800 0.008800
0.724800 0.352800 0.019200
0.260800 0.353600 0.015200
0.282400 0.353600 0.013600
0.304000 0.353600 0.013600
0.349600 0.353600 0.016000
0.431200 0.353600 0.008800
0.444000 0.353600 0.019200
0.463200 0.353600 0.013600
0.578400 0.353600 0.019200
0.593600 0.353600 0.020800
0.618400 0.353600 0.020800
0.709600 0.353600 0.011200
0.734400 0.353600 0.008800
0.388000 0.354400 0.016800
0.408000 0.354400 0.016800
0.749600 0.355200 0.013600
0.817600 0.355200 0.013600
0.768800 0.356000 0.011200
0.781600 0.356000 0.008800
0.798400 0.356800 0.012800
0.836800 0.356800 0.013600
0.852800 0.356800 0.019200
0.188800 0.381600 0.016800
0.212000 0.381600 0.015200
0.236000 0.382400 0.014400
0.256000 0.383200 0.013600
0.360800 0.383200 0.013600
0.412800 0.383200 0.011200
0.287200 0.384000 0.018400
0.485600 0.384000 0.011200
0.523200 0.384000 0.011200
0.728800 0.384000 0.008800
0.780800 0.384000 0.012800
0.316000 0.384800 0.013600
0.339200 0.384800 0.013600
0.379200 0.384800 0.011200
0.396800 0.384800 0.011200
0.426400 0.384800 0.007200
0.437600 0.384800 0.017600
0.472800 0.384800 0.011200
0.502400 0.384800 0.013600
0.576000 0.384800 0.013600
0.590400 0.384800 0.008800
0.695200 0.384800 0.011200
0.744000 0.384800 0.011200
0.762400 0.384800 0.013600
0.556800 0.385600 0.013600
0.601600 0.385600 0.008800
0.634400 0.385600 0.005600
0.660800 0.385600 0.013600
0.678400 0.385600 0.011200
0.712800 0.385600 0.011200
0.800800 0.385600 0.016800
0.456000 0.386400 0.013600
0.537600 0.386400 0.011200
0.616800 0.386400 0.016800
0.642400 0.386400 0.013600
0.812000 0.386400 0.008800
0.826400 0.386400 0.011200
0.840000 0.386400 0.008800
0.852000 0.386400 0.017600
0.625600 0.387200 0.005600
0.289600 0.412000 0.008800
0.219200 0.412800 0.013600
0.275200 0.412800 0.011200
0.302400 0.412800 0.007200
0.186400 0.413600 0.016800
0.204800 0.413600 0.011200
0.237600 0.413600 0.012800
0.257600 0.413600 0.013600
0.313600 0.413600 0.008800
0.327200 0.413600 0.016800
0.347200 0.414400 0.011200
0.374400 0.414400 0.008800
0.584000 0.414400 0.008800
0.731200 0.414400 0.011200
0.752800 0.414400 0.014400
0.772000 0.414400 0.013600
0.791200 0.414400 0.013600
0.362400 0.415200 0.007200
0.696000 0.415200 0.013600
0.809600 0.415200 0.011200
0.387200 0.416000 0.008800
0.595200 0.416000 0.019200
0.678400 0.416000 0.015200
0.713600 0.416000 0.011200
0.828000 0.416000 0.015200
0.542400 0.416800 0.015200
0.612800 0.416800 0.013600
0.668800 0.416800 0.005600
0.400000 0.417600 0.011200
0.416800 0.417600 0.011200
0.496800 0.417600 0.015200
0.519200 0.417600 0.013600
0.567200 0.417600 0.013600
0.634400 0.417600 0.013600
0.851200 0.417600 0.016800
0.434400 0.418400 0.011200
0.452000 0.419200 0.013600
0.471200 0.419200 0.014400
0.648800 0.419200 0.007200
0.658400 0.419200 0.008800
0.211200 0.444000 0.015200
0.234400 0.444000 0.013600
0.185600 0.444800 0.016800
0.279200 0.444800 0.016800
0.314400 0.444800 0.008800
0.331200 0.444800 0.013600
0.346400 0.444800 0.013600
0.678400 0.444800 0.016000
0.746400 0.444800 0.017600
0.256000 0.445600 0.016800
0.300800 0.445600 0.019200
0.353600 0.445600 0.004800
0.365600 0.445600 0.016000
0.388800 0.445600 0.015200
0.412800 0.445600 0.013600
0.428800 0.445600 0.008800
0.440000 0.445600 0.008800
0.771200 0.445600 0.011200
0.464000 0.446400 0.016800
0.636800 0.446400 0.012800
0.697600 0.446400 0.011200
0.716000 0.446400 0.013600
0.786400 0.446400 0.011200
0.801600 0.446400 0.011200
0.837600 0.446400 0.013600
0.618400 0.447200 0.012800
0.817600 0.447200 0.011200
0.854400 0.447200 0.016800
0.453600 0.448000 0.020000
0.590400 0.448000 0.008800
0.602400 0.448000 0.008800
0.483200 0.448800 0.015200
0.522400 0.448800 0.016800
0.579200 0.448800 0.008800
0.656000 0.448800 0.013600
0.504000 0.449600 0.013600
0.534400 0.449600 0.020000
0.562400 0.450400 0.013600
0.544000 0.451200 0.016800
0.248000 0.474400 0.008800
0.299200 0.474400 0.016000
0.188000 0.475200 0.016800
0.233600 0.475200 0.011200
0.292800 0.475200 0.019200
0.324800 0.475200 0.016800
0.346400 0.475200 0.015200
0.264000 0.476000 0.013600
0.388000 0.476000 0.013600
0.209600 0.476800 0.015200
0.316800 0.476800 0.018400
0.367200 0.476800 0.013600
0.425600 0.476800 0.018400
0.482400 0.476800 0.011200
0.277600 0.477600 0.008800
0.412800 0.477600 0.019200
0.467200 0.477600 0.013600
0.496800 0.477600 0.011200
0.404800 0.478400 0.016800
0.524000 0.479200 0.016800
0.576800 0.479200 0.019200
0.510400 0.480000 0.011200
0.536800 0.480000 0.016800
0.519200 0.480800 0.016800
0.545600 0.480800 0.016000
0.565600 0.480800 0.008800
0.594400 0.480800 0.019200
0.628000 0.480800 0.017600
0.641600 0.480800 0.007200
0.552000 0.481600 0.019200
0.652800 0.481600 0.016800
0.716800 0.481600 0.016800
0.601600 0.482400 0.016800
0.620000 0.482400 0.016800
0.672000 0.482400 0.013600
0.692000 0.482400 0.013600
0.734400 0.483200 0.011200
0.751200 0.483200 0.013600
0.769600 0.484000 0.011200
0.784000 0.484000 0.013600
0.808000 0.484000 0.016800
0.824800 0.484000 0.016800
0.833600 0.484000 0.019200
0.847200 0.484000 0.019200
0.458400 0.504000 0.011200
0.289600 0.505600 0.008800
0.440800 0.506400 0.013600
0.473600 0.506400 0.011200
0.490400 0.506400 0.013600
0.420800 0.507200 0.013600
0.508000 0.507200 0.028000
0.242400 0.508000 0.008800
0.305600 0.508000 0.022400
0.326400 0.508000 0.013600
0.373600 0.508000 0.015200
0.399200 0.508000 0.016000
0.518400 0.508000 0.019200
0.190400 0.508800 0.019200
0.212000 0.508800 0.011200
0.228000 0.508800 0.011200
0.349600 0.508800 0.016000
0.544800 0.508800 0.019200
0.584000 0.508800 0.013600
0.256000 0.509600 0.008800
0.273600 0.509600 0.013600
0.556000 0.509600 0.020800
0.572800 0.510400 0.021600
0.623200 0.510400 0.011200
0.638400 0.511200 0.011200
0.603200 0.512000 0.013600
0.657600 0.512000 0.013600
0.673600 0.512000 0.008800
0.687200 0.512800 0.011200
0.709600 0.513600 0.016000
0.729600 0.513600 0.013600
0.749600 0.514400 0.013600
0.782400 0.514400 0.013600
0.764800 0.515200 0.008800
0.803200 0.515200 0.011200
0.816000 0.515200 0.008800
0.828800 0.515200 0.008800
0.844800 0.515200 0.010400
0.856800 0.516000 0.021600
0.926400 0.553600 0.040000
0.912000 0.556800 0.011200
0.901600 0.561600 0.022400
