225.000000 121.000000 34.000000
249.000000 124.000000 11.000000
264.000000 124.000000 7.000000
277.000000 124.000000 11.000000
310.000000 124.000000 11.000000
295.000000 125.000000 11.000000
1012.000000 141.000000 29.000000
210.000000 183.000000 25.000000
252.000000 186.000000 9.000000
240.000000 187.000000 11.000000
345.000000 187.000000 14.000000
222.000000 188.000000 31.000000
290.000000 189.000000 21.000000
385.000000 189.000000 16.000000
266.000000 190.000000 7.000000
319.000000 190.000000 20.000000
364.000000 190.000000 11.000000
408.000000 190.000000 17.000000
463.000000 190.000000 16.000000
507.000000 190.000000 21.000000
420.000000 191.000000 7.000000
439.000000 191.000000 24.000000
484.000000 191.000000 14.000000
536.000000 191.000000 28.000000
153.000000 192.000000 28.000000
276.000000 192.000000 7.000000
427.000000 192.000000 30.000000
575.000000 194.000000 14.000000
616.000000 194.000000 11.000000
666.000000 194.000000 21.000000
554.000000 195.000000 14.000000
597.000000 195.000000 14.000000
643.000000 195.000000 21.000000
702.000000 195.000000 21.000000
730.000000 196.000000 19.000000
760.000000 196.000000 20.000000
813.000000 196.000000 14.000000
789.000000 197.000000 17.000000
875.000000 198.000000 14.000000
922.000000 198.000000 14.000000
832.000000 199.000000 14.000000
898.000000 199.000000 14.000000
948.000000 199.000000 17.000000
970.000000 199.000000 14.000000
989.000000 199.000000 11.000000
853.000000 200.000000 17.000000
1010.000000 202.000000 14.000000
1028.000000 206.000000 31.000000
216.000000 225.000000 24.000000
231.000000 225.000000 28.000000
251.000000 227.000000 14.000000
288.000000 227.000000 14.000000
308.000000 227.000000 17.000000
405.000000 227.000000 20.000000
431.000000 227.000000 14.000000
325.000000 228.000000 17.000000
350.000000 228.000000 17.000000
373.000000 228.000000 14.000000
393.000000 228.000000 21.000000
267.000000 230.000000 14.000000
418.000000 230.000000 7.000000
488.000000 230.000000 13.000000
449.000000 231.000000 14.000000
469.000000 231.000000 14.000000
505.000000 231.000000 14.000000
526.000000 232.000000 14.000000
550.000000 233.000000 17.000000
578.000000 233.000000 16.000000
598.000000 233.000000 14.000000
615.000000 233.000000 24.000000
637.000000 233.000000 17.000000
699.000000 233.000000 14.000000
145.000000 234.000000 21.000000
682.000000 234.000000 11.000000
663.000000 235.000000 17.000000
727.000000 236.000000 21.000000
655.000000 237.000000 21.000000
770.000000 237.000000 26.000000
721.000000 238.000000 24.000000
753.000000 238.000000 14.000000
791.000000 239.000000 14.000000
816.000000 240.000000 20.000000
845.000000 242.000000 24.000000
953.000000 242.000000 19.000000
860.000000 244.000000 14.000000
933.000000 244.000000 14.000000
977.000000 244.000000 11.000000
993.000000 244.000000 11.000000
1011.000000 244.000000 13.000000
1030.000000 244.000000 17.000000
883.000000 245.000000 16.000000
913.000000 245.000000 21.000000
905.000000 246.000000 20.000000
140.000000 258.000000 42.000000
214.000000 260.000000 21.000000
250.000000 260.000000 20.000000
296.000000 266.000000 20.000000
327.000000 266.000000 20.000000
354.000000 267.000000 21.000000
416.000000 267.000000 24.000000
458.000000 267.000000 18.000000
391.000000 268.000000 19.000000
487.000000 268.000000 20.000000
521.000000 270.000000 17.000000
544.000000 270.000000 21.000000
554.000000 270.000000 21.000000
577.000000 271.000000 21.000000
609.000000 272.000000 21.000000
616.000000 273.000000 19.000000
697.000000 273.000000 14.000000
639.000000 274.000000 14.000000
657.000000 274.000000 17.000000
683.000000 274.000000 23.000000
717.000000 274.000000 21.000000
979.000000 275.000000 21.000000
779.000000 276.000000 20.000000
807.000000 276.000000 17.000000
831.000000 276.000000 17.000000
749.000000 278.000000 17.000000
862.000000 278.000000 21.000000
1029.000000 278.000000 17.000000
1002.000000 279.000000 17.000000
884.000000 280.000000 16.000000
929.000000 282.000000 30.000000
907.000000 283.000000 17.000000
939.000000 283.000000 22.000000
209.000000 295.000000 24.000000
225.000000 295.000000 9.000000
242.000000 298.000000 21.000000
266.000000 300.000000 16.000000
289.000000 300.000000 14.000000
311.000000 300.000000 16.000000
336.000000 303.000000 17.000000
388.000000 304.000000 17.000000
408.000000 304.000000 14.000000
363.000000 305.000000 17.000000
425.000000 306.000000 21.000000
494.000000 307.000000 20.000000
451.000000 308.000000 16.000000
470.000000 308.000000 14.000000
511.000000 309.000000 7.000000
525.000000 309.000000 20.000000
550.000000 309.000000 19.000000
580.000000 310.000000 17.000000
630.000000 310.000000 17.000000
714.000000 310.000000 24.000000
606.000000 311.000000 14.000000
728.000000 311.000000 17.000000
654.000000 312.000000 14.000000
750.000000 312.000000 16.000000
676.000000 313.000000 17.000000
772.000000 313.000000 17.000000
980.000000 313.000000 17.000000
801.000000 314.000000 20.000000
1028.000000 314.000000 14.000000
700.000000 315.000000 20.000000
1005.000000 315.000000 14.000000
830.000000 316.000000 21.000000
846.000000 316.000000 17.000000
869.000000 316.000000 19.000000
1043.000000 316.000000 26.000000
215.000000 336.000000 21.000000
238.000000 336.000000 17.000000
290.000000 338.000000 14.000000
264.000000 339.000000 17.000000
329.000000 339.000000 14.000000
309.000000 341.000000 11.000000
352.000000 341.000000 14.000000
373.000000 341.000000 14.000000
398.000000 342.000000 17.000000
444.000000 344.000000 21.000000
417.000000 345.000000 17.000000
479.000000 345.000000 19.000000
513.000000 345.000000 20.000000
541.000000 346.000000 19.000000
574.000000 346.000000 19.000000
952.000000 347.000000 14.000000
628.000000 348.000000 18.000000
896.000000 348.000000 21.000000
919.000000 348.000000 28.000000
935.000000 348.000000 11.000000
971.000000 348.000000 14.000000
601.000000 349.000000 17.000000
861.000000 349.000000 17.000000
658.000000 350.000000 17.000000
685.000000 350.000000 17.000000
748.000000 350.000000 14.000000
798.000000 350.000000 19.000000
832.000000 350.000000 19.000000
701.000000 351.000000 21.000000
725.000000 351.000000 17.000000
771.000000 351.000000 17.000000
1001.000000 352.000000 24.000000
1020.000000 352.000000 11.000000
990.000000 353.000000 23.000000
1036.000000 353.000000 24.000000
220.000000 376.000000 21.000000
248.000000 376.000000 17.000000
285.000000 376.000000 11.000000
303.000000 377.000000 14.000000
272.000000 379.000000 21.000000
319.000000 379.000000 11.000000
337.000000 380.000000 14.000000
376.000000 380.000000 7.000000
400.000000 380.000000 17.000000
385.000000 381.000000 24.000000
435.000000 381.000000 21.000000
459.000000 381.000000 17.000000
361.000000 382.000000 20.000000
424.000000 382.000000 21.000000
485.000000 382.000000 19.000000
516.000000 383.000000 17.000000
561.000000 383.000000 14.000000
632.000000 384.000000 14.000000
540.000000 385.000000 14.000000
584.000000 385.000000 16.000000
609.000000 385.000000 17.000000
646.000000 386.000000 24.000000
882.000000 387.000000 21.000000
668.000000 388.000000 16.000000
691.000000 388.000000 16.000000
908.000000 388.000000 21.000000
922.000000 389.000000 28.000000
760.000000 390.000000 14.000000
814.000000 390.000000 14.000000
832.000000 390.000000 11.000000
849.000000 390.000000 24.000000
946.000000 390.000000 17.000000
972.000000 390.000000 17.000000
999.000000 390.000000 18.000000
1034.000000 390.000000 21.000000
714.000000 391.000000 14.000000
737.000000 391.000000 16.000000
781.000000 391.000000 24.000000
793.000000 393.000000 21.000000
252.000000 415.000000 14.000000
220.000000 416.000000 23.000000
274.000000 417.000000 14.000000
294.000000 417.000000 14.000000
310.000000 417.000000 11.000000
409.000000 418.000000 11.000000
390.000000 420.000000 24.000000
425.000000 420.000000 24.000000
323.000000 421.000000 21.000000
344.000000 421.000000 16.000000
449.000000 421.000000 16.000000
470.000000 421.000000 14.000000
508.000000 421.000000 17.000000
557.000000 421.000000 11.000000
366.000000 422.000000 17.000000
488.000000 422.000000 11.000000
536.000000 423.000000 17.000000
574.000000 425.000000 14.000000
809.000000 425.000000 21.000000
907.000000 425.000000 14.000000
968.000000 425.000000 17.000000
1004.000000 425.000000 14.000000
1027.000000 425.000000 17.000000
595.000000 426.000000 23.000000
628.000000 426.000000 14.000000
649.000000 426.000000 19.000000
656.000000 426.000000 21.000000
702.000000 426.000000 17.000000
725.000000 426.000000 14.000000
833.000000 426.000000 17.000000
885.000000 426.000000 14.000000
924.000000 426.000000 11.000000
989.000000 426.000000 11.000000
608.000000 427.000000 11.000000
677.000000 427.000000 14.000000
766.000000 427.000000 17.000000
861.000000 427.000000 17.000000
940.000000 427.000000 14.000000
747.000000 428.000000 14.000000
242.000000 452.000000 17.000000
218.000000 453.000000 21.000000
266.000000 453.000000 17.000000
287.000000 453.000000 14.000000
309.000000 454.000000 16.000000
333.000000 455.000000 17.000000
351.000000 456.000000 17.000000
1003.000000 456.000000 21.000000
254.000000 457.000000 7.000000
1029.000000 457.000000 11.000000
374.000000 458.000000 17.000000
969.000000 458.000000 14.000000
1043.000000 458.000000 23.000000
425.000000 459.000000 20.000000
506.000000 459.000000 14.000000
986.000000 459.000000 11.000000
398.000000 460.000000 17.000000
457.000000 460.000000 17.000000
484.000000 460.000000 17.000000
527.000000 460.000000 14.000000
615.000000 461.000000 14.000000
825.000000 461.000000 19.000000
914.000000 461.000000 17.000000
942.000000 461.000000 17.000000
545.000000 462.000000 14.000000
566.000000 462.000000 19.000000
594.000000 462.000000 14.000000
738.000000 462.000000 17.000000
773.000000 462.000000 19.000000
798.000000 462.000000 17.000000
860.000000 462.000000 17.000000
885.000000 462.000000 17.000000
636.000000 463.000000 17.000000
668.000000 465.000000 21.000000
694.000000 465.000000 16.000000
714.000000 465.000000 14.000000
220.000000 488.000000 19.000000
246.000000 491.000000 14.000000
284.000000 491.000000 14.000000
999.000000 491.000000 20.000000
1028.000000 491.000000 14.000000
263.000000 492.000000 14.000000
372.000000 492.000000 17.000000
354.000000 493.000000 11.000000
950.000000 493.000000 17.000000
971.000000 493.000000 19.000000
1047.000000 493.000000 14.000000
306.000000 494.000000 14.000000
329.000000 494.000000 19.000000
400.000000 494.000000 17.000000
838.000000 494.000000 18.000000
868.000000 494.000000 17.000000
892.000000 494.000000 14.000000
909.000000 494.000000 11.000000
925.000000 494.000000 14.000000
429.000000 495.000000 19.000000
784.000000 495.000000 18.000000
808.000000 495.000000 17.000000
462.000000 496.000000 20.000000
495.000000 497.000000 14.000000
754.000000 498.000000 17.000000
515.000000 499.000000 14.000000
553.000000 499.000000 21.000000
643.000000 499.000000 11.000000
659.000000 499.000000 14.000000
708.000000 499.000000 14.000000
731.000000 499.000000 16.000000
621.000000 500.000000 17.000000
533.000000 501.000000 11.000000
584.000000 501.000000 21.000000
682.000000 501.000000 16.000000
220.000000 523.000000 21.000000
260.000000 525.000000 17.000000
273.000000 525.000000 11.000000
241.000000 526.000000 14.000000
292.000000 526.000000 17.000000
310.000000 526.000000 9.000000
382.000000 526.000000 11.000000
326.000000 527.000000 17.000000
352.000000 527.000000 17.000000
370.000000 528.000000 9.000000
400.000000 529.000000 14.000000
436.000000 529.000000 21.000000
425.000000 530.000000 20.000000
458.000000 530.000000 16.000000
1022.000000 530.000000 20.000000
492.000000 531.000000 11.000000
778.000000 531.000000 14.000000
922.000000 531.000000 17.000000
476.000000 532.000000 24.000000
541.000000 532.000000 19.000000
573.000000 532.000000 17.000000
799.000000 532.000000 14.000000
945.000000 532.000000 16.000000
968.000000 532.000000 21.000000
981.000000 532.000000 24.000000
999.000000 532.000000 14.000000
1040.000000 532.000000 27.000000
512.000000 533.000000 16.000000
858.000000 533.000000 19.000000
885.000000 533.000000 18.000000
598.000000 534.000000 16.000000
619.000000 534.000000 11.000000
686.000000 534.000000 16.000000
757.000000 534.000000 14.000000
831.000000 534.000000 21.000000
735.000000 535.000000 14.000000
635.000000 536.000000 21.000000
659.000000 536.000000 17.000000
711.000000 536.000000 17.000000
817.000000 536.000000 11.000000
247.000000 558.000000 17.000000
217.000000 559.000000 21.000000
240.000000 559.000000 21.000000
270.000000 559.000000 17.000000
287.000000 559.000000 17.000000
311.000000 561.000000 16.000000
349.000000 561.000000 17.000000
332.000000 563.000000 14.000000
372.000000 564.000000 17.000000
395.000000 564.000000 16.000000
416.000000 564.000000 14.000000
434.000000 564.000000 14.000000
475.000000 564.000000 17.000000
488.000000 564.000000 7.000000
545.000000 564.000000 11.000000
457.000000 565.000000 17.000000
1020.000000 565.000000 14.000000
1039.000000 565.000000 14.000000
505.000000 566.000000 21.000000
959.000000 566.000000 14.000000
997.000000 566.000000 16.000000
873.000000 567.000000 20.000000
526.000000 568.000000 17.000000
562.000000 568.000000 17.000000
604.000000 568.000000 17.000000
743.000000 568.000000 21.000000
777.000000 568.000000 17.000000
932.000000 568.000000 20.000000
974.000000 568.000000 14.000000
800.000000 569.000000 14.000000
581.000000 570.000000 14.000000
634.000000 570.000000 17.000000
893.000000 570.000000 20.000000
697.000000 571.000000 21.000000
715.000000 571.000000 17.000000
822.000000 571.000000 21.000000
840.000000 573.000000 19.000000
224.000000 597.000000 21.000000
314.000000 597.000000 17.000000
260.000000 598.000000 16.000000
283.000000 598.000000 17.000000
339.000000 598.000000 14.000000
355.000000 598.000000 11.000000
371.000000 598.000000 14.000000
448.000000 598.000000 20.000000
495.000000 598.000000 17.000000
411.000000 599.000000 14.000000
996.000000 599.000000 21.000000
1038.000000 599.000000 17.000000
391.000000 600.000000 14.000000
432.000000 600.000000 14.000000
457.000000 600.000000 17.000000
505.000000 600.000000 19.000000
1021.000000 600.000000 17.000000
477.000000 601.000000 11.000000
521.000000 601.000000 14.000000
545.000000 602.000000 16.000000
624.000000 602.000000 16.000000
754.000000 602.000000 17.000000
778.000000 602.000000 14.000000
964.000000 602.000000 17.000000
650.000000 603.000000 16.000000
671.000000 603.000000 9.000000
809.000000 603.000000 21.000000
838.000000 603.000000 20.000000
943.000000 603.000000 21.000000
568.000000 604.000000 17.000000
685.000000 604.000000 19.000000
876.000000 604.000000 14.000000
896.000000 605.000000 17.000000
599.000000 606.000000 17.000000
827.000000 606.000000 14.000000
852.000000 606.000000 17.000000
708.000000 607.000000 11.000000
737.000000 607.000000 14.000000
216.000000 628.000000 31.000000
238.000000 628.000000 14.000000
258.000000 629.000000 14.000000
331.000000 629.000000 17.000000
372.000000 629.000000 17.000000
406.000000 629.000000 17.000000
478.000000 629.000000 17.000000
305.000000 630.000000 21.000000
428.000000 630.000000 14.000000
601.000000 630.000000 17.000000
276.000000 631.000000 21.000000
353.000000 631.000000 17.000000
453.000000 631.000000 17.000000
536.000000 631.000000 21.000000
559.000000 631.000000 14.000000
394.000000 632.000000 26.000000
499.000000 632.000000 17.000000
577.000000 632.000000 14.000000
626.000000 633.000000 17.000000
717.000000 633.000000 17.000000
832.000000 633.000000 21.000000
1012.000000 633.000000 24.000000
1053.000000 633.000000 28.000000
1068.000000 633.000000 34.000000
741.000000 634.000000 19.000000
772.000000 634.000000 19.000000
947.000000 634.000000 16.000000
972.000000 634.000000 17.000000
644.000000 635.000000 17.000000
664.000000 635.000000 17.000000
691.000000 635.000000 17.000000
805.000000 635.000000 17.000000
869.000000 635.000000 17.000000
897.000000 635.000000 16.000000
923.000000 635.000000 17.000000
1041.000000 635.000000 21.000000
