522.000000 319.000000 16.000000
534.000000 319.000000 21.000000
546.000000 320.000000 10.000000
561.000000 320.000000 11.000000
581.000000 320.000000 13.000000
603.000000 320.000000 17.000000
614.000000 320.000000 7.000000
624.000000 321.000000 16.000000
630.000000 321.000000 11.000000
664.000000 323.000000 9.000000
675.000000 323.000000 7.000000
683.000000 323.000000 12.000000
721.000000 323.000000 14.000000
651.000000 324.000000 16.000000
690.000000 324.000000 12.000000
698.000000 324.000000 11.000000
705.000000 324.000000 4.000000
766.000000 324.000000 7.000000
784.000000 324.000000 5.000000
711.000000 325.000000 11.000000
746.000000 325.000000 16.000000
755.000000 325.000000 7.000000
776.000000 325.000000 7.000000
791.000000 325.000000 6.000000
800.000000 326.000000 7.000000
574.000000 346.000000 15.000000
622.000000 346.000000 14.000000
656.000000 347.000000 7.000000
597.000000 348.000000 12.000000
646.000000 348.000000 14.000000
666.000000 348.000000 7.000000
674.000000 349.000000 7.000000
682.000000 350.000000 12.000000
717.000000 350.000000 21.000000
725.000000 350.000000 16.000000
732.000000 350.000000 14.000000
705.000000 351.000000 9.000000
743.000000 351.000000 15.000000
751.000000 352.000000 11.000000
563.000000 381.000000 25.000000
609.000000 381.000000 21.000000
580.000000 382.000000 14.000000
595.000000 382.000000 9.000000
483.000000 385.000000 12.000000
490.000000 385.000000 5.000000
497.000000 385.000000 4.000000
503.000000 386.000000 4.000000
762.000000 386.000000 10.000000
814.000000 386.000000 24.000000
827.000000 386.000000 20.000000
509.000000 387.000000 10.000000
748.000000 387.000000 19.000000
756.000000 387.000000 15.000000
797.000000 387.000000 14.000000
787.000000 388.000000 7.000000
778.000000 389.000000 14.000000
833.000000 389.000000 17.000000
696.000000 390.000000 12.000000
701.000000 390.000000 16.000000
712.000000 391.000000 7.000000
721.000000 392.000000 14.000000
571.000000 413.000000 21.000000
587.000000 414.000000 17.000000
597.000000 414.000000 21.000000
611.000000 414.000000 11.000000
645.000000 414.000000 11.000000
657.000000 414.000000 7.000000
626.000000 415.000000 14.000000
669.000000 416.000000 7.000000
677.000000 416.000000 14.000000
695.000000 416.000000 14.000000
706.000000 417.000000 7.000000
765.000000 417.000000 14.000000
718.000000 418.000000 19.000000
731.000000 418.000000 21.000000
749.000000 418.000000 14.000000
782.000000 418.000000 21.000000
482.000000 419.000000 12.000000
489.000000 419.000000 17.000000
497.000000 419.000000 11.000000
516.000000 420.000000 13.000000
525.000000 420.000000 7.000000
534.000000 420.000000 13.000000
482.000000 451.000000 13.000000
491.000000 452.000000 7.000000
500.000000 452.000000 7.000000
533.000000 452.000000 16.000000
512.000000 453.000000 7.000000
523.000000 453.000000 7.000000
746.000000 472.000000 11.000000
761.000000 473.000000 10.000000
814.000000 475.000000 14.000000
822.000000 475.000000 16.000000
799.000000 476.000000 11.000000
777.000000 482.000000 24.000000
483.000000 485.000000 12.000000
492.000000 485.000000 19.000000
500.000000 486.000000 12.000000
762.000000 488.000000 8.000000
690.000000 489.000000 16.000000
700.000000 489.000000 7.000000
748.000000 489.000000 11.000000
713.000000 490.000000 11.000000
723.000000 491.000000 14.000000
807.000000 492.000000 10.000000
822.000000 494.000000 11.000000
536.000000 515.000000 28.000000
479.000000 516.000000 14.000000
498.000000 516.000000 13.000000
555.000000 516.000000 14.000000
573.000000 516.000000 14.000000
581.000000 516.000000 19.000000
618.000000 516.000000 21.000000
489.000000 517.000000 4.000000
593.000000 518.000000 17.000000
604.000000 519.000000 27.000000
794.000000 519.000000 7.000000
805.000000 519.000000 16.000000
755.000000 520.000000 7.000000
814.000000 520.000000 24.000000
772.000000 521.000000 4.000000
785.000000 521.000000 17.000000
826.000000 521.000000 17.000000
696.000000 522.000000 21.000000
704.000000 522.000000 13.000000
689.000000 523.000000 14.000000
709.000000 523.000000 17.000000
764.000000 523.000000 17.000000
721.000000 524.000000 16.000000
733.000000 524.000000 17.000000
742.000000 524.000000 11.000000
