0.260000 0.094400 0.017600
0.251200 0.096000 0.025600
0.234400 0.096800 0.011200
0.220800 0.098400 0.008000
0.188800 0.100000 0.027200
0.807200 0.100000 0.028000
0.208000 0.100800 0.011200
0.822400 0.101600 0.029600
0.669600 0.145600 0.022400
0.655200 0.146400 0.008800
0.760000 0.146400 0.013600
0.644000 0.147200 0.008800
0.521600 0.148000 0.011200
0.616000 0.148000 0.015200
0.627200 0.148000 0.004800
0.740800 0.148000 0.012800
0.777600 0.148000 0.011200
0.490400 0.148800 0.011200
0.633600 0.148800 0.016800
0.693600 0.148800 0.016800
0.711200 0.148800 0.020800
0.723200 0.148800 0.008800
0.809600 0.148800 0.011200
0.506400 0.149600 0.011200
0.553600 0.149600 0.013600
0.356000 0.150400 0.022400
0.445600 0.150400 0.016800
0.476000 0.150400 0.013600
0.535200 0.150400 0.011200
0.582400 0.150400 0.022400
0.599200 0.150400 0.011200
0.792000 0.150400 0.011200
0.825600 0.150400 0.027200
0.406400 0.151200 0.015200
0.569600 0.151200 0.011200
0.368000 0.152000 0.011200
0.384800 0.152000 0.011200
0.424800 0.152000 0.013600
0.460800 0.152000 0.011200
0.176000 0.152800 0.016800
0.201600 0.153600 0.016800
0.226400 0.153600 0.016800
0.248000 0.153600 0.013600
0.261600 0.153600 0.011200
0.280800 0.153600 0.013600
0.302400 0.153600 0.013600
0.321600 0.153600 0.022400
0.334400 0.153600 0.022400
0.756800 0.177600 0.013600
0.793600 0.177600 0.008800
0.807200 0.177600 0.011200
0.687200 0.178400 0.016800
0.710400 0.178400 0.013600
0.739200 0.178400 0.021600
0.824000 0.178400 0.013600
0.553600 0.179200 0.011200
0.697600 0.179200 0.007200
0.729600 0.179200 0.018400
0.778400 0.179200 0.013600
0.178400 0.180000 0.019200
0.598400 0.180000 0.011200
0.674400 0.180000 0.008800
0.543200 0.180800 0.019200
0.614400 0.180800 0.011200
0.632800 0.180800 0.020800
0.645600 0.180800 0.011200
0.195200 0.181600 0.019200
0.306400 0.181600 0.011200
0.422400 0.181600 0.011200
0.583200 0.181600 0.011200
0.660000 0.181600 0.013600
0.240800 0.182400 0.016800
0.288000 0.182400 0.013600
0.336800 0.182400 0.011200
0.401600 0.182400 0.016800
0.438400 0.182400 0.019200
0.503200 0.182400 0.013600
0.524000 0.182400 0.013600
0.569600 0.182400 0.008800
0.267200 0.183200 0.016000
0.323200 0.183200 0.011200
0.360800 0.183200 0.019200
0.372800 0.183200 0.019200
0.387200 0.183200 0.008800
0.449600 0.183200 0.018400
0.458400 0.183200 0.016800
0.476800 0.183200 0.016800
0.206400 0.184000 0.019200
0.223200 0.184800 0.013600
0.672800 0.208800 0.013600
0.695200 0.208800 0.016800
0.600800 0.211200 0.011200
0.655200 0.211200 0.011200
0.764000 0.211200 0.015200
0.785600 0.211200 0.013600
0.801600 0.211200 0.013600
0.829600 0.211200 0.020800
0.176000 0.212000 0.019200
0.512000 0.212000 0.011200
0.618400 0.212000 0.011200
0.713600 0.212000 0.003200
0.733600 0.212000 0.019200
0.385600 0.212800 0.007200
0.395200 0.212800 0.013600
0.472800 0.212800 0.013600
0.493600 0.212800 0.011200
0.547200 0.212800 0.011200
0.560000 0.212800 0.013600
0.580000 0.212800 0.015200
0.636800 0.212800 0.011200
0.747200 0.212800 0.008800
0.196800 0.213600 0.018400
0.414400 0.213600 0.011200
0.432800 0.213600 0.012800
0.452000 0.213600 0.013600
0.529600 0.213600 0.011200
0.222400 0.214400 0.012800
0.371200 0.214400 0.012800
0.184800 0.215200 0.019200
0.207200 0.215200 0.019200
0.251200 0.215200 0.019200
0.269600 0.215200 0.013600
0.351200 0.215200 0.013600
0.303200 0.216000 0.011200
0.333600 0.216000 0.022400
0.241600 0.216800 0.018400
0.288800 0.216800 0.011200
0.321600 0.216800 0.019200
0.785600 0.239200 0.019200
0.680800 0.240800 0.019200
0.501600 0.241600 0.008800
0.776800 0.241600 0.019200
0.430400 0.242400 0.011200
0.663200 0.242400 0.019200
0.691200 0.242400 0.016800
0.746400 0.242400 0.011200
0.764000 0.242400 0.011200
0.391200 0.243200 0.013600
0.412800 0.243200 0.012800
0.532800 0.243200 0.013600
0.585600 0.243200 0.016000
0.635200 0.243200 0.016800
0.710400 0.243200 0.012800
0.799200 0.243200 0.011200
0.445600 0.244000 0.008800
0.460800 0.244000 0.011200
0.479200 0.244000 0.011200
0.514400 0.244000 0.011200
0.558400 0.244000 0.016800
0.608800 0.244000 0.015200
0.729600 0.244000 0.011200
0.183200 0.244800 0.019200
0.216000 0.244800 0.019200
0.292800 0.244800 0.013600
0.332800 0.244800 0.011200
0.371200 0.244800 0.013600
0.816800 0.244800 0.016000
0.249600 0.245600 0.013600
0.269600 0.245600 0.013600
0.315200 0.245600 0.013600
0.349600 0.246400 0.013600
0.324000 0.272000 0.011200
0.604000 0.272000 0.019200
0.311200 0.272800 0.011200
0.352800 0.272800 0.011200
0.371200 0.272800 0.012000
0.446400 0.272800 0.013600
0.691200 0.272800 0.013600
0.748800 0.272800 0.013600
0.180000 0.273600 0.016800
0.184800 0.273600 0.016800
0.202400 0.273600 0.013600
0.232800 0.273600 0.016000
0.272800 0.273600 0.013600
0.295200 0.273600 0.011200
0.340800 0.273600 0.008800
0.576000 0.273600 0.013600
0.730400 0.273600 0.013600
0.254400 0.274400 0.013600
0.389600 0.274400 0.011200
0.405600 0.274400 0.011200
0.464800 0.274400 0.011200
0.596000 0.274400 0.016800
0.631200 0.274400 0.016800
0.672000 0.274400 0.013600
0.764800 0.274400 0.011200
0.424000 0.275200 0.013600
0.504800 0.275200 0.015200
0.620000 0.275200 0.008800
0.711200 0.275200 0.013600
0.778400 0.275200 0.021600
0.484000 0.276000 0.013600
0.527200 0.276000 0.012800
0.650400 0.276000 0.013600
0.544800 0.276800 0.013600
0.560800 0.276800 0.011200
0.795200 0.276800 0.013600
0.817600 0.276800 0.016800
0.262400 0.300000 0.011200
0.294400 0.300000 0.011200
0.336800 0.300000 0.013600
0.347200 0.300800 0.003200
0.385600 0.300800 0.011200
0.212000 0.301600 0.014400
0.241600 0.301600 0.005600
0.280000 0.301600 0.011200
0.230400 0.302400 0.011200
0.247200 0.302400 0.011200
0.354400 0.302400 0.011200
0.184800 0.303200 0.016800
0.314400 0.303200 0.013600
0.371200 0.303200 0.013600
0.400800 0.303200 0.013600
0.598400 0.304000 0.013600
0.422400 0.304800 0.015200
0.542400 0.305600 0.011200
0.559200 0.305600 0.013600
0.577600 0.305600 0.013600
0.616800 0.305600 0.012800
0.672000 0.305600 0.008800
0.692800 0.305600 0.016800
0.720000 0.305600 0.016000
0.742400 0.305600 0.013600
0.527200 0.306400 0.011200
0.634400 0.306400 0.013600
0.656000 0.306400 0.013600
0.801600 0.306400 0.013600
0.459200 0.307200 0.013600
0.711200 0.307200 0.016800
0.823200 0.307200 0.016800
0.443200 0.308000 0.011200
0.495200 0.308000 0.011200
0.759200 0.308000 0.013600
0.779200 0.308000 0.013600
0.482400 0.308800 0.016800
0.510400 0.308800 0.011200
0.233600 0.330400 0.015200
0.253600 0.330400 0.013600
0.180000 0.332000 0.017600
0.205600 0.332000 0.016000
0.272000 0.332000 0.013600
0.294400 0.332800 0.013600
0.316800 0.332800 0.013600
0.338400 0.332800 0.012800
0.356800 0.333600 0.013600
0.375200 0.334400 0.011200
0.420000 0.334400 0.016800
0.410400 0.335200 0.013600
0.392800 0.336000 0.011200
0.732800 0.336000 0.013600
0.444800 0.336800 0.018400
0.628000 0.336800 0.013600
0.705600 0.336800 0.019200
0.715200 0.336800 0.018400
0.508000 0.337600 0.011200
0.524800 0.337600 0.016800
0.576000 0.337600 0.016800
0.596000 0.337600 0.011200
0.691200 0.337600 0.008800
0.778400 0.337600 0.013600
0.471200 0.338400 0.013600
0.550400 0.338400 0.013600
0.647200 0.338400 0.011200
0.755200 0.338400 0.016000
0.822400 0.338400 0.019200
0.489600 0.339200 0.013600
0.570400 0.339200 0.016800
0.613600 0.339200 0.011200
0.665600 0.339200 0.013600
0.812000 0.339200 0.022400
0.535200 0.340000 0.020800
0.676800 0.340000 0.008800
0.795200 0.340000 0.011200
0.225600 0.360800 0.004000
0.214400 0.361600 0.015200
0.195200 0.362400 0.012800
0.247200 0.362400 0.013600
0.295200 0.362400 0.016800
0.322400 0.362400 0.012800
0.176000 0.363200 0.016000
0.233600 0.363200 0.016800
0.340800 0.363200 0.013600
0.269600 0.364000 0.016000
0.362400 0.364000 0.011200
0.380000 0.364000 0.013600
0.399200 0.364800 0.012800
0.418400 0.366400 0.013600
0.656000 0.366400 0.008800
0.668000 0.366400 0.008800
0.638400 0.367200 0.012800
0.713600 0.367200 0.011200
0.618400 0.368000 0.013600
0.680800 0.368000 0.008800
0.727200 0.368000 0.011200
0.437600 0.368800 0.019200
0.451200 0.368800 0.008800
0.468000 0.368800 0.016800
0.548000 0.368800 0.011200
0.568000 0.368800 0.013600
0.587200 0.368800 0.013600
0.596800 0.368800 0.003200
0.697600 0.368800 0.011200
0.770400 0.368800 0.013600
0.790400 0.368800 0.013600
0.812800 0.368800 0.016800
0.492800 0.369600 0.013600
0.513600 0.369600 0.013600
0.532000 0.369600 0.011200
0.744000 0.369600 0.016800
0.604000 0.371200 0.013600
0.176000 0.391200 0.019200
0.216000 0.392800 0.019200
0.283200 0.392800 0.019200
0.309600 0.392800 0.008800
0.320000 0.392800 0.013600
0.198400 0.393600 0.015200
0.295200 0.393600 0.019200
0.226400 0.394400 0.016800
0.244800 0.394400 0.015200
0.265600 0.394400 0.013600
0.272000 0.394400 0.016800
0.342400 0.394400 0.016000
0.363200 0.395200 0.016000
0.390400 0.396800 0.016800
0.716800 0.397600 0.016800
0.413600 0.398400 0.019200
0.424800 0.398400 0.019200
0.736000 0.398400 0.008800
0.748800 0.398400 0.008800
0.784800 0.398400 0.015200
0.801600 0.398400 0.011200
0.444800 0.399200 0.015200
0.502400 0.399200 0.011200
0.761600 0.399200 0.019200
0.818400 0.399200 0.016800
0.484800 0.400000 0.012800
0.520800 0.400000 0.013600
0.564000 0.400000 0.015200
0.589600 0.400000 0.016000
0.671200 0.400000 0.013600
0.688800 0.400000 0.016800
0.467200 0.400800 0.013600
0.542400 0.400800 0.013600
0.628000 0.400800 0.013600
0.649600 0.400800 0.015200
0.612800 0.401600 0.013600
0.201600 0.423200 0.011200
0.219200 0.423200 0.013600
0.236000 0.424000 0.011200
0.252800 0.424000 0.013600
0.172000 0.424800 0.019200
0.189600 0.424800 0.020800
0.272000 0.424800 0.013600
0.315200 0.424800 0.013600
0.337600 0.424800 0.013600
0.294400 0.425600 0.013600
0.374400 0.427200 0.012800
0.357600 0.428000 0.011200
0.393600 0.428000 0.013600
0.407200 0.428800 0.013600
0.413600 0.429600 0.016800
0.804800 0.429600 0.019200
0.426400 0.430400 0.016800
0.562400 0.430400 0.013600
0.450400 0.431200 0.016000
0.752800 0.431200 0.016800
0.778400 0.431200 0.013600
0.476800 0.432000 0.015200
0.503200 0.432000 0.016800
0.536800 0.432000 0.013600
0.580800 0.432000 0.013600
0.820000 0.432000 0.019200
0.548000 0.432800 0.003200
0.628800 0.432800 0.013600
0.713600 0.432800 0.011200
0.794400 0.432800 0.011200
0.607200 0.433600 0.016800
0.730400 0.433600 0.013600
0.520000 0.434400 0.011200
0.652800 0.434400 0.015200
0.672800 0.434400 0.013600
0.695200 0.434400 0.013600
0.106400 0.438400 0.038400
0.170400 0.456000 0.016000
0.192800 0.456000 0.015200
0.216800 0.456000 0.013600
0.272000 0.456000 0.013600
0.248000 0.457600 0.016800
0.287200 0.457600 0.011200
0.307200 0.457600 0.015200
0.327200 0.457600 0.013600
0.385600 0.457600 0.015200
0.450400 0.457600 0.013600
0.342400 0.458400 0.008800
0.358400 0.458400 0.013600
0.407200 0.458400 0.013600
0.426400 0.458400 0.013600
0.474400 0.459200 0.015200
0.492800 0.459200 0.013600
0.503200 0.459200 0.013600
0.811200 0.459200 0.021600
0.535200 0.460000 0.011200
0.557600 0.460000 0.016000
0.521600 0.460800 0.011200
0.578400 0.460800 0.016000
0.799200 0.460800 0.011200
0.601600 0.461600 0.016800
0.612800 0.461600 0.013600
0.113600 0.462400 0.019200
0.783200 0.462400 0.013600
0.822400 0.462400 0.019200
0.632800 0.463200 0.013600
0.652800 0.463200 0.015200
0.752000 0.463200 0.013600
0.768000 0.463200 0.013600
0.685600 0.464000 0.016000
0.736800 0.464000 0.012000
0.708800 0.464800 0.016000
0.171200 0.480000 0.013600
0.195200 0.480800 0.014400
0.268000 0.480800 0.010400
0.282400 0.481600 0.008800
0.216000 0.482400 0.008800
0.249600 0.482400 0.012800
0.308800 0.482400 0.008800
0.295200 0.483200 0.011200
0.229600 0.484000 0.011200
0.343200 0.484000 0.012000
0.361600 0.484000 0.011200
0.322400 0.484800 0.013600
0.373600 0.484800 0.013600
0.395200 0.484800 0.013600
0.418400 0.484800 0.011200
0.116000 0.485600 0.032800
0.469600 0.485600 0.015200
0.437600 0.486400 0.013600
0.496800 0.486400 0.012800
0.516000 0.487200 0.011200
0.534400 0.488800 0.011200
0.560800 0.489600 0.016800
0.549600 0.490400 0.008800
0.601600 0.490400 0.013600
0.449600 0.491200 0.009600
0.625600 0.491200 0.015200
0.777600 0.491200 0.008800
0.788800 0.491200 0.011200
0.581600 0.492000 0.012800
0.647200 0.492000 0.013600
0.671200 0.492000 0.013600
0.686400 0.492000 0.011200
0.700800 0.492000 0.011200
0.716000 0.492000 0.013600
0.734400 0.492000 0.011200
0.764000 0.492000 0.011200
0.747200 0.492800 0.011200
0.808000 0.492800 0.013600
0.823200 0.492800 0.019200
0.172800 0.505600 0.019200
0.224800 0.507200 0.013600
0.246400 0.507200 0.012800
0.264800 0.508000 0.011200
0.293600 0.508000 0.005600
0.193600 0.508800 0.021600
0.206400 0.508800 0.022400
0.279200 0.508800 0.011200
0.305600 0.510400 0.011200
0.354400 0.510400 0.013600
0.398400 0.510400 0.015200
0.493600 0.510400 0.011200
0.322400 0.511200 0.011200
0.336800 0.511200 0.008800
0.376000 0.511200 0.013600
0.428800 0.512000 0.016800
0.448000 0.512000 0.011200
0.462400 0.512800 0.008800
0.476800 0.512800 0.011200
0.512000 0.514400 0.013600
0.532000 0.516800 0.016000
0.584000 0.516800 0.017600
0.608800 0.516800 0.013600
0.807200 0.516800 0.016800
0.556800 0.517600 0.016000
0.676800 0.517600 0.016800
0.686400 0.517600 0.016800
0.716000 0.517600 0.016800
0.735200 0.517600 0.014400
0.782400 0.517600 0.013600
0.628000 0.518400 0.013600
0.652000 0.518400 0.015200
0.756000 0.518400 0.018400
0.826400 0.519200 0.011200
0.839200 0.523200 0.024000
0.821600 0.559200 0.022400
0.231200 0.560000 0.011200
0.216800 0.560800 0.008800
0.245600 0.560800 0.008800
0.256800 0.560800 0.019200
0.203200 0.561600 0.008800
0.808800 0.561600 0.027200
0.828000 0.561600 0.016800
0.181600 0.562400 0.030400
0.192000 0.562400 0.022400
