0.200800 0.102400 0.028000
0.220000 0.104800 0.011200
0.275200 0.104800 0.019200
0.234400 0.105600 0.008800
0.248000 0.105600 0.011200
0.265600 0.105600 0.008800
0.845600 0.106400 0.013600
0.828000 0.107200 0.031200
0.261600 0.150400 0.016800
0.471200 0.151200 0.019200
0.278400 0.152000 0.011200
0.302400 0.152000 0.016800
0.427200 0.152000 0.024800
0.239200 0.152800 0.011200
0.184800 0.153600 0.016800
0.205600 0.153600 0.013600
0.223200 0.153600 0.011200
0.319200 0.153600 0.011200
0.336000 0.153600 0.011200
0.383200 0.153600 0.008800
0.414400 0.153600 0.011200
0.448000 0.153600 0.019200
0.349600 0.154400 0.011200
0.367200 0.154400 0.012800
0.397600 0.154400 0.011200
0.766400 0.155200 0.008800
0.492000 0.156800 0.011200
0.506400 0.156800 0.021600
0.528800 0.156800 0.013600
0.544800 0.156800 0.011200
0.563200 0.156800 0.016800
0.588800 0.156800 0.016800
0.612000 0.156800 0.012800
0.660000 0.156800 0.013600
0.680000 0.156800 0.013600
0.732000 0.156800 0.013600
0.796800 0.156800 0.011200
0.847200 0.156800 0.016800
0.627200 0.157600 0.013600
0.645600 0.157600 0.011200
0.812800 0.157600 0.011200
0.829600 0.157600 0.011200
0.714400 0.158400 0.011200
0.749600 0.158400 0.013600
0.781600 0.158400 0.011200
0.700000 0.159200 0.022400
0.116000 0.165600 0.019200
0.272800 0.180800 0.011200
0.187200 0.181600 0.016800
0.208000 0.181600 0.013600
0.220800 0.181600 0.013600
0.290400 0.181600 0.011200
0.240000 0.182400 0.011200
0.256000 0.182400 0.011200
0.352000 0.182400 0.013600
0.306400 0.183200 0.011200
0.370400 0.183200 0.011200
0.325600 0.184000 0.015200
0.382400 0.184000 0.016800
0.402400 0.184800 0.011200
0.417600 0.184800 0.013600
0.656800 0.184800 0.016800
0.523200 0.185600 0.008800
0.438400 0.186400 0.013600
0.677600 0.186400 0.011200
0.460000 0.187200 0.016800
0.471200 0.187200 0.008800
0.486400 0.187200 0.011200
0.625600 0.187200 0.015200
0.694400 0.187200 0.013600
0.538400 0.188000 0.011200
0.556000 0.188000 0.011200
0.571200 0.188000 0.013600
0.584800 0.188000 0.010400
0.756800 0.188000 0.008800
0.507200 0.188800 0.012800
0.602400 0.188800 0.014400
0.775200 0.188800 0.016800
0.798400 0.188800 0.013600
0.812800 0.188800 0.016800
0.716800 0.189600 0.016800
0.744000 0.189600 0.018400
0.838400 0.189600 0.016800
0.116800 0.192800 0.018400
0.209600 0.210400 0.013600
0.244800 0.212000 0.011200
0.320000 0.212000 0.019200
0.189600 0.212800 0.016800
0.229600 0.212800 0.013600
0.264000 0.212800 0.013600
0.285600 0.212800 0.015200
0.307200 0.213600 0.011200
0.106400 0.214400 0.039200
0.328000 0.214400 0.014400
0.334400 0.214400 0.005600
0.348800 0.214400 0.019200
0.379200 0.214400 0.013600
0.396000 0.214400 0.013600
0.362400 0.215200 0.011200
0.503200 0.215200 0.013600
0.416800 0.216000 0.016800
0.433600 0.216000 0.011200
0.484800 0.216000 0.013600
0.520800 0.216000 0.011200
0.589600 0.216000 0.013600
0.466400 0.216800 0.011200
0.540800 0.216800 0.015200
0.564000 0.216800 0.013600
0.608000 0.216800 0.013600
0.627200 0.216800 0.014400
0.672000 0.216800 0.016800
0.452000 0.217600 0.012800
0.647200 0.217600 0.013600
0.698400 0.217600 0.016800
0.834400 0.217600 0.016800
0.772800 0.218400 0.013600
0.847200 0.218400 0.021600
0.745600 0.219200 0.016000
0.812000 0.219200 0.013600
0.792000 0.220000 0.011200
0.723200 0.220800 0.015200
0.204800 0.245600 0.016800
0.186400 0.246400 0.019200
0.222400 0.246400 0.013600
0.244000 0.246400 0.015200
0.552000 0.246400 0.013600
0.267200 0.247200 0.013600
0.285600 0.247200 0.013600
0.306400 0.247200 0.013600
0.327200 0.247200 0.016800
0.428000 0.248000 0.016800
0.456000 0.248000 0.016800
0.511200 0.248000 0.013600
0.531200 0.248000 0.013600
0.620000 0.248000 0.011200
0.353600 0.248800 0.016800
0.378400 0.248800 0.016800
0.475200 0.248800 0.011200
0.571200 0.248800 0.016000
0.601600 0.248800 0.016800
0.640800 0.248800 0.015200
0.408000 0.249600 0.016800
0.492000 0.249600 0.013600
0.661600 0.250400 0.013600
0.684000 0.250400 0.015200
0.769600 0.250400 0.015200
0.812000 0.250400 0.013600
0.830400 0.250400 0.011200
0.845600 0.250400 0.011200
0.740800 0.251200 0.016800
0.789600 0.251200 0.013600
0.751200 0.252000 0.006400
0.705600 0.252800 0.013600
0.726400 0.252800 0.011200
0.180000 0.272800 0.019200
0.190400 0.274400 0.024800
0.207200 0.277600 0.011200
0.452800 0.278400 0.016800
0.225600 0.279200 0.011200
0.261600 0.279200 0.013600
0.536800 0.279200 0.015200
0.612000 0.279200 0.011200
0.242400 0.280000 0.011200
0.511200 0.280000 0.015200
0.563200 0.280000 0.013600
0.628800 0.280000 0.012800
0.648000 0.280000 0.016800
0.701600 0.280000 0.013600
0.718400 0.280000 0.008800
0.780800 0.280000 0.019200
0.844800 0.280000 0.013600
0.281600 0.280800 0.013600
0.365600 0.280800 0.013600
0.382400 0.280800 0.013600
0.464800 0.280800 0.016800
0.488000 0.280800 0.015200
0.581600 0.280800 0.011200
0.596800 0.280800 0.011200
0.659200 0.280800 0.016800
0.677600 0.280800 0.013600
0.748000 0.280800 0.011200
0.766400 0.280800 0.011200
0.828000 0.280800 0.011200
0.301600 0.281600 0.013600
0.404000 0.281600 0.016000
0.427200 0.281600 0.015200
0.731200 0.281600 0.011200
0.808000 0.281600 0.014400
0.322400 0.282400 0.015200
0.344000 0.283200 0.013600
0.790400 0.284000 0.017600
0.459200 0.308000 0.015200
0.535200 0.308000 0.011200
0.480800 0.308800 0.013600
0.572000 0.308800 0.012800
0.592000 0.308800 0.013600
0.684800 0.308800 0.016800
0.210400 0.309600 0.013600
0.236800 0.309600 0.016800
0.436800 0.309600 0.013600
0.500000 0.309600 0.013600
0.518400 0.309600 0.013600
0.553600 0.309600 0.013600
0.619200 0.309600 0.017600
0.256800 0.310400 0.016800
0.284000 0.310400 0.013600
0.645600 0.310400 0.013600
0.666400 0.310400 0.013600
0.694400 0.310400 0.008800
0.716000 0.310400 0.016000
0.840000 0.310400 0.013600
0.188000 0.311200 0.017600
0.340000 0.311200 0.013600
0.363200 0.311200 0.013600
0.382400 0.311200 0.013600
0.419200 0.311200 0.011200
0.820800 0.311200 0.013600
0.306400 0.312000 0.013600
0.323200 0.312000 0.011200
0.733600 0.312000 0.011200
0.403200 0.312800 0.013600
0.769600 0.312800 0.013600
0.797600 0.312800 0.013600
0.783200 0.313600 0.008800
0.750400 0.314400 0.011200
0.460000 0.337600 0.015200
0.553600 0.337600 0.013600
0.596000 0.337600 0.016000
0.509600 0.338400 0.016800
0.520800 0.338400 0.019200
0.484000 0.339200 0.015200
0.575200 0.339200 0.013600
0.268000 0.340000 0.007200
0.539200 0.340000 0.011200
0.626400 0.340000 0.013600
0.645600 0.340000 0.016800
0.655200 0.340000 0.019200
0.278400 0.340800 0.019200
0.407200 0.340800 0.015200
0.434400 0.340800 0.015200
0.672800 0.340800 0.011200
0.817600 0.340800 0.013600
0.185600 0.341600 0.016800
0.295200 0.341600 0.019200
0.337600 0.341600 0.019200
0.364000 0.341600 0.013600
0.384800 0.341600 0.013600
0.696800 0.341600 0.016000
0.716800 0.341600 0.013600
0.769600 0.341600 0.011200
0.204800 0.342400 0.011200
0.222400 0.342400 0.011200
0.253600 0.342400 0.011200
0.306400 0.342400 0.008800
0.320800 0.342400 0.011200
0.348800 0.342400 0.008800
0.614400 0.342400 0.007200
0.691200 0.342400 0.015200
0.784800 0.342400 0.011200
0.236000 0.343200 0.011200
0.736000 0.343200 0.011200
0.752800 0.343200 0.011200
0.799200 0.343200 0.011200
0.835200 0.343200 0.016800
0.487200 0.369600 0.011200
0.523200 0.370400 0.011200
0.552800 0.370400 0.011200
0.580800 0.370400 0.016800
0.617600 0.370400 0.012800
0.635200 0.370400 0.013600
0.419200 0.371200 0.013600
0.438400 0.371200 0.012800
0.455200 0.371200 0.011200
0.471200 0.371200 0.008800
0.536800 0.371200 0.008800
0.397600 0.372000 0.013600
0.504800 0.372000 0.012800
0.567200 0.372000 0.008800
0.600800 0.372000 0.012800
0.201600 0.372800 0.012800
0.216800 0.372800 0.013600
0.654400 0.372800 0.012800
0.699200 0.372800 0.011200
0.715200 0.372800 0.011200
0.736000 0.372800 0.013600
0.833600 0.372800 0.013600
0.182400 0.373600 0.016800
0.295200 0.373600 0.011200
0.311200 0.373600 0.011200
0.326400 0.373600 0.011200
0.345600 0.373600 0.016800
0.376800 0.373600 0.016800
0.674400 0.373600 0.016800
0.817600 0.373600 0.011200
0.237600 0.374400 0.016800
0.262400 0.374400 0.011200
0.278400 0.374400 0.011200
0.686400 0.374400 0.008000
0.755200 0.374400 0.011200
0.772000 0.374400 0.013600
0.246400 0.375200 0.019200
0.796800 0.375200 0.016000
0.532800 0.400800 0.011200
0.552000 0.400800 0.013600
0.227200 0.401600 0.012800
0.318400 0.401600 0.013600
0.485600 0.401600 0.016000
0.502400 0.401600 0.012800
0.576000 0.401600 0.013600
0.596800 0.401600 0.012800
0.828800 0.401600 0.018400
0.188000 0.402400 0.016800
0.209600 0.402400 0.013600
0.279200 0.402400 0.013600
0.408000 0.402400 0.013600
0.457600 0.402400 0.016000
0.615200 0.402400 0.016800
0.671200 0.402400 0.016800
0.703200 0.402400 0.016800
0.726400 0.402400 0.016000
0.246400 0.403200 0.013600
0.257600 0.403200 0.005600
0.298400 0.403200 0.013600
0.353600 0.403200 0.013600
0.429600 0.403200 0.016000
0.520000 0.403200 0.011200
0.644000 0.404000 0.016000
0.800000 0.404000 0.015200
0.265600 0.404800 0.013600
0.335200 0.404800 0.011200
0.384800 0.404800 0.016000
0.775200 0.404800 0.015200
0.371200 0.405600 0.011200
0.751200 0.405600 0.016000
0.247200 0.431200 0.016800
0.438400 0.431200 0.013600
0.445600 0.431200 0.005600
0.456800 0.431200 0.016800
0.599200 0.431200 0.013600
0.404800 0.432000 0.013600
0.423200 0.432000 0.013600
0.472000 0.432000 0.013600
0.532800 0.432000 0.016000
0.556800 0.432000 0.013600
0.627200 0.432000 0.016800
0.682400 0.432000 0.013600
0.188800 0.432800 0.016800
0.209600 0.432800 0.016800
0.268000 0.432800 0.013600
0.357600 0.432800 0.016800
0.383200 0.432800 0.015200
0.486400 0.432800 0.013600
0.506400 0.432800 0.015200
0.646400 0.432800 0.011200
0.333600 0.433600 0.013600
0.580800 0.433600 0.013600
0.664800 0.433600 0.011200
0.703200 0.433600 0.013600
0.716800 0.433600 0.011200
0.785600 0.433600 0.013600
0.837600 0.433600 0.019200
0.286400 0.434400 0.015200
0.312000 0.434400 0.015200
0.736000 0.434400 0.016800
0.763200 0.434400 0.015200
0.804800 0.434400 0.016000
0.352000 0.461600 0.018400
0.842400 0.461600 0.011200
0.340000 0.462400 0.007200
0.391200 0.462400 0.013600
0.551200 0.462400 0.016800
0.295200 0.463200 0.013600
0.316800 0.463200 0.016800
0.325600 0.463200 0.018400
0.412000 0.463200 0.013600
0.433600 0.463200 0.013600
0.454400 0.463200 0.015200
0.574400 0.463200 0.013600
0.828000 0.463200 0.022400
0.192000 0.464000 0.019200
0.228000 0.464000 0.013600
0.250400 0.464000 0.015200
0.273600 0.464000 0.013600
0.368800 0.464000 0.016000
0.478400 0.464000 0.015200
0.502400 0.464000 0.013600
0.523200 0.464000 0.015200
0.616000 0.464000 0.013600
0.673600 0.464000 0.016000
0.693600 0.464000 0.011200
0.211200 0.464800 0.013600
0.592000 0.464800 0.016800
0.634400 0.464800 0.011200
0.652800 0.464800 0.013600
0.807200 0.464800 0.013600
0.708000 0.465600 0.016800
0.732800 0.465600 0.016800
0.760800 0.466400 0.016800
0.785600 0.467200 0.016000
0.408000 0.489600 0.013600
0.431200 0.489600 0.011200
0.485600 0.489600 0.013600
0.386400 0.490400 0.013600
0.448000 0.490400 0.012800
0.214400 0.491200 0.013600
0.276000 0.491200 0.011200
0.308800 0.491200 0.013600
0.362400 0.491200 0.016000
0.467200 0.491200 0.013600
0.185600 0.492000 0.018400
0.230400 0.492000 0.019200
0.259200 0.492000 0.012800
0.290400 0.492000 0.012800
0.332000 0.492000 0.015200
0.510400 0.492000 0.014400
0.240000 0.492800 0.016000
0.530400 0.492800 0.013600
0.552000 0.493600 0.013600
0.576800 0.493600 0.016800
0.654400 0.493600 0.011200
0.602400 0.494400 0.016800
0.626400 0.494400 0.019200
0.636800 0.494400 0.020800
0.669600 0.495200 0.011200
0.824800 0.495200 0.013600
0.840000 0.496000 0.013600
0.792800 0.496800 0.016800
0.802400 0.496800 0.016800
0.699200 0.497600 0.013600
0.768800 0.497600 0.015200
0.680800 0.498400 0.008800
0.723200 0.498400 0.014400
0.745600 0.498400 0.015200
0.900000 0.503200 0.040000
0.911200 0.504800 0.040000
0.389600 0.517600 0.016800
0.364800 0.518400 0.013600
0.407200 0.519200 0.011200
0.320800 0.520000 0.013600
0.343200 0.520000 0.013600
0.441600 0.520000 0.013600
0.457600 0.520000 0.016800
0.466400 0.520000 0.005600
0.281600 0.520800 0.013600
0.302400 0.520800 0.012800
0.424800 0.520800 0.013600
0.476000 0.520800 0.015200
0.213600 0.521600 0.016800
0.240800 0.521600 0.015200
0.261600 0.521600 0.013600
0.188800 0.523200 0.019200
0.495200 0.523200 0.013600
0.827200 0.523200 0.011200
0.840000 0.523200 0.022400
0.517600 0.524000 0.013600
0.718400 0.524000 0.011200
0.652800 0.524800 0.016800
0.673600 0.524800 0.013600
0.538400 0.525600 0.013600
0.559200 0.525600 0.013600
0.697600 0.525600 0.015200
0.809600 0.525600 0.022400
0.581600 0.526400 0.013600
0.602400 0.526400 0.016800
0.627200 0.526400 0.013600
0.733600 0.526400 0.011200
0.778400 0.526400 0.016800
0.799200 0.526400 0.019200
0.752800 0.527200 0.013600
0.905600 0.528000 0.040000
0.915200 0.530400 0.040000
0.197600 0.572800 0.022400
0.224800 0.576800 0.024800
0.239200 0.577600 0.011200
0.253600 0.577600 0.011200
0.280000 0.578400 0.019200
0.268800 0.580000 0.008800
