333.000000 108.000000 11.000000
317.000000 111.000000 12.000000
297.000000 113.000000 14.000000
280.000000 116.000000 11.000000
259.000000 119.000000 14.000000
240.000000 120.000000 32.000000
1032.000000 124.000000 38.000000
1050.000000 124.000000 39.000000
962.000000 188.000000 21.000000
1013.000000 189.000000 14.000000
775.000000 190.000000 17.000000
989.000000 190.000000 17.000000
1038.000000 190.000000 24.000000
693.000000 191.000000 17.000000
736.000000 191.000000 17.000000
801.000000 191.000000 14.000000
903.000000 191.000000 17.000000
928.000000 191.000000 21.000000
573.000000 192.000000 24.000000
668.000000 192.000000 16.000000
715.000000 192.000000 14.000000
756.000000 192.000000 11.000000
843.000000 192.000000 17.000000
874.000000 192.000000 20.000000
821.000000 193.000000 14.000000
645.000000 195.000000 17.000000
452.000000 196.000000 17.000000
541.000000 196.000000 21.000000
607.000000 196.000000 25.000000
259.000000 197.000000 14.000000
484.000000 197.000000 21.000000
507.000000 197.000000 21.000000
233.000000 198.000000 21.000000
348.000000 198.000000 17.000000
422.000000 198.000000 21.000000
520.000000 198.000000 11.000000
276.000000 199.000000 14.000000
320.000000 199.000000 21.000000
372.000000 199.000000 16.000000
394.000000 199.000000 14.000000
296.000000 200.000000 17.000000
1031.000000 223.000000 14.000000
1013.000000 224.000000 14.000000
993.000000 225.000000 14.000000
1058.000000 225.000000 20.000000
717.000000 228.000000 19.000000
744.000000 228.000000 17.000000
793.000000 228.000000 17.000000
821.000000 228.000000 17.000000
844.000000 228.000000 14.000000
864.000000 228.000000 16.000000
969.000000 228.000000 17.000000
687.000000 229.000000 17.000000
657.000000 230.000000 19.000000
940.000000 230.000000 17.000000
568.000000 231.000000 21.000000
586.000000 231.000000 11.000000
629.000000 231.000000 19.000000
770.000000 231.000000 17.000000
532.000000 232.000000 19.000000
887.000000 232.000000 17.000000
238.000000 233.000000 19.000000
460.000000 233.000000 14.000000
502.000000 233.000000 17.000000
600.000000 233.000000 23.000000
916.000000 233.000000 20.000000
264.000000 234.000000 14.000000
418.000000 234.000000 17.000000
477.000000 234.000000 17.000000
285.000000 235.000000 14.000000
312.000000 235.000000 17.000000
352.000000 235.000000 7.000000
367.000000 235.000000 17.000000
392.000000 235.000000 17.000000
442.000000 235.000000 14.000000
337.000000 236.000000 17.000000
1031.000000 264.000000 11.000000
1013.000000 265.000000 17.000000
1053.000000 265.000000 29.000000
230.000000 266.000000 26.000000
708.000000 266.000000 17.000000
731.000000 266.000000 14.000000
751.000000 266.000000 14.000000
798.000000 266.000000 19.000000
772.000000 267.000000 14.000000
829.000000 267.000000 19.000000
860.000000 267.000000 19.000000
632.000000 268.000000 17.000000
677.000000 268.000000 20.000000
886.000000 268.000000 16.000000
906.000000 268.000000 14.000000
930.000000 268.000000 17.000000
951.000000 268.000000 17.000000
976.000000 268.000000 21.000000
985.000000 268.000000 21.000000
243.000000 269.000000 24.000000
352.000000 269.000000 10.000000
655.000000 269.000000 14.000000
332.000000 270.000000 20.000000
367.000000 270.000000 17.000000
423.000000 270.000000 23.000000
441.000000 270.000000 17.000000
464.000000 270.000000 11.000000
481.000000 270.000000 14.000000
609.000000 270.000000 11.000000
295.000000 271.000000 20.000000
498.000000 271.000000 27.000000
523.000000 271.000000 17.000000
551.000000 271.000000 17.000000
574.000000 271.000000 14.000000
595.000000 271.000000 14.000000
268.000000 272.000000 17.000000
389.000000 272.000000 14.000000
412.000000 272.000000 20.000000
853.000000 302.000000 11.000000
956.000000 302.000000 14.000000
673.000000 303.000000 26.000000
741.000000 303.000000 19.000000
764.000000 303.000000 14.000000
812.000000 303.000000 14.000000
653.000000 304.000000 21.000000
789.000000 304.000000 17.000000
834.000000 304.000000 14.000000
900.000000 304.000000 17.000000
978.000000 304.000000 14.000000
1000.000000 304.000000 19.000000
1036.000000 304.000000 21.000000
577.000000 305.000000 21.000000
622.000000 305.000000 24.000000
687.000000 305.000000 24.000000
711.000000 305.000000 17.000000
873.000000 305.000000 17.000000
604.000000 306.000000 28.000000
930.000000 306.000000 18.000000
304.000000 307.000000 7.000000
317.000000 308.000000 21.000000
526.000000 308.000000 24.000000
548.000000 309.000000 24.000000
560.000000 309.000000 24.000000
237.000000 310.000000 19.000000
262.000000 310.000000 19.000000
290.000000 310.000000 21.000000
384.000000 310.000000 19.000000
411.000000 310.000000 17.000000
267.000000 311.000000 19.000000
336.000000 311.000000 14.000000
356.000000 311.000000 17.000000
511.000000 311.000000 11.000000
439.000000 312.000000 17.000000
465.000000 312.000000 21.000000
493.000000 314.000000 17.000000
1039.000000 337.000000 17.000000
1058.000000 337.000000 17.000000
973.000000 339.000000 18.000000
758.000000 340.000000 17.000000
824.000000 340.000000 11.000000
1004.000000 340.000000 21.000000
812.000000 341.000000 11.000000
842.000000 341.000000 14.000000
865.000000 341.000000 17.000000
709.000000 342.000000 21.000000
892.000000 342.000000 16.000000
915.000000 342.000000 17.000000
738.000000 343.000000 17.000000
795.000000 343.000000 23.000000
943.000000 343.000000 17.000000
680.000000 344.000000 19.000000
241.000000 345.000000 19.000000
265.000000 345.000000 17.000000
311.000000 345.000000 24.000000
289.000000 346.000000 17.000000
326.000000 346.000000 17.000000
349.000000 346.000000 14.000000
371.000000 346.000000 16.000000
397.000000 346.000000 17.000000
549.000000 346.000000 14.000000
654.000000 346.000000 14.000000
568.000000 347.000000 11.000000
607.000000 347.000000 17.000000
634.000000 347.000000 17.000000
463.000000 348.000000 16.000000
529.000000 348.000000 14.000000
581.000000 348.000000 21.000000
442.000000 349.000000 14.000000
487.000000 349.000000 14.000000
421.000000 350.000000 17.000000
508.000000 350.000000 14.000000
1052.000000 372.000000 21.000000
1027.000000 375.000000 17.000000
961.000000 376.000000 19.000000
1005.000000 376.000000 17.000000
827.000000 377.000000 25.000000
883.000000 378.000000 17.000000
856.000000 379.000000 20.000000
901.000000 379.000000 21.000000
931.000000 379.000000 19.000000
985.000000 379.000000 14.000000
254.000000 381.000000 9.000000
700.000000 381.000000 11.000000
774.000000 381.000000 11.000000
792.000000 381.000000 14.000000
811.000000 381.000000 11.000000
849.000000 381.000000 21.000000
237.000000 382.000000 24.000000
269.000000 382.000000 14.000000
380.000000 382.000000 16.000000
404.000000 382.000000 16.000000
715.000000 382.000000 10.000000
733.000000 382.000000 17.000000
756.000000 382.000000 14.000000
292.000000 383.000000 17.000000
323.000000 383.000000 20.000000
430.000000 383.000000 16.000000
579.000000 383.000000 17.000000
606.000000 383.000000 21.000000
354.000000 384.000000 17.000000
478.000000 384.000000 16.000000
502.000000 384.000000 16.000000
527.000000 384.000000 17.000000
552.000000 384.000000 17.000000
453.000000 385.000000 17.000000
640.000000 385.000000 21.000000
678.000000 385.000000 17.000000
655.000000 386.000000 14.000000
1046.000000 409.000000 17.000000
1068.000000 409.000000 30.000000
1014.000000 414.000000 19.000000
896.000000 415.000000 24.000000
990.000000 415.000000 17.000000
886.000000 416.000000 21.000000
966.000000 416.000000 17.000000
940.000000 417.000000 17.000000
276.000000 418.000000 24.000000
859.000000 418.000000 21.000000
915.000000 418.000000 16.000000
287.000000 419.000000 21.000000
312.000000 419.000000 17.000000
336.000000 419.000000 16.000000
358.000000 419.000000 17.000000
415.000000 420.000000 17.000000
800.000000 420.000000 19.000000
825.000000 420.000000 17.000000
258.000000 421.000000 11.000000
493.000000 421.000000 17.000000
512.000000 421.000000 11.000000
630.000000 421.000000 18.000000
656.000000 421.000000 17.000000
239.000000 422.000000 28.000000
386.000000 422.000000 19.000000
439.000000 422.000000 17.000000
466.000000 422.000000 17.000000
530.000000 422.000000 14.000000
553.000000 422.000000 17.000000
580.000000 422.000000 17.000000
682.000000 422.000000 17.000000
708.000000 422.000000 19.000000
767.000000 422.000000 21.000000
734.000000 423.000000 21.000000
604.000000 424.000000 17.000000
948.000000 455.000000 17.000000
1022.000000 455.000000 17.000000
1049.000000 455.000000 17.000000
1071.000000 455.000000 31.000000
902.000000 456.000000 14.000000
924.000000 456.000000 14.000000
975.000000 456.000000 17.000000
300.000000 457.000000 20.000000
326.000000 457.000000 18.000000
885.000000 457.000000 14.000000
1000.000000 457.000000 14.000000
768.000000 458.000000 17.000000
827.000000 458.000000 17.000000
270.000000 459.000000 17.000000
354.000000 459.000000 20.000000
460.000000 459.000000 17.000000
559.000000 459.000000 17.000000
588.000000 459.000000 17.000000
614.000000 459.000000 14.000000
634.000000 459.000000 16.000000
656.000000 459.000000 14.000000
677.000000 459.000000 21.000000
709.000000 459.000000 17.000000
798.000000 459.000000 19.000000
245.000000 460.000000 21.000000
411.000000 460.000000 18.000000
477.000000 460.000000 11.000000
496.000000 460.000000 17.000000
520.000000 460.000000 21.000000
536.000000 460.000000 14.000000
742.000000 460.000000 21.000000
854.000000 460.000000 21.000000
383.000000 461.000000 19.000000
435.000000 461.000000 17.000000
498.000000 495.000000 17.000000
655.000000 495.000000 7.000000
990.000000 495.000000 17.000000
241.000000 496.000000 31.000000
458.000000 496.000000 17.000000
480.000000 496.000000 14.000000
1015.000000 496.000000 17.000000
1036.000000 496.000000 12.000000
262.000000 497.000000 14.000000
530.000000 497.000000 21.000000
621.000000 497.000000 11.000000
775.000000 497.000000 17.000000
800.000000 497.000000 17.000000
881.000000 497.000000 23.000000
921.000000 497.000000 27.000000
943.000000 497.000000 14.000000
1062.000000 497.000000 21.000000
400.000000 498.000000 19.000000
432.000000 498.000000 19.000000
638.000000 498.000000 24.000000
966.000000 498.000000 17.000000
286.000000 499.000000 17.000000
316.000000 499.000000 17.000000
366.000000 499.000000 21.000000
561.000000 499.000000 21.000000
601.000000 499.000000 14.000000
822.000000 499.000000 17.000000
846.000000 499.000000 17.000000
873.000000 499.000000 22.000000
337.000000 500.000000 17.000000
581.000000 500.000000 11.000000
672.000000 500.000000 21.000000
705.000000 500.000000 17.000000
730.000000 500.000000 17.000000
752.000000 500.000000 17.000000
910.000000 500.000000 24.000000
1047.000000 528.000000 28.000000
1064.000000 529.000000 28.000000
1021.000000 531.000000 20.000000
963.000000 533.000000 16.000000
987.000000 534.000000 17.000000
340.000000 535.000000 14.000000
363.000000 535.000000 16.000000
386.000000 535.000000 14.000000
436.000000 535.000000 17.000000
938.000000 535.000000 16.000000
317.000000 536.000000 16.000000
409.000000 537.000000 17.000000
682.000000 537.000000 21.000000
782.000000 537.000000 14.000000
879.000000 537.000000 17.000000
910.000000 537.000000 20.000000
286.000000 538.000000 21.000000
457.000000 538.000000 14.000000
506.000000 538.000000 19.000000
640.000000 538.000000 21.000000
665.000000 538.000000 24.000000
706.000000 538.000000 17.000000
813.000000 538.000000 21.000000
856.000000 538.000000 28.000000
476.000000 539.000000 21.000000
559.000000 539.000000 19.000000
722.000000 539.000000 11.000000
533.000000 540.000000 14.000000
587.000000 540.000000 21.000000
605.000000 540.000000 24.000000
739.000000 540.000000 11.000000
760.000000 540.000000 14.000000
248.000000 541.000000 24.000000
840.000000 541.000000 24.000000
333.000000 569.000000 24.000000
942.000000 572.000000 30.000000
966.000000 573.000000 17.000000
990.000000 573.000000 17.000000
1014.000000 573.000000 17.000000
312.000000 574.000000 14.000000
344.000000 574.000000 23.000000
1039.000000 574.000000 17.000000
292.000000 575.000000 14.000000
773.000000 575.000000 21.000000
1067.000000 575.000000 24.000000
927.000000 576.000000 26.000000
270.000000 577.000000 17.000000
371.000000 577.000000 21.000000
405.000000 577.000000 20.000000
437.000000 578.000000 21.000000
676.000000 578.000000 11.000000
739.000000 578.000000 27.000000
246.000000 579.000000 21.000000
470.000000 579.000000 17.000000
640.000000 579.000000 14.000000
659.000000 579.000000 14.000000
802.000000 579.000000 17.000000
863.000000 579.000000 21.000000
896.000000 579.000000 21.000000
499.000000 580.000000 21.000000
528.000000 580.000000 17.000000
556.000000 580.000000 21.000000
687.000000 580.000000 9.000000
701.000000 580.000000 21.000000
732.000000 580.000000 22.000000
585.000000 581.000000 17.000000
833.000000 581.000000 20.000000
613.000000 583.000000 19.000000
157.000000 608.000000 21.000000
325.000000 613.000000 24.000000
285.000000 615.000000 17.000000
307.000000 615.000000 14.000000
343.000000 615.000000 11.000000
244.000000 616.000000 21.000000
357.000000 617.000000 11.000000
431.000000 617.000000 21.000000
1006.000000 617.000000 11.000000
266.000000 618.000000 17.000000
375.000000 618.000000 14.000000
402.000000 618.000000 19.000000
1046.000000 619.000000 21.000000
471.000000 620.000000 21.000000
950.000000 620.000000 11.000000
966.000000 620.000000 14.000000
988.000000 620.000000 14.000000
509.000000 621.000000 21.000000
663.000000 621.000000 24.000000
1019.000000 621.000000 24.000000
1069.000000 621.000000 24.000000
544.000000 622.000000 21.000000
803.000000 622.000000 9.000000
831.000000 622.000000 28.000000
629.000000 623.000000 14.000000
650.000000 623.000000 27.000000
753.000000 623.000000 17.000000
923.000000 623.000000 21.000000
608.000000 624.000000 17.000000
689.000000 624.000000 19.000000
723.000000 624.000000 21.000000
871.000000 624.000000 17.000000
896.000000 624.000000 17.000000
582.000000 625.000000 21.000000
849.000000 625.000000 11.000000
779.000000 626.000000 21.000000
307.000000 649.000000 21.000000
248.000000 654.000000 24.000000
281.000000 654.000000 19.000000
337.000000 654.000000 14.000000
360.000000 654.000000 17.000000
389.000000 656.000000 20.000000
418.000000 656.000000 17.000000
442.000000 657.000000 14.000000
461.000000 657.000000 14.000000
482.000000 657.000000 14.000000
506.000000 659.000000 17.000000
532.000000 660.000000 17.000000
559.000000 661.000000 17.000000
583.000000 661.000000 17.000000
710.000000 662.000000 27.000000
1067.000000 662.000000 38.000000
609.000000 663.000000 14.000000
628.000000 664.000000 14.000000
672.000000 664.000000 17.000000
650.000000 665.000000 17.000000
740.000000 666.000000 21.000000
769.000000 666.000000 17.000000
1016.000000 667.000000 21.000000
1043.000000 667.000000 14.000000
794.000000 669.000000 24.000000
966.000000 669.000000 14.000000
985.000000 669.000000 28.000000
807.000000 670.000000 31.000000
827.000000 670.000000 17.000000
853.000000 670.000000 26.000000
940.000000 671.000000 20.000000
889.000000 672.000000 17.000000
917.000000 673.000000 17.000000
323.000000 726.000000 14.000000
343.000000 726.000000 12.000000
361.000000 726.000000 28.000000
309.000000 728.000000 27.000000
