0.254400 0.080000 0.008800
0.228800 0.080800 0.011200
0.244000 0.081600 0.008800
0.214400 0.084000 0.008800
0.183200 0.084800 0.026400
0.201600 0.084800 0.011200
0.834400 0.102400 0.026400
0.848800 0.104800 0.028800
0.181600 0.133600 0.019200
0.203200 0.134400 0.011200
0.220800 0.137600 0.011200
0.267200 0.140000 0.016800
0.284800 0.140000 0.013600
0.400000 0.140000 0.011200
0.375200 0.140800 0.017600
0.416800 0.140800 0.011200
0.452800 0.140800 0.013600
0.240000 0.142400 0.013600
0.304000 0.142400 0.013600
0.350400 0.142400 0.015200
0.433600 0.143200 0.011200
0.324800 0.144000 0.015200
0.470400 0.144000 0.020800
0.496800 0.144000 0.011200
0.519200 0.144000 0.004800
0.480000 0.144800 0.022400
0.526400 0.144800 0.005600
0.586400 0.144800 0.016800
0.604000 0.144800 0.021600
0.801600 0.144800 0.008800
0.830400 0.144800 0.011200
0.510400 0.145600 0.007200
0.540000 0.145600 0.011200
0.579200 0.145600 0.016800
0.653600 0.146400 0.016800
0.699200 0.146400 0.008800
0.559200 0.147200 0.013600
0.616000 0.147200 0.008800
0.632000 0.147200 0.011200
0.686400 0.147200 0.008800
0.712800 0.147200 0.019200
0.734400 0.147200 0.013600
0.753600 0.147200 0.013600
0.812800 0.148000 0.020800
0.847200 0.148000 0.026400
0.787200 0.148800 0.008800
0.672800 0.150400 0.013600
0.775200 0.150400 0.019200
0.179200 0.165600 0.016800
0.196800 0.165600 0.008800
0.209600 0.167200 0.011200
0.240800 0.167200 0.008800
0.226400 0.168800 0.013600
0.252800 0.168800 0.011200
0.269600 0.170400 0.011200
0.345600 0.171200 0.011200
0.288000 0.172000 0.013600
0.325600 0.172000 0.012800
0.308000 0.172800 0.012000
0.359200 0.172800 0.008000
0.576800 0.172800 0.016800
0.373600 0.173600 0.013600
0.393600 0.173600 0.013600
0.415200 0.173600 0.013600
0.435200 0.173600 0.013600
0.478400 0.174400 0.013600
0.545600 0.174400 0.007200
0.456800 0.175200 0.013600
0.499200 0.175200 0.013600
0.518400 0.175200 0.011200
0.534400 0.175200 0.008800
0.556000 0.176000 0.005600
0.847200 0.176000 0.016800
0.599200 0.176800 0.011200
0.700000 0.176800 0.011200
0.819200 0.176800 0.015200
0.564000 0.177600 0.005600
0.612800 0.177600 0.011200
0.715200 0.177600 0.008000
0.626400 0.178400 0.008800
0.636800 0.178400 0.016800
0.680000 0.178400 0.015200
0.654400 0.179200 0.013600
0.726400 0.179200 0.008800
0.743200 0.179200 0.011200
0.760800 0.180000 0.012800
0.797600 0.180000 0.015200
0.779200 0.180800 0.013600
0.176800 0.196000 0.016000
0.199200 0.196800 0.013600
0.224000 0.197600 0.015200
0.241600 0.198400 0.011200
0.259200 0.200000 0.011200
0.299200 0.201600 0.016800
0.281600 0.202400 0.013600
0.317600 0.202400 0.013600
0.340800 0.202400 0.016800
0.309600 0.203200 0.017600
0.426400 0.204000 0.011200
0.527200 0.204000 0.011200
0.545600 0.204000 0.013600
0.366400 0.204800 0.011200
0.379200 0.204800 0.008800
0.390400 0.204800 0.008800
0.407200 0.204800 0.013600
0.444000 0.204800 0.011200
0.477600 0.204800 0.011200
0.492800 0.204800 0.011200
0.509600 0.204800 0.011200
0.460800 0.205600 0.011200
0.564800 0.206400 0.013600
0.689600 0.206400 0.011200
0.605600 0.207200 0.012800
0.674400 0.207200 0.011200
0.587200 0.208000 0.011200
0.654400 0.208000 0.013600
0.706400 0.208000 0.012800
0.635200 0.208800 0.016800
0.622400 0.209600 0.011200
0.728800 0.209600 0.013600
0.846400 0.209600 0.018400
0.821600 0.210400 0.011200
0.749600 0.211200 0.013600
0.804000 0.211200 0.012800
0.784800 0.212800 0.013600
0.768000 0.213600 0.011200
0.183200 0.225600 0.017600
0.207200 0.225600 0.013600
0.223200 0.226400 0.013600
0.244000 0.228800 0.016000
0.272000 0.230400 0.016800
0.295200 0.231200 0.016800
0.356000 0.232800 0.019200
0.324800 0.233600 0.016000
0.342400 0.233600 0.019200
0.370400 0.233600 0.021600
0.386400 0.234400 0.016800
0.456800 0.235200 0.011200
0.522400 0.235200 0.016800
0.472800 0.236000 0.019200
0.484000 0.236000 0.019200
0.501600 0.236000 0.013600
0.672800 0.236000 0.019200
0.407200 0.236800 0.015200
0.437600 0.236800 0.016800
0.536800 0.236800 0.013600
0.690400 0.236800 0.008800
0.555200 0.237600 0.016800
0.580800 0.237600 0.011200
0.648000 0.237600 0.011200
0.660800 0.237600 0.007200
0.702400 0.237600 0.019200
0.596000 0.238400 0.011200
0.612800 0.238400 0.011200
0.631200 0.238400 0.011200
0.783200 0.240000 0.013600
0.732800 0.240800 0.016800
0.758400 0.241600 0.016000
0.803200 0.241600 0.013600
0.824800 0.241600 0.016000
0.846400 0.244000 0.016800
0.180000 0.255200 0.016800
0.214400 0.255200 0.011200
0.197600 0.256800 0.011200
0.234400 0.258400 0.014400
0.259200 0.259200 0.013600
0.279200 0.260800 0.013600
0.299200 0.263200 0.013600
0.319200 0.264000 0.013600
0.339200 0.264000 0.013600
0.369600 0.264800 0.016800
0.393600 0.264800 0.015200
0.354400 0.265600 0.013600
0.360800 0.265600 0.016800
0.378400 0.265600 0.013600
0.413600 0.265600 0.013600
0.442400 0.265600 0.019200
0.459200 0.265600 0.016800
0.480800 0.266400 0.013600
0.498400 0.266400 0.013600
0.517600 0.266400 0.011200
0.468800 0.267200 0.019200
0.535200 0.267200 0.013600
0.554400 0.268000 0.011200
0.570400 0.268000 0.011200
0.584800 0.268000 0.011200
0.605600 0.268000 0.013600
0.620000 0.268000 0.008800
0.633600 0.268000 0.011200
0.668000 0.268800 0.011200
0.682400 0.269600 0.008800
0.651200 0.271200 0.011200
0.787200 0.272000 0.008800
0.702400 0.272800 0.016800
0.732800 0.272800 0.013600
0.756000 0.272800 0.016800
0.772800 0.272800 0.011200
0.822400 0.272800 0.013600
0.720800 0.273600 0.019200
0.804800 0.273600 0.011200
0.843200 0.274400 0.019200
0.848000 0.275200 0.019200
0.180800 0.284800 0.016800
0.207200 0.285600 0.016800
0.231200 0.290400 0.016800
0.257600 0.291200 0.013600
0.274400 0.292800 0.011200
0.292000 0.292800 0.012800
0.312800 0.293600 0.013600
0.334400 0.293600 0.013600
0.380800 0.293600 0.017600
0.376000 0.294400 0.016800
0.352800 0.295200 0.013600
0.392800 0.295200 0.005600
0.410400 0.296800 0.016800
0.429600 0.297600 0.013600
0.452800 0.300800 0.015200
0.474400 0.300800 0.016000
0.500000 0.300800 0.015200
0.547200 0.300800 0.008800
0.557600 0.300800 0.019200
0.522400 0.301600 0.016800
0.532000 0.301600 0.020800
0.575200 0.301600 0.013600
0.596000 0.301600 0.016800
0.621600 0.304800 0.016000
0.658400 0.306400 0.013600
0.679200 0.306400 0.015200
0.712800 0.306400 0.008800
0.742400 0.306400 0.008800
0.776000 0.306400 0.016800
0.641600 0.307200 0.012800
0.699200 0.307200 0.011200
0.727200 0.307200 0.011200
0.754400 0.307200 0.008800
0.848000 0.307200 0.016800
0.794400 0.308000 0.016000
0.817600 0.308000 0.018400
0.184000 0.316000 0.020800
0.210400 0.316800 0.019200
0.192800 0.318400 0.019200
0.223200 0.318400 0.016800
0.241600 0.318400 0.013600
0.260000 0.319200 0.015200
0.289600 0.321600 0.016000
0.308800 0.322400 0.013600
0.329600 0.322400 0.015200
0.352800 0.323200 0.015200
0.377600 0.323200 0.012800
0.404000 0.324000 0.018400
0.394400 0.324800 0.016000
0.416000 0.325600 0.016800
0.436800 0.328800 0.015200
0.456000 0.328800 0.011200
0.468000 0.328800 0.008800
0.495200 0.329600 0.013600
0.511200 0.330400 0.016800
0.535200 0.331200 0.013600
0.552000 0.332800 0.013600
0.571200 0.332800 0.011200
0.585600 0.332800 0.011200
0.624000 0.334400 0.013600
0.687200 0.334400 0.013600
0.604800 0.335200 0.012800
0.645600 0.335200 0.013600
0.666400 0.335200 0.011200
0.708000 0.336000 0.011200
0.722400 0.336000 0.012800
0.740000 0.336000 0.013600
0.762400 0.337600 0.013600
0.836000 0.337600 0.017600
0.855200 0.337600 0.016800
0.801600 0.338400 0.016000
0.781600 0.339200 0.012800
0.177600 0.348800 0.019200
0.193600 0.349600 0.016800
0.218400 0.349600 0.013600
0.260800 0.350400 0.013600
0.240800 0.351200 0.013600
0.377600 0.351200 0.011200
0.306400 0.352000 0.011200
0.290400 0.352800 0.019200
0.327200 0.352800 0.016000
0.358400 0.352800 0.015200
0.391200 0.352800 0.008800
0.403200 0.353600 0.008800
0.417600 0.353600 0.011200
0.432000 0.356000 0.011200
0.454400 0.356000 0.014400
0.476000 0.356800 0.013600
0.493600 0.358400 0.011200
0.527200 0.360800 0.011200
0.510400 0.361600 0.013600
0.542400 0.362400 0.013600
0.619200 0.363200 0.004000
0.629600 0.363200 0.013600
0.560800 0.364000 0.016800
0.585600 0.364000 0.013600
0.606400 0.364000 0.016000
0.645600 0.364800 0.011200
0.662400 0.365600 0.013600
0.685600 0.366400 0.015200
0.705600 0.367200 0.011200
0.830400 0.367200 0.016000
0.722400 0.368000 0.012800
0.812000 0.368000 0.016800
0.740000 0.368800 0.013600
0.762400 0.368800 0.015200
0.784800 0.368800 0.013600
0.854400 0.368800 0.016800
0.177600 0.376800 0.016800
0.210400 0.377600 0.016000
0.192800 0.380000 0.011200
0.238400 0.380000 0.013600
0.274400 0.380000 0.011200
0.290400 0.380000 0.011200
0.256800 0.380800 0.011200
0.307200 0.381600 0.011200
0.322400 0.381600 0.008800
0.371200 0.382400 0.008800
0.384000 0.382400 0.019200
0.406400 0.382400 0.016000
0.333600 0.383200 0.019200
0.353600 0.384000 0.015200
0.452800 0.386400 0.011200
0.428800 0.387200 0.016800
0.467200 0.387200 0.013600
0.505600 0.388800 0.011200
0.487200 0.389600 0.012800
0.522400 0.390400 0.011200
0.540800 0.391200 0.013600
0.587200 0.392800 0.013600
0.604800 0.392800 0.012800
0.623200 0.392800 0.011200
0.564000 0.393600 0.015200
0.639200 0.393600 0.011200
0.651200 0.394400 0.016800
0.673600 0.396800 0.015200
0.696800 0.396800 0.014400
0.721600 0.398400 0.015200
0.760800 0.398400 0.011200
0.743200 0.400000 0.012800
0.824800 0.400000 0.015200
0.778400 0.400800 0.013600
0.799200 0.401600 0.016000
0.847200 0.401600 0.019200
0.178400 0.406400 0.016800
0.237600 0.408000 0.013600
0.196800 0.408800 0.013600
0.217600 0.408800 0.013600
0.260000 0.411200 0.015200
0.288000 0.411200 0.016800
0.311200 0.413600 0.015200
0.332800 0.413600 0.012800
0.352000 0.415200 0.015200
0.375200 0.415200 0.013600
0.423200 0.415200 0.013600
0.400000 0.416000 0.016800
0.442400 0.416800 0.016800
0.460800 0.416800 0.016800
0.449600 0.417600 0.019200
0.506400 0.417600 0.011200
0.455200 0.418400 0.019200
0.480800 0.418400 0.016800
0.523200 0.418400 0.012800
0.543200 0.423200 0.013600
0.577600 0.423200 0.013600
0.566400 0.424000 0.016800
0.593600 0.424000 0.016800
0.606400 0.424000 0.016800
0.648800 0.425600 0.016800
0.686400 0.425600 0.005600
0.624800 0.426400 0.016800
0.674400 0.426400 0.016800
0.698400 0.427200 0.016800
0.719200 0.428800 0.013600
0.749600 0.432000 0.015200
0.804000 0.432000 0.016800
0.774400 0.432800 0.015200
0.830400 0.432800 0.015200
0.852000 0.432800 0.013600
0.180800 0.438400 0.016800
0.199200 0.438400 0.013600
0.225600 0.440000 0.017600
0.250400 0.440800 0.013600
0.268000 0.440800 0.011200
0.291200 0.441600 0.016800
0.319200 0.442400 0.016800
0.336800 0.443200 0.011200
0.352000 0.444000 0.008800
0.366400 0.445600 0.013600
0.389600 0.446400 0.015200
0.414400 0.448000 0.016000
0.489600 0.448000 0.016800
0.460800 0.448800 0.015200
0.521600 0.448800 0.019200
0.439200 0.449600 0.016800
0.542400 0.450400 0.013600
0.558400 0.450400 0.008800
0.509600 0.451200 0.019200
0.571200 0.451200 0.011200
0.588000 0.453600 0.011200
0.600800 0.455200 0.008800
0.618400 0.456000 0.012000
0.657600 0.457600 0.013600
0.676000 0.457600 0.011200
0.636800 0.458400 0.013600
0.692800 0.460000 0.011200
0.710400 0.460000 0.013600
0.850400 0.460000 0.019200
0.830400 0.460800 0.013600
0.730400 0.461600 0.013600
0.751200 0.461600 0.013600
0.772000 0.463200 0.016000
0.777600 0.463200 0.016800
0.855200 0.463200 0.019200
0.800800 0.464000 0.016800
0.116000 0.467200 0.034400
0.212800 0.472800 0.016800
0.232000 0.473600 0.013600
0.308800 0.473600 0.008800
0.322400 0.473600 0.019200
0.183200 0.474400 0.019200
0.250400 0.474400 0.011200
0.277600 0.474400 0.011200
0.295200 0.475200 0.011200
0.264000 0.476000 0.007200
0.334400 0.476000 0.011200
0.350400 0.476000 0.013600
0.373600 0.476800 0.016000
0.392800 0.476800 0.011200
0.404800 0.477600 0.021600
0.452800 0.478400 0.019200
0.424000 0.479200 0.013600
0.467200 0.480000 0.007200
0.478400 0.480000 0.019200
0.492800 0.481600 0.008800
0.504000 0.483200 0.011200
0.524800 0.483200 0.016800
0.538400 0.483200 0.011200
0.517600 0.484800 0.016800
0.581600 0.485600 0.013600
0.559200 0.486400 0.015200
0.602400 0.486400 0.015200
0.624000 0.487200 0.011200
0.641600 0.488000 0.013600
0.666400 0.488000 0.016000
0.860000 0.489600 0.016800
0.696000 0.490400 0.015200
0.719200 0.490400 0.016800
0.838400 0.490400 0.014400
0.747200 0.491200 0.013600
0.764800 0.491200 0.016800
0.816000 0.491200 0.013600
0.794400 0.492000 0.015200
0.184000 0.505600 0.019200
0.261600 0.507200 0.011200
0.278400 0.507200 0.011200
0.212800 0.508000 0.016800
0.247200 0.508000 0.010400
0.298400 0.508000 0.013600
0.319200 0.508800 0.011200
0.336800 0.508800 0.013600
0.232000 0.509600 0.011200
0.359200 0.509600 0.016000
0.381600 0.511200 0.013600
0.400800 0.512000 0.018400
0.408800 0.512800 0.024000
0.426400 0.514400 0.011200
0.444000 0.514400 0.013600
0.463200 0.515200 0.013600
0.484800 0.515200 0.013600
0.506400 0.516000 0.016800
0.550400 0.516000 0.011200
0.563200 0.516000 0.008800
0.531200 0.516800 0.016800
0.584000 0.516800 0.014400
0.572800 0.517600 0.003200
0.616000 0.517600 0.008800
0.631200 0.517600 0.011200
0.863200 0.517600 0.022400
0.603200 0.518400 0.011200
0.648800 0.518400 0.011200
0.674400 0.520000 0.019200
0.790400 0.520800 0.013600
0.810400 0.520800 0.016000
0.833600 0.520800 0.016800
0.696800 0.521600 0.016000
0.719200 0.521600 0.013600
0.740800 0.521600 0.015200
0.846400 0.521600 0.004800
0.762400 0.523200 0.019200
0.767200 0.523200 0.016800
0.188800 0.581600 0.026400
0.206400 0.582400 0.011200
0.223200 0.582400 0.011200
0.237600 0.582400 0.011200
0.253600 0.582400 0.011200
0.265600 0.584000 0.020800
