0.263200 0.092000 0.008800
0.192800 0.092800 0.026400
0.224800 0.092800 0.008800
0.251200 0.092800 0.008800
0.211200 0.093600 0.009600
0.238400 0.093600 0.008800
0.823200 0.104000 0.028000
0.836800 0.104000 0.024000
0.467200 0.140000 0.013600
0.560800 0.141600 0.011200
0.575200 0.141600 0.008800
0.589600 0.141600 0.011200
0.356000 0.142400 0.016800
0.376000 0.142400 0.013600
0.391200 0.142400 0.008000
0.180800 0.143200 0.024800
0.196800 0.143200 0.011200
0.246400 0.143200 0.011200
0.260000 0.143200 0.008800
0.492800 0.143200 0.019200
0.632000 0.143200 0.013600
0.230400 0.144000 0.011200
0.450400 0.144000 0.008800
0.648800 0.144000 0.008800
0.680800 0.144000 0.012800
0.697600 0.144000 0.016800
0.213600 0.144800 0.011200
0.325600 0.144800 0.016800
0.339200 0.144800 0.011200
0.419200 0.144800 0.011200
0.435200 0.144800 0.011200
0.512000 0.144800 0.013600
0.544800 0.144800 0.008800
0.608000 0.144800 0.016800
0.752000 0.144800 0.013600
0.271200 0.145600 0.016800
0.288000 0.145600 0.012800
0.307200 0.145600 0.011200
0.401600 0.145600 0.016800
0.478400 0.145600 0.005600
0.530400 0.145600 0.011200
0.662400 0.145600 0.011200
0.788800 0.145600 0.011200
0.804800 0.145600 0.011200
0.732800 0.146400 0.024800
0.772000 0.146400 0.012800
0.820800 0.146400 0.013600
0.266400 0.171200 0.013600
0.388000 0.171200 0.008800
0.534400 0.171200 0.011200
0.184000 0.172000 0.016800
0.198400 0.172000 0.011200
0.236800 0.172000 0.016000
0.289600 0.172000 0.014400
0.311200 0.172000 0.013600
0.353600 0.172000 0.013600
0.404000 0.172000 0.013600
0.216000 0.172800 0.012800
0.374400 0.172800 0.011200
0.504800 0.172800 0.008800
0.519200 0.172800 0.008800
0.552000 0.172800 0.011200
0.571200 0.172800 0.013600
0.595200 0.172800 0.015200
0.680800 0.172800 0.011200
0.332800 0.173600 0.013600
0.425600 0.173600 0.012800
0.491200 0.173600 0.011200
0.624800 0.173600 0.016000
0.647200 0.173600 0.013600
0.665600 0.173600 0.011200
0.710400 0.173600 0.013600
0.734400 0.173600 0.016000
0.441600 0.174400 0.016800
0.472000 0.174400 0.013600
0.696000 0.174400 0.008800
0.758400 0.175200 0.013600
0.774400 0.176000 0.011200
0.791200 0.176000 0.011200
0.824800 0.176000 0.016800
0.809600 0.177600 0.011200
0.276800 0.199200 0.011200
0.359200 0.199200 0.004800
0.348800 0.200000 0.008800
0.365600 0.200000 0.012000
0.237600 0.200800 0.012800
0.257600 0.200800 0.013600
0.316800 0.200800 0.011200
0.333600 0.200800 0.011200
0.440000 0.200800 0.011200
0.185600 0.201600 0.013600
0.203200 0.201600 0.011200
0.220000 0.201600 0.011200
0.296800 0.201600 0.013600
0.381600 0.201600 0.015200
0.404800 0.201600 0.012800
0.422400 0.201600 0.011200
0.472000 0.201600 0.012800
0.493600 0.201600 0.011200
0.511200 0.201600 0.012800
0.536800 0.201600 0.016800
0.552000 0.201600 0.011200
0.566400 0.201600 0.011200
0.583200 0.201600 0.013600
0.453600 0.202400 0.011200
0.530400 0.202400 0.015200
0.620000 0.203200 0.011200
0.656800 0.204000 0.012800
0.604000 0.204800 0.013600
0.639200 0.204800 0.012800
0.676800 0.205600 0.015200
0.803200 0.205600 0.013600
0.704000 0.206400 0.015200
0.822400 0.207200 0.011200
0.726400 0.208000 0.016000
0.768000 0.208000 0.013600
0.783200 0.208000 0.011200
0.836000 0.208000 0.021600
0.748800 0.208800 0.013600
0.842400 0.208800 0.016000
0.350400 0.228000 0.014400
0.382400 0.228000 0.008800
0.468000 0.228000 0.011200
0.360000 0.228800 0.005600
0.372000 0.228800 0.008800
0.185600 0.229600 0.020800
0.316800 0.229600 0.008800
0.332000 0.229600 0.011200
0.484800 0.229600 0.011200
0.299200 0.230400 0.012800
0.396000 0.230400 0.011200
0.433600 0.230400 0.013600
0.452000 0.230400 0.011200
0.501600 0.230400 0.013600
0.522400 0.230400 0.013600
0.248000 0.231200 0.015200
0.280000 0.231200 0.016800
0.270400 0.232000 0.019200
0.414400 0.232000 0.012800
0.540800 0.232000 0.011200
0.200000 0.232800 0.011200
0.220000 0.232800 0.016800
0.558400 0.232800 0.012800
0.612000 0.232800 0.013600
0.634400 0.232800 0.013600
0.577600 0.233600 0.012800
0.652800 0.233600 0.013600
0.690400 0.233600 0.013600
0.595200 0.234400 0.011200
0.672000 0.234400 0.013600
0.710400 0.235200 0.016800
0.721600 0.236000 0.016800
0.836800 0.236800 0.013600
0.748800 0.237600 0.015200
0.769600 0.237600 0.012800
0.788000 0.237600 0.011200
0.804800 0.239200 0.010400
0.819200 0.240000 0.008800
0.353600 0.259200 0.009600
0.367200 0.259200 0.008000
0.461600 0.259200 0.011200
0.322400 0.260000 0.011200
0.338400 0.260000 0.011200
0.378400 0.260000 0.004800
0.384800 0.260000 0.005600
0.442400 0.260000 0.011200
0.399200 0.260800 0.011200
0.416000 0.260800 0.011200
0.427200 0.260800 0.011200
0.278400 0.261600 0.013600
0.307200 0.261600 0.010400
0.493600 0.261600 0.013600
0.234400 0.262400 0.015200
0.257600 0.262400 0.013600
0.292800 0.262400 0.011200
0.478400 0.262400 0.011200
0.586400 0.262400 0.011200
0.208800 0.263200 0.014400
0.186400 0.264000 0.016800
0.568000 0.264000 0.013600
0.516000 0.264800 0.019200
0.604800 0.264800 0.013600
0.527200 0.265600 0.022400
0.547200 0.265600 0.016000
0.627200 0.266400 0.015200
0.649600 0.267200 0.016800
0.675200 0.267200 0.016000
0.696000 0.268800 0.013600
0.742400 0.268800 0.016800
0.835200 0.268800 0.022400
0.718400 0.269600 0.016800
0.799200 0.269600 0.013600
0.776800 0.270400 0.016800
0.819200 0.270400 0.013600
0.842400 0.272000 0.016800
0.431200 0.292000 0.011200
0.262400 0.292800 0.008800
0.217600 0.293600 0.016800
0.240800 0.293600 0.016000
0.274400 0.293600 0.019200
0.296000 0.293600 0.013600
0.447200 0.293600 0.008800
0.330400 0.294400 0.011200
0.368000 0.294400 0.011200
0.416000 0.294400 0.011200
0.460000 0.294400 0.007200
0.190400 0.295200 0.018400
0.315200 0.295200 0.011200
0.348800 0.295200 0.012800
0.399200 0.295200 0.011200
0.485600 0.295200 0.019200
0.383200 0.296000 0.009600
0.469600 0.296000 0.008800
0.510400 0.298400 0.015200
0.530400 0.298400 0.013600
0.615200 0.300800 0.011200
0.724000 0.300800 0.016800
0.550400 0.301600 0.013600
0.582400 0.301600 0.011200
0.628800 0.301600 0.008800
0.644000 0.301600 0.011200
0.685600 0.301600 0.016000
0.705600 0.301600 0.013600
0.847200 0.301600 0.019200
0.566400 0.302400 0.011200
0.599200 0.302400 0.011200
0.664000 0.302400 0.013600
0.749600 0.302400 0.013600
0.806400 0.302400 0.009600
0.819200 0.302400 0.008800
0.768800 0.303200 0.015200
0.790400 0.303200 0.011200
0.189600 0.325600 0.017600
0.211200 0.325600 0.005600
0.194400 0.326400 0.021600
0.235200 0.326400 0.008800
0.261600 0.326400 0.011200
0.217600 0.327200 0.004000
0.224800 0.327200 0.005600
0.248800 0.327200 0.008800
0.280000 0.327200 0.013600
0.334400 0.327200 0.007200
0.302400 0.328000 0.013600
0.321600 0.328800 0.011200
0.346400 0.329600 0.008800
0.358400 0.329600 0.008800
0.398400 0.331200 0.019200
0.410400 0.331200 0.022400
0.427200 0.331200 0.011200
0.439200 0.331200 0.008800
0.454400 0.331200 0.011200
0.474400 0.331200 0.012800
0.490400 0.331200 0.008800
0.504800 0.331200 0.011200
0.376800 0.332000 0.013600
0.523200 0.332000 0.013600
0.545600 0.333600 0.016000
0.582400 0.334400 0.005600
0.828800 0.334400 0.011200
0.566400 0.335200 0.013600
0.636000 0.335200 0.011200
0.652000 0.335200 0.010400
0.793600 0.335200 0.011200
0.666400 0.336000 0.011200
0.779200 0.336000 0.011200
0.812000 0.336000 0.011200
0.843200 0.336000 0.021600
0.592000 0.336800 0.005600
0.608000 0.336800 0.013600
0.621600 0.336800 0.008800
0.684000 0.336800 0.011200
0.700000 0.336800 0.012800
0.742400 0.336800 0.013600
0.760800 0.336800 0.013600
0.576000 0.337600 0.004800
0.719200 0.338400 0.016800
0.262400 0.356000 0.004800
0.191200 0.357600 0.017600
0.216000 0.358400 0.011200
0.236000 0.358400 0.015200
0.254400 0.358400 0.013600
0.288000 0.358400 0.013600
0.271200 0.359200 0.013600
0.308000 0.360000 0.013600
0.331200 0.360800 0.015200
0.355200 0.361600 0.013600
0.376000 0.362400 0.012800
0.393600 0.362400 0.011200
0.422400 0.362400 0.008800
0.436800 0.363200 0.011200
0.456000 0.363200 0.013600
0.411200 0.364000 0.018400
0.478400 0.364000 0.016000
0.519200 0.364000 0.008800
0.503200 0.364800 0.013600
0.532800 0.365600 0.008800
0.827200 0.365600 0.016800
0.808800 0.366400 0.013600
0.837600 0.366400 0.008800
0.848800 0.366400 0.018400
0.548000 0.367200 0.011200
0.569600 0.367200 0.015200
0.591200 0.367200 0.013600
0.626400 0.367200 0.004800
0.635200 0.367200 0.007200
0.785600 0.367200 0.014400
0.716000 0.368000 0.016000
0.738400 0.368000 0.013600
0.762400 0.368000 0.013600
0.611200 0.368800 0.013600
0.647200 0.368800 0.011200
0.664000 0.369600 0.016800
0.691200 0.369600 0.015200
0.191200 0.389600 0.016000
0.240800 0.390400 0.012800
0.259200 0.392000 0.012800
0.214400 0.392800 0.016800
0.224800 0.392800 0.011200
0.278400 0.392800 0.011200
0.293600 0.393600 0.008800
0.309600 0.393600 0.011200
0.377600 0.393600 0.011200
0.327200 0.394400 0.011200
0.341600 0.394400 0.011200
0.394400 0.394400 0.011200
0.410400 0.394400 0.011200
0.362400 0.395200 0.013600
0.433600 0.396000 0.016800
0.449600 0.396000 0.011200
0.487200 0.396800 0.016800
0.468800 0.397600 0.013600
0.596800 0.397600 0.011200
0.620000 0.397600 0.016800
0.562400 0.398400 0.011200
0.580800 0.398400 0.011200
0.616000 0.398400 0.016800
0.794400 0.399200 0.011200
0.519200 0.400000 0.016800
0.688000 0.400000 0.013600
0.830400 0.400000 0.013600
0.544000 0.400800 0.013600
0.644800 0.400800 0.016000
0.666400 0.400800 0.013600
0.709600 0.400800 0.015200
0.743200 0.400800 0.019200
0.773600 0.400800 0.018400
0.811200 0.400800 0.011200
0.852000 0.400800 0.016800
0.761600 0.401600 0.008800
0.192800 0.415200 0.015200
0.212000 0.416000 0.013600
0.232000 0.417600 0.016800
0.242400 0.417600 0.019200
0.257600 0.417600 0.011200
0.276800 0.419200 0.013600
0.336800 0.419200 0.011200
0.300800 0.420000 0.014400
0.320000 0.420800 0.011200
0.354400 0.421600 0.013600
0.375200 0.422400 0.016800
0.414400 0.424800 0.016800
0.435200 0.428000 0.011200
0.448800 0.428800 0.011200
0.466400 0.428800 0.013600
0.487200 0.429600 0.013600
0.508800 0.431200 0.013600
0.535200 0.432000 0.016000
0.624000 0.432000 0.013600
0.667200 0.432000 0.016800
0.806400 0.432000 0.015200
0.556800 0.432800 0.013600
0.596000 0.432800 0.008800
0.645600 0.432800 0.015200
0.691200 0.432800 0.011200
0.708000 0.432800 0.013600
0.751200 0.432800 0.015200
0.827200 0.432800 0.013600
0.579200 0.433600 0.013600
0.608000 0.433600 0.011200
0.732000 0.433600 0.016000
0.776800 0.433600 0.016800
0.848000 0.433600 0.016800
0.195200 0.446400 0.016800
0.216000 0.446400 0.013600
0.239200 0.448000 0.016000
0.260000 0.448000 0.013600
0.278400 0.449600 0.019200
0.289600 0.449600 0.019200
0.310400 0.450400 0.015200
0.340800 0.451200 0.019200
0.358400 0.452000 0.011200
0.372000 0.453600 0.008800
0.388000 0.453600 0.013600
0.416000 0.456000 0.017600
0.441600 0.458400 0.016000
0.466400 0.459200 0.013600
0.484000 0.460800 0.011200
0.498400 0.461600 0.016800
0.767200 0.461600 0.008800
0.520800 0.462400 0.013600
0.720000 0.462400 0.011200
0.752000 0.462400 0.013600
0.782400 0.462400 0.011200
0.505600 0.463200 0.013600
0.543200 0.463200 0.016800
0.555200 0.463200 0.016800
0.575200 0.463200 0.019200
0.669600 0.463200 0.011200
0.733600 0.463200 0.008800
0.588800 0.464000 0.011200
0.604800 0.464000 0.013600
0.626400 0.464000 0.015200
0.649600 0.464000 0.013600
0.686400 0.464000 0.011200
0.703200 0.464000 0.011200
0.803200 0.464000 0.013600
0.821600 0.464000 0.013600
0.846400 0.464000 0.016800
0.256000 0.480000 0.011200
0.242400 0.480800 0.019200
0.192800 0.481600 0.019200
0.218400 0.481600 0.015200
0.274400 0.481600 0.020800
0.304000 0.482400 0.016800
0.329600 0.482400 0.016800
0.348800 0.484000 0.011200
0.364800 0.485600 0.008800
0.374400 0.485600 0.017600
0.394400 0.488800 0.013600
0.417600 0.489600 0.016800
0.444000 0.490400 0.016000
0.468000 0.492000 0.014400
0.490400 0.493600 0.013600
0.514400 0.494400 0.020800
0.528800 0.494400 0.008800
0.544000 0.495200 0.011200
0.567200 0.495200 0.016800
0.586400 0.495200 0.013600
0.774400 0.495200 0.011200
0.604800 0.496000 0.012800
0.623200 0.496000 0.013600
0.680800 0.496000 0.011200
0.733600 0.496000 0.008800
0.792000 0.496000 0.016800
0.800000 0.496000 0.018400
0.820000 0.496000 0.016800
0.694400 0.496800 0.010400
0.744000 0.496800 0.007200
0.757600 0.496800 0.011200
0.633600 0.497600 0.003200
0.640000 0.497600 0.009600
0.710400 0.497600 0.011200
0.723200 0.497600 0.006400
0.656000 0.498400 0.019200
0.850400 0.498400 0.019200
0.184000 0.510400 0.016800
0.202400 0.512000 0.011200
0.215200 0.512800 0.007200
0.226400 0.514400 0.008800
0.242400 0.515200 0.011200
0.259200 0.516000 0.011200
0.278400 0.516800 0.013600
0.297600 0.517600 0.015200
0.315200 0.517600 0.013600
0.323200 0.518400 0.005600
0.334400 0.520000 0.024800
0.351200 0.520800 0.011200
0.370400 0.520800 0.015200
0.395200 0.521600 0.016800
0.423200 0.522400 0.016800
0.448800 0.522400 0.016800
0.470400 0.523200 0.013600
0.493600 0.524800 0.013600
0.512000 0.525600 0.011200
0.529600 0.526400 0.019200
0.538400 0.527200 0.019200
0.557600 0.528800 0.013600
0.578400 0.528800 0.013600
0.596000 0.529600 0.008800
0.640000 0.530400 0.007200
0.652800 0.530400 0.011200
0.607200 0.531200 0.007200
0.630400 0.531200 0.005600
0.670400 0.531200 0.013600
0.818400 0.531200 0.013600
0.620000 0.532000 0.008800
0.766400 0.532000 0.024800
0.702400 0.532800 0.019200
0.838400 0.532800 0.013600
0.721600 0.533600 0.013600
0.744000 0.533600 0.016800
0.783200 0.534400 0.008800
0.798400 0.534400 0.011200
0.856800 0.537600 0.028800
0.200000 0.570400 0.027200
0.217600 0.572800 0.036000
