1061.000000 122.000000 41.000000
1037.000000 123.000000 39.000000
249.000000 127.000000 30.000000
270.000000 129.000000 11.000000
286.000000 129.000000 11.000000
304.000000 129.000000 14.000000
327.000000 130.000000 14.000000
343.000000 130.000000 14.000000
1057.000000 176.000000 14.000000
1005.000000 179.000000 21.000000
752.000000 181.000000 11.000000
911.000000 181.000000 23.000000
944.000000 181.000000 24.000000
982.000000 181.000000 20.000000
922.000000 182.000000 29.000000
956.000000 182.000000 11.000000
1037.000000 182.000000 17.000000
1075.000000 182.000000 28.000000
769.000000 183.000000 24.000000
826.000000 183.000000 22.000000
860.000000 183.000000 17.000000
885.000000 183.000000 17.000000
539.000000 184.000000 24.000000
630.000000 184.000000 19.000000
735.000000 184.000000 14.000000
552.000000 185.000000 24.000000
658.000000 185.000000 17.000000
679.000000 185.000000 14.000000
699.000000 185.000000 14.000000
795.000000 185.000000 19.000000
340.000000 186.000000 11.000000
353.000000 186.000000 23.000000
479.000000 186.000000 31.000000
580.000000 186.000000 17.000000
603.000000 186.000000 17.000000
715.000000 186.000000 14.000000
377.000000 187.000000 28.000000
504.000000 187.000000 21.000000
240.000000 188.000000 24.000000
298.000000 188.000000 16.000000
393.000000 188.000000 14.000000
412.000000 188.000000 14.000000
471.000000 188.000000 22.000000
275.000000 189.000000 17.000000
321.000000 189.000000 14.000000
439.000000 190.000000 20.000000
162.000000 199.000000 28.000000
984.000000 219.000000 17.000000
691.000000 220.000000 17.000000
961.000000 220.000000 11.000000
1031.000000 220.000000 9.000000
1005.000000 221.000000 20.000000
1048.000000 221.000000 14.000000
527.000000 222.000000 11.000000
542.000000 222.000000 12.000000
566.000000 222.000000 21.000000
610.000000 222.000000 17.000000
636.000000 222.000000 21.000000
668.000000 222.000000 17.000000
710.000000 222.000000 24.000000
724.000000 222.000000 24.000000
745.000000 222.000000 14.000000
767.000000 222.000000 17.000000
925.000000 222.000000 14.000000
946.000000 222.000000 11.000000
1070.000000 222.000000 21.000000
493.000000 223.000000 14.000000
514.000000 223.000000 21.000000
587.000000 223.000000 16.000000
798.000000 223.000000 20.000000
828.000000 223.000000 17.000000
882.000000 223.000000 14.000000
238.000000 224.000000 22.000000
855.000000 224.000000 19.000000
904.000000 224.000000 14.000000
267.000000 226.000000 17.000000
337.000000 226.000000 9.000000
320.000000 227.000000 14.000000
353.000000 227.000000 14.000000
378.000000 227.000000 19.000000
453.000000 227.000000 14.000000
474.000000 227.000000 14.000000
291.000000 228.000000 19.000000
407.000000 228.000000 14.000000
429.000000 228.000000 16.000000
165.000000 233.000000 24.000000
622.000000 256.000000 14.000000
665.000000 258.000000 14.000000
684.000000 258.000000 11.000000
702.000000 258.000000 17.000000
732.000000 258.000000 18.000000
782.000000 258.000000 16.000000
975.000000 258.000000 24.000000
1051.000000 258.000000 21.000000
552.000000 259.000000 14.000000
596.000000 259.000000 17.000000
639.000000 259.000000 17.000000
758.000000 259.000000 17.000000
1064.000000 259.000000 24.000000
571.000000 260.000000 17.000000
804.000000 260.000000 17.000000
913.000000 260.000000 16.000000
953.000000 260.000000 14.000000
1008.000000 260.000000 17.000000
1028.000000 260.000000 17.000000
935.000000 261.000000 14.000000
519.000000 262.000000 14.000000
835.000000 262.000000 20.000000
885.000000 262.000000 21.000000
535.000000 263.000000 14.000000
862.000000 263.000000 17.000000
503.000000 264.000000 11.000000
485.000000 265.000000 11.000000
362.000000 266.000000 17.000000
425.000000 266.000000 20.000000
465.000000 266.000000 28.000000
157.000000 267.000000 50.000000
339.000000 267.000000 14.000000
390.000000 267.000000 21.000000
238.000000 268.000000 23.000000
265.000000 268.000000 17.000000
289.000000 268.000000 21.000000
321.000000 268.000000 14.000000
676.000000 294.000000 24.000000
596.000000 295.000000 21.000000
617.000000 295.000000 14.000000
633.000000 297.000000 11.000000
647.000000 297.000000 11.000000
662.000000 297.000000 9.000000
711.000000 297.000000 24.000000
741.000000 297.000000 20.000000
1072.000000 297.000000 17.000000
568.000000 298.000000 23.000000
1051.000000 298.000000 16.000000
1023.000000 299.000000 20.000000
770.000000 300.000000 21.000000
996.000000 300.000000 17.000000
697.000000 301.000000 28.000000
816.000000 301.000000 11.000000
969.000000 301.000000 21.000000
531.000000 302.000000 21.000000
798.000000 302.000000 14.000000
915.000000 302.000000 17.000000
831.000000 303.000000 14.000000
854.000000 303.000000 17.000000
881.000000 303.000000 21.000000
938.000000 303.000000 17.000000
504.000000 305.000000 24.000000
487.000000 306.000000 24.000000
334.000000 308.000000 14.000000
234.000000 309.000000 21.000000
310.000000 309.000000 16.000000
392.000000 309.000000 26.000000
432.000000 309.000000 17.000000
457.000000 309.000000 21.000000
357.000000 310.000000 17.000000
377.000000 310.000000 11.000000
408.000000 310.000000 21.000000
256.000000 311.000000 17.000000
282.000000 311.000000 20.000000
692.000000 341.000000 24.000000
677.000000 342.000000 14.000000
721.000000 342.000000 21.000000
936.000000 342.000000 14.000000
1045.000000 342.000000 19.000000
654.000000 343.000000 14.000000
743.000000 343.000000 24.000000
757.000000 343.000000 11.000000
779.000000 343.000000 17.000000
877.000000 343.000000 11.000000
894.000000 343.000000 14.000000
915.000000 343.000000 14.000000
994.000000 343.000000 17.000000
1020.000000 343.000000 17.000000
1078.000000 343.000000 24.000000
517.000000 344.000000 21.000000
547.000000 344.000000 17.000000
572.000000 344.000000 24.000000
611.000000 344.000000 16.000000
634.000000 344.000000 14.000000
808.000000 344.000000 20.000000
836.000000 344.000000 17.000000
859.000000 344.000000 14.000000
960.000000 344.000000 21.000000
590.000000 345.000000 14.000000
370.000000 348.000000 28.000000
429.000000 348.000000 14.000000
463.000000 348.000000 24.000000
484.000000 348.000000 21.000000
273.000000 349.000000 11.000000
387.000000 349.000000 14.000000
408.000000 349.000000 14.000000
450.000000 349.000000 24.000000
287.000000 350.000000 7.000000
300.000000 350.000000 18.000000
347.000000 350.000000 16.000000
235.000000 351.000000 21.000000
256.000000 351.000000 14.000000
324.000000 351.000000 17.000000
729.000000 383.000000 17.000000
753.000000 383.000000 21.000000
946.000000 383.000000 24.000000
580.000000 384.000000 19.000000
637.000000 384.000000 17.000000
661.000000 384.000000 21.000000
692.000000 384.000000 14.000000
711.000000 384.000000 14.000000
767.000000 384.000000 7.000000
783.000000 384.000000 23.000000
958.000000 384.000000 11.000000
1065.000000 384.000000 17.000000
522.000000 385.000000 17.000000
607.000000 385.000000 21.000000
896.000000 385.000000 11.000000
1009.000000 385.000000 14.000000
551.000000 386.000000 20.000000
841.000000 386.000000 22.000000
876.000000 386.000000 17.000000
913.000000 386.000000 11.000000
927.000000 386.000000 11.000000
977.000000 386.000000 14.000000
993.000000 386.000000 10.000000
1029.000000 386.000000 13.000000
1047.000000 386.000000 11.000000
497.000000 387.000000 17.000000
807.000000 387.000000 21.000000
443.000000 388.000000 14.000000
475.000000 388.000000 22.000000
236.000000 389.000000 23.000000
464.000000 389.000000 23.000000
286.000000 390.000000 17.000000
395.000000 390.000000 19.000000
422.000000 390.000000 14.000000
293.000000 391.000000 28.000000
310.000000 391.000000 21.000000
363.000000 391.000000 19.000000
266.000000 392.000000 17.000000
337.000000 392.000000 17.000000
784.000000 423.000000 16.000000
838.000000 423.000000 14.000000
859.000000 423.000000 17.000000
808.000000 424.000000 14.000000
910.000000 424.000000 19.000000
990.000000 424.000000 17.000000
1051.000000 424.000000 14.000000
1070.000000 424.000000 21.000000
465.000000 425.000000 27.000000
652.000000 425.000000 24.000000
757.000000 425.000000 19.000000
824.000000 425.000000 9.000000
452.000000 426.000000 24.000000
696.000000 426.000000 21.000000
727.000000 426.000000 20.000000
884.000000 426.000000 17.000000
967.000000 426.000000 14.000000
1015.000000 426.000000 14.000000
1032.000000 426.000000 11.000000
426.000000 427.000000 17.000000
567.000000 427.000000 28.000000
587.000000 427.000000 14.000000
486.000000 428.000000 24.000000
552.000000 428.000000 24.000000
610.000000 428.000000 21.000000
942.000000 428.000000 19.000000
294.000000 429.000000 21.000000
500.000000 429.000000 24.000000
522.000000 429.000000 20.000000
336.000000 430.000000 7.000000
403.000000 430.000000 17.000000
266.000000 431.000000 21.000000
381.000000 431.000000 21.000000
318.000000 432.000000 17.000000
350.000000 432.000000 21.000000
241.000000 436.000000 21.000000
853.000000 461.000000 14.000000
811.000000 462.000000 14.000000
873.000000 462.000000 24.000000
888.000000 462.000000 11.000000
570.000000 463.000000 14.000000
648.000000 463.000000 14.000000
670.000000 463.000000 16.000000
738.000000 463.000000 17.000000
791.000000 463.000000 14.000000
832.000000 463.000000 16.000000
903.000000 463.000000 14.000000
1023.000000 463.000000 19.000000
1057.000000 463.000000 21.000000
586.000000 464.000000 11.000000
606.000000 464.000000 14.000000
695.000000 464.000000 16.000000
718.000000 464.000000 14.000000
766.000000 464.000000 17.000000
924.000000 464.000000 16.000000
951.000000 464.000000 19.000000
977.000000 464.000000 14.000000
996.000000 464.000000 14.000000
410.000000 465.000000 14.000000
493.000000 465.000000 16.000000
547.000000 465.000000 17.000000
627.000000 465.000000 14.000000
425.000000 466.000000 11.000000
469.000000 466.000000 17.000000
390.000000 467.000000 14.000000
443.000000 467.000000 17.000000
518.000000 467.000000 19.000000
369.000000 469.000000 16.000000
303.000000 470.000000 16.000000
346.000000 470.000000 16.000000
235.000000 471.000000 22.000000
260.000000 471.000000 17.000000
325.000000 471.000000 14.000000
281.000000 472.000000 14.000000
750.000000 497.000000 7.000000
783.000000 497.000000 7.000000
734.000000 500.000000 20.000000
767.000000 500.000000 24.000000
799.000000 500.000000 14.000000
820.000000 500.000000 17.000000
845.000000 500.000000 24.000000
944.000000 500.000000 17.000000
586.000000 501.000000 20.000000
685.000000 501.000000 19.000000
861.000000 501.000000 14.000000
1000.000000 501.000000 16.000000
481.000000 502.000000 21.000000
498.000000 502.000000 17.000000
532.000000 502.000000 21.000000
654.000000 502.000000 17.000000
711.000000 502.000000 17.000000
754.000000 502.000000 27.000000
905.000000 502.000000 11.000000
918.000000 502.000000 11.000000
982.000000 502.000000 11.000000
1027.000000 502.000000 17.000000
1060.000000 502.000000 22.000000
471.000000 503.000000 18.000000
559.000000 503.000000 20.000000
634.000000 503.000000 14.000000
882.000000 503.000000 17.000000
967.000000 503.000000 24.000000
422.000000 504.000000 17.000000
614.000000 504.000000 14.000000
318.000000 505.000000 17.000000
446.000000 505.000000 19.000000
363.000000 506.000000 17.000000
394.000000 506.000000 19.000000
344.000000 507.000000 11.000000
266.000000 508.000000 21.000000
295.000000 508.000000 14.000000
237.000000 509.000000 21.000000
256.000000 510.000000 21.000000
248.000000 515.000000 41.000000
1043.000000 540.000000 14.000000
508.000000 542.000000 23.000000
775.000000 542.000000 17.000000
823.000000 542.000000 19.000000
872.000000 542.000000 11.000000
1068.000000 542.000000 19.000000
452.000000 543.000000 17.000000
476.000000 543.000000 14.000000
494.000000 543.000000 11.000000
749.000000 543.000000 19.000000
798.000000 543.000000 14.000000
848.000000 543.000000 18.000000
915.000000 543.000000 21.000000
1002.000000 543.000000 21.000000
1026.000000 543.000000 11.000000
255.000000 544.000000 25.000000
539.000000 544.000000 21.000000
888.000000 544.000000 23.000000
248.000000 545.000000 31.000000
722.000000 545.000000 17.000000
239.000000 546.000000 31.000000
288.000000 546.000000 24.000000
367.000000 546.000000 17.000000
425.000000 546.000000 17.000000
598.000000 546.000000 14.000000
646.000000 546.000000 17.000000
701.000000 546.000000 14.000000
937.000000 546.000000 21.000000
967.000000 546.000000 21.000000
266.000000 547.000000 24.000000
320.000000 547.000000 17.000000
399.000000 547.000000 21.000000
671.000000 547.000000 21.000000
683.000000 547.000000 9.000000
343.000000 548.000000 17.000000
572.000000 548.000000 21.000000
620.000000 548.000000 17.000000
813.000000 580.000000 19.000000
419.000000 581.000000 26.000000
439.000000 581.000000 24.000000
741.000000 581.000000 14.000000
758.000000 581.000000 14.000000
872.000000 581.000000 17.000000
503.000000 582.000000 17.000000
576.000000 582.000000 14.000000
596.000000 582.000000 17.000000
707.000000 582.000000 14.000000
722.000000 582.000000 11.000000
783.000000 582.000000 19.000000
842.000000 582.000000 19.000000
898.000000 582.000000 17.000000
992.000000 582.000000 11.000000
1073.000000 582.000000 17.000000
382.000000 583.000000 14.000000
404.000000 583.000000 17.000000
476.000000 583.000000 19.000000
663.000000 583.000000 17.000000
686.000000 583.000000 14.000000
920.000000 583.000000 11.000000
978.000000 583.000000 11.000000
1011.000000 583.000000 14.000000
1054.000000 583.000000 14.000000
339.000000 584.000000 14.000000
360.000000 584.000000 14.000000
526.000000 584.000000 16.000000
550.000000 584.000000 19.000000
647.000000 584.000000 14.000000
936.000000 584.000000 14.000000
958.000000 584.000000 17.000000
1031.000000 584.000000 14.000000
276.000000 585.000000 21.000000
301.000000 585.000000 17.000000
319.000000 585.000000 14.000000
624.000000 585.000000 19.000000
235.000000 588.000000 21.000000
249.000000 588.000000 21.000000
261.000000 589.000000 24.000000
513.000000 620.000000 14.000000
845.000000 620.000000 17.000000
397.000000 621.000000 18.000000
459.000000 621.000000 11.000000
750.000000 621.000000 20.000000
785.000000 621.000000 22.000000
911.000000 621.000000 14.000000
357.000000 622.000000 14.000000
374.000000 622.000000 21.000000
385.000000 622.000000 7.000000
724.000000 622.000000 17.000000
819.000000 622.000000 19.000000
886.000000 622.000000 17.000000
1064.000000 622.000000 21.000000
265.000000 623.000000 17.000000
309.000000 623.000000 17.000000
334.000000 623.000000 17.000000
420.000000 623.000000 17.000000
490.000000 623.000000 23.000000
532.000000 623.000000 17.000000
696.000000 623.000000 19.000000
865.000000 623.000000 14.000000
1157.000000 623.000000 31.000000
1170.000000 623.000000 50.000000
442.000000 624.000000 13.000000
575.000000 624.000000 17.000000
605.000000 624.000000 19.000000
672.000000 624.000000 14.000000
996.000000 624.000000 21.000000
1042.000000 624.000000 14.000000
240.000000 625.000000 21.000000
288.000000 625.000000 14.000000
480.000000 625.000000 27.000000
555.000000 625.000000 14.000000
629.000000 625.000000 14.000000
652.000000 625.000000 16.000000
930.000000 625.000000 11.000000
976.000000 625.000000 14.000000
1025.000000 625.000000 14.000000
953.000000 626.000000 17.000000
452.000000 657.000000 20.000000
337.000000 658.000000 14.000000
408.000000 658.000000 17.000000
1079.000000 658.000000 24.000000
292.000000 659.000000 16.000000
314.000000 659.000000 14.000000
361.000000 659.000000 17.000000
385.000000 659.000000 17.000000
421.000000 659.000000 6.000000
828.000000 659.000000 7.000000
236.000000 660.000000 21.000000
268.000000 660.000000 17.000000
428.000000 660.000000 14.000000
593.000000 660.000000 19.000000
673.000000 660.000000 11.000000
815.000000 660.000000 11.000000
840.000000 660.000000 19.000000
1026.000000 660.000000 31.000000
1048.000000 660.000000 17.000000
502.000000 661.000000 19.000000
630.000000 661.000000 19.000000
654.000000 661.000000 14.000000
985.000000 661.000000 19.000000
1013.000000 661.000000 24.000000
476.000000 662.000000 17.000000
528.000000 662.000000 19.000000
559.000000 662.000000 21.000000
752.000000 662.000000 19.000000
777.000000 662.000000 14.000000
863.000000 662.000000 21.000000
890.000000 662.000000 24.000000
961.000000 662.000000 14.000000
797.000000 663.000000 14.000000
938.000000 663.000000 17.000000
1157.000000 663.000000 50.000000
687.000000 664.000000 24.000000
720.000000 664.000000 23.000000
907.000000 664.000000 24.000000
918.000000 664.000000 21.000000
250.000000 728.000000 31.000000
272.000000 729.000000 11.000000
288.000000 730.000000 14.000000
309.000000 731.000000 14.000000
341.000000 732.000000 23.000000
327.000000 733.000000 11.000000
