1052.000000 123.000000 38.000000
1033.000000 125.000000 36.000000
239.000000 135.000000 32.000000
293.000000 135.000000 14.000000
327.000000 135.000000 25.000000
276.000000 136.000000 9.000000
314.000000 136.000000 11.000000
263.000000 137.000000 22.000000
990.000000 183.000000 11.000000
1008.000000 183.000000 14.000000
744.000000 185.000000 24.000000
775.000000 185.000000 28.000000
1038.000000 185.000000 24.000000
969.000000 186.000000 14.000000
713.000000 187.000000 24.000000
789.000000 188.000000 31.000000
894.000000 189.000000 21.000000
925.000000 189.000000 17.000000
948.000000 189.000000 14.000000
1055.000000 189.000000 12.000000
679.000000 191.000000 21.000000
834.000000 191.000000 21.000000
659.000000 192.000000 34.000000
863.000000 192.000000 19.000000
322.000000 193.000000 14.000000
523.000000 193.000000 24.000000
566.000000 193.000000 23.000000
813.000000 193.000000 17.000000
533.000000 194.000000 21.000000
603.000000 194.000000 23.000000
639.000000 194.000000 21.000000
401.000000 195.000000 14.000000
424.000000 195.000000 16.000000
447.000000 195.000000 16.000000
501.000000 195.000000 17.000000
342.000000 196.000000 14.000000
361.000000 196.000000 14.000000
473.000000 197.000000 17.000000
287.000000 198.000000 14.000000
382.000000 198.000000 14.000000
229.000000 199.000000 24.000000
305.000000 199.000000 11.000000
263.000000 200.000000 17.000000
158.000000 210.000000 27.000000
1029.000000 221.000000 16.000000
1058.000000 222.000000 21.000000
973.000000 223.000000 16.000000
993.000000 223.000000 24.000000
1006.000000 223.000000 20.000000
758.000000 225.000000 20.000000
913.000000 225.000000 21.000000
590.000000 226.000000 11.000000
682.000000 226.000000 14.000000
700.000000 226.000000 17.000000
724.000000 226.000000 16.000000
816.000000 226.000000 17.000000
860.000000 226.000000 17.000000
883.000000 226.000000 17.000000
950.000000 226.000000 16.000000
663.000000 227.000000 14.000000
745.000000 227.000000 27.000000
796.000000 227.000000 11.000000
843.000000 227.000000 17.000000
546.000000 228.000000 19.000000
606.000000 228.000000 14.000000
641.000000 228.000000 17.000000
781.000000 228.000000 14.000000
511.000000 229.000000 20.000000
571.000000 230.000000 14.000000
622.000000 230.000000 9.000000
414.000000 231.000000 17.000000
442.000000 231.000000 20.000000
477.000000 231.000000 19.000000
270.000000 232.000000 14.000000
254.000000 233.000000 21.000000
390.000000 233.000000 21.000000
306.000000 234.000000 21.000000
373.000000 234.000000 17.000000
228.000000 235.000000 19.000000
348.000000 236.000000 21.000000
159.000000 246.000000 21.000000
985.000000 257.000000 24.000000
1053.000000 258.000000 24.000000
964.000000 259.000000 16.000000
998.000000 259.000000 23.000000
1024.000000 259.000000 20.000000
907.000000 260.000000 14.000000
926.000000 260.000000 17.000000
940.000000 260.000000 21.000000
886.000000 261.000000 15.000000
776.000000 262.000000 17.000000
635.000000 263.000000 11.000000
817.000000 263.000000 14.000000
859.000000 263.000000 17.000000
616.000000 264.000000 17.000000
649.000000 264.000000 22.000000
796.000000 264.000000 14.000000
735.000000 265.000000 14.000000
836.000000 265.000000 14.000000
527.000000 266.000000 19.000000
555.000000 266.000000 17.000000
712.000000 266.000000 24.000000
753.000000 266.000000 14.000000
495.000000 267.000000 20.000000
438.000000 268.000000 19.000000
581.000000 268.000000 21.000000
675.000000 268.000000 17.000000
466.000000 270.000000 19.000000
277.000000 271.000000 17.000000
304.000000 271.000000 19.000000
407.000000 271.000000 21.000000
344.000000 272.000000 17.000000
386.000000 272.000000 14.000000
367.000000 273.000000 14.000000
234.000000 274.000000 26.000000
243.000000 275.000000 23.000000
157.000000 278.000000 50.000000
787.000000 299.000000 19.000000
926.000000 299.000000 21.000000
886.000000 300.000000 24.000000
905.000000 300.000000 28.000000
982.000000 300.000000 17.000000
1032.000000 300.000000 24.000000
1050.000000 300.000000 24.000000
957.000000 301.000000 21.000000
766.000000 302.000000 17.000000
800.000000 302.000000 24.000000
1008.000000 302.000000 21.000000
824.000000 303.000000 21.000000
857.000000 303.000000 21.000000
711.000000 304.000000 17.000000
741.000000 304.000000 19.000000
532.000000 305.000000 14.000000
623.000000 305.000000 11.000000
644.000000 305.000000 21.000000
549.000000 306.000000 11.000000
565.000000 306.000000 24.000000
588.000000 306.000000 14.000000
497.000000 307.000000 14.000000
685.000000 307.000000 21.000000
475.000000 308.000000 17.000000
513.000000 308.000000 14.000000
609.000000 308.000000 21.000000
447.000000 309.000000 19.000000
281.000000 311.000000 17.000000
386.000000 311.000000 21.000000
424.000000 311.000000 27.000000
353.000000 312.000000 17.000000
371.000000 312.000000 28.000000
232.000000 313.000000 21.000000
256.000000 313.000000 14.000000
330.000000 313.000000 16.000000
409.000000 313.000000 21.000000
305.000000 314.000000 17.000000
929.000000 339.000000 20.000000
1037.000000 339.000000 26.000000
959.000000 340.000000 18.000000
801.000000 341.000000 17.000000
830.000000 341.000000 19.000000
872.000000 341.000000 17.000000
854.000000 342.000000 14.000000
898.000000 342.000000 19.000000
986.000000 342.000000 21.000000
777.000000 343.000000 17.000000
1002.000000 343.000000 17.000000
617.000000 344.000000 21.000000
582.000000 345.000000 19.000000
648.000000 345.000000 21.000000
752.000000 345.000000 17.000000
478.000000 346.000000 14.000000
527.000000 346.000000 21.000000
552.000000 346.000000 17.000000
680.000000 346.000000 17.000000
710.000000 346.000000 17.000000
455.000000 347.000000 17.000000
515.000000 347.000000 11.000000
498.000000 348.000000 14.000000
734.000000 348.000000 14.000000
426.000000 349.000000 5.000000
434.000000 349.000000 14.000000
355.000000 350.000000 17.000000
378.000000 350.000000 17.000000
403.000000 350.000000 19.000000
414.000000 350.000000 24.000000
225.000000 351.000000 21.000000
281.000000 351.000000 16.000000
305.000000 351.000000 16.000000
254.000000 352.000000 17.000000
327.000000 352.000000 19.000000
993.000000 378.000000 24.000000
624.000000 379.000000 16.000000
798.000000 379.000000 17.000000
829.000000 379.000000 19.000000
878.000000 379.000000 17.000000
971.000000 379.000000 21.000000
581.000000 380.000000 17.000000
602.000000 380.000000 21.000000
721.000000 380.000000 7.000000
777.000000 380.000000 14.000000
855.000000 380.000000 17.000000
1007.000000 380.000000 24.000000
707.000000 381.000000 21.000000
905.000000 381.000000 21.000000
937.000000 381.000000 20.000000
647.000000 382.000000 17.000000
757.000000 382.000000 14.000000
1044.000000 382.000000 28.000000
519.000000 383.000000 20.000000
687.000000 383.000000 14.000000
736.000000 383.000000 14.000000
1037.000000 383.000000 28.000000
546.000000 384.000000 20.000000
512.000000 385.000000 21.000000
668.000000 385.000000 17.000000
472.000000 387.000000 17.000000
493.000000 387.000000 21.000000
258.000000 388.000000 11.000000
280.000000 389.000000 17.000000
443.000000 389.000000 21.000000
236.000000 390.000000 28.000000
304.000000 390.000000 24.000000
416.000000 390.000000 23.000000
342.000000 391.000000 21.000000
372.000000 391.000000 21.000000
802.000000 418.000000 7.000000
820.000000 419.000000 17.000000
762.000000 420.000000 24.000000
786.000000 420.000000 21.000000
881.000000 420.000000 21.000000
905.000000 420.000000 17.000000
939.000000 420.000000 21.000000
659.000000 421.000000 21.000000
688.000000 421.000000 17.000000
750.000000 421.000000 23.000000
968.000000 421.000000 17.000000
632.000000 422.000000 24.000000
745.000000 422.000000 24.000000
846.000000 422.000000 19.000000
596.000000 423.000000 17.000000
616.000000 423.000000 27.000000
988.000000 423.000000 17.000000
1013.000000 423.000000 20.000000
567.000000 424.000000 19.000000
714.000000 424.000000 21.000000
1042.000000 424.000000 24.000000
542.000000 425.000000 17.000000
488.000000 426.000000 20.000000
519.000000 426.000000 17.000000
277.000000 428.000000 6.000000
455.000000 428.000000 19.000000
261.000000 429.000000 21.000000
288.000000 430.000000 21.000000
301.000000 430.000000 11.000000
422.000000 430.000000 20.000000
231.000000 431.000000 22.000000
362.000000 431.000000 17.000000
389.000000 431.000000 19.000000
318.000000 432.000000 14.000000
340.000000 432.000000 14.000000
239.000000 433.000000 28.000000
1047.000000 451.000000 24.000000
915.000000 457.000000 9.000000
931.000000 457.000000 14.000000
898.000000 458.000000 23.000000
954.000000 458.000000 21.000000
1019.000000 458.000000 14.000000
748.000000 459.000000 24.000000
761.000000 459.000000 24.000000
993.000000 459.000000 17.000000
695.000000 460.000000 20.000000
727.000000 460.000000 14.000000
814.000000 461.000000 14.000000
845.000000 461.000000 21.000000
562.000000 462.000000 20.000000
590.000000 462.000000 20.000000
621.000000 462.000000 24.000000
661.000000 462.000000 19.000000
784.000000 462.000000 21.000000
867.000000 462.000000 17.000000
413.000000 463.000000 7.000000
489.000000 463.000000 14.000000
635.000000 463.000000 27.000000
447.000000 464.000000 14.000000
511.000000 464.000000 14.000000
533.000000 464.000000 17.000000
300.000000 465.000000 20.000000
428.000000 465.000000 17.000000
468.000000 466.000000 14.000000
258.000000 467.000000 24.000000
402.000000 467.000000 17.000000
324.000000 468.000000 16.000000
377.000000 468.000000 17.000000
233.000000 469.000000 21.000000
273.000000 470.000000 21.000000
349.000000 470.000000 17.000000
1051.000000 495.000000 26.000000
668.000000 498.000000 17.000000
709.000000 498.000000 11.000000
725.000000 498.000000 11.000000
898.000000 499.000000 16.000000
964.000000 499.000000 17.000000
1011.000000 499.000000 21.000000
921.000000 500.000000 14.000000
986.000000 500.000000 17.000000
561.000000 501.000000 11.000000
694.000000 501.000000 24.000000
742.000000 501.000000 14.000000
762.000000 501.000000 14.000000
784.000000 501.000000 17.000000
827.000000 501.000000 11.000000
842.000000 501.000000 7.000000
876.000000 501.000000 14.000000
943.000000 501.000000 14.000000
614.000000 502.000000 17.000000
542.000000 503.000000 17.000000
583.000000 503.000000 21.000000
640.000000 503.000000 19.000000
855.000000 503.000000 20.000000
396.000000 504.000000 17.000000
417.000000 504.000000 14.000000
435.000000 504.000000 27.000000
460.000000 504.000000 21.000000
478.000000 504.000000 21.000000
808.000000 504.000000 14.000000
373.000000 505.000000 17.000000
512.000000 505.000000 21.000000
349.000000 506.000000 16.000000
290.000000 507.000000 17.000000
324.000000 507.000000 19.000000
263.000000 509.000000 17.000000
228.000000 510.000000 24.000000
1058.000000 537.000000 31.000000
925.000000 538.000000 19.000000
510.000000 539.000000 14.000000
605.000000 539.000000 15.000000
835.000000 539.000000 10.000000
1037.000000 539.000000 14.000000
597.000000 540.000000 6.000000
849.000000 540.000000 24.000000
1014.000000 540.000000 20.000000
889.000000 541.000000 23.000000
949.000000 541.000000 17.000000
488.000000 542.000000 16.000000
534.000000 542.000000 14.000000
557.000000 542.000000 17.000000
582.000000 542.000000 14.000000
624.000000 542.000000 17.000000
728.000000 542.000000 21.000000
865.000000 542.000000 21.000000
978.000000 542.000000 21.000000
753.000000 543.000000 20.000000
820.000000 543.000000 21.000000
462.000000 544.000000 17.000000
758.000000 544.000000 20.000000
792.000000 544.000000 20.000000
339.000000 545.000000 11.000000
431.000000 545.000000 21.000000
696.000000 545.000000 17.000000
353.000000 546.000000 7.000000
370.000000 546.000000 21.000000
660.000000 546.000000 24.000000
308.000000 547.000000 14.000000
396.000000 547.000000 19.000000
264.000000 548.000000 14.000000
220.000000 549.000000 21.000000
286.000000 549.000000 14.000000
326.000000 549.000000 14.000000
243.000000 550.000000 14.000000
723.000000 576.000000 14.000000
739.000000 578.000000 21.000000
745.000000 578.000000 14.000000
1014.000000 578.000000 17.000000
556.000000 579.000000 21.000000
700.000000 579.000000 21.000000
829.000000 579.000000 17.000000
873.000000 579.000000 17.000000
944.000000 579.000000 9.000000
958.000000 579.000000 22.000000
475.000000 580.000000 17.000000
503.000000 580.000000 21.000000
525.000000 580.000000 17.000000
620.000000 580.000000 21.000000
657.000000 580.000000 23.000000
852.000000 580.000000 17.000000
902.000000 580.000000 18.000000
927.000000 580.000000 14.000000
987.000000 580.000000 19.000000
1038.000000 580.000000 21.000000
1052.000000 580.000000 26.000000
581.000000 581.000000 17.000000
665.000000 581.000000 21.000000
765.000000 581.000000 17.000000
793.000000 581.000000 21.000000
388.000000 582.000000 14.000000
406.000000 582.000000 14.000000
429.000000 582.000000 17.000000
810.000000 582.000000 11.000000
326.000000 583.000000 14.000000
367.000000 583.000000 14.000000
455.000000 583.000000 21.000000
261.000000 584.000000 6.000000
349.000000 584.000000 14.000000
278.000000 587.000000 21.000000
306.000000 587.000000 14.000000
226.000000 588.000000 19.000000
250.000000 588.000000 17.000000
767.000000 615.000000 11.000000
789.000000 615.000000 17.000000
808.000000 615.000000 14.000000
836.000000 615.000000 21.000000
824.000000 616.000000 24.000000
671.000000 617.000000 14.000000
713.000000 617.000000 14.000000
753.000000 617.000000 9.000000
996.000000 617.000000 20.000000
1056.000000 617.000000 21.000000
501.000000 618.000000 24.000000
595.000000 618.000000 17.000000
620.000000 618.000000 16.000000
693.000000 618.000000 14.000000
737.000000 618.000000 14.000000
966.000000 618.000000 21.000000
1124.000000 618.000000 37.000000
407.000000 619.000000 6.000000
481.000000 619.000000 14.000000
512.000000 619.000000 21.000000
564.000000 619.000000 11.000000
640.000000 619.000000 21.000000
854.000000 619.000000 14.000000
945.000000 619.000000 17.000000
1142.000000 619.000000 50.000000
417.000000 620.000000 21.000000
462.000000 620.000000 14.000000
535.000000 620.000000 20.000000
578.000000 620.000000 10.000000
876.000000 620.000000 22.000000
907.000000 620.000000 24.000000
925.000000 620.000000 14.000000
1029.000000 620.000000 23.000000
399.000000 621.000000 7.000000
442.000000 621.000000 17.000000
381.000000 622.000000 21.000000
430.000000 622.000000 7.000000
345.000000 623.000000 21.000000
310.000000 626.000000 21.000000
229.000000 627.000000 19.000000
252.000000 627.000000 14.000000
281.000000 627.000000 19.000000
473.000000 655.000000 17.000000
581.000000 655.000000 11.000000
1055.000000 655.000000 21.000000
485.000000 656.000000 5.000000
495.000000 656.000000 7.000000
1140.000000 656.000000 17.000000
614.000000 657.000000 21.000000
815.000000 657.000000 17.000000
425.000000 658.000000 17.000000
449.000000 658.000000 17.000000
510.000000 658.000000 21.000000
594.000000 658.000000 27.000000
638.000000 658.000000 21.000000
790.000000 658.000000 17.000000
1031.000000 658.000000 20.000000
1162.000000 658.000000 36.000000
534.000000 659.000000 17.000000
664.000000 659.000000 28.000000
681.000000 659.000000 11.000000
959.000000 659.000000 21.000000
998.000000 659.000000 24.000000
703.000000 660.000000 21.000000
734.000000 660.000000 21.000000
764.000000 660.000000 17.000000
860.000000 660.000000 16.000000
908.000000 660.000000 17.000000
932.000000 660.000000 17.000000
560.000000 661.000000 17.000000
839.000000 661.000000 14.000000
885.000000 661.000000 17.000000
358.000000 662.000000 17.000000
380.000000 662.000000 14.000000
402.000000 662.000000 14.000000
269.000000 663.000000 14.000000
288.000000 663.000000 11.000000
306.000000 663.000000 14.000000
329.000000 663.000000 17.000000
225.000000 664.000000 33.000000
247.000000 664.000000 14.000000
239.000000 733.000000 11.000000
221.000000 734.000000 17.000000
254.000000 736.000000 10.000000
268.000000 737.000000 11.000000
285.000000 739.000000 14.000000
304.000000 739.000000 11.000000
318.000000 739.000000 25.000000
