0.838400 0.091200 0.023200
0.824800 0.092800 0.008800
0.198400 0.104800 0.025600
0.216000 0.106400 0.010400
0.228800 0.106400 0.007200
0.241600 0.106400 0.009600
0.266400 0.107200 0.018400
0.257600 0.108000 0.024000
0.815200 0.132800 0.020800
0.791200 0.133600 0.019200
0.760000 0.135200 0.016800
0.829600 0.135200 0.008000
0.842400 0.135200 0.020000
0.578400 0.136000 0.030400
0.720000 0.136000 0.013600
0.736800 0.136000 0.011200
0.700800 0.138400 0.011200
0.668800 0.139200 0.013600
0.684800 0.140000 0.008800
0.602400 0.140800 0.013600
0.560800 0.141600 0.011200
0.648800 0.141600 0.013600
0.620800 0.143200 0.021600
0.632000 0.144800 0.008800
0.538400 0.145600 0.016800
0.457600 0.148000 0.021600
0.472000 0.148000 0.008800
0.503200 0.148000 0.008800
0.517600 0.148000 0.013600
0.394400 0.148800 0.021600
0.406400 0.148800 0.016800
0.428800 0.148800 0.016800
0.284800 0.149600 0.007200
0.316000 0.149600 0.016800
0.487200 0.149600 0.011200
0.322400 0.150400 0.019200
0.372000 0.150400 0.015200
0.231200 0.151200 0.020800
0.296000 0.151200 0.019200
0.340800 0.151200 0.020800
0.259200 0.152000 0.011200
0.208800 0.152800 0.016000
0.272800 0.152800 0.008800
0.244000 0.153600 0.011200
0.185600 0.156800 0.016800
0.120800 0.165600 0.016800
0.841600 0.167200 0.020000
0.824800 0.168000 0.022400
0.779200 0.168800 0.016800
0.796800 0.168800 0.011200
0.814400 0.168800 0.013600
0.830400 0.168800 0.009600
0.758400 0.171200 0.011200
0.728800 0.172000 0.021600
0.686400 0.172800 0.013600
0.667200 0.173600 0.008800
0.708000 0.173600 0.013600
0.632800 0.175200 0.013600
0.593600 0.176000 0.016000
0.615200 0.176000 0.011200
0.652000 0.176000 0.011200
0.569600 0.177600 0.013600
0.384000 0.179200 0.019200
0.548800 0.179200 0.014400
0.488000 0.180800 0.013600
0.528800 0.180800 0.013600
0.326400 0.181600 0.016800
0.403200 0.181600 0.013600
0.421600 0.181600 0.011200
0.185600 0.182400 0.016800
0.245600 0.182400 0.012800
0.350400 0.182400 0.016000
0.510400 0.182400 0.013600
0.277600 0.183200 0.019200
0.304000 0.183200 0.013600
0.437600 0.183200 0.011200
0.453600 0.183200 0.011200
0.468800 0.183200 0.011200
0.208000 0.184000 0.011200
0.224000 0.184000 0.013600
0.261600 0.184800 0.008800
0.121600 0.188800 0.015200
0.771200 0.205600 0.008800
0.756800 0.206400 0.011200
0.798400 0.206400 0.013600
0.824800 0.206400 0.016800
0.782400 0.207200 0.008800
0.848000 0.207200 0.019200
0.120000 0.208800 0.032800
0.622400 0.208800 0.013600
0.708000 0.209600 0.018400
0.731200 0.209600 0.008800
0.747200 0.209600 0.022400
0.685600 0.211200 0.016800
0.602400 0.212000 0.013600
0.639200 0.212000 0.013600
0.660800 0.212000 0.016800
0.574400 0.213600 0.019200
0.342400 0.214400 0.008800
0.360000 0.215200 0.013600
0.548800 0.215200 0.019200
0.279200 0.216000 0.008800
0.304000 0.216000 0.011200
0.320800 0.216000 0.016800
0.332000 0.216000 0.005600
0.189600 0.216800 0.019200
0.219200 0.216800 0.019200
0.244800 0.216800 0.019200
0.289600 0.216800 0.008000
0.376000 0.216800 0.011200
0.400000 0.216800 0.016800
0.233600 0.217600 0.008800
0.263200 0.217600 0.011200
0.393600 0.217600 0.022400
0.444000 0.217600 0.013600
0.484800 0.217600 0.011200
0.500800 0.217600 0.011200
0.518400 0.217600 0.013600
0.533600 0.217600 0.008800
0.465600 0.218400 0.013600
0.423200 0.219200 0.013600
0.804000 0.241600 0.011200
0.819200 0.241600 0.011200
0.841600 0.241600 0.019200
0.778400 0.242400 0.018400
0.733600 0.244000 0.011200
0.751200 0.244000 0.019200
0.760800 0.244000 0.019200
0.564800 0.246400 0.013600
0.608800 0.246400 0.022400
0.620800 0.246400 0.021600
0.635200 0.246400 0.011200
0.651200 0.246400 0.013600
0.672800 0.246400 0.020800
0.685600 0.246400 0.011200
0.702400 0.246400 0.011200
0.717600 0.246400 0.011200
0.541600 0.247200 0.016800
0.588800 0.247200 0.016800
0.515200 0.248000 0.015200
0.244800 0.250400 0.018400
0.416000 0.250400 0.007200
0.428000 0.250400 0.017600
0.449600 0.250400 0.015200
0.470400 0.250400 0.013600
0.490400 0.250400 0.015200
0.252800 0.251200 0.015200
0.316000 0.251200 0.019200
0.338400 0.251200 0.016000
0.360800 0.251200 0.013600
0.403200 0.251200 0.008800
0.188800 0.252000 0.016800
0.210400 0.252000 0.016800
0.391200 0.252000 0.007200
0.232800 0.252800 0.008800
0.268000 0.252800 0.016800
0.290400 0.252800 0.013600
0.379200 0.252800 0.011200
0.841600 0.274400 0.019200
0.697600 0.276000 0.019200
0.723200 0.276000 0.016800
0.776000 0.276800 0.011200
0.796000 0.276800 0.013600
0.815200 0.276800 0.018400
0.826400 0.276800 0.008800
0.741600 0.277600 0.011200
0.759200 0.278400 0.013600
0.512800 0.279200 0.011200
0.530400 0.279200 0.013600
0.551200 0.280000 0.013600
0.571200 0.280000 0.016800
0.617600 0.280000 0.013600
0.484800 0.280800 0.019200
0.279200 0.281600 0.016000
0.583200 0.281600 0.005600
0.597600 0.281600 0.012800
0.639200 0.281600 0.015200
0.660800 0.281600 0.013600
0.256800 0.282400 0.013600
0.342400 0.282400 0.016800
0.461600 0.282400 0.015200
0.499200 0.282400 0.008800
0.185600 0.283200 0.021600
0.289600 0.283200 0.005600
0.370400 0.283200 0.016000
0.416000 0.283200 0.016800
0.200800 0.284000 0.008800
0.216000 0.284000 0.011200
0.238400 0.284000 0.015200
0.297600 0.284000 0.012800
0.387200 0.284000 0.008800
0.399200 0.284000 0.011200
0.314400 0.284800 0.019200
0.440000 0.284800 0.013600
0.819200 0.309600 0.016800
0.763200 0.311200 0.016800
0.792800 0.311200 0.016800
0.661600 0.312000 0.015200
0.687200 0.312000 0.016000
0.710400 0.312000 0.016800
0.736800 0.312000 0.016800
0.843200 0.312000 0.019200
0.476800 0.312800 0.011200
0.638400 0.312800 0.014400
0.461600 0.313600 0.019200
0.506400 0.313600 0.013600
0.617600 0.313600 0.013600
0.527200 0.314400 0.016000
0.552000 0.314400 0.016800
0.580800 0.314400 0.015200
0.600000 0.314400 0.011200
0.233600 0.315200 0.013600
0.250400 0.315200 0.008800
0.488000 0.315200 0.019200
0.296000 0.316000 0.011200
0.351200 0.316000 0.021600
0.384000 0.316000 0.019200
0.210400 0.316800 0.016000
0.265600 0.316800 0.011200
0.280800 0.316800 0.011200
0.315200 0.316800 0.016800
0.340000 0.316800 0.019200
0.367200 0.317600 0.010400
0.428000 0.317600 0.016800
0.188000 0.318400 0.019200
0.410400 0.318400 0.011200
0.788800 0.344000 0.011200
0.801600 0.344800 0.013600
0.820000 0.344800 0.011200
0.564000 0.345600 0.016800
0.665600 0.345600 0.016800
0.686400 0.345600 0.012800
0.724000 0.345600 0.013600
0.744800 0.345600 0.019200
0.837600 0.345600 0.016800
0.545600 0.346400 0.015200
0.576000 0.346400 0.019200
0.640000 0.346400 0.013600
0.704000 0.346400 0.013600
0.772000 0.346400 0.016800
0.519200 0.347200 0.015200
0.496000 0.348000 0.013600
0.618400 0.348000 0.014400
0.759200 0.348000 0.008000
0.595200 0.348800 0.013600
0.232800 0.349600 0.019200
0.459200 0.350400 0.013600
0.464800 0.350400 0.019200
0.189600 0.351200 0.024800
0.207200 0.351200 0.011200
0.375200 0.351200 0.013600
0.414400 0.351200 0.016000
0.438400 0.351200 0.011200
0.480000 0.351200 0.008800
0.289600 0.352000 0.021600
0.318400 0.352000 0.011200
0.352000 0.352000 0.016000
0.254400 0.352800 0.016800
0.301600 0.352800 0.011200
0.393600 0.352800 0.013600
0.223200 0.353600 0.021600
0.272800 0.353600 0.011200
0.333600 0.354400 0.011200
0.755200 0.376000 0.011200
0.782400 0.376000 0.011200
0.799200 0.376000 0.019200
0.809600 0.376000 0.008800
0.828800 0.376000 0.016000
0.769600 0.376800 0.008800
0.428800 0.377600 0.005600
0.482400 0.378400 0.019200
0.589600 0.378400 0.011200
0.610400 0.378400 0.013600
0.626400 0.378400 0.011200
0.688800 0.378400 0.016800
0.736000 0.378400 0.013600
0.507200 0.379200 0.016800
0.524000 0.379200 0.011200
0.540000 0.379200 0.013600
0.575200 0.379200 0.024000
0.654400 0.379200 0.008800
0.670400 0.379200 0.011200
0.715200 0.379200 0.013600
0.560800 0.380000 0.021600
0.643200 0.380000 0.011200
0.468000 0.380800 0.005600
0.700000 0.381600 0.007200
0.429600 0.382400 0.006400
0.456800 0.382400 0.018400
0.439200 0.383200 0.016800
0.282400 0.384000 0.008800
0.372000 0.384000 0.008800
0.400000 0.384000 0.012800
0.416800 0.384000 0.011200
0.214400 0.385600 0.016800
0.271200 0.385600 0.007200
0.358400 0.385600 0.021600
0.384000 0.385600 0.008800
0.260000 0.386400 0.017600
0.297600 0.386400 0.013600
0.317600 0.386400 0.013600
0.236800 0.387200 0.016800
0.338400 0.387200 0.016000
0.188000 0.388800 0.019200
0.796000 0.404800 0.011200
0.781600 0.405600 0.008800
0.756000 0.406400 0.008800
0.768800 0.406400 0.011200
0.812000 0.406400 0.008800
0.840000 0.406400 0.021600
0.824000 0.407200 0.008800
0.740800 0.408800 0.013600
0.725600 0.409600 0.008800
0.664000 0.410400 0.013600
0.679200 0.410400 0.011200
0.716000 0.410400 0.016800
0.697600 0.411200 0.016800
0.620000 0.412800 0.016000
0.642400 0.412800 0.013600
0.500000 0.413600 0.016800
0.527200 0.413600 0.016000
0.466400 0.415200 0.011200
0.506400 0.415200 0.018400
0.554400 0.415200 0.017600
0.480800 0.416000 0.013600
0.592000 0.416000 0.019200
0.436800 0.416800 0.011200
0.453600 0.417600 0.011200
0.574400 0.417600 0.013600
0.383200 0.418400 0.016800
0.424000 0.418400 0.019200
0.567200 0.418400 0.005600
0.403200 0.419200 0.013600
0.221600 0.420000 0.018400
0.247200 0.420000 0.011200
0.316800 0.420000 0.013600
0.357600 0.420000 0.011200
0.212000 0.420800 0.016800
0.232800 0.420800 0.019200
0.264800 0.420800 0.012800
0.302400 0.420800 0.008800
0.338400 0.420800 0.013600
0.192000 0.421600 0.016800
0.284800 0.421600 0.013600
0.820800 0.435200 0.008800
0.808000 0.436000 0.007200
0.842400 0.436000 0.015200
0.796800 0.436800 0.008800
0.767200 0.438400 0.019200
0.778400 0.439200 0.016800
0.747200 0.440000 0.013600
0.674400 0.442400 0.008800
0.723200 0.442400 0.016000
0.700000 0.444000 0.016800
0.664000 0.444800 0.017600
0.600000 0.445600 0.013600
0.622400 0.445600 0.015200
0.643200 0.445600 0.013600
0.576800 0.446400 0.016800
0.510400 0.447200 0.008800
0.524800 0.447200 0.016800
0.459200 0.448000 0.016800
0.492800 0.448000 0.013600
0.440000 0.448800 0.013600
0.473600 0.448800 0.013600
0.547200 0.448800 0.013600
0.288800 0.449600 0.016800
0.340000 0.449600 0.013600
0.358400 0.449600 0.011200
0.391200 0.449600 0.011200
0.411200 0.449600 0.016800
0.262400 0.450400 0.018400
0.231200 0.451200 0.015200
0.256800 0.451200 0.018400
0.317600 0.451200 0.013600
0.376000 0.451200 0.011200
0.188000 0.452000 0.019200
0.204800 0.452000 0.016800
0.818400 0.466400 0.016800
0.836800 0.466400 0.016800
0.796000 0.468000 0.016800
0.757600 0.469600 0.012800
0.721600 0.471200 0.016000
0.776800 0.471200 0.013600
0.696000 0.472000 0.011200
0.710400 0.472000 0.008800
0.739200 0.472000 0.011200
0.651200 0.472800 0.013600
0.674400 0.472800 0.013600
0.634400 0.473600 0.017600
0.608800 0.474400 0.013600
0.624800 0.474400 0.016800
0.588800 0.475200 0.011200
0.410400 0.476800 0.016800
0.533600 0.476800 0.012800
0.556000 0.476800 0.013600
0.573600 0.476800 0.011200
0.401600 0.477600 0.016000
0.448800 0.477600 0.011200
0.481600 0.477600 0.013600
0.507200 0.477600 0.016800
0.433600 0.478400 0.016800
0.462400 0.478400 0.013600
0.376800 0.480000 0.018400
0.281600 0.480800 0.012800
0.323200 0.481600 0.015200
0.349600 0.481600 0.016000
0.300800 0.482400 0.013600
0.261600 0.483200 0.013600
0.191200 0.484000 0.016800
0.213600 0.484000 0.011200
0.234400 0.484000 0.016000
0.921600 0.489600 0.040000
0.908000 0.491200 0.040000
0.839200 0.495200 0.013600
0.820000 0.496000 0.011200
0.802400 0.496800 0.013600
0.778400 0.497600 0.013600
0.759200 0.498400 0.011200
0.742400 0.500000 0.016800
0.661600 0.501600 0.013600
0.712000 0.501600 0.011200
0.679200 0.502400 0.013600
0.699200 0.502400 0.013600
0.640000 0.503200 0.014400
0.596000 0.504000 0.013600
0.618400 0.504000 0.013600
0.528800 0.504800 0.011200
0.546400 0.504800 0.012800
0.567200 0.504800 0.016000
0.510400 0.505600 0.011200
0.493600 0.506400 0.011200
0.339200 0.507200 0.011200
0.369600 0.507200 0.011200
0.420000 0.507200 0.016000
0.447200 0.507200 0.013600
0.472800 0.507200 0.014400
0.319200 0.508000 0.012800
0.355200 0.508000 0.010400
0.244800 0.509600 0.012800
0.299200 0.509600 0.012800
0.388800 0.509600 0.016800
0.192000 0.510400 0.013600
0.215200 0.510400 0.016800
0.262400 0.510400 0.011200
0.280800 0.511200 0.011200
0.221600 0.512000 0.015200
0.919200 0.516000 0.022400
0.832000 0.522400 0.011200
0.815200 0.524000 0.011200
0.847200 0.524000 0.024000
0.743200 0.525600 0.016800
0.752800 0.525600 0.019200
0.773600 0.525600 0.013600
0.796800 0.525600 0.013600
0.716000 0.526400 0.016800
0.700800 0.529600 0.011200
0.658400 0.530400 0.012800
0.679200 0.530400 0.014400
0.619200 0.532800 0.011200
0.356000 0.533600 0.012800
0.637600 0.533600 0.013600
0.406400 0.534400 0.013600
0.486400 0.534400 0.013600
0.506400 0.534400 0.011200
0.523200 0.534400 0.011200
0.559200 0.534400 0.013600
0.579200 0.534400 0.012800
0.596800 0.534400 0.016800
0.336800 0.535200 0.011200
0.374400 0.535200 0.013600
0.444000 0.535200 0.013600
0.464800 0.535200 0.013600
0.540000 0.535200 0.011200
0.302400 0.536000 0.013600
0.424000 0.536000 0.011200
0.185600 0.536800 0.019200
0.265600 0.536800 0.011200
0.281600 0.536800 0.012800
0.321600 0.536800 0.011200
0.206400 0.537600 0.013600
0.226400 0.538400 0.011200
0.248000 0.539200 0.015200
0.200800 0.584800 0.020800
0.228800 0.585600 0.008800
0.241600 0.585600 0.008800
0.266400 0.585600 0.008800
0.213600 0.586400 0.008800
0.254400 0.586400 0.008800
