0.269600 0.086400 0.021600
0.184800 0.087200 0.030400
0.223200 0.088000 0.011200
0.205600 0.088800 0.013600
0.239200 0.088800 0.011200
0.257600 0.088800 0.011200
0.854400 0.100000 0.013600
0.840000 0.101600 0.025600
0.179200 0.144000 0.024800
0.304800 0.148000 0.013600
0.202400 0.148800 0.013600
0.286400 0.148800 0.011200
0.794400 0.148800 0.007200
0.270400 0.149600 0.016800
0.482400 0.149600 0.011200
0.515200 0.149600 0.012800
0.548800 0.149600 0.011200
0.224800 0.150400 0.013600
0.240800 0.150400 0.016800
0.418400 0.150400 0.011200
0.438400 0.150400 0.013600
0.532800 0.150400 0.008800
0.566400 0.150400 0.011200
0.640800 0.150400 0.019200
0.765600 0.150400 0.011200
0.780800 0.150400 0.011200
0.805600 0.150400 0.019200
0.323200 0.151200 0.013600
0.389600 0.151200 0.011200
0.404800 0.151200 0.009600
0.464000 0.151200 0.016800
0.703200 0.151200 0.013600
0.727200 0.151200 0.016800
0.846400 0.151200 0.016800
0.344000 0.152000 0.013600
0.356800 0.152000 0.008800
0.370400 0.152000 0.011200
0.497600 0.152000 0.011200
0.585600 0.152000 0.015200
0.664000 0.152000 0.015200
0.686400 0.152000 0.011200
0.748800 0.152000 0.013600
0.839200 0.152000 0.024800
0.609600 0.152800 0.013600
0.628800 0.152800 0.024800
0.824000 0.152800 0.011200
0.864800 0.152800 0.016800
0.925600 0.173600 0.031200
0.177600 0.175200 0.016800
0.196000 0.176800 0.013600
0.936000 0.176800 0.024800
0.940000 0.176800 0.032000
0.215200 0.177600 0.015200
0.238400 0.177600 0.013600
0.252000 0.178400 0.011200
0.267200 0.178400 0.013600
0.274400 0.179200 0.015200
0.345600 0.179200 0.014400
0.369600 0.179200 0.016000
0.292000 0.180000 0.015200
0.396800 0.180000 0.015200
0.599200 0.180000 0.018400
0.839200 0.180000 0.011200
0.313600 0.180800 0.018400
0.800000 0.180800 0.014400
0.821600 0.180800 0.013600
0.702400 0.181600 0.012800
0.720800 0.181600 0.011200
0.740000 0.181600 0.012800
0.756800 0.181600 0.011200
0.322400 0.182400 0.016800
0.417600 0.182400 0.019200
0.575200 0.182400 0.016000
0.611200 0.182400 0.011200
0.660000 0.182400 0.013600
0.682400 0.182400 0.013600
0.773600 0.182400 0.013600
0.852000 0.182400 0.005600
0.861600 0.182400 0.016000
0.555200 0.183200 0.011200
0.628000 0.183200 0.011200
0.428000 0.184000 0.019200
0.445600 0.184000 0.011200
0.476800 0.184000 0.011200
0.518400 0.184000 0.008800
0.526400 0.184000 0.016800
0.542400 0.184000 0.011200
0.642400 0.184000 0.011200
0.460000 0.184800 0.008800
0.492000 0.184800 0.008800
0.506400 0.184800 0.008800
0.862400 0.186400 0.014400
0.178400 0.207200 0.016800
0.197600 0.208000 0.011200
0.243200 0.208000 0.013600
0.268000 0.208000 0.016000
0.214400 0.208800 0.013600
0.229600 0.208800 0.008800
0.863200 0.209600 0.019200
0.288000 0.210400 0.013600
0.332000 0.211200 0.011200
0.348000 0.211200 0.013600
0.380800 0.211200 0.008800
0.308800 0.212000 0.015200
0.366400 0.212800 0.011200
0.831200 0.212800 0.016000
0.722400 0.213600 0.007200
0.733600 0.213600 0.008800
0.392800 0.214400 0.018400
0.684800 0.215200 0.013600
0.768800 0.215200 0.013600
0.804000 0.215200 0.016800
0.412800 0.216000 0.013600
0.462400 0.216000 0.013600
0.483200 0.216000 0.013600
0.576000 0.216000 0.015200
0.608800 0.216000 0.021600
0.628000 0.216000 0.016800
0.707200 0.216000 0.013600
0.748000 0.216000 0.013600
0.784000 0.216000 0.011200
0.437600 0.216800 0.016000
0.597600 0.216800 0.018400
0.653600 0.216800 0.019200
0.668800 0.217600 0.011200
0.505600 0.218400 0.013600
0.553600 0.218400 0.013600
0.528000 0.219200 0.015200
0.176800 0.236800 0.020800
0.191200 0.238400 0.011200
0.219200 0.238400 0.019200
0.232800 0.238400 0.017600
0.208800 0.240000 0.019200
0.242400 0.240000 0.008800
0.256000 0.240000 0.011200
0.272800 0.240000 0.013600
0.296000 0.241600 0.015200
0.344800 0.241600 0.016000
0.320000 0.242400 0.016000
0.400000 0.243200 0.012800
0.480000 0.243200 0.005600
0.836000 0.243200 0.019200
0.382400 0.244000 0.013600
0.420000 0.244000 0.012800
0.488000 0.244000 0.005600
0.806400 0.244000 0.016800
0.855200 0.244000 0.016800
0.366400 0.244800 0.011200
0.467200 0.244800 0.011200
0.495200 0.244800 0.012800
0.825600 0.244800 0.019200
0.439200 0.245600 0.013600
0.449600 0.245600 0.016800
0.513600 0.245600 0.015200
0.775200 0.245600 0.016000
0.536800 0.246400 0.013600
0.557600 0.246400 0.013600
0.577600 0.246400 0.013600
0.740000 0.246400 0.016800
0.752800 0.246400 0.016800
0.800800 0.246400 0.016000
0.718400 0.247200 0.013600
0.596800 0.248000 0.011200
0.630400 0.248000 0.013600
0.651200 0.248000 0.013600
0.671200 0.248000 0.011200
0.684000 0.248000 0.008800
0.610400 0.248800 0.016800
0.698400 0.248800 0.020800
0.179200 0.271200 0.019200
0.343200 0.271200 0.005600
0.195200 0.272800 0.008800
0.365600 0.272800 0.011200
0.389600 0.272800 0.019200
0.205600 0.273600 0.016800
0.223200 0.273600 0.011200
0.236000 0.273600 0.008800
0.304800 0.273600 0.013600
0.317600 0.273600 0.008800
0.332000 0.273600 0.008800
0.251200 0.274400 0.011200
0.352800 0.274400 0.005600
0.404800 0.274400 0.008800
0.264800 0.275200 0.011200
0.282400 0.275200 0.013600
0.429600 0.275200 0.008800
0.417600 0.276000 0.008800
0.444000 0.276000 0.020800
0.799200 0.276000 0.016000
0.832800 0.276000 0.013600
0.744800 0.276800 0.021600
0.794400 0.276800 0.016000
0.816800 0.276800 0.013600
0.773600 0.277600 0.019200
0.565600 0.278400 0.013600
0.732000 0.278400 0.022400
0.853600 0.278400 0.016800
0.463200 0.279200 0.019200
0.490400 0.279200 0.013600
0.511200 0.279200 0.016000
0.544800 0.279200 0.016800
0.635200 0.279200 0.013600
0.713600 0.279200 0.019200
0.587200 0.280000 0.015200
0.612800 0.280000 0.015200
0.655200 0.280000 0.016800
0.476800 0.280800 0.005600
0.682400 0.280800 0.013600
0.532000 0.281600 0.008000
0.191200 0.301600 0.008800
0.174400 0.302400 0.024000
0.203200 0.302400 0.005600
0.212800 0.302400 0.007200
0.226400 0.302400 0.011200
0.258400 0.304000 0.011200
0.318400 0.304000 0.020800
0.308000 0.304800 0.019200
0.244800 0.305600 0.013600
0.284000 0.305600 0.018400
0.336800 0.306400 0.016800
0.384800 0.307200 0.016800
0.363200 0.308000 0.013600
0.401600 0.308800 0.005600
0.417600 0.308800 0.020800
0.794400 0.308800 0.020000
0.764000 0.309600 0.019200
0.854400 0.309600 0.019200
0.429600 0.310400 0.024000
0.461600 0.310400 0.019200
0.776800 0.310400 0.004800
0.447200 0.311200 0.008800
0.517600 0.311200 0.015200
0.541600 0.311200 0.016000
0.600800 0.311200 0.011200
0.733600 0.311200 0.014400
0.752800 0.311200 0.011200
0.411200 0.312000 0.015200
0.482400 0.312000 0.013600
0.567200 0.312000 0.016800
0.699200 0.312000 0.011200
0.832800 0.312000 0.011200
0.497600 0.312800 0.011200
0.616800 0.312800 0.008800
0.651200 0.312800 0.015200
0.713600 0.312800 0.008800
0.808000 0.312800 0.019200
0.588000 0.313600 0.011200
0.673600 0.313600 0.017600
0.630400 0.314400 0.011200
0.176800 0.335200 0.022400
0.191200 0.336000 0.013600
0.253600 0.336800 0.020800
0.209600 0.339200 0.016000
0.264800 0.339200 0.019200
0.232800 0.340000 0.016000
0.284000 0.340800 0.016000
0.362400 0.340800 0.013600
0.420000 0.340800 0.008800
0.383200 0.341600 0.016800
0.391200 0.341600 0.019200
0.304800 0.342400 0.008800
0.320000 0.342400 0.011200
0.340800 0.342400 0.015200
0.439200 0.342400 0.013600
0.789600 0.342400 0.019200
0.408800 0.343200 0.017600
0.456800 0.343200 0.013600
0.504000 0.343200 0.019200
0.520000 0.343200 0.011200
0.804000 0.343200 0.016800
0.824000 0.343200 0.019200
0.836800 0.343200 0.020800
0.476000 0.344000 0.013600
0.494400 0.344000 0.016800
0.592800 0.344000 0.016800
0.731200 0.344000 0.011200
0.747200 0.344000 0.011200
0.766400 0.344000 0.016800
0.547200 0.344800 0.016800
0.712800 0.344800 0.012800
0.857600 0.344800 0.019200
0.567200 0.345600 0.013600
0.615200 0.345600 0.013600
0.630400 0.347200 0.013600
0.676000 0.347200 0.013600
0.695200 0.347200 0.013600
0.650400 0.348000 0.017600
0.178400 0.369600 0.020000
0.204800 0.369600 0.008800
0.238400 0.370400 0.013600
0.190400 0.371200 0.011200
0.220000 0.371200 0.011200
0.257600 0.371200 0.012800
0.276800 0.372000 0.011200
0.294400 0.372800 0.013600
0.320000 0.373600 0.016800
0.344000 0.373600 0.011200
0.360000 0.373600 0.011200
0.396800 0.373600 0.013600
0.376000 0.374400 0.013600
0.418400 0.374400 0.016000
0.467200 0.374400 0.016800
0.505600 0.374400 0.013600
0.544000 0.374400 0.011200
0.443200 0.375200 0.016000
0.525600 0.375200 0.013600
0.576000 0.375200 0.011200
0.484800 0.376000 0.013600
0.561600 0.376000 0.011200
0.594400 0.376000 0.013600
0.614400 0.376000 0.011200
0.872000 0.376000 0.019200
0.628800 0.377600 0.008800
0.639200 0.378400 0.016800
0.657600 0.378400 0.011200
0.844000 0.378400 0.016800
0.741600 0.379200 0.008800
0.808800 0.379200 0.011200
0.824800 0.379200 0.011200
0.700000 0.380000 0.013600
0.790400 0.380000 0.013600
0.715200 0.380800 0.008800
0.726400 0.380800 0.019200
0.752000 0.380800 0.017600
0.770400 0.380800 0.013600
0.680800 0.381600 0.015200
0.177600 0.401600 0.019200
0.189600 0.403200 0.011200
0.204800 0.404800 0.016800
0.373600 0.404800 0.013600
0.214400 0.405600 0.019200
0.229600 0.405600 0.013600
0.265600 0.405600 0.008800
0.355200 0.405600 0.012800
0.252000 0.406400 0.019200
0.335200 0.406400 0.013600
0.404800 0.406400 0.019200
0.284800 0.407200 0.014400
0.394400 0.407200 0.019200
0.308000 0.408000 0.016800
0.424000 0.408000 0.016800
0.532800 0.408800 0.013600
0.562400 0.408800 0.020800
0.449600 0.409600 0.013600
0.468800 0.409600 0.016800
0.484800 0.409600 0.016800
0.507200 0.409600 0.016800
0.584000 0.409600 0.016800
0.629600 0.409600 0.012800
0.648000 0.409600 0.019200
0.552000 0.410400 0.019200
0.609600 0.410400 0.013600
0.660000 0.410400 0.008000
0.682400 0.410400 0.016800
0.700800 0.411200 0.012800
0.732800 0.411200 0.007200
0.744800 0.412000 0.011200
0.719200 0.412800 0.011200
0.761600 0.412800 0.013600
0.793600 0.412800 0.022400
0.808800 0.412800 0.010400
0.784000 0.413600 0.017600
0.841600 0.414400 0.013600
0.865600 0.414400 0.018400
0.823200 0.415200 0.011200
0.176800 0.430400 0.016800
0.202400 0.432000 0.016800
0.193600 0.433600 0.016800
0.216800 0.434400 0.011200
0.228800 0.436000 0.011200
0.244800 0.436000 0.011200
0.320000 0.436000 0.013600
0.257600 0.436800 0.005600
0.265600 0.436800 0.005600
0.301600 0.436800 0.013600
0.284000 0.438400 0.015200
0.339200 0.438400 0.013600
0.382400 0.439200 0.015200
0.359200 0.440000 0.013600
0.404000 0.440000 0.013600
0.421600 0.440800 0.011200
0.439200 0.440800 0.012800
0.466400 0.441600 0.013600
0.617600 0.441600 0.011200
0.485600 0.442400 0.013600
0.634400 0.442400 0.013600
0.557600 0.443200 0.016800
0.580800 0.443200 0.013600
0.598400 0.443200 0.013600
0.711200 0.444000 0.016800
0.732800 0.444000 0.011200
0.506400 0.444800 0.016800
0.533600 0.444800 0.013600
0.656800 0.444800 0.016000
0.682400 0.444800 0.019200
0.856000 0.444800 0.019200
0.866400 0.444800 0.020800
0.749600 0.445600 0.011200
0.768800 0.445600 0.015200
0.817600 0.445600 0.013600
0.835200 0.445600 0.013600
0.792800 0.446400 0.016000
0.180000 0.463200 0.016800
0.203200 0.464000 0.015200
0.228800 0.464000 0.013600
0.253600 0.465600 0.015200
0.276000 0.466400 0.013600
0.294400 0.467200 0.011200
0.312000 0.467200 0.013600
0.382400 0.468800 0.011200
0.338400 0.469600 0.016000
0.359200 0.469600 0.014400
0.400000 0.469600 0.011200
0.417600 0.469600 0.011200
0.448000 0.469600 0.019200
0.432000 0.470400 0.011200
0.480000 0.472000 0.015200
0.504800 0.472800 0.015200
0.526400 0.472800 0.012800
0.544800 0.472800 0.012800
0.567200 0.473600 0.016000
0.596800 0.473600 0.015200
0.618400 0.473600 0.013600
0.641600 0.473600 0.016000
0.693600 0.475200 0.016800
0.808800 0.475200 0.013600
0.848000 0.475200 0.015200
0.723200 0.476000 0.016000
0.788000 0.476000 0.016000
0.825600 0.476000 0.013600
0.865600 0.476000 0.016800
0.666400 0.476800 0.016800
0.706400 0.477600 0.011200
0.743200 0.478400 0.013600
0.776000 0.478400 0.016800
0.109600 0.488800 0.024800
0.178400 0.489600 0.015200
0.216000 0.491200 0.013600
0.196800 0.492800 0.011200
0.240800 0.493600 0.013600
0.267200 0.495200 0.015200
0.290400 0.496000 0.013600
0.312000 0.496800 0.013600
0.330400 0.497600 0.016000
0.362400 0.497600 0.013600
0.386400 0.497600 0.013600
0.436000 0.497600 0.013600
0.408800 0.498400 0.013600
0.341600 0.499200 0.013600
0.453600 0.499200 0.013600
0.484000 0.500000 0.013600
0.530400 0.500800 0.015200
0.649600 0.500800 0.008800
0.863200 0.500800 0.015200
0.504800 0.501600 0.013600
0.554400 0.501600 0.015200
0.579200 0.501600 0.015200
0.606400 0.501600 0.015200
0.664000 0.501600 0.011200
0.787200 0.501600 0.013600
0.833600 0.501600 0.013600
0.633600 0.502400 0.016800
0.680800 0.502400 0.011200
0.700800 0.502400 0.012800
0.719200 0.502400 0.013600
0.815200 0.503200 0.013600
0.740000 0.504000 0.013600
0.768800 0.504000 0.013600
0.184800 0.517600 0.040000
0.223200 0.517600 0.016800
0.116800 0.518400 0.027200
0.200800 0.519200 0.016800
0.239200 0.520000 0.016800
0.311200 0.520800 0.008800
0.260000 0.521600 0.011200
0.296000 0.521600 0.011200
0.275200 0.522400 0.013600
0.346400 0.522400 0.013600
0.324800 0.523200 0.013600
0.372000 0.523200 0.015200
0.420800 0.523200 0.011200
0.439200 0.523200 0.012000
0.458400 0.523200 0.011200
0.473600 0.523200 0.005600
0.397600 0.524000 0.015200
0.480800 0.524800 0.005600
0.854400 0.526400 0.004000
0.866400 0.526400 0.019200
0.494400 0.527200 0.012800
0.513600 0.527200 0.011200
0.839200 0.527200 0.016000
0.529600 0.528800 0.011200
0.546400 0.528800 0.012800
0.566400 0.528800 0.013600
0.614400 0.528800 0.011200
0.771200 0.528800 0.016800
0.796000 0.528800 0.013600
0.817600 0.528800 0.013600
0.582400 0.529600 0.011200
0.595200 0.529600 0.016800
0.629600 0.529600 0.008800
0.680800 0.529600 0.012800
0.744800 0.529600 0.013600
0.644800 0.530400 0.011200
0.661600 0.530400 0.012800
0.698400 0.530400 0.013600
0.724000 0.531200 0.015200
0.280000 0.576800 0.018400
0.270400 0.577600 0.008800
0.240800 0.578400 0.008800
0.254400 0.578400 0.011200
0.843200 0.579200 0.018400
0.225600 0.580000 0.011200
0.205600 0.580800 0.029600
