0.265600 0.100800 0.020000
0.253600 0.103200 0.008800
0.238400 0.104800 0.011200
0.819200 0.105600 0.013600
0.224000 0.106400 0.008800
0.194400 0.108000 0.024000
0.212000 0.108000 0.011200
0.800000 0.108000 0.028000
0.824800 0.146400 0.027200
0.806400 0.152800 0.011200
0.572800 0.154400 0.012800
0.590400 0.154400 0.011200
0.608000 0.154400 0.011200
0.620000 0.154400 0.008800
0.725600 0.154400 0.011200
0.789600 0.154400 0.016800
0.555200 0.155200 0.011200
0.636800 0.155200 0.016800
0.749600 0.155200 0.016800
0.681600 0.156000 0.016800
0.768000 0.156000 0.011200
0.536000 0.156800 0.013600
0.656800 0.156800 0.013600
0.625600 0.157600 0.013600
0.700000 0.157600 0.018400
0.508800 0.158400 0.019200
0.471200 0.159200 0.011200
0.489600 0.159200 0.013600
0.518400 0.159200 0.019200
0.232800 0.160000 0.013600
0.183200 0.160800 0.019200
0.280000 0.160800 0.005600
0.390400 0.160800 0.013600
0.434400 0.160800 0.008800
0.448000 0.160800 0.016800
0.212000 0.161600 0.016000
0.267200 0.161600 0.011200
0.357600 0.161600 0.013600
0.374400 0.161600 0.011200
0.407200 0.161600 0.008800
0.420800 0.161600 0.020000
0.251200 0.162400 0.011200
0.340000 0.162400 0.012000
0.291200 0.163200 0.008800
0.309600 0.163200 0.013600
0.324800 0.164800 0.011200
0.826400 0.181600 0.013600
0.808800 0.182400 0.011200
0.776800 0.183200 0.012800
0.796000 0.183200 0.008800
0.760800 0.184000 0.008800
0.608800 0.184800 0.011200
0.622400 0.184800 0.008800
0.747200 0.184800 0.011200
0.525600 0.185600 0.008800
0.538400 0.185600 0.011200
0.633600 0.185600 0.008800
0.688800 0.185600 0.013600
0.705600 0.185600 0.015200
0.726400 0.185600 0.015200
0.334400 0.186400 0.011200
0.493600 0.186400 0.011200
0.510400 0.186400 0.011200
0.588800 0.186400 0.013600
0.648800 0.186400 0.011200
0.668000 0.186400 0.013600
0.732800 0.186400 0.013600
0.316800 0.187200 0.011200
0.480000 0.187200 0.008800
0.557600 0.187200 0.016800
0.466400 0.188800 0.010400
0.436000 0.189600 0.011200
0.451200 0.189600 0.008800
0.302400 0.190400 0.011200
0.351200 0.190400 0.013600
0.376000 0.190400 0.016000
0.400000 0.190400 0.013600
0.420800 0.190400 0.011200
0.187200 0.191200 0.019200
0.201600 0.191200 0.013600
0.222400 0.191200 0.013600
0.259200 0.191200 0.013600
0.242400 0.192000 0.011200
0.281600 0.192000 0.015200
0.814400 0.210400 0.011200
0.829600 0.212000 0.019200
0.795200 0.213600 0.013600
0.432800 0.216000 0.008800
0.710400 0.216000 0.014400
0.726400 0.216000 0.013600
0.760000 0.216000 0.008800
0.774400 0.216000 0.011200
0.404800 0.216800 0.013600
0.645600 0.216800 0.012800
0.703200 0.216800 0.016800
0.744800 0.216800 0.011200
0.540800 0.217600 0.011200
0.559200 0.217600 0.013600
0.608800 0.217600 0.011200
0.626400 0.217600 0.011200
0.663200 0.217600 0.011200
0.692000 0.217600 0.021600
0.420800 0.218400 0.013600
0.444000 0.218400 0.018400
0.460000 0.218400 0.016800
0.465600 0.218400 0.015200
0.484800 0.218400 0.016800
0.493600 0.218400 0.016800
0.509600 0.218400 0.011200
0.525600 0.218400 0.011200
0.679200 0.218400 0.011200
0.187200 0.219200 0.016000
0.277600 0.219200 0.008800
0.576800 0.219200 0.011200
0.592800 0.219200 0.011200
0.205600 0.220000 0.011200
0.248800 0.220000 0.011200
0.308000 0.220000 0.011200
0.323200 0.220000 0.011200
0.365600 0.220000 0.013600
0.384000 0.220000 0.011200
0.397600 0.220000 0.005600
0.221600 0.220800 0.011200
0.234400 0.220800 0.008800
0.267200 0.220800 0.016800
0.292800 0.220800 0.011200
0.341600 0.221600 0.015200
0.817600 0.242400 0.011200
0.833600 0.243200 0.022400
0.800800 0.244000 0.012800
0.840800 0.244000 0.016800
0.781600 0.244800 0.011200
0.669600 0.245600 0.008000
0.680800 0.245600 0.013600
0.752000 0.245600 0.008800
0.763200 0.245600 0.016800
0.709600 0.246400 0.016800
0.211200 0.247200 0.007200
0.461600 0.247200 0.011200
0.478400 0.247200 0.012800
0.640000 0.247200 0.011200
0.376000 0.248000 0.005600
0.403200 0.248000 0.011200
0.420800 0.248000 0.011200
0.495200 0.248000 0.011200
0.510400 0.248000 0.013600
0.624000 0.248000 0.011200
0.656000 0.248000 0.011200
0.356800 0.248800 0.011200
0.368800 0.248800 0.005600
0.387200 0.248800 0.015200
0.606400 0.248800 0.013600
0.732000 0.248800 0.016000
0.238400 0.249600 0.018400
0.341600 0.249600 0.011200
0.437600 0.249600 0.016800
0.566400 0.249600 0.011200
0.587200 0.249600 0.013600
0.198400 0.250400 0.011200
0.222400 0.250400 0.017600
0.262400 0.250400 0.008800
0.300800 0.250400 0.013600
0.321600 0.250400 0.013600
0.549600 0.250400 0.011200
0.182400 0.251200 0.022400
0.249600 0.251200 0.007200
0.279200 0.251200 0.013600
0.530400 0.251200 0.012800
0.812000 0.272800 0.011200
0.829600 0.272800 0.013600
0.790400 0.275200 0.014400
0.676800 0.276000 0.011200
0.713600 0.276000 0.016800
0.744000 0.276000 0.016800
0.771200 0.276000 0.013600
0.500000 0.276800 0.013600
0.480800 0.277600 0.013600
0.660800 0.277600 0.011200
0.695200 0.277600 0.013600
0.228800 0.278400 0.011200
0.346400 0.278400 0.005600
0.436800 0.278400 0.015200
0.460000 0.278400 0.013600
0.523200 0.278400 0.016000
0.564000 0.278400 0.011200
0.581600 0.278400 0.012800
0.599200 0.278400 0.013600
0.643200 0.278400 0.012800
0.320800 0.279200 0.011200
0.335200 0.279200 0.008800
0.356000 0.279200 0.014400
0.404000 0.279200 0.011200
0.544800 0.279200 0.013600
0.212000 0.280000 0.011200
0.245600 0.280000 0.011200
0.264000 0.280000 0.013600
0.307200 0.280000 0.008800
0.373600 0.280000 0.011200
0.386400 0.280000 0.019200
0.417600 0.280000 0.016800
0.622400 0.280000 0.016000
0.286400 0.280800 0.014400
0.188800 0.281600 0.016800
0.804000 0.303200 0.014400
0.828000 0.303200 0.019200
0.840000 0.303200 0.021600
0.784800 0.304000 0.012800
0.764000 0.304800 0.013600
0.188800 0.305600 0.018400
0.194400 0.305600 0.013600
0.740000 0.305600 0.016000
0.360000 0.306400 0.013600
0.215200 0.307200 0.011200
0.324800 0.308000 0.012800
0.709600 0.308000 0.016800
0.236000 0.308800 0.013600
0.259200 0.308800 0.013600
0.284000 0.308800 0.016800
0.342400 0.308800 0.011200
0.373600 0.308800 0.019200
0.401600 0.308800 0.013600
0.680800 0.308800 0.013600
0.304000 0.309600 0.013600
0.386400 0.309600 0.011200
0.419200 0.309600 0.011200
0.567200 0.309600 0.011200
0.623200 0.309600 0.011200
0.696800 0.309600 0.011200
0.270400 0.310400 0.020800
0.436000 0.310400 0.011200
0.453600 0.310400 0.012800
0.488000 0.310400 0.013600
0.529600 0.310400 0.016800
0.542400 0.310400 0.007200
0.552000 0.310400 0.008800
0.584800 0.310400 0.013600
0.605600 0.310400 0.013600
0.643200 0.310400 0.012800
0.661600 0.310400 0.012800
0.473600 0.311200 0.013600
0.511200 0.312000 0.014400
0.836000 0.332000 0.019200
0.816000 0.332800 0.011200
0.840000 0.332800 0.019200
0.756800 0.334400 0.013600
0.782400 0.334400 0.013600
0.800800 0.334400 0.011200
0.228800 0.335200 0.011200
0.740000 0.335200 0.011200
0.188800 0.336000 0.019200
0.216800 0.336800 0.019200
0.247200 0.336800 0.013600
0.372000 0.336800 0.011200
0.388800 0.336800 0.011200
0.407200 0.336800 0.012000
0.207200 0.337600 0.018400
0.356000 0.337600 0.011200
0.436800 0.337600 0.016800
0.340000 0.338400 0.011200
0.416000 0.338400 0.003200
0.422400 0.338400 0.011200
0.494400 0.338400 0.013600
0.701600 0.338400 0.013600
0.721600 0.338400 0.013600
0.297600 0.339200 0.014400
0.320000 0.339200 0.013600
0.460800 0.339200 0.011200
0.477600 0.339200 0.011200
0.652800 0.339200 0.016000
0.268800 0.340000 0.016800
0.549600 0.340000 0.013600
0.676000 0.340000 0.016800
0.512000 0.340800 0.011200
0.528800 0.340800 0.013600
0.572000 0.341600 0.013600
0.590400 0.341600 0.011200
0.631200 0.341600 0.008800
0.605600 0.342400 0.008800
0.619200 0.342400 0.011200
0.192000 0.364000 0.013600
0.410400 0.364800 0.016800
0.784000 0.365600 0.022400
0.209600 0.366400 0.011200
0.229600 0.366400 0.013600
0.268800 0.366400 0.011200
0.377600 0.366400 0.012800
0.393600 0.367200 0.011200
0.819200 0.367200 0.019200
0.251200 0.368000 0.011200
0.296800 0.368000 0.016800
0.317600 0.368000 0.014400
0.564000 0.368000 0.011200
0.766400 0.368000 0.013600
0.832800 0.368000 0.022400
0.286400 0.368800 0.016800
0.337600 0.368800 0.011200
0.358400 0.368800 0.013600
0.448000 0.368800 0.018400
0.628000 0.368800 0.008800
0.530400 0.369600 0.011200
0.582400 0.369600 0.013600
0.685600 0.369600 0.011200
0.701600 0.369600 0.011200
0.725600 0.369600 0.016800
0.746400 0.369600 0.013600
0.496000 0.370400 0.013600
0.516000 0.370400 0.013600
0.546400 0.370400 0.012800
0.612800 0.370400 0.011200
0.667200 0.370400 0.019200
0.476000 0.372000 0.013600
0.640800 0.372000 0.011200
0.656800 0.372000 0.021600
0.184800 0.392000 0.016800
0.296000 0.392800 0.008000
0.204800 0.393600 0.013600
0.228800 0.394400 0.013600
0.272000 0.395200 0.011200
0.324800 0.395200 0.013600
0.249600 0.396000 0.014400
0.308800 0.396000 0.013600
0.359200 0.396000 0.013600
0.377600 0.396000 0.013600
0.283200 0.396800 0.018400
0.346400 0.396800 0.013600
0.402400 0.396800 0.016000
0.422400 0.397600 0.013600
0.484800 0.397600 0.004800
0.830400 0.397600 0.013600
0.439200 0.398400 0.011200
0.456800 0.398400 0.013600
0.473600 0.398400 0.015200
0.492000 0.398400 0.005600
0.570400 0.399200 0.022400
0.846400 0.399200 0.024800
0.508000 0.400000 0.013600
0.575200 0.400000 0.016800
0.760000 0.400000 0.011200
0.794400 0.400000 0.011200
0.812000 0.400000 0.011200
0.528000 0.400800 0.011200
0.776000 0.400800 0.012800
0.553600 0.401600 0.018400
0.650400 0.401600 0.011200
0.664800 0.401600 0.016800
0.542400 0.402400 0.008800
0.740000 0.402400 0.013600
0.600000 0.403200 0.015200
0.672800 0.403200 0.016800
0.693600 0.403200 0.016000
0.720800 0.403200 0.012800
0.622400 0.404000 0.016800
0.635200 0.404800 0.011200
0.704000 0.404800 0.011200
0.184800 0.420000 0.013600
0.203200 0.420000 0.013600
0.222400 0.420000 0.008800
0.248000 0.421600 0.008800
0.233600 0.422400 0.011200
0.261600 0.422400 0.011200
0.339200 0.423200 0.011200
0.283200 0.424000 0.013600
0.297600 0.424000 0.011200
0.324800 0.424000 0.010400
0.276000 0.424800 0.015200
0.357600 0.424800 0.013600
0.397600 0.424800 0.012800
0.441600 0.424800 0.013600
0.310400 0.425600 0.008800
0.379200 0.425600 0.011200
0.419200 0.425600 0.013600
0.462400 0.426400 0.013600
0.512800 0.428000 0.013600
0.679200 0.428000 0.021600
0.495200 0.428800 0.013600
0.738400 0.428800 0.012800
0.707200 0.429600 0.011200
0.719200 0.429600 0.011200
0.817600 0.429600 0.011200
0.537600 0.430400 0.013600
0.624000 0.430400 0.015200
0.690400 0.430400 0.016800
0.800000 0.430400 0.011200
0.664000 0.431200 0.013600
0.756800 0.431200 0.012800
0.476800 0.432000 0.011200
0.616800 0.432000 0.016000
0.645600 0.432000 0.013600
0.776000 0.432000 0.014400
0.831200 0.432000 0.008800
0.560000 0.433600 0.013600
0.575200 0.434400 0.011200
0.595200 0.434400 0.014400
0.832800 0.442400 0.003200
0.184800 0.448000 0.016800
0.202400 0.449600 0.019200
0.299200 0.450400 0.012000
0.272800 0.451200 0.005600
0.329600 0.451200 0.013600
0.216800 0.452000 0.016800
0.261600 0.452000 0.016000
0.393600 0.452000 0.012800
0.416000 0.452000 0.016000
0.239200 0.452800 0.016000
0.348800 0.452800 0.016800
0.359200 0.452800 0.013600
0.376800 0.452800 0.011200
0.282400 0.453600 0.015200
0.313600 0.453600 0.013600
0.442400 0.453600 0.015200
0.466400 0.453600 0.012800
0.486400 0.454400 0.012800
0.821600 0.454400 0.013600
0.835200 0.455200 0.022400
0.843200 0.455200 0.016800
0.801600 0.456000 0.012800
0.504000 0.456800 0.011200
0.520800 0.456800 0.012800
0.700000 0.456800 0.011200
0.740000 0.456800 0.011200
0.666400 0.457600 0.012800
0.684000 0.457600 0.011200
0.720800 0.457600 0.013600
0.757600 0.457600 0.011200
0.784000 0.457600 0.011200
0.542400 0.458400 0.013600
0.770400 0.458400 0.008800
0.557600 0.459200 0.011200
0.624000 0.459200 0.011200
0.648800 0.459200 0.011200
0.572800 0.460000 0.011200
0.580800 0.460000 0.011200
0.594400 0.460000 0.012800
0.609600 0.460800 0.011200
0.296000 0.480000 0.011200
0.312800 0.480800 0.010400
0.328000 0.480800 0.012800
0.348000 0.480800 0.012800
0.188800 0.481600 0.016800
0.277600 0.481600 0.012800
0.246400 0.482400 0.008800
0.259200 0.482400 0.011200
0.364800 0.482400 0.011200
0.379200 0.482400 0.011200
0.399200 0.482400 0.015200
0.422400 0.482400 0.013600
0.440800 0.482400 0.011200
0.212800 0.483200 0.012800
0.229600 0.483200 0.012800
0.788800 0.483200 0.013600
0.459200 0.484000 0.013600
0.479200 0.484000 0.013600
0.574400 0.484800 0.013600
0.672800 0.484800 0.011200
0.500800 0.485600 0.013600
0.556000 0.485600 0.012800
0.633600 0.485600 0.013600
0.760000 0.485600 0.015200
0.519200 0.486400 0.013600
0.536800 0.486400 0.012800
0.592800 0.486400 0.013600
0.695200 0.486400 0.016000
0.609600 0.487200 0.011200
0.737600 0.487200 0.012000
0.812800 0.487200 0.016800
0.653600 0.488000 0.013600
0.723200 0.488000 0.011200
0.835200 0.494400 0.036000
0.817600 0.499200 0.040000
0.787200 0.505600 0.016800
0.748000 0.508000 0.011200
0.304000 0.508800 0.013600
0.323200 0.508800 0.011200
0.724000 0.508800 0.015200
0.766400 0.508800 0.011200
0.187200 0.509600 0.017600
0.211200 0.510400 0.012800
0.243200 0.510400 0.013600
0.676800 0.510400 0.015200
0.700800 0.510400 0.013600
0.229600 0.511200 0.013600
0.262400 0.511200 0.013600
0.284800 0.511200 0.015200
0.339200 0.511200 0.011200
0.376800 0.511200 0.011200
0.396800 0.511200 0.013600
0.447200 0.511200 0.013600
0.415200 0.512000 0.011200
0.430400 0.512000 0.011200
0.358400 0.512800 0.013600
0.472800 0.512800 0.016800
0.610400 0.513600 0.013600
0.655200 0.513600 0.013600
0.633600 0.514400 0.015200
0.565600 0.515200 0.013600
0.492000 0.516000 0.019200
0.519200 0.516000 0.013600
0.543200 0.516000 0.016000
0.588000 0.516000 0.015200
0.496800 0.516800 0.016800
0.281600 0.560800 0.020000
0.253600 0.562400 0.011200
0.238400 0.563200 0.008800
0.270400 0.563200 0.008800
0.204800 0.564000 0.027200
0.224800 0.564000 0.011200
