0.277600 0.096800 0.017600
0.268800 0.097600 0.024000
0.253600 0.098400 0.010400
0.239200 0.099200 0.008800
0.201600 0.101600 0.030400
0.222400 0.101600 0.011200
0.821600 0.101600 0.016800
0.840800 0.102400 0.016800
0.438400 0.145600 0.005600
0.511200 0.146400 0.011200
0.529600 0.146400 0.011200
0.494400 0.147200 0.013600
0.712000 0.147200 0.016800
0.449600 0.148000 0.019200
0.548000 0.148000 0.011200
0.917600 0.148000 0.040000
0.568800 0.148800 0.016000
0.691200 0.148800 0.011200
0.425600 0.149600 0.013600
0.594400 0.149600 0.015200
0.619200 0.149600 0.016800
0.672800 0.149600 0.011200
0.732000 0.149600 0.012800
0.751200 0.149600 0.013600
0.238400 0.150400 0.008800
0.407200 0.150400 0.011200
0.468800 0.150400 0.016800
0.644000 0.150400 0.011200
0.768800 0.150400 0.011200
0.797600 0.150400 0.019200
0.809600 0.150400 0.007200
0.389600 0.151200 0.011200
0.656800 0.151200 0.011200
0.780800 0.151200 0.011200
0.184800 0.152000 0.024800
0.295200 0.152000 0.005600
0.822400 0.152000 0.011200
0.839200 0.152000 0.024800
0.912800 0.152000 0.005600
0.264800 0.152800 0.011200
0.281600 0.152800 0.011200
0.316800 0.152800 0.011200
0.334400 0.152800 0.011200
0.348800 0.152800 0.022400
0.372800 0.152800 0.011200
0.248800 0.153600 0.022400
0.304000 0.153600 0.005600
0.846400 0.153600 0.017600
0.201600 0.154400 0.013600
0.221600 0.155200 0.013600
0.913600 0.168000 0.040000
0.503200 0.179200 0.012800
0.570400 0.179200 0.011200
0.589600 0.179200 0.013600
0.627200 0.179200 0.013600
0.520000 0.180000 0.013600
0.539200 0.180000 0.012800
0.611200 0.180000 0.013600
0.638400 0.180000 0.019200
0.656000 0.180000 0.011200
0.729600 0.180000 0.007200
0.413600 0.180800 0.011200
0.428000 0.180800 0.008800
0.555200 0.180800 0.011200
0.644000 0.180800 0.019200
0.247200 0.181600 0.013600
0.696800 0.181600 0.013600
0.715200 0.181600 0.013600
0.741600 0.181600 0.013600
0.758400 0.181600 0.011200
0.188000 0.182400 0.019200
0.291200 0.182400 0.013600
0.395200 0.182400 0.013600
0.440800 0.182400 0.011200
0.457600 0.182400 0.013600
0.673600 0.182400 0.015200
0.775200 0.182400 0.011200
0.802400 0.182400 0.018400
0.203200 0.183200 0.016800
0.228000 0.183200 0.016800
0.266400 0.184000 0.016800
0.312000 0.184000 0.016000
0.342400 0.184000 0.008800
0.374400 0.184000 0.013600
0.483200 0.184000 0.016800
0.793600 0.184000 0.016800
0.825600 0.184000 0.019200
0.332000 0.184800 0.005600
0.357600 0.184800 0.011200
0.324800 0.186400 0.004800
0.628800 0.208800 0.013600
0.492000 0.210400 0.011200
0.516000 0.210400 0.016000
0.539200 0.210400 0.013600
0.556800 0.210400 0.011200
0.574400 0.210400 0.011200
0.590400 0.210400 0.011200
0.608000 0.210400 0.012800
0.650400 0.210400 0.013600
0.670400 0.210400 0.011200
0.687200 0.210400 0.016800
0.697600 0.210400 0.019200
0.729600 0.210400 0.011200
0.714400 0.211200 0.013600
0.745600 0.211200 0.020800
0.756800 0.211200 0.016800
0.476000 0.212000 0.013600
0.414400 0.212800 0.019200
0.430400 0.212800 0.016800
0.776800 0.212800 0.013600
0.191200 0.213600 0.018400
0.377600 0.213600 0.008800
0.388000 0.213600 0.008800
0.402400 0.213600 0.019200
0.438400 0.213600 0.016800
0.454400 0.213600 0.011200
0.800000 0.213600 0.013600
0.215200 0.216000 0.016800
0.260800 0.216000 0.013600
0.361600 0.216000 0.011200
0.826400 0.216800 0.016800
0.241600 0.217600 0.013600
0.309600 0.217600 0.012800
0.348000 0.217600 0.016800
0.291200 0.218400 0.013600
0.327200 0.218400 0.015200
0.278400 0.219200 0.011200
0.336000 0.220000 0.019200
0.563200 0.239200 0.011200
0.584800 0.239200 0.016800
0.696800 0.239200 0.013600
0.785600 0.239200 0.015200
0.500800 0.240000 0.008800
0.547200 0.240000 0.011200
0.627200 0.240000 0.016000
0.674400 0.240000 0.015200
0.716800 0.240000 0.012800
0.736000 0.240000 0.013600
0.605600 0.240800 0.015200
0.650400 0.240800 0.015200
0.760800 0.240800 0.016000
0.826400 0.240800 0.019200
0.487200 0.241600 0.011200
0.516000 0.241600 0.011200
0.531200 0.241600 0.011200
0.575200 0.242400 0.020000
0.802400 0.242400 0.013600
0.454400 0.243200 0.021600
0.468800 0.243200 0.011200
0.377600 0.244000 0.013600
0.398400 0.244000 0.016000
0.410400 0.244000 0.011200
0.426400 0.244000 0.013600
0.359200 0.244800 0.011200
0.444800 0.244800 0.016800
0.185600 0.245600 0.019200
0.248000 0.245600 0.013600
0.270400 0.245600 0.014400
0.292000 0.245600 0.015200
0.343200 0.245600 0.019200
0.316000 0.246400 0.013600
0.334400 0.246400 0.016800
0.201600 0.247200 0.016800
0.229600 0.247200 0.014400
0.752800 0.269600 0.008800
0.800000 0.269600 0.019200
0.708800 0.270400 0.013600
0.765600 0.270400 0.011200
0.685600 0.272000 0.015200
0.729600 0.272000 0.016800
0.784000 0.272000 0.011200
0.403200 0.272800 0.011200
0.808800 0.272800 0.016800
0.827200 0.272800 0.016800
0.604000 0.273600 0.013600
0.666400 0.273600 0.019200
0.419200 0.274400 0.022400
0.585600 0.274400 0.013600
0.275200 0.275200 0.008800
0.304000 0.275200 0.008800
0.340000 0.275200 0.015200
0.432000 0.275200 0.007200
0.624800 0.275200 0.019200
0.636000 0.275200 0.021600
0.654400 0.275200 0.013600
0.192800 0.276000 0.015200
0.263200 0.276000 0.008800
0.317600 0.276000 0.011200
0.443200 0.276000 0.016800
0.495200 0.276000 0.019200
0.565600 0.276000 0.011200
0.248800 0.276800 0.011200
0.366400 0.276800 0.015200
0.386400 0.276800 0.011200
0.465600 0.276800 0.015200
0.514400 0.276800 0.012800
0.552800 0.276800 0.016800
0.212800 0.277600 0.011200
0.228800 0.277600 0.015200
0.290400 0.277600 0.020000
0.533600 0.277600 0.013600
0.272800 0.301600 0.013600
0.655200 0.301600 0.004800
0.188000 0.302400 0.016800
0.289600 0.302400 0.011200
0.321600 0.302400 0.012800
0.341600 0.302400 0.011200
0.204000 0.303200 0.013600
0.250400 0.303200 0.015200
0.255200 0.303200 0.016000
0.304000 0.303200 0.011200
0.359200 0.303200 0.011200
0.662400 0.303200 0.005600
0.227200 0.304000 0.013600
0.598400 0.304000 0.013600
0.701600 0.304000 0.016800
0.817600 0.304000 0.016800
0.842400 0.304000 0.019200
0.625600 0.304800 0.017600
0.752800 0.304800 0.013600
0.377600 0.305600 0.013600
0.400000 0.305600 0.013600
0.540000 0.305600 0.019200
0.548800 0.305600 0.016800
0.567200 0.305600 0.011200
0.645600 0.305600 0.013600
0.678400 0.305600 0.016800
0.730400 0.305600 0.016800
0.796000 0.305600 0.013600
0.582400 0.306400 0.011200
0.772800 0.306400 0.016800
0.416800 0.307200 0.011200
0.496800 0.307200 0.011200
0.513600 0.307200 0.013600
0.524000 0.307200 0.018400
0.431200 0.308800 0.013600
0.452000 0.308800 0.016800
0.479200 0.308800 0.011200
0.464800 0.309600 0.008800
0.281600 0.330400 0.013600
0.306400 0.330400 0.016000
0.232000 0.331200 0.011200
0.194400 0.332000 0.016800
0.218400 0.332000 0.013600
0.248000 0.332000 0.011200
0.260800 0.332000 0.016800
0.352000 0.332000 0.013600
0.330400 0.332800 0.015200
0.371200 0.333600 0.011200
0.387200 0.335200 0.008800
0.660000 0.335200 0.013600
0.687200 0.335200 0.018400
0.806400 0.335200 0.016800
0.398400 0.336000 0.007200
0.412800 0.336000 0.019200
0.460800 0.336000 0.016000
0.620800 0.336000 0.015200
0.640800 0.336000 0.013600
0.698400 0.336000 0.007200
0.712000 0.336000 0.013600
0.468000 0.336800 0.016800
0.733600 0.336800 0.013600
0.752800 0.336800 0.011200
0.768800 0.336800 0.012800
0.784000 0.336800 0.016800
0.831200 0.336800 0.019200
0.492000 0.337600 0.016800
0.528000 0.337600 0.011200
0.542400 0.337600 0.008800
0.555200 0.337600 0.019200
0.424800 0.338400 0.008800
0.440800 0.338400 0.013600
0.510400 0.338400 0.013600
0.567200 0.338400 0.019200
0.585600 0.339200 0.016800
0.601600 0.339200 0.016800
0.236800 0.363200 0.016800
0.256000 0.363200 0.013600
0.192800 0.364000 0.027200
0.210400 0.364000 0.016000
0.377600 0.364000 0.015200
0.400800 0.364000 0.013600
0.438400 0.364000 0.016800
0.276800 0.364800 0.013600
0.324800 0.366400 0.019200
0.345600 0.366400 0.019200
0.533600 0.366400 0.013600
0.296800 0.367200 0.011200
0.311200 0.367200 0.008800
0.421600 0.367200 0.012800
0.447200 0.367200 0.016800
0.650400 0.367200 0.013600
0.668800 0.367200 0.013600
0.464000 0.368000 0.011200
0.475200 0.368000 0.019200
0.516000 0.368000 0.011200
0.552000 0.368000 0.012800
0.584800 0.368000 0.012800
0.608800 0.368000 0.016000
0.628000 0.368000 0.013600
0.715200 0.368000 0.013600
0.784000 0.368000 0.014400
0.829600 0.368000 0.016800
0.496800 0.368800 0.014400
0.740800 0.368800 0.015200
0.762400 0.368800 0.013600
0.804800 0.368800 0.013600
0.568000 0.369600 0.011200
0.692000 0.369600 0.016000
0.187200 0.391200 0.016800
0.276800 0.392800 0.011200
0.293600 0.392800 0.016800
0.206400 0.393600 0.011200
0.224000 0.393600 0.015200
0.320800 0.394400 0.015200
0.247200 0.395200 0.013600
0.346400 0.395200 0.013600
0.368000 0.395200 0.016000
0.258400 0.396000 0.003200
0.264000 0.396000 0.011200
0.395200 0.396000 0.016800
0.400000 0.396000 0.017600
0.423200 0.396000 0.015200
0.836800 0.396000 0.016800
0.444800 0.396800 0.013600
0.466400 0.396800 0.013600
0.812800 0.396800 0.013600
0.776000 0.397600 0.012800
0.792800 0.397600 0.013600
0.483200 0.398400 0.011200
0.728800 0.398400 0.013600
0.569600 0.399200 0.011200
0.707200 0.399200 0.016800
0.749600 0.399200 0.016800
0.501600 0.400000 0.013600
0.582400 0.400000 0.008800
0.599200 0.400000 0.018400
0.627200 0.400000 0.016800
0.656800 0.400000 0.015200
0.552000 0.400800 0.016800
0.680800 0.400800 0.015200
0.523200 0.402400 0.016800
0.184800 0.423200 0.021600
0.196800 0.424800 0.022400
0.313600 0.424800 0.013600
0.383200 0.424800 0.017600
0.266400 0.425600 0.016000
0.350400 0.425600 0.013600
0.216800 0.426400 0.013600
0.291200 0.426400 0.016800
0.332800 0.426400 0.011200
0.373600 0.426400 0.016800
0.236000 0.427200 0.019200
0.408000 0.427200 0.016000
0.797600 0.427200 0.008800
0.828000 0.427200 0.013600
0.843200 0.427200 0.019200
0.432000 0.428000 0.015200
0.722400 0.428000 0.013600
0.808800 0.428000 0.018400
0.247200 0.428800 0.019200
0.496800 0.428800 0.008800
0.679200 0.428800 0.011200
0.743200 0.428800 0.019200
0.749600 0.428800 0.016800
0.772800 0.428800 0.018400
0.480800 0.429600 0.013600
0.604800 0.429600 0.013600
0.664800 0.429600 0.011200
0.699200 0.429600 0.015200
0.456800 0.430400 0.015200
0.585600 0.430400 0.013600
0.512800 0.431200 0.014400
0.536000 0.431200 0.013600
0.629600 0.431200 0.016000
0.648000 0.431200 0.011200
0.562400 0.432000 0.016000
0.396000 0.456000 0.016800
0.318400 0.456800 0.013600
0.340000 0.456800 0.016000
0.381600 0.456800 0.011200
0.231200 0.457600 0.011200
0.247200 0.457600 0.012800
0.265600 0.457600 0.011200
0.285600 0.457600 0.016800
0.293600 0.457600 0.016800
0.364800 0.457600 0.012800
0.415200 0.457600 0.011200
0.432800 0.457600 0.013600
0.828800 0.457600 0.013600
0.847200 0.457600 0.016800
0.189600 0.458400 0.016800
0.212000 0.458400 0.014400
0.454400 0.458400 0.015200
0.808800 0.458400 0.015200
0.478400 0.459200 0.013600
0.500800 0.459200 0.014400
0.524000 0.459200 0.013600
0.544000 0.459200 0.012800
0.597600 0.459200 0.011200
0.785600 0.460000 0.013600
0.562400 0.460800 0.013600
0.583200 0.460800 0.011200
0.737600 0.460800 0.015200
0.608800 0.461600 0.008800
0.621600 0.461600 0.016800
0.642400 0.461600 0.013600
0.681600 0.461600 0.011200
0.713600 0.461600 0.015200
0.696800 0.462400 0.011200
0.761600 0.462400 0.016000
0.659200 0.463200 0.016800
0.667200 0.463200 0.019200
0.837600 0.485600 0.016000
0.413600 0.486400 0.012800
0.432800 0.487200 0.013600
0.452800 0.487200 0.011200
0.465600 0.487200 0.008800
0.811200 0.487200 0.014400
0.262400 0.488000 0.015200
0.389600 0.488000 0.016800
0.482400 0.488000 0.013600
0.220000 0.488800 0.015200
0.240800 0.488800 0.013600
0.288000 0.488800 0.016000
0.367200 0.488800 0.013600
0.741600 0.488800 0.008800
0.770400 0.488800 0.011200
0.788800 0.488800 0.012800
0.194400 0.489600 0.016800
0.336800 0.489600 0.019200
0.349600 0.489600 0.011200
0.507200 0.489600 0.015200
0.664800 0.489600 0.011200
0.679200 0.489600 0.008800
0.694400 0.489600 0.012800
0.752800 0.489600 0.013600
0.314400 0.490400 0.016000
0.527200 0.490400 0.013600
0.540800 0.490400 0.011200
0.561600 0.490400 0.015200
0.588800 0.490400 0.016800
0.730400 0.490400 0.011200
0.715200 0.491200 0.011200
0.643200 0.492000 0.013600
0.620000 0.492800 0.016000
0.188000 0.516800 0.016800
0.210400 0.516800 0.013600
0.824000 0.516800 0.013600
0.844800 0.516800 0.016800
0.228800 0.517600 0.011200
0.270400 0.517600 0.016800
0.291200 0.517600 0.013600
0.774400 0.517600 0.019200
0.686400 0.518400 0.011200
0.700000 0.518400 0.008800
0.749600 0.518400 0.013600
0.787200 0.518400 0.008800
0.248000 0.519200 0.013600
0.308000 0.519200 0.019200
0.318400 0.519200 0.022400
0.352000 0.519200 0.011200
0.369600 0.519200 0.016000
0.389600 0.519200 0.016800
0.402400 0.519200 0.019200
0.432800 0.519200 0.016800
0.455200 0.519200 0.013600
0.473600 0.519200 0.013600
0.602400 0.519200 0.016800
0.650400 0.519200 0.013600
0.668800 0.519200 0.011200
0.803200 0.519200 0.013600
0.381600 0.520000 0.005600
0.498400 0.520000 0.016800
0.544800 0.520000 0.016800
0.569600 0.520000 0.016800
0.590400 0.520000 0.022400
0.715200 0.520000 0.011200
0.731200 0.520000 0.011200
0.335200 0.520800 0.011200
0.415200 0.520800 0.022400
0.524000 0.520800 0.013600
0.623200 0.520800 0.016800
0.632000 0.520800 0.019200
0.279200 0.569600 0.019200
0.252000 0.571200 0.011200
0.268800 0.571200 0.024000
0.238400 0.572000 0.011200
0.212000 0.572800 0.008800
0.224000 0.572800 0.011200
0.199200 0.573600 0.022400
