339.000000 113.000000 20.000000
329.000000 114.000000 28.000000
311.000000 115.000000 12.000000
294.000000 118.000000 11.000000
278.000000 120.000000 14.000000
1042.000000 120.000000 28.000000
255.000000 121.000000 33.000000
1026.000000 121.000000 14.000000
1038.000000 175.000000 22.000000
1062.000000 175.000000 34.000000
1008.000000 176.000000 14.000000
1024.000000 176.000000 7.000000
956.000000 178.000000 21.000000
673.000000 179.000000 6.000000
872.000000 179.000000 11.000000
906.000000 179.000000 14.000000
986.000000 179.000000 14.000000
698.000000 180.000000 14.000000
728.000000 180.000000 21.000000
753.000000 180.000000 17.000000
886.000000 180.000000 11.000000
651.000000 181.000000 18.000000
682.000000 181.000000 7.000000
775.000000 181.000000 11.000000
815.000000 181.000000 17.000000
930.000000 181.000000 18.000000
444.000000 182.000000 17.000000
664.000000 182.000000 7.000000
793.000000 182.000000 14.000000
854.000000 182.000000 26.000000
416.000000 183.000000 20.000000
586.000000 183.000000 14.000000
610.000000 183.000000 14.000000
630.000000 183.000000 14.000000
568.000000 184.000000 17.000000
839.000000 184.000000 27.000000
390.000000 185.000000 14.000000
468.000000 185.000000 17.000000
489.000000 185.000000 11.000000
504.000000 185.000000 7.000000
250.000000 186.000000 28.000000
283.000000 186.000000 28.000000
323.000000 186.000000 17.000000
347.000000 186.000000 14.000000
543.000000 186.000000 19.000000
368.000000 187.000000 14.000000
300.000000 188.000000 17.000000
520.000000 188.000000 14.000000
1014.000000 213.000000 14.000000
1033.000000 213.000000 11.000000
1048.000000 214.000000 11.000000
1064.000000 214.000000 14.000000
750.000000 215.000000 6.000000
962.000000 215.000000 26.000000
981.000000 215.000000 24.000000
740.000000 216.000000 7.000000
727.000000 217.000000 11.000000
790.000000 217.000000 11.000000
805.000000 217.000000 11.000000
759.000000 218.000000 7.000000
772.000000 218.000000 11.000000
821.000000 218.000000 14.000000
837.000000 218.000000 24.000000
889.000000 218.000000 17.000000
947.000000 218.000000 21.000000
993.000000 218.000000 16.000000
709.000000 219.000000 14.000000
919.000000 219.000000 21.000000
612.000000 220.000000 20.000000
659.000000 220.000000 17.000000
682.000000 220.000000 17.000000
274.000000 221.000000 21.000000
637.000000 221.000000 16.000000
283.000000 222.000000 23.000000
497.000000 222.000000 19.000000
581.000000 222.000000 19.000000
863.000000 222.000000 20.000000
435.000000 223.000000 17.000000
463.000000 223.000000 19.000000
520.000000 223.000000 11.000000
247.000000 224.000000 20.000000
354.000000 224.000000 11.000000
369.000000 224.000000 11.000000
535.000000 224.000000 14.000000
555.000000 224.000000 17.000000
302.000000 225.000000 11.000000
317.000000 225.000000 14.000000
334.000000 225.000000 14.000000
390.000000 225.000000 14.000000
413.000000 225.000000 14.000000
1001.000000 252.000000 21.000000
1055.000000 253.000000 23.000000
960.000000 254.000000 17.000000
1067.000000 254.000000 24.000000
806.000000 255.000000 16.000000
1028.000000 255.000000 17.000000
982.000000 256.000000 17.000000
740.000000 257.000000 14.000000
760.000000 257.000000 14.000000
828.000000 257.000000 16.000000
877.000000 257.000000 17.000000
920.000000 257.000000 17.000000
653.000000 258.000000 17.000000
682.000000 258.000000 19.000000
714.000000 258.000000 19.000000
782.000000 258.000000 17.000000
939.000000 258.000000 17.000000
601.000000 260.000000 17.000000
628.000000 260.000000 17.000000
851.000000 260.000000 14.000000
897.000000 260.000000 14.000000
412.000000 261.000000 11.000000
516.000000 261.000000 17.000000
296.000000 262.000000 20.000000
394.000000 262.000000 14.000000
472.000000 262.000000 14.000000
493.000000 262.000000 14.000000
571.000000 262.000000 21.000000
370.000000 263.000000 17.000000
428.000000 263.000000 11.000000
325.000000 264.000000 17.000000
446.000000 264.000000 17.000000
541.000000 264.000000 19.000000
259.000000 265.000000 24.000000
349.000000 265.000000 14.000000
1010.000000 291.000000 13.000000
875.000000 292.000000 11.000000
894.000000 292.000000 14.000000
950.000000 292.000000 14.000000
993.000000 292.000000 11.000000
1038.000000 292.000000 19.000000
1068.000000 292.000000 21.000000
853.000000 293.000000 17.000000
916.000000 293.000000 14.000000
935.000000 293.000000 14.000000
977.000000 293.000000 22.000000
745.000000 295.000000 24.000000
802.000000 295.000000 17.000000
827.000000 295.000000 14.000000
760.000000 296.000000 11.000000
780.000000 296.000000 14.000000
692.000000 297.000000 17.000000
722.000000 297.000000 21.000000
593.000000 298.000000 17.000000
640.000000 298.000000 17.000000
668.000000 298.000000 17.000000
570.000000 299.000000 14.000000
521.000000 300.000000 11.000000
550.000000 300.000000 24.000000
619.000000 300.000000 14.000000
506.000000 301.000000 21.000000
358.000000 302.000000 14.000000
382.000000 302.000000 17.000000
405.000000 302.000000 14.000000
427.000000 302.000000 14.000000
450.000000 302.000000 18.000000
479.000000 302.000000 19.000000
336.000000 303.000000 17.000000
251.000000 304.000000 24.000000
262.000000 304.000000 21.000000
309.000000 304.000000 17.000000
286.000000 305.000000 17.000000
875.000000 330.000000 7.000000
1058.000000 331.000000 20.000000
799.000000 332.000000 9.000000
758.000000 333.000000 16.000000
1010.000000 333.000000 17.000000
1031.000000 333.000000 17.000000
734.000000 334.000000 17.000000
782.000000 334.000000 14.000000
812.000000 334.000000 21.000000
859.000000 334.000000 21.000000
891.000000 334.000000 21.000000
945.000000 334.000000 21.000000
951.000000 334.000000 21.000000
981.000000 334.000000 19.000000
835.000000 335.000000 17.000000
657.000000 336.000000 14.000000
678.000000 336.000000 17.000000
703.000000 336.000000 20.000000
916.000000 336.000000 17.000000
317.000000 338.000000 24.000000
612.000000 338.000000 21.000000
584.000000 339.000000 14.000000
635.000000 339.000000 14.000000
331.000000 340.000000 24.000000
509.000000 340.000000 17.000000
486.000000 341.000000 14.000000
552.000000 341.000000 7.000000
567.000000 341.000000 11.000000
252.000000 342.000000 24.000000
295.000000 342.000000 21.000000
351.000000 342.000000 14.000000
368.000000 342.000000 11.000000
387.000000 342.000000 12.000000
464.000000 342.000000 14.000000
536.000000 342.000000 14.000000
444.000000 343.000000 14.000000
403.000000 344.000000 11.000000
424.000000 344.000000 14.000000
993.000000 374.000000 21.000000
939.000000 375.000000 14.000000
1024.000000 375.000000 21.000000
1064.000000 376.000000 26.000000
700.000000 377.000000 14.000000
722.000000 377.000000 14.000000
835.000000 377.000000 16.000000
881.000000 377.000000 16.000000
963.000000 377.000000 17.000000
1040.000000 377.000000 7.000000
1050.000000 377.000000 11.000000
745.000000 378.000000 17.000000
785.000000 378.000000 24.000000
812.000000 378.000000 17.000000
859.000000 378.000000 14.000000
902.000000 378.000000 11.000000
918.000000 378.000000 11.000000
243.000000 380.000000 21.000000
277.000000 380.000000 17.000000
304.000000 380.000000 20.000000
334.000000 380.000000 24.000000
426.000000 380.000000 17.000000
591.000000 380.000000 17.000000
621.000000 380.000000 19.000000
673.000000 380.000000 20.000000
769.000000 380.000000 14.000000
351.000000 381.000000 14.000000
402.000000 381.000000 16.000000
377.000000 382.000000 17.000000
455.000000 382.000000 19.000000
483.000000 382.000000 17.000000
508.000000 383.000000 17.000000
534.000000 383.000000 19.000000
566.000000 383.000000 19.000000
648.000000 383.000000 14.000000
1057.000000 414.000000 28.000000
723.000000 415.000000 28.000000
1020.000000 415.000000 14.000000
1043.000000 415.000000 33.000000
704.000000 416.000000 14.000000
736.000000 416.000000 21.000000
997.000000 416.000000 17.000000
274.000000 417.000000 17.000000
655.000000 417.000000 21.000000
763.000000 417.000000 17.000000
817.000000 417.000000 11.000000
682.000000 418.000000 14.000000
793.000000 418.000000 19.000000
873.000000 418.000000 14.000000
620.000000 419.000000 21.000000
834.000000 419.000000 17.000000
858.000000 419.000000 24.000000
245.000000 420.000000 24.000000
904.000000 420.000000 20.000000
932.000000 420.000000 19.000000
487.000000 421.000000 24.000000
498.000000 421.000000 24.000000
963.000000 421.000000 21.000000
324.000000 422.000000 21.000000
352.000000 422.000000 19.000000
366.000000 422.000000 6.000000
377.000000 422.000000 21.000000
408.000000 422.000000 11.000000
563.000000 422.000000 17.000000
584.000000 422.000000 20.000000
298.000000 423.000000 17.000000
391.000000 423.000000 26.000000
460.000000 423.000000 18.000000
531.000000 423.000000 22.000000
430.000000 424.000000 19.000000
439.000000 459.000000 14.000000
873.000000 459.000000 21.000000
934.000000 459.000000 14.000000
273.000000 460.000000 11.000000
769.000000 460.000000 21.000000
987.000000 460.000000 14.000000
1023.000000 460.000000 17.000000
1034.000000 460.000000 5.000000
833.000000 461.000000 22.000000
1005.000000 461.000000 11.000000
358.000000 462.000000 16.000000
401.000000 462.000000 11.000000
484.000000 462.000000 17.000000
545.000000 462.000000 21.000000
804.000000 462.000000 21.000000
918.000000 462.000000 11.000000
1043.000000 462.000000 17.000000
251.000000 463.000000 28.000000
291.000000 463.000000 17.000000
314.000000 463.000000 17.000000
337.000000 463.000000 14.000000
382.000000 463.000000 16.000000
420.000000 463.000000 14.000000
460.000000 463.000000 17.000000
505.000000 463.000000 17.000000
567.000000 463.000000 14.000000
585.000000 463.000000 26.000000
616.000000 463.000000 21.000000
641.000000 463.000000 17.000000
897.000000 463.000000 17.000000
960.000000 463.000000 19.000000
528.000000 464.000000 17.000000
665.000000 464.000000 16.000000
689.000000 464.000000 21.000000
720.000000 465.000000 21.000000
742.000000 466.000000 21.000000
342.000000 501.000000 17.000000
898.000000 501.000000 14.000000
313.000000 502.000000 21.000000
370.000000 502.000000 21.000000
863.000000 502.000000 7.000000
878.000000 502.000000 11.000000
914.000000 502.000000 11.000000
934.000000 502.000000 17.000000
958.000000 502.000000 17.000000
245.000000 503.000000 23.000000
279.000000 503.000000 20.000000
405.000000 503.000000 21.000000
781.000000 503.000000 9.000000
813.000000 503.000000 16.000000
849.000000 503.000000 11.000000
1051.000000 503.000000 24.000000
436.000000 505.000000 17.000000
480.000000 505.000000 11.000000
635.000000 505.000000 24.000000
660.000000 505.000000 17.000000
836.000000 505.000000 23.000000
984.000000 505.000000 17.000000
1007.000000 505.000000 11.000000
1028.000000 505.000000 15.000000
457.000000 506.000000 17.000000
794.000000 506.000000 11.000000
495.000000 507.000000 24.000000
519.000000 507.000000 21.000000
591.000000 507.000000 21.000000
692.000000 507.000000 22.000000
764.000000 507.000000 25.000000
727.000000 508.000000 26.000000
551.000000 509.000000 23.000000
743.000000 511.000000 31.000000
284.000000 540.000000 11.000000
300.000000 541.000000 21.000000
437.000000 541.000000 21.000000
1037.000000 541.000000 24.000000
245.000000 542.000000 21.000000
332.000000 542.000000 18.000000
365.000000 542.000000 18.000000
1053.000000 542.000000 24.000000
267.000000 543.000000 14.000000
546.000000 543.000000 21.000000
1006.000000 543.000000 14.000000
398.000000 544.000000 19.000000
462.000000 544.000000 17.000000
484.000000 544.000000 17.000000
818.000000 544.000000 14.000000
874.000000 544.000000 21.000000
983.000000 544.000000 16.000000
521.000000 545.000000 21.000000
904.000000 545.000000 11.000000
924.000000 545.000000 14.000000
607.000000 546.000000 17.000000
644.000000 546.000000 11.000000
848.000000 546.000000 21.000000
888.000000 546.000000 11.000000
580.000000 547.000000 21.000000
655.000000 547.000000 20.000000
835.000000 547.000000 11.000000
946.000000 547.000000 14.000000
963.000000 547.000000 11.000000
627.000000 548.000000 14.000000
699.000000 548.000000 14.000000
798.000000 548.000000 14.000000
678.000000 549.000000 14.000000
721.000000 551.000000 19.000000
750.000000 551.000000 17.000000
776.000000 551.000000 17.000000
294.000000 574.000000 14.000000
316.000000 574.000000 14.000000
390.000000 574.000000 21.000000
339.000000 575.000000 16.000000
245.000000 576.000000 19.000000
271.000000 576.000000 14.000000
365.000000 576.000000 17.000000
401.000000 576.000000 20.000000
450.000000 581.000000 16.000000
517.000000 581.000000 14.000000
425.000000 582.000000 15.000000
473.000000 582.000000 16.000000
497.000000 582.000000 14.000000
608.000000 582.000000 19.000000
538.000000 583.000000 14.000000
860.000000 583.000000 14.000000
558.000000 584.000000 14.000000
580.000000 584.000000 14.000000
631.000000 584.000000 14.000000
896.000000 584.000000 17.000000
998.000000 584.000000 9.000000
677.000000 585.000000 14.000000
785.000000 585.000000 21.000000
840.000000 585.000000 14.000000
918.000000 585.000000 17.000000
980.000000 585.000000 17.000000
1014.000000 585.000000 14.000000
654.000000 586.000000 16.000000
945.000000 587.000000 21.000000
702.000000 588.000000 17.000000
727.000000 588.000000 14.000000
745.000000 588.000000 20.000000
820.000000 588.000000 17.000000
801.000000 589.000000 12.000000
879.000000 589.000000 11.000000
1034.000000 591.000000 32.000000
242.000000 609.000000 21.000000
277.000000 610.000000 20.000000
304.000000 610.000000 17.000000
371.000000 611.000000 16.000000
394.000000 611.000000 14.000000
424.000000 611.000000 19.000000
345.000000 612.000000 17.000000
330.000000 613.000000 21.000000
457.000000 616.000000 23.000000
1012.000000 616.000000 14.000000
1040.000000 616.000000 21.000000
448.000000 617.000000 19.000000
476.000000 617.000000 14.000000
518.000000 617.000000 7.000000
495.000000 618.000000 11.000000
508.000000 619.000000 7.000000
529.000000 619.000000 11.000000
992.000000 620.000000 14.000000
545.000000 621.000000 11.000000
701.000000 621.000000 18.000000
745.000000 621.000000 9.000000
776.000000 621.000000 20.000000
646.000000 622.000000 11.000000
729.000000 622.000000 17.000000
802.000000 622.000000 17.000000
829.000000 622.000000 16.000000
852.000000 622.000000 14.000000
876.000000 622.000000 14.000000
898.000000 622.000000 14.000000
922.000000 622.000000 14.000000
951.000000 622.000000 19.000000
974.000000 622.000000 14.000000
603.000000 623.000000 17.000000
630.000000 623.000000 14.000000
579.000000 624.000000 14.000000
670.000000 625.000000 19.000000
559.000000 626.000000 14.000000
237.000000 647.000000 27.000000
253.000000 647.000000 14.000000
377.000000 647.000000 14.000000
318.000000 648.000000 17.000000
342.000000 649.000000 24.000000
394.000000 649.000000 11.000000
276.000000 650.000000 17.000000
298.000000 650.000000 11.000000
356.000000 651.000000 11.000000
412.000000 651.000000 14.000000
437.000000 654.000000 17.000000
461.000000 655.000000 17.000000
512.000000 655.000000 14.000000
490.000000 656.000000 17.000000
527.000000 656.000000 28.000000
549.000000 656.000000 17.000000
560.000000 657.000000 6.000000
596.000000 657.000000 11.000000
581.000000 658.000000 24.000000
813.000000 658.000000 14.000000
830.000000 658.000000 11.000000
863.000000 658.000000 9.000000
879.000000 658.000000 14.000000
941.000000 658.000000 17.000000
848.000000 659.000000 11.000000
919.000000 659.000000 14.000000
612.000000 660.000000 28.000000
632.000000 660.000000 14.000000
649.000000 660.000000 11.000000
791.000000 660.000000 32.000000
901.000000 660.000000 14.000000
967.000000 660.000000 17.000000
1008.000000 660.000000 19.000000
1037.000000 660.000000 24.000000
665.000000 661.000000 14.000000
774.000000 661.000000 28.000000
985.000000 661.000000 14.000000
688.000000 662.000000 21.000000
719.000000 662.000000 21.000000
745.000000 662.000000 21.000000
