0.250400 0.089600 0.019200
0.240000 0.091200 0.008800
0.224000 0.092000 0.011200
0.198400 0.092800 0.008800
0.211200 0.092800 0.008800
0.180800 0.094400 0.024800
0.836000 0.104800 0.028800
0.853600 0.105600 0.032800
0.848000 0.145600 0.016800
0.789600 0.146400 0.016800
0.766400 0.147200 0.015200
0.811200 0.147200 0.011200
0.828000 0.147200 0.011200
0.495200 0.148800 0.011200
0.512000 0.148800 0.027200
0.647200 0.148800 0.005600
0.253600 0.149600 0.008800
0.473600 0.149600 0.016800
0.572800 0.149600 0.012800
0.659200 0.149600 0.018400
0.694400 0.149600 0.024800
0.178400 0.150400 0.024800
0.199200 0.150400 0.016800
0.536000 0.150400 0.013600
0.554400 0.150400 0.011200
0.592000 0.150400 0.011200
0.608000 0.150400 0.011200
0.633600 0.150400 0.019200
0.679200 0.150400 0.022400
0.742400 0.150400 0.016800
0.240800 0.151200 0.022400
0.274400 0.151200 0.016800
0.624000 0.151200 0.024800
0.716800 0.151200 0.017600
0.223200 0.152000 0.012800
0.264800 0.152000 0.007200
0.344800 0.152800 0.013600
0.364800 0.152800 0.016800
0.415200 0.152800 0.019200
0.446400 0.152800 0.016800
0.300800 0.153600 0.016800
0.388800 0.153600 0.016800
0.323200 0.154400 0.016800
0.768000 0.179200 0.011200
0.204800 0.180800 0.016000
0.241600 0.180800 0.008800
0.838400 0.180800 0.020800
0.805600 0.181600 0.016800
0.228800 0.182400 0.018400
0.710400 0.182400 0.013600
0.728800 0.182400 0.013600
0.749600 0.182400 0.016000
0.783200 0.182400 0.022400
0.180000 0.183200 0.019200
0.254400 0.183200 0.011200
0.300800 0.183200 0.011200
0.350400 0.183200 0.015200
0.600000 0.183200 0.013600
0.644000 0.183200 0.016800
0.690400 0.183200 0.013600
0.272000 0.184000 0.019200
0.330400 0.184000 0.008800
0.492000 0.184000 0.013600
0.618400 0.184000 0.015200
0.284000 0.184800 0.008800
0.317600 0.184800 0.008800
0.372800 0.184800 0.016000
0.399200 0.184800 0.017600
0.419200 0.184800 0.014400
0.511200 0.184800 0.013600
0.580800 0.184800 0.016000
0.668800 0.184800 0.015200
0.387200 0.185600 0.019200
0.461600 0.185600 0.016800
0.476000 0.185600 0.008800
0.560000 0.185600 0.013600
0.440800 0.186400 0.013600
0.532000 0.187200 0.019200
0.545600 0.187200 0.008800
0.228000 0.213600 0.022400
0.676800 0.213600 0.016800
0.653600 0.214400 0.013600
0.708000 0.214400 0.019200
0.178400 0.215200 0.022400
0.619200 0.215200 0.013600
0.698400 0.215200 0.020000
0.728800 0.215200 0.019200
0.780000 0.215200 0.016000
0.805600 0.215200 0.015200
0.826400 0.215200 0.016000
0.849600 0.215200 0.016800
0.345600 0.216000 0.011200
0.363200 0.216000 0.011200
0.536000 0.216000 0.005600
0.558400 0.216000 0.013600
0.636000 0.216000 0.011200
0.757600 0.216000 0.015200
0.184800 0.216800 0.019200
0.190400 0.216800 0.019200
0.212000 0.216800 0.016800
0.301600 0.216800 0.020000
0.315200 0.216800 0.011200
0.330400 0.217600 0.010400
0.580800 0.217600 0.016000
0.238400 0.218400 0.019200
0.256000 0.218400 0.013600
0.278400 0.218400 0.016000
0.380800 0.218400 0.019200
0.515200 0.218400 0.013600
0.543200 0.218400 0.005600
0.600000 0.218400 0.011200
0.392000 0.219200 0.021600
0.410400 0.220000 0.020800
0.442400 0.220000 0.016800
0.492800 0.220000 0.013600
0.468000 0.220800 0.016000
0.843200 0.244800 0.018400
0.608000 0.245600 0.008800
0.620800 0.245600 0.019200
0.660000 0.245600 0.011200
0.771200 0.245600 0.011200
0.517600 0.246400 0.018400
0.528000 0.246400 0.008800
0.541600 0.246400 0.008800
0.589600 0.246400 0.013600
0.180000 0.247200 0.015200
0.218400 0.247200 0.013600
0.245600 0.247200 0.016800
0.264000 0.247200 0.012000
0.270400 0.247200 0.016800
0.556000 0.247200 0.011200
0.572000 0.247200 0.011200
0.679200 0.247200 0.013600
0.790400 0.247200 0.016800
0.816000 0.247200 0.016800
0.200000 0.248000 0.012800
0.236800 0.248000 0.016800
0.281600 0.248000 0.013600
0.328800 0.248000 0.013600
0.643200 0.248000 0.016800
0.696800 0.248000 0.011200
0.716000 0.248000 0.013600
0.736000 0.248000 0.013600
0.389600 0.248800 0.018400
0.756000 0.248800 0.016800
0.297600 0.249600 0.008800
0.310400 0.249600 0.008800
0.380000 0.249600 0.019200
0.406400 0.249600 0.020000
0.772000 0.249600 0.011200
0.348000 0.250400 0.011200
0.364800 0.250400 0.011200
0.474400 0.250400 0.014400
0.497600 0.250400 0.015200
0.417600 0.251200 0.019200
0.436800 0.252800 0.012800
0.454400 0.252800 0.011200
0.268000 0.276000 0.007200
0.184000 0.276800 0.019200
0.255200 0.277600 0.011200
0.280800 0.277600 0.018400
0.321600 0.277600 0.011200
0.208000 0.278400 0.016000
0.302400 0.278400 0.013600
0.580800 0.278400 0.008800
0.847200 0.278400 0.019200
0.231200 0.279200 0.016800
0.364800 0.279200 0.005600
0.568800 0.279200 0.019200
0.595200 0.279200 0.011200
0.338400 0.280000 0.011200
0.724800 0.280000 0.017600
0.354400 0.280800 0.008800
0.701600 0.280800 0.013600
0.762400 0.280800 0.015200
0.373600 0.281600 0.004800
0.381600 0.281600 0.005600
0.410400 0.281600 0.011200
0.524000 0.281600 0.008800
0.537600 0.281600 0.011200
0.552000 0.281600 0.011200
0.627200 0.281600 0.013600
0.681600 0.281600 0.013600
0.393600 0.282400 0.011200
0.425600 0.282400 0.011200
0.443200 0.282400 0.013600
0.464000 0.282400 0.013600
0.487200 0.282400 0.016800
0.509600 0.282400 0.013600
0.608800 0.282400 0.011200
0.661600 0.282400 0.013600
0.739200 0.282400 0.011200
0.783200 0.282400 0.013600
0.806400 0.282400 0.016800
0.823200 0.282400 0.013600
0.644800 0.283200 0.008800
0.744000 0.284000 0.011200
0.182400 0.307200 0.016800
0.205600 0.308000 0.011200
0.221600 0.308800 0.011200
0.234400 0.308800 0.011200
0.280000 0.309600 0.013600
0.305600 0.309600 0.016000
0.193600 0.310400 0.018400
0.260800 0.310400 0.019200
0.756000 0.310400 0.011200
0.250400 0.311200 0.020800
0.326400 0.311200 0.013600
0.726400 0.311200 0.011200
0.740800 0.311200 0.008800
0.347200 0.312000 0.014400
0.368800 0.312000 0.012800
0.388000 0.312000 0.013600
0.774400 0.312000 0.013600
0.792800 0.312800 0.011200
0.408800 0.313600 0.013600
0.569600 0.313600 0.018400
0.620800 0.313600 0.020000
0.676800 0.313600 0.013600
0.695200 0.313600 0.011200
0.710400 0.313600 0.011200
0.811200 0.313600 0.013600
0.486400 0.314400 0.013600
0.592000 0.314400 0.013600
0.655200 0.314400 0.015200
0.428000 0.315200 0.015200
0.448800 0.315200 0.013600
0.468800 0.315200 0.013600
0.515200 0.315200 0.016800
0.611200 0.315200 0.016800
0.635200 0.315200 0.011200
0.842400 0.315200 0.019200
0.538400 0.316000 0.016000
0.212800 0.336000 0.008800
0.181600 0.336800 0.022400
0.199200 0.337600 0.011200
0.224800 0.339200 0.019200
0.273600 0.340000 0.016800
0.317600 0.340000 0.013600
0.368800 0.340000 0.018400
0.242400 0.340800 0.016000
0.253600 0.340800 0.005600
0.295200 0.340800 0.013600
0.355200 0.340800 0.016800
0.380800 0.340800 0.011200
0.260800 0.341600 0.005600
0.336800 0.341600 0.011200
0.348800 0.342400 0.016800
0.396000 0.343200 0.016800
0.407200 0.343200 0.005600
0.504800 0.343200 0.011200
0.520800 0.343200 0.011200
0.419200 0.344000 0.013600
0.595200 0.344000 0.015200
0.436000 0.344800 0.011200
0.554400 0.344800 0.012800
0.572000 0.344800 0.011200
0.614400 0.344800 0.013600
0.722400 0.344800 0.013600
0.451200 0.345600 0.008800
0.464800 0.345600 0.011200
0.485600 0.345600 0.013600
0.536800 0.345600 0.011200
0.634400 0.345600 0.015200
0.656800 0.345600 0.011200
0.688800 0.345600 0.011200
0.704800 0.345600 0.011200
0.754400 0.345600 0.020800
0.770400 0.345600 0.008800
0.812000 0.345600 0.016800
0.839200 0.345600 0.019200
0.672800 0.346400 0.011200
0.788000 0.346400 0.013600
0.843200 0.346400 0.021600
0.183200 0.370400 0.014400
0.213600 0.370400 0.008800
0.229600 0.370400 0.013600
0.778400 0.370400 0.004000
0.259200 0.371200 0.013600
0.310400 0.371200 0.020000
0.244000 0.372000 0.008800
0.281600 0.372000 0.013600
0.300000 0.372000 0.019200
0.324800 0.372000 0.008800
0.338400 0.372000 0.013600
0.359200 0.372000 0.013600
0.201600 0.372800 0.019200
0.513600 0.372800 0.008800
0.549600 0.373600 0.019200
0.764800 0.373600 0.011200
0.383200 0.374400 0.015200
0.455200 0.374400 0.015200
0.461600 0.374400 0.021600
0.842400 0.374400 0.019200
0.540800 0.375200 0.008800
0.405600 0.376000 0.013600
0.424800 0.376000 0.011200
0.475200 0.376000 0.011200
0.496000 0.376000 0.013600
0.526400 0.376000 0.011200
0.563200 0.376000 0.008800
0.666400 0.376000 0.008800
0.678400 0.376000 0.019200
0.693600 0.376000 0.008800
0.705600 0.376000 0.011200
0.722400 0.376000 0.013600
0.748000 0.376000 0.016800
0.437600 0.376800 0.021600
0.444800 0.376800 0.015200
0.578400 0.376800 0.013600
0.601600 0.376800 0.013600
0.651200 0.377600 0.019200
0.622400 0.378400 0.016000
0.208000 0.401600 0.011200
0.241600 0.401600 0.013600
0.188800 0.402400 0.022400
0.223200 0.402400 0.012800
0.267200 0.404000 0.016800
0.303200 0.404000 0.011200
0.785600 0.404000 0.022400
0.286400 0.404800 0.011200
0.368800 0.404800 0.015200
0.316800 0.405600 0.007200
0.326400 0.405600 0.016800
0.436800 0.405600 0.008800
0.401600 0.406400 0.013600
0.421600 0.406400 0.011200
0.447200 0.406400 0.016800
0.515200 0.406400 0.015200
0.524800 0.406400 0.005600
0.540000 0.406400 0.012800
0.576800 0.406400 0.013600
0.596000 0.406400 0.011200
0.630400 0.406400 0.011200
0.796800 0.406400 0.011200
0.813600 0.406400 0.011200
0.844800 0.406400 0.022400
0.345600 0.407200 0.013600
0.481600 0.407200 0.011200
0.612000 0.407200 0.011200
0.828000 0.407200 0.008000
0.388000 0.408000 0.019200
0.464800 0.408000 0.011200
0.499200 0.408000 0.011200
0.556800 0.408000 0.011200
0.644800 0.408000 0.008800
0.768000 0.408000 0.019200
0.660800 0.408800 0.011200
0.678400 0.408800 0.013600
0.698400 0.409600 0.013600
0.716800 0.409600 0.012800
0.736800 0.409600 0.016000
0.257600 0.433600 0.013600
0.187200 0.435200 0.016800
0.216800 0.435200 0.016800
0.238400 0.435200 0.013600
0.278400 0.435200 0.013600
0.332800 0.436800 0.011200
0.299200 0.437600 0.011200
0.316800 0.437600 0.011200
0.402400 0.437600 0.016800
0.507200 0.437600 0.003200
0.529600 0.437600 0.016800
0.351200 0.438400 0.011200
0.368000 0.438400 0.011200
0.512800 0.438400 0.008800
0.524800 0.438400 0.019200
0.624800 0.438400 0.008800
0.384000 0.439200 0.011200
0.409600 0.439200 0.016800
0.574400 0.439200 0.008800
0.611200 0.439200 0.011200
0.639200 0.439200 0.011200
0.661600 0.439200 0.016000
0.428800 0.440000 0.013600
0.561600 0.440000 0.008800
0.590400 0.440000 0.013600
0.483200 0.440800 0.020800
0.704800 0.440800 0.011200
0.847200 0.440800 0.019200
0.452000 0.441600 0.016800
0.498400 0.441600 0.013600
0.552000 0.441600 0.016800
0.681600 0.441600 0.015200
0.756000 0.441600 0.016800
0.776000 0.441600 0.020800
0.789600 0.441600 0.011200
0.805600 0.441600 0.012800
0.824000 0.441600 0.011200
0.467200 0.443200 0.008800
0.720800 0.443200 0.021600
0.732000 0.444000 0.019200
0.213600 0.464000 0.019200
0.227200 0.465600 0.013600
0.291200 0.465600 0.012800
0.310400 0.466400 0.013600
0.383200 0.466400 0.013600
0.264000 0.467200 0.016800
0.365600 0.467200 0.013600
0.185600 0.468000 0.018400
0.248000 0.468000 0.016000
0.274400 0.468000 0.019200
0.332800 0.468000 0.013600
0.354400 0.468000 0.016800
0.402400 0.468800 0.013600
0.420800 0.468800 0.019200
0.431200 0.469600 0.016800
0.566400 0.469600 0.013600
0.586400 0.469600 0.015200
0.545600 0.470400 0.013600
0.603200 0.470400 0.011200
0.496000 0.471200 0.011200
0.511200 0.471200 0.008800
0.526400 0.471200 0.011200
0.620000 0.471200 0.013600
0.638400 0.471200 0.007200
0.649600 0.471200 0.008800
0.452800 0.472000 0.013600
0.475200 0.472800 0.015200
0.662400 0.472800 0.011200
0.685600 0.472800 0.016000
0.679200 0.473600 0.019200
0.736800 0.474400 0.013600
0.704000 0.475200 0.011200
0.720000 0.475200 0.011200
0.756800 0.476000 0.015200
0.841600 0.476000 0.019200
0.794400 0.476800 0.019200
0.812800 0.476800 0.013600
0.780800 0.477600 0.013600
0.273600 0.496000 0.013600
0.321600 0.496000 0.008800
0.295200 0.496800 0.015200
0.333600 0.496800 0.013600
0.352800 0.496800 0.012800
0.377600 0.496800 0.016000
0.246400 0.497600 0.015200
0.227200 0.498400 0.011200
0.399200 0.498400 0.012800
0.429600 0.498400 0.007200
0.188800 0.499200 0.016800
0.210400 0.499200 0.011200
0.417600 0.499200 0.013600
0.441600 0.499200 0.015200
0.600800 0.500800 0.013600
0.498400 0.501600 0.016800
0.582400 0.501600 0.011200
0.465600 0.502400 0.015200
0.559200 0.502400 0.008800
0.571200 0.502400 0.017600
0.620800 0.502400 0.013600
0.662400 0.502400 0.012800
0.682400 0.502400 0.013600
0.715200 0.502400 0.014400
0.840800 0.502400 0.016000
0.491200 0.503200 0.016800
0.524000 0.503200 0.015200
0.545600 0.503200 0.013600
0.643200 0.503200 0.012800
0.698400 0.503200 0.008800
0.800800 0.503200 0.011200
0.736800 0.504000 0.016000
0.818400 0.504000 0.011200
0.760800 0.504800 0.011200
0.780800 0.505600 0.013600
0.295200 0.522400 0.022400
0.268800 0.523200 0.011200
0.284800 0.523200 0.021600
0.324800 0.523200 0.007200
0.311200 0.524000 0.011200
0.183200 0.525600 0.016800
0.209600 0.525600 0.015200
0.232800 0.525600 0.013600
0.254400 0.525600 0.013600
0.338400 0.525600 0.019200
0.392000 0.525600 0.008800
0.403200 0.525600 0.008800
0.359200 0.526400 0.013600
0.379200 0.526400 0.011200
0.419200 0.526400 0.013600
0.440800 0.528000 0.013600
0.462400 0.528000 0.015200
0.486400 0.529600 0.013600
0.504000 0.529600 0.011200
0.600800 0.529600 0.011200
0.634400 0.529600 0.012800
0.702400 0.529600 0.013600
0.556000 0.530400 0.011200
0.580800 0.530400 0.016000
0.617600 0.530400 0.011200
0.653600 0.530400 0.011200
0.669600 0.530400 0.010400
0.684000 0.530400 0.011200
0.841600 0.530400 0.019200
0.520800 0.531200 0.011200
0.726400 0.531200 0.016800
0.816000 0.531200 0.019200
0.825600 0.531200 0.019200
0.538400 0.532000 0.011200
0.760000 0.532000 0.016800
0.800000 0.532000 0.011200
0.781600 0.532800 0.012800
0.236800 0.574400 0.028800
0.224800 0.576800 0.024800
0.220000 0.577600 0.027200
0.190400 0.578400 0.022400
0.203200 0.578400 0.011200
0.256800 0.579200 0.019200
