0.192000 0.108000 0.025600
0.209600 0.108000 0.008800
0.223200 0.108800 0.008800
0.236800 0.109600 0.010400
0.261600 0.109600 0.018400
0.252000 0.110400 0.008800
0.832000 0.110400 0.030400
0.814400 0.111200 0.028800
0.670400 0.152000 0.013600
0.614400 0.152800 0.011200
0.813600 0.152800 0.016800
0.596000 0.153600 0.019200
0.770400 0.153600 0.013600
0.792000 0.153600 0.016000
0.652000 0.154400 0.013600
0.688800 0.154400 0.016000
0.631200 0.155200 0.011200
0.736800 0.155200 0.013600
0.832800 0.155200 0.016800
0.713600 0.156000 0.015200
0.403200 0.156800 0.020800
0.417600 0.156800 0.021600
0.479200 0.156800 0.016800
0.540000 0.156800 0.016800
0.569600 0.156800 0.016800
0.429600 0.157600 0.016800
0.452800 0.157600 0.016000
0.500800 0.157600 0.015200
0.521600 0.157600 0.011200
0.752000 0.157600 0.016800
0.375200 0.158400 0.010400
0.391200 0.158400 0.008800
0.342400 0.159200 0.013600
0.361600 0.160000 0.011200
0.321600 0.161600 0.013600
0.219200 0.162400 0.016000
0.252000 0.162400 0.016800
0.274400 0.162400 0.013600
0.293600 0.162400 0.016800
0.196800 0.163200 0.013600
0.175200 0.164000 0.013600
0.124000 0.180800 0.019200
0.620000 0.182400 0.016800
0.647200 0.182400 0.016000
0.459200 0.183200 0.013600
0.588000 0.183200 0.013600
0.611200 0.183200 0.016800
0.668000 0.183200 0.013600
0.756000 0.183200 0.011200
0.476000 0.184000 0.011200
0.568800 0.184000 0.012800
0.687200 0.184000 0.011200
0.702400 0.184000 0.013600
0.723200 0.184000 0.013600
0.740800 0.184000 0.011200
0.804000 0.184000 0.008800
0.817600 0.184000 0.011200
0.835200 0.184000 0.013600
0.776800 0.184800 0.013600
0.520000 0.185600 0.013600
0.545600 0.185600 0.016000
0.793600 0.185600 0.016800
0.415200 0.186400 0.013600
0.437600 0.186400 0.013600
0.493600 0.186400 0.013600
0.204000 0.188800 0.011200
0.220800 0.188800 0.012000
0.241600 0.188800 0.014400
0.303200 0.188800 0.016800
0.327200 0.188800 0.014400
0.372800 0.188800 0.011200
0.179200 0.189600 0.016800
0.268000 0.189600 0.013600
0.291200 0.189600 0.016800
0.352800 0.189600 0.013600
0.390400 0.189600 0.013600
0.121600 0.208000 0.016800
0.616000 0.212000 0.012800
0.632000 0.212000 0.008800
0.734400 0.212000 0.011200
0.752000 0.212000 0.012800
0.491200 0.212800 0.019200
0.584800 0.212800 0.008800
0.598400 0.212800 0.011200
0.646400 0.212800 0.013600
0.668800 0.212800 0.013600
0.771200 0.212800 0.013600
0.816000 0.212800 0.012800
0.836000 0.212800 0.016800
0.464000 0.213600 0.011200
0.497600 0.213600 0.015200
0.517600 0.213600 0.013600
0.534400 0.213600 0.011200
0.546400 0.213600 0.013600
0.568800 0.213600 0.013600
0.688800 0.213600 0.013600
0.793600 0.213600 0.014400
0.476800 0.214400 0.008800
0.716000 0.214400 0.016800
0.444000 0.215200 0.015200
0.333600 0.216000 0.016000
0.416000 0.216000 0.016800
0.385600 0.216800 0.014400
0.212800 0.217600 0.013600
0.244000 0.217600 0.016800
0.358400 0.217600 0.016000
0.195200 0.218400 0.016800
0.312800 0.218400 0.011200
0.179200 0.219200 0.019200
0.229600 0.219200 0.019200
0.268800 0.219200 0.015200
0.293600 0.219200 0.013600
0.118400 0.229600 0.037600
0.573600 0.240800 0.008800
0.716800 0.240800 0.008800
0.605600 0.241600 0.011200
0.621600 0.241600 0.013600
0.558400 0.242400 0.013600
0.629600 0.242400 0.018400
0.642400 0.242400 0.016800
0.773600 0.242400 0.016800
0.801600 0.242400 0.016000
0.423200 0.243200 0.016000
0.587200 0.243200 0.013600
0.690400 0.243200 0.011200
0.704800 0.243200 0.008800
0.728800 0.243200 0.016800
0.749600 0.243200 0.015200
0.826400 0.243200 0.016800
0.522400 0.244000 0.013600
0.540800 0.244000 0.011200
0.446400 0.244800 0.015200
0.492800 0.244800 0.016800
0.660800 0.244800 0.008800
0.673600 0.244800 0.011200
0.396800 0.245600 0.015200
0.468000 0.245600 0.015200
0.323200 0.246400 0.013600
0.345600 0.246400 0.013600
0.302400 0.247200 0.016800
0.363200 0.247200 0.016800
0.243200 0.248000 0.013600
0.215200 0.248800 0.016800
0.258400 0.248800 0.008800
0.378400 0.248800 0.011200
0.178400 0.249600 0.016800
0.272800 0.249600 0.016800
0.196800 0.250400 0.013600
0.466400 0.272000 0.006400
0.596000 0.272800 0.011200
0.635200 0.272800 0.016800
0.613600 0.273600 0.011200
0.453600 0.274400 0.011200
0.656000 0.274400 0.013600
0.672000 0.274400 0.011200
0.688000 0.274400 0.013600
0.741600 0.274400 0.014400
0.805600 0.274400 0.013600
0.477600 0.275200 0.016800
0.533600 0.275200 0.013600
0.708000 0.275200 0.016800
0.720000 0.275200 0.016800
0.762400 0.275200 0.013600
0.783200 0.275200 0.015200
0.831200 0.275200 0.019200
0.379200 0.276000 0.016800
0.406400 0.276000 0.016800
0.437600 0.276000 0.008800
0.497600 0.276000 0.013600
0.553600 0.276000 0.016000
0.576800 0.276000 0.013600
0.280000 0.276800 0.019200
0.352000 0.276800 0.013600
0.516000 0.276800 0.011200
0.301600 0.277600 0.016000
0.336800 0.277600 0.011200
0.423200 0.277600 0.011200
0.320800 0.278400 0.011200
0.671200 0.278400 0.010400
0.251200 0.279200 0.011200
0.222400 0.280000 0.019200
0.233600 0.280000 0.019200
0.268000 0.280000 0.019200
0.203200 0.280800 0.013600
0.182400 0.281600 0.016800
0.708800 0.304000 0.016800
0.682400 0.304800 0.015200
0.451200 0.305600 0.016000
0.612000 0.305600 0.011200
0.736800 0.305600 0.017600
0.824800 0.305600 0.017600
0.396000 0.306400 0.019200
0.428800 0.306400 0.014400
0.455200 0.306400 0.015200
0.523200 0.306400 0.013600
0.547200 0.306400 0.013600
0.564000 0.306400 0.012800
0.596000 0.306400 0.021600
0.651200 0.306400 0.013600
0.409600 0.307200 0.011200
0.503200 0.307200 0.012800
0.582400 0.307200 0.013600
0.632000 0.307200 0.013600
0.787200 0.307200 0.016800
0.320000 0.308000 0.012800
0.342400 0.308000 0.013600
0.363200 0.308000 0.011200
0.763200 0.308000 0.016000
0.380800 0.308800 0.013600
0.484000 0.308800 0.016800
0.664000 0.308800 0.008800
0.295200 0.309600 0.016800
0.268800 0.311200 0.016800
0.204800 0.312000 0.016000
0.232000 0.312000 0.016800
0.184000 0.312800 0.016800
0.525600 0.332000 0.016000
0.500800 0.332800 0.013600
0.480800 0.334400 0.012800
0.708000 0.334400 0.013600
0.404000 0.335200 0.013600
0.582400 0.335200 0.015200
0.608800 0.335200 0.014400
0.631200 0.335200 0.013600
0.675200 0.335200 0.012800
0.693600 0.335200 0.011200
0.822400 0.335200 0.019200
0.460000 0.336000 0.016800
0.564000 0.336000 0.013600
0.653600 0.336000 0.013600
0.729600 0.336000 0.013600
0.746400 0.336000 0.011200
0.764000 0.336000 0.016800
0.301600 0.336800 0.013600
0.427200 0.336800 0.015200
0.790400 0.336800 0.016800
0.326400 0.337600 0.016000
0.372800 0.337600 0.018400
0.384800 0.337600 0.016800
0.772800 0.337600 0.016800
0.255200 0.338400 0.011200
0.279200 0.338400 0.015200
0.349600 0.338400 0.013600
0.238400 0.339200 0.012000
0.216000 0.341600 0.015200
0.187200 0.342400 0.016800
0.652000 0.362400 0.009600
0.528000 0.363200 0.017600
0.557600 0.363200 0.015200
0.580800 0.363200 0.016800
0.656800 0.363200 0.013600
0.484800 0.364000 0.008800
0.500000 0.364000 0.016800
0.604000 0.364000 0.011200
0.620800 0.364000 0.013600
0.640000 0.364000 0.011200
0.677600 0.364000 0.011200
0.451200 0.364800 0.015200
0.665600 0.364800 0.005600
0.700000 0.364800 0.013600
0.816000 0.364800 0.019200
0.717600 0.365600 0.016800
0.723200 0.365600 0.015200
0.470400 0.366400 0.013600
0.743200 0.366400 0.013600
0.232000 0.367200 0.015200
0.266400 0.367200 0.016800
0.424000 0.367200 0.015200
0.243200 0.368000 0.016800
0.368800 0.368000 0.013600
0.392000 0.368000 0.016800
0.403200 0.368000 0.016800
0.208800 0.368800 0.016000
0.296000 0.368800 0.016000
0.317600 0.368800 0.016800
0.346400 0.368800 0.016000
0.767200 0.368800 0.016800
0.790400 0.369600 0.012800
0.181600 0.370400 0.016000
0.249600 0.370400 0.012800
0.525600 0.392800 0.016800
0.539200 0.392800 0.016800
0.474400 0.393600 0.016000
0.500800 0.393600 0.013600
0.178400 0.394400 0.013600
0.586400 0.394400 0.021600
0.316800 0.395200 0.013600
0.332800 0.395200 0.011200
0.435200 0.395200 0.013600
0.704800 0.395200 0.017600
0.728800 0.395200 0.016000
0.259200 0.396000 0.011200
0.295200 0.396000 0.013600
0.415200 0.396000 0.012800
0.454400 0.396000 0.013600
0.559200 0.396000 0.011200
0.826400 0.396000 0.021600
0.203200 0.396800 0.016000
0.242400 0.396800 0.013600
0.275200 0.396800 0.011200
0.353600 0.396800 0.013600
0.397600 0.396800 0.016800
0.634400 0.396800 0.011200
0.759200 0.396800 0.016800
0.220800 0.397600 0.012800
0.388800 0.397600 0.016800
0.603200 0.397600 0.011200
0.789600 0.397600 0.016800
0.815200 0.397600 0.016800
0.370400 0.398400 0.011200
0.576000 0.398400 0.021600
0.618400 0.398400 0.008800
0.654400 0.398400 0.016000
0.678400 0.398400 0.013600
0.488000 0.423200 0.008000
0.461600 0.424000 0.008800
0.179200 0.424800 0.019200
0.376000 0.424800 0.011200
0.413600 0.424800 0.013600
0.447200 0.424800 0.013600
0.474400 0.424800 0.019200
0.500000 0.424800 0.018400
0.359200 0.425600 0.011200
0.392800 0.425600 0.013600
0.534400 0.425600 0.013600
0.188800 0.426400 0.019200
0.261600 0.426400 0.013600
0.283200 0.426400 0.013600
0.429600 0.426400 0.013600
0.553600 0.426400 0.013600
0.812000 0.426400 0.016800
0.208000 0.427200 0.011200
0.243200 0.427200 0.012800
0.316800 0.427200 0.011200
0.518400 0.427200 0.013600
0.659200 0.427200 0.011200
0.224800 0.428000 0.013600
0.337600 0.428000 0.015200
0.575200 0.428000 0.013600
0.639200 0.428000 0.014400
0.692000 0.428000 0.012800
0.709600 0.428000 0.011200
0.725600 0.428000 0.012800
0.745600 0.428000 0.012800
0.762400 0.428000 0.013600
0.301600 0.428800 0.011200
0.674400 0.428800 0.011200
0.782400 0.428800 0.012800
0.593600 0.429600 0.016800
0.618400 0.429600 0.011200
0.504800 0.452800 0.011200
0.820000 0.452800 0.021600
0.486400 0.453600 0.012800
0.656000 0.453600 0.008800
0.278400 0.454400 0.011200
0.364800 0.454400 0.011200
0.384000 0.454400 0.013600
0.445600 0.454400 0.015200
0.467200 0.454400 0.011200
0.525600 0.454400 0.013600
0.670400 0.454400 0.011200
0.684800 0.454400 0.008800
0.405600 0.455200 0.013600
0.556800 0.455200 0.019200
0.696000 0.455200 0.016800
0.785600 0.455200 0.015200
0.229600 0.456000 0.011200
0.262400 0.456000 0.013600
0.313600 0.456000 0.011200
0.331200 0.456000 0.012800
0.350400 0.456000 0.011200
0.419200 0.456000 0.011200
0.589600 0.456000 0.016800
0.596000 0.456000 0.016800
0.640800 0.456000 0.012800
0.716000 0.456000 0.013600
0.739200 0.456000 0.015200
0.183200 0.456800 0.019200
0.209600 0.456800 0.015200
0.245600 0.456800 0.011200
0.293600 0.456800 0.013600
0.539200 0.456800 0.011200
0.622400 0.456800 0.013600
0.761600 0.456800 0.013600
0.198400 0.458400 0.022400
0.417600 0.483200 0.013600
0.440800 0.483200 0.016000
0.465600 0.483200 0.015200
0.504000 0.483200 0.016000
0.484000 0.484000 0.016800
0.583200 0.484000 0.013600
0.603200 0.484000 0.012800
0.803200 0.484000 0.011200
0.824000 0.484000 0.016800
0.526400 0.484800 0.013600
0.546400 0.484800 0.011200
0.762400 0.484800 0.012800
0.237600 0.485600 0.018400
0.300800 0.485600 0.008800
0.388000 0.485600 0.018400
0.562400 0.485600 0.011200
0.623200 0.485600 0.013600
0.665600 0.485600 0.011200
0.683200 0.485600 0.016800
0.716800 0.485600 0.016800
0.743200 0.485600 0.013600
0.784000 0.485600 0.013600
0.183200 0.486400 0.016800
0.205600 0.486400 0.016800
0.360800 0.486400 0.016000
0.645600 0.486400 0.013600
0.258400 0.487200 0.016800
0.284800 0.487200 0.013600
0.328800 0.487200 0.019200
0.312800 0.488000 0.008800
0.901600 0.495200 0.028000
0.917600 0.496000 0.035200
0.388800 0.513600 0.008800
0.400800 0.513600 0.008800
0.358400 0.514400 0.013600
0.374400 0.514400 0.011200
0.468000 0.514400 0.013600
0.495200 0.514400 0.022400
0.451200 0.515200 0.011200
0.808800 0.515200 0.019200
0.335200 0.516000 0.015200
0.415200 0.516000 0.011200
0.436000 0.516000 0.016800
0.484800 0.516000 0.022400
0.511200 0.516000 0.011200
0.228800 0.516800 0.013600
0.744800 0.516800 0.013600
0.785600 0.516800 0.013600
0.305600 0.517600 0.018400
0.530400 0.517600 0.011200
0.545600 0.517600 0.011200
0.582400 0.517600 0.008800
0.595200 0.517600 0.020000
0.695200 0.517600 0.016800
0.767200 0.517600 0.013600
0.179200 0.518400 0.021600
0.190400 0.518400 0.027200
0.210400 0.518400 0.013600
0.248000 0.518400 0.013600
0.266400 0.518400 0.011200
0.281600 0.518400 0.011200
0.562400 0.518400 0.016000
0.620800 0.518400 0.018400
0.720800 0.518400 0.016800
0.652000 0.519200 0.022400
0.670400 0.519200 0.016800
0.900800 0.531200 0.022400
0.201600 0.566400 0.022400
0.228800 0.570400 0.022400
0.241600 0.572000 0.024000
0.257600 0.572800 0.008800
0.268800 0.572800 0.018400
