0.240000 0.104800 0.024800
0.248800 0.104800 0.018400
0.177600 0.105600 0.025600
0.209600 0.105600 0.008800
0.223200 0.105600 0.011200
0.195200 0.106400 0.011200
0.808800 0.123200 0.020800
0.172800 0.157600 0.022400
0.196000 0.160000 0.013600
0.214400 0.160800 0.013600
0.248800 0.160800 0.011200
0.232800 0.161600 0.011200
0.263200 0.161600 0.022400
0.284800 0.161600 0.016800
0.315200 0.161600 0.011200
0.488800 0.161600 0.019200
0.332000 0.162400 0.011200
0.350400 0.162400 0.011200
0.449600 0.162400 0.019200
0.366400 0.163200 0.008800
0.377600 0.163200 0.019200
0.399200 0.163200 0.016800
0.426400 0.163200 0.016000
0.460800 0.163200 0.022400
0.484000 0.163200 0.016800
0.755200 0.163200 0.008800
0.822400 0.163200 0.018400
0.301600 0.164000 0.011200
0.736800 0.164000 0.013600
0.798400 0.164000 0.011200
0.508800 0.164800 0.013600
0.716800 0.164800 0.016800
0.768800 0.164800 0.011200
0.783200 0.164800 0.008800
0.544800 0.165600 0.016800
0.614400 0.165600 0.011200
0.687200 0.165600 0.016800
0.525600 0.166400 0.016800
0.567200 0.166400 0.016800
0.628800 0.166400 0.013600
0.668800 0.166400 0.012800
0.648000 0.167200 0.013600
0.595200 0.168000 0.015200
0.197600 0.191200 0.015200
0.250400 0.191200 0.016800
0.173600 0.192000 0.016800
0.240800 0.192000 0.016800
0.316000 0.192000 0.012800
0.432800 0.192000 0.018400
0.224000 0.192800 0.013600
0.274400 0.192800 0.016000
0.332800 0.192800 0.013600
0.354400 0.192800 0.013600
0.296800 0.193600 0.013600
0.376000 0.193600 0.013600
0.400000 0.193600 0.016000
0.447200 0.193600 0.019200
0.471200 0.193600 0.015200
0.492800 0.194400 0.016000
0.503200 0.194400 0.021600
0.518400 0.194400 0.013600
0.560800 0.194400 0.013600
0.539200 0.195200 0.013600
0.584800 0.196000 0.013600
0.605600 0.196800 0.013600
0.630400 0.196800 0.016800
0.647200 0.196800 0.008800
0.660800 0.196800 0.019200
0.684000 0.196800 0.013600
0.771200 0.196800 0.016800
0.824800 0.196800 0.016800
0.722400 0.197600 0.016800
0.748800 0.197600 0.016000
0.804800 0.197600 0.016000
0.701600 0.198400 0.011200
0.175200 0.219200 0.016800
0.188800 0.220000 0.016800
0.245600 0.220800 0.013600
0.208000 0.221600 0.013600
0.224000 0.221600 0.013600
0.265600 0.221600 0.011200
0.280800 0.222400 0.011200
0.329600 0.223200 0.013600
0.315200 0.224000 0.013600
0.474400 0.224000 0.016800
0.485600 0.224000 0.016800
0.297600 0.224800 0.011200
0.349600 0.224800 0.013600
0.423200 0.224800 0.014400
0.509600 0.224800 0.012800
0.372800 0.225600 0.014400
0.395200 0.225600 0.015200
0.828800 0.225600 0.012800
0.444000 0.226400 0.011200
0.457600 0.227200 0.008000
0.545600 0.227200 0.015200
0.808000 0.227200 0.016800
0.579200 0.228000 0.016800
0.613600 0.228000 0.013600
0.637600 0.228800 0.014400
0.735200 0.228800 0.016800
0.788800 0.228800 0.018400
0.517600 0.229600 0.020000
0.522400 0.229600 0.011200
0.683200 0.229600 0.013600
0.759200 0.229600 0.015200
0.660000 0.230400 0.013600
0.702400 0.230400 0.015200
0.779200 0.230400 0.019200
0.631200 0.231200 0.019200
0.186400 0.244800 0.016800
0.176800 0.245600 0.016800
0.200800 0.247200 0.016800
0.224000 0.247200 0.013600
0.269600 0.248800 0.013600
0.288000 0.249600 0.016800
0.408000 0.249600 0.016800
0.536800 0.249600 0.011200
0.250400 0.250400 0.011200
0.312800 0.250400 0.013600
0.359200 0.250400 0.016800
0.420000 0.250400 0.013600
0.503200 0.250400 0.016800
0.340800 0.251200 0.016800
0.389600 0.251200 0.012800
0.452000 0.251200 0.011200
0.522400 0.251200 0.011200
0.331200 0.252000 0.016800
0.467200 0.252000 0.011200
0.479200 0.252000 0.019200
0.436800 0.253600 0.011200
0.559200 0.253600 0.016800
0.599200 0.253600 0.008800
0.583200 0.254400 0.016800
0.614400 0.255200 0.013600
0.653600 0.256000 0.012800
0.701600 0.256000 0.016000
0.737600 0.256000 0.021600
0.823200 0.256000 0.012800
0.844800 0.256000 0.013600
0.632800 0.256800 0.013600
0.672000 0.256800 0.015200
0.681600 0.256800 0.008800
0.724000 0.256800 0.016800
0.792800 0.256800 0.021600
0.752000 0.257600 0.016800
0.779200 0.257600 0.019200
0.807200 0.257600 0.011200
0.764800 0.260000 0.019200
0.188800 0.273600 0.019200
0.203200 0.275200 0.016800
0.224800 0.275200 0.016000
0.168000 0.276000 0.016800
0.248800 0.276000 0.013600
0.836000 0.276000 0.004000
0.274400 0.276800 0.015200
0.386400 0.277600 0.016000
0.293600 0.278400 0.011200
0.336000 0.278400 0.015200
0.309600 0.279200 0.012800
0.376000 0.279200 0.019200
0.413600 0.279200 0.016000
0.359200 0.280000 0.013600
0.432800 0.280800 0.011200
0.503200 0.280800 0.012800
0.467200 0.281600 0.013600
0.485600 0.281600 0.011200
0.584000 0.281600 0.013600
0.448000 0.282400 0.013600
0.526400 0.282400 0.016800
0.542400 0.283200 0.013600
0.562400 0.283200 0.013600
0.732000 0.283200 0.013600
0.606400 0.284800 0.013600
0.649600 0.284800 0.013600
0.745600 0.284800 0.013600
0.628000 0.285600 0.013600
0.671200 0.286400 0.015200
0.691200 0.286400 0.013600
0.707200 0.286400 0.013600
0.763200 0.286400 0.013600
0.808800 0.288000 0.016800
0.781600 0.288800 0.013600
0.828800 0.288800 0.015200
0.796800 0.289600 0.008800
0.195200 0.306400 0.013600
0.214400 0.306400 0.011200
0.243200 0.307200 0.021600
0.168000 0.308000 0.016800
0.230400 0.308000 0.011200
0.261600 0.308000 0.013600
0.292800 0.308000 0.008800
0.324800 0.308000 0.016800
0.306400 0.308800 0.011200
0.280000 0.309600 0.016800
0.352000 0.309600 0.016000
0.376000 0.309600 0.013600
0.492000 0.309600 0.013600
0.528000 0.310400 0.013600
0.393600 0.311200 0.013600
0.468000 0.311200 0.012800
0.511200 0.311200 0.012800
0.552800 0.311200 0.013600
0.436000 0.312000 0.015200
0.451200 0.312000 0.008800
0.574400 0.312000 0.013600
0.412800 0.312800 0.015200
0.735200 0.312800 0.013600
0.598400 0.313600 0.016800
0.627200 0.313600 0.013600
0.673600 0.314400 0.012800
0.691200 0.314400 0.013600
0.712800 0.314400 0.013600
0.648800 0.315200 0.014400
0.783200 0.316800 0.016000
0.808000 0.316800 0.012800
0.827200 0.316800 0.015200
0.756000 0.317600 0.016000
0.168800 0.334400 0.013600
0.185600 0.335200 0.013600
0.207200 0.336000 0.015200
0.264000 0.336800 0.016800
0.234400 0.337600 0.015200
0.304000 0.337600 0.011200
0.323200 0.337600 0.012800
0.373600 0.337600 0.011200
0.288000 0.338400 0.011200
0.342400 0.338400 0.013600
0.535200 0.338400 0.016800
0.362400 0.339200 0.016800
0.387200 0.339200 0.008800
0.470400 0.339200 0.012800
0.556000 0.339200 0.013600
0.398400 0.340000 0.016800
0.424000 0.340000 0.016800
0.441600 0.340000 0.016800
0.487200 0.340000 0.011200
0.452800 0.340800 0.016800
0.505600 0.340800 0.013600
0.575200 0.340800 0.008800
0.598400 0.340800 0.008800
0.616800 0.340800 0.013600
0.636800 0.340800 0.011200
0.650400 0.340800 0.008800
0.715200 0.340800 0.012800
0.414400 0.341600 0.018400
0.521600 0.341600 0.011200
0.588000 0.341600 0.007200
0.661600 0.342400 0.008800
0.733600 0.343200 0.013600
0.755200 0.344000 0.015200
0.672000 0.344800 0.008800
0.684800 0.344800 0.016800
0.780000 0.345600 0.013600
0.799200 0.345600 0.013600
0.823200 0.345600 0.016000
0.180800 0.364000 0.013600
0.167200 0.365600 0.022400
0.199200 0.365600 0.019200
0.226400 0.366400 0.011200
0.244800 0.366400 0.013600
0.358400 0.366400 0.016800
0.372000 0.366400 0.011200
0.385600 0.366400 0.013600
0.518400 0.366400 0.016800
0.546400 0.366400 0.015200
0.404000 0.367200 0.012800
0.264800 0.368000 0.013600
0.284000 0.368000 0.016800
0.293600 0.368000 0.005600
0.351200 0.368000 0.019200
0.449600 0.368000 0.012800
0.468000 0.368000 0.012800
0.492800 0.368000 0.015200
0.571200 0.368000 0.015200
0.304800 0.368800 0.016800
0.421600 0.368800 0.019200
0.432800 0.368800 0.019200
0.601600 0.368800 0.016800
0.619200 0.368800 0.012800
0.321600 0.369600 0.011200
0.338400 0.369600 0.011200
0.596000 0.370400 0.015200
0.639200 0.370400 0.016800
0.665600 0.370400 0.013600
0.686400 0.370400 0.011200
0.703200 0.370400 0.013600
0.723200 0.371200 0.015200
0.744800 0.372000 0.019200
0.758400 0.372000 0.013600
0.788800 0.372800 0.016800
0.808000 0.372800 0.013600
0.824000 0.375200 0.015200
0.507200 0.394400 0.019200
0.400800 0.396000 0.016800
0.191200 0.396800 0.019200
0.206400 0.396800 0.013600
0.170400 0.397600 0.017600
0.481600 0.397600 0.013600
0.519200 0.397600 0.013600
0.227200 0.398400 0.015200
0.360000 0.398400 0.013600
0.378400 0.398400 0.011200
0.463200 0.398400 0.013600
0.554400 0.398400 0.008800
0.338400 0.399200 0.013600
0.416800 0.399200 0.013600
0.439200 0.399200 0.014400
0.538400 0.399200 0.013600
0.571200 0.399200 0.015200
0.250400 0.400000 0.013600
0.272000 0.400000 0.013600
0.295200 0.400000 0.015200
0.317600 0.400000 0.013600
0.396000 0.400000 0.013600
0.696000 0.400000 0.008800
0.595200 0.400800 0.013600
0.615200 0.400800 0.012800
0.651200 0.400800 0.013600
0.633600 0.401600 0.011200
0.736800 0.401600 0.016000
0.759200 0.401600 0.016800
0.771200 0.401600 0.016800
0.793600 0.401600 0.013600
0.813600 0.401600 0.011200
0.710400 0.403200 0.013600
0.729600 0.403200 0.016000
0.672800 0.404000 0.013600
0.828800 0.404800 0.011200
0.236800 0.424000 0.005600
0.228000 0.424800 0.005600
0.247200 0.424800 0.015200
0.669600 0.424800 0.007200
0.681600 0.424800 0.017600
0.216800 0.425600 0.016000
0.497600 0.425600 0.016000
0.513600 0.426400 0.007200
0.616000 0.426400 0.009600
0.632000 0.426400 0.013600
0.196800 0.427200 0.013600
0.281600 0.427200 0.011200
0.430400 0.427200 0.013600
0.454400 0.427200 0.015200
0.474400 0.427200 0.012800
0.653600 0.427200 0.013600
0.834400 0.427200 0.013600
0.172000 0.428000 0.016000
0.264000 0.428000 0.013600
0.298400 0.428000 0.012800
0.361600 0.428000 0.008800
0.390400 0.428000 0.012800
0.525600 0.428000 0.016800
0.588000 0.428000 0.013600
0.800000 0.428000 0.011200
0.818400 0.428000 0.011200
0.336000 0.428800 0.011200
0.375200 0.428800 0.008800
0.409600 0.428800 0.013600
0.550400 0.428800 0.015200
0.569600 0.428800 0.013600
0.604000 0.428800 0.013600
0.720000 0.428800 0.015200
0.740800 0.428800 0.011200
0.755200 0.428800 0.011200
0.318400 0.429600 0.012800
0.774400 0.429600 0.015200
0.351200 0.431200 0.019200
0.703200 0.451200 0.017600
0.664800 0.452000 0.016800
0.734400 0.452000 0.014400
0.678400 0.452800 0.011200
0.521600 0.453600 0.014400
0.600000 0.453600 0.011200
0.727200 0.453600 0.013600
0.828000 0.453600 0.011200
0.304000 0.454400 0.013600
0.496800 0.454400 0.012800
0.544800 0.454400 0.013600
0.777600 0.454400 0.011200
0.796800 0.454400 0.012800
0.815200 0.454400 0.011200
0.177600 0.455200 0.016000
0.434400 0.455200 0.012000
0.452800 0.455200 0.011200
0.473600 0.455200 0.013600
0.581600 0.455200 0.012800
0.615200 0.455200 0.013600
0.638400 0.455200 0.014400
0.753600 0.455200 0.013600
0.326400 0.456000 0.016000
0.359200 0.456000 0.015200
0.387200 0.456000 0.016800
0.415200 0.456000 0.012800
0.564800 0.456000 0.011200
0.200800 0.456800 0.013600
0.220800 0.456800 0.013600
0.243200 0.456800 0.013600
0.260800 0.456800 0.013600
0.275200 0.456800 0.016800
0.537600 0.480800 0.013600
0.559200 0.480800 0.013600
0.580800 0.480800 0.012800
0.615200 0.480800 0.011200
0.748000 0.480800 0.014400
0.756000 0.480800 0.019200
0.376800 0.481600 0.016800
0.453600 0.481600 0.012800
0.475200 0.481600 0.012800
0.496800 0.481600 0.012800
0.513600 0.481600 0.016800
0.523200 0.481600 0.016800
0.636000 0.481600 0.012800
0.656000 0.481600 0.011200
0.672000 0.481600 0.011200
0.688000 0.481600 0.008800
0.715200 0.481600 0.008000
0.771200 0.481600 0.011200
0.433600 0.482400 0.013600
0.600800 0.482400 0.011200
0.701600 0.482400 0.011200
0.785600 0.482400 0.011200
0.390400 0.483200 0.008000
0.408800 0.483200 0.014400
0.726400 0.483200 0.016800
0.807200 0.483200 0.013600
0.219200 0.484000 0.013600
0.242400 0.484000 0.013600
0.287200 0.484000 0.013600
0.328000 0.484000 0.013600
0.351200 0.484000 0.013600
0.198400 0.484800 0.013600
0.308800 0.484800 0.012800
0.824800 0.484800 0.013600
0.204800 0.485600 0.016800
0.265600 0.485600 0.013600
0.175200 0.487200 0.016800
0.509600 0.506400 0.004000
0.516000 0.506400 0.011200
0.440800 0.508000 0.011200
0.459200 0.508000 0.012800
0.476800 0.508000 0.011200
0.493600 0.508000 0.013600
0.504000 0.508000 0.004800
0.530400 0.508000 0.012800
0.662400 0.508000 0.015200
0.388800 0.508800 0.013600
0.417600 0.508800 0.016800
0.568000 0.508800 0.008800
0.637600 0.508800 0.013600
0.747200 0.508800 0.013600
0.372000 0.509600 0.012800
0.580800 0.509600 0.011200
0.600000 0.509600 0.013600
0.619200 0.509600 0.013600
0.703200 0.509600 0.011200
0.767200 0.509600 0.018400
0.778400 0.509600 0.008800
0.351200 0.510400 0.012800
0.548800 0.510400 0.016000
0.558400 0.510400 0.004800
0.686400 0.510400 0.013600
0.813600 0.510400 0.011200
0.316800 0.511200 0.012800
0.717600 0.511200 0.007200
0.728800 0.511200 0.011200
0.795200 0.511200 0.012800
0.826400 0.511200 0.021600
0.284800 0.512000 0.011200
0.334400 0.512000 0.011200
0.182400 0.512800 0.008800
0.204000 0.512800 0.015200
0.222400 0.512800 0.011200
0.300800 0.512800 0.011200
0.167200 0.513600 0.022400
0.237600 0.513600 0.008800
0.250400 0.513600 0.011200
0.268800 0.513600 0.011200
0.234400 0.562400 0.009600
0.246400 0.562400 0.020000
0.210400 0.563200 0.017600
0.219200 0.563200 0.024000
0.176800 0.566400 0.024800
