0.846400 0.100800 0.025600
0.269600 0.102400 0.016800
0.260000 0.104000 0.008800
0.228800 0.104800 0.010400
0.244800 0.104800 0.011200
0.195200 0.106400 0.027200
0.213600 0.106400 0.011200
0.668800 0.144800 0.015200
0.689600 0.144800 0.008800
0.844000 0.144800 0.018400
0.500000 0.145600 0.016800
0.522400 0.145600 0.013600
0.559200 0.145600 0.011200
0.753600 0.145600 0.019200
0.542400 0.146400 0.013600
0.572000 0.146400 0.020800
0.596000 0.146400 0.016800
0.618400 0.146400 0.013600
0.651200 0.146400 0.011200
0.703200 0.146400 0.011200
0.804000 0.146400 0.013600
0.634400 0.147200 0.008800
0.677600 0.147200 0.008800
0.776800 0.147200 0.019200
0.854400 0.147200 0.022400
0.474400 0.148000 0.016800
0.724800 0.148000 0.014400
0.786400 0.148000 0.024800
0.816000 0.148000 0.004800
0.832000 0.148000 0.019200
0.865600 0.148000 0.019200
0.451200 0.148800 0.016800
0.824800 0.148800 0.014400
0.416000 0.150400 0.024800
0.426400 0.150400 0.019200
0.312000 0.152000 0.008800
0.338400 0.152000 0.011200
0.323200 0.152800 0.008800
0.363200 0.152800 0.022400
0.398400 0.152800 0.013600
0.272800 0.153600 0.011200
0.288800 0.153600 0.008800
0.299200 0.153600 0.007200
0.355200 0.153600 0.016800
0.378400 0.153600 0.019200
0.240000 0.154400 0.011200
0.256000 0.155200 0.011200
0.213600 0.156800 0.019200
0.224800 0.156800 0.022400
0.194400 0.157600 0.024800
0.142400 0.160000 0.020800
0.692000 0.177600 0.013600
0.711200 0.177600 0.013600
0.523200 0.178400 0.008800
0.535200 0.178400 0.019200
0.613600 0.178400 0.015200
0.660000 0.178400 0.013600
0.676000 0.178400 0.008800
0.806400 0.178400 0.016000
0.849600 0.178400 0.011200
0.553600 0.179200 0.011200
0.590400 0.179200 0.013600
0.636000 0.179200 0.013600
0.770400 0.179200 0.011200
0.863200 0.179200 0.020000
0.571200 0.180000 0.013600
0.727200 0.180000 0.008800
0.740000 0.180000 0.011200
0.756000 0.180000 0.011200
0.826400 0.180000 0.016800
0.837600 0.180000 0.007200
0.448000 0.180800 0.015200
0.484000 0.180800 0.014400
0.506400 0.180800 0.013600
0.418400 0.182400 0.016800
0.466400 0.183200 0.013600
0.396800 0.184000 0.013600
0.356000 0.186400 0.011200
0.376000 0.186400 0.013600
0.263200 0.188000 0.015200
0.286400 0.188000 0.013600
0.336000 0.188000 0.013600
0.240800 0.188800 0.013600
0.305600 0.188800 0.019200
0.318400 0.189600 0.011200
0.140000 0.190400 0.016800
0.223200 0.190400 0.013600
0.210400 0.191200 0.021600
0.192000 0.192000 0.016800
0.776000 0.208800 0.019200
0.804800 0.208800 0.011200
0.651200 0.209600 0.019200
0.787200 0.209600 0.023200
0.549600 0.210400 0.013600
0.572800 0.210400 0.015200
0.747200 0.210400 0.013600
0.532000 0.211200 0.016800
0.593600 0.211200 0.011200
0.634400 0.211200 0.013600
0.663200 0.211200 0.019200
0.728000 0.211200 0.013600
0.817600 0.211200 0.008800
0.828800 0.211200 0.008800
0.857600 0.211200 0.019200
0.482400 0.212000 0.008800
0.505600 0.212000 0.016800
0.612800 0.212000 0.016800
0.705600 0.212000 0.016800
0.844800 0.212000 0.011200
0.496000 0.212800 0.008800
0.136800 0.213600 0.016800
0.471200 0.213600 0.011200
0.521600 0.213600 0.008800
0.396000 0.214400 0.013600
0.676000 0.214400 0.016000
0.383200 0.215200 0.016800
0.413600 0.215200 0.011200
0.429600 0.215200 0.013600
0.454400 0.216000 0.013600
0.359200 0.216800 0.015200
0.292800 0.217600 0.015200
0.313600 0.218400 0.013600
0.212800 0.219200 0.011200
0.334400 0.219200 0.013600
0.260000 0.220000 0.019200
0.271200 0.220000 0.016800
0.192000 0.220800 0.016800
0.227200 0.220800 0.011200
0.241600 0.220800 0.013600
0.647200 0.236000 0.008800
0.841600 0.236000 0.013600
0.631200 0.236800 0.012800
0.764800 0.237600 0.024000
0.824000 0.237600 0.019200
0.857600 0.237600 0.019200
0.659200 0.238400 0.013600
0.702400 0.238400 0.016000
0.745600 0.238400 0.016800
0.780000 0.238400 0.011200
0.797600 0.238400 0.011200
0.811200 0.238400 0.008800
0.469600 0.239200 0.008800
0.565600 0.239200 0.013600
0.608000 0.239200 0.013600
0.674400 0.239200 0.011200
0.722400 0.239200 0.015200
0.500800 0.240000 0.012800
0.521600 0.240000 0.013600
0.583200 0.240000 0.016000
0.593600 0.240000 0.008800
0.730400 0.240000 0.018400
0.542400 0.240800 0.015200
0.391200 0.241600 0.011200
0.484000 0.241600 0.011200
0.410400 0.242400 0.013600
0.435200 0.242400 0.015200
0.352000 0.243200 0.011200
0.455200 0.243200 0.011200
0.370400 0.244000 0.013600
0.339200 0.244800 0.008800
0.191200 0.245600 0.016000
0.277600 0.245600 0.013600
0.302400 0.245600 0.013600
0.323200 0.245600 0.012800
0.249600 0.247200 0.018400
0.260800 0.247200 0.013600
0.221600 0.248800 0.019200
0.236000 0.249600 0.013600
0.640000 0.269600 0.008800
0.698400 0.269600 0.016800
0.712000 0.269600 0.007200
0.776000 0.269600 0.011200
0.828000 0.269600 0.008800
0.840000 0.269600 0.019200
0.858400 0.269600 0.013600
0.544000 0.270400 0.013600
0.580000 0.270400 0.011200
0.593600 0.270400 0.008800
0.650400 0.270400 0.005600
0.656800 0.270400 0.013600
0.667200 0.270400 0.008800
0.677600 0.270400 0.016800
0.688000 0.270400 0.004800
0.791200 0.270400 0.011200
0.564000 0.271200 0.011200
0.604000 0.271200 0.008800
0.723200 0.271200 0.018400
0.740000 0.271200 0.011200
0.761600 0.271200 0.019200
0.812800 0.271200 0.016800
0.531200 0.272000 0.016800
0.616000 0.272000 0.007200
0.627200 0.272000 0.008800
0.428800 0.272800 0.010400
0.469600 0.272800 0.008800
0.496800 0.272800 0.011200
0.522400 0.272800 0.016800
0.752800 0.272800 0.005600
0.482400 0.273600 0.008800
0.512000 0.273600 0.016800
0.340000 0.274400 0.016800
0.443200 0.274400 0.020000
0.454400 0.274400 0.021600
0.324000 0.275200 0.013600
0.412800 0.275200 0.011200
0.257600 0.276000 0.013600
0.285600 0.276000 0.005600
0.377600 0.276000 0.013600
0.204000 0.276800 0.024800
0.275200 0.276800 0.016800
0.302400 0.276800 0.013600
0.396800 0.276800 0.011200
0.360800 0.277600 0.016800
0.238400 0.278400 0.011200
0.222400 0.279200 0.011200
0.663200 0.301600 0.011200
0.679200 0.301600 0.011200
0.696000 0.301600 0.013600
0.748800 0.301600 0.013600
0.729600 0.302400 0.016800
0.771200 0.302400 0.013600
0.832800 0.302400 0.013600
0.856000 0.302400 0.016800
0.416000 0.303200 0.015200
0.644800 0.303200 0.013600
0.813600 0.303200 0.011200
0.500000 0.304000 0.019200
0.536000 0.304000 0.007200
0.576800 0.304000 0.019200
0.604000 0.304000 0.013600
0.624800 0.304000 0.013600
0.788800 0.304000 0.016800
0.797600 0.304000 0.019200
0.460800 0.304800 0.011200
0.485600 0.304800 0.008800
0.394400 0.305600 0.011200
0.436000 0.305600 0.018400
0.474400 0.305600 0.007200
0.524000 0.305600 0.019200
0.567200 0.305600 0.013600
0.589600 0.305600 0.019200
0.549600 0.306400 0.011200
0.380800 0.307200 0.011200
0.189600 0.308000 0.016000
0.326400 0.308000 0.004800
0.332000 0.308000 0.011200
0.349600 0.308000 0.013600
0.365600 0.308000 0.008800
0.507200 0.308000 0.016000
0.281600 0.308800 0.011200
0.224000 0.309600 0.011200
0.251200 0.309600 0.011200
0.265600 0.309600 0.008800
0.315200 0.309600 0.014400
0.237600 0.310400 0.007200
0.299200 0.310400 0.011200
0.208000 0.311200 0.011200
0.848000 0.333600 0.011200
0.861600 0.333600 0.021600
0.545600 0.334400 0.015200
0.684000 0.334400 0.016800
0.660800 0.335200 0.013600
0.760000 0.335200 0.016800
0.568000 0.336000 0.013600
0.603200 0.336000 0.013600
0.642400 0.336000 0.011200
0.733600 0.336000 0.016800
0.804000 0.336000 0.019200
0.832800 0.336000 0.011200
0.432000 0.336800 0.013600
0.469600 0.336800 0.011200
0.488000 0.336800 0.011200
0.524000 0.336800 0.011200
0.588000 0.336800 0.013600
0.624800 0.336800 0.013600
0.703200 0.336800 0.016000
0.813600 0.336800 0.016800
0.415200 0.337600 0.011200
0.452800 0.337600 0.013600
0.505600 0.337600 0.011200
0.776800 0.337600 0.016800
0.380800 0.338400 0.012000
0.398400 0.338400 0.014400
0.291200 0.340000 0.015200
0.360800 0.340000 0.016000
0.388800 0.340000 0.004800
0.342400 0.340800 0.008800
0.236800 0.341600 0.020800
0.265600 0.341600 0.016800
0.329600 0.341600 0.016800
0.249600 0.342400 0.011200
0.310400 0.342400 0.013600
0.191200 0.343200 0.022400
0.210400 0.343200 0.020800
0.220800 0.343200 0.020800
0.786400 0.364800 0.015200
0.844000 0.365600 0.016800
0.858400 0.365600 0.019200
0.575200 0.366400 0.013600
0.824800 0.366400 0.016800
0.804000 0.367200 0.016000
0.595200 0.368000 0.016800
0.431200 0.368800 0.005600
0.440800 0.368800 0.005600
0.461600 0.368800 0.016800
0.505600 0.368800 0.013600
0.524000 0.368800 0.013600
0.558400 0.368800 0.016800
0.647200 0.368800 0.013600
0.667200 0.368800 0.012800
0.740800 0.368800 0.016800
0.448800 0.369600 0.005600
0.481600 0.369600 0.015200
0.543200 0.369600 0.013600
0.621600 0.369600 0.017600
0.684800 0.369600 0.011200
0.698400 0.369600 0.013600
0.719200 0.369600 0.013600
0.758400 0.370400 0.019200
0.762400 0.370400 0.015200
0.420000 0.371200 0.016800
0.385600 0.372000 0.011200
0.400800 0.372800 0.012800
0.192000 0.373600 0.013600
0.279200 0.373600 0.013600
0.298400 0.373600 0.016800
0.224000 0.374400 0.021600
0.236000 0.374400 0.016800
0.255200 0.374400 0.016000
0.261600 0.374400 0.018400
0.326400 0.374400 0.016800
0.368000 0.374400 0.011200
0.211200 0.375200 0.016800
0.345600 0.375200 0.013600
0.312800 0.376000 0.008800
0.834400 0.397600 0.011200
0.796000 0.398400 0.016800
0.852000 0.398400 0.019200
0.528800 0.399200 0.015200
0.508000 0.400000 0.013600
0.572800 0.400000 0.013600
0.685600 0.400000 0.017600
0.813600 0.400000 0.016800
0.483200 0.400800 0.016800
0.617600 0.400800 0.013600
0.636800 0.400800 0.013600
0.656800 0.400800 0.013600
0.710400 0.400800 0.015200
0.356800 0.401600 0.011200
0.374400 0.401600 0.013600
0.396000 0.401600 0.014400
0.419200 0.401600 0.012800
0.444800 0.401600 0.019200
0.552800 0.401600 0.013600
0.591200 0.401600 0.015200
0.754400 0.401600 0.013600
0.777600 0.401600 0.016800
0.315200 0.402400 0.012800
0.436000 0.402400 0.019200
0.459200 0.402400 0.011200
0.733600 0.402400 0.013600
0.334400 0.403200 0.014400
0.228000 0.404000 0.015200
0.199200 0.404800 0.018400
0.285600 0.404800 0.013600
0.299200 0.404800 0.008800
0.265600 0.405600 0.013600
0.248000 0.407200 0.011200
0.858400 0.428000 0.015200
0.819200 0.428800 0.012800
0.507200 0.429600 0.013600
0.524000 0.429600 0.021600
0.536000 0.429600 0.019200
0.835200 0.429600 0.011200
0.848800 0.429600 0.008800
0.751200 0.430400 0.013600
0.773600 0.430400 0.013600
0.566400 0.431200 0.011200
0.584000 0.431200 0.011200
0.628000 0.431200 0.015200
0.704800 0.431200 0.015200
0.798400 0.431200 0.015200
0.334400 0.432000 0.011200
0.360000 0.432000 0.016800
0.465600 0.432000 0.016800
0.553600 0.432000 0.011200
0.603200 0.432000 0.015200
0.653600 0.432000 0.015200
0.678400 0.432000 0.015200
0.728000 0.432000 0.015200
0.379200 0.432800 0.013600
0.491200 0.432800 0.012800
0.303200 0.433600 0.008000
0.316800 0.433600 0.013600
0.404800 0.433600 0.015200
0.425600 0.433600 0.013600
0.571200 0.433600 0.011200
0.445600 0.434400 0.013600
0.229600 0.435200 0.013600
0.266400 0.435200 0.013600
0.287200 0.435200 0.013600
0.199200 0.436000 0.019200
0.248800 0.436000 0.011200
0.856800 0.458400 0.018400
0.768000 0.459200 0.013600
0.788000 0.459200 0.013600
0.807200 0.459200 0.012800
0.824800 0.459200 0.013600
0.843200 0.459200 0.012800
0.692000 0.460000 0.013600
0.743200 0.460000 0.016800
0.192800 0.461600 0.013600
0.468000 0.461600 0.017600
0.674400 0.461600 0.011200
0.210400 0.462400 0.011200
0.228000 0.462400 0.016800
0.253600 0.462400 0.011200
0.266400 0.462400 0.008800
0.408800 0.462400 0.013600
0.512800 0.462400 0.011200
0.236800 0.463200 0.016000
0.279200 0.463200 0.011200
0.371200 0.463200 0.016800
0.427200 0.463200 0.013600
0.496000 0.463200 0.013600
0.576000 0.463200 0.011200
0.593600 0.463200 0.011200
0.652800 0.463200 0.013600
0.715200 0.463200 0.015200
0.443200 0.464000 0.013600
0.529600 0.464000 0.011200
0.547200 0.464000 0.011200
0.613600 0.464000 0.015200
0.634400 0.464000 0.011200
0.315200 0.464800 0.013600
0.352800 0.464800 0.013600
0.387200 0.464800 0.013600
0.560800 0.464800 0.008800
0.299200 0.465600 0.013600
0.336000 0.465600 0.011200
0.322400 0.466400 0.015200
0.320000 0.486400 0.008800
0.295200 0.487200 0.011200
0.308800 0.488000 0.007200
0.335200 0.488000 0.011200
0.360800 0.488000 0.015200
0.370400 0.488000 0.008800
0.848800 0.488800 0.008800
0.858400 0.488800 0.017600
0.232800 0.489600 0.012800
0.252800 0.489600 0.012800
0.272000 0.489600 0.013600
0.350400 0.489600 0.016800
0.390400 0.489600 0.016000
0.833600 0.489600 0.011200
0.216000 0.490400 0.011200
0.467200 0.490400 0.012800
0.743200 0.490400 0.016800
0.198400 0.491200 0.013600
0.485600 0.491200 0.013600
0.696800 0.491200 0.011200
0.714400 0.491200 0.013600
0.801600 0.491200 0.012800
0.817600 0.491200 0.011200
0.418400 0.492000 0.016800
0.448800 0.492000 0.011200
0.509600 0.492000 0.015200
0.680800 0.492000 0.011200
0.763200 0.492000 0.013600
0.780000 0.492000 0.013600
0.432000 0.492800 0.011200
0.537600 0.492800 0.016800
0.568000 0.492800 0.005600
0.660000 0.492800 0.013600
0.556800 0.493600 0.013600
0.600800 0.493600 0.013600
0.580000 0.494400 0.013600
0.620800 0.494400 0.011200
0.640800 0.494400 0.012800
0.208800 0.513600 0.011200
0.859200 0.513600 0.008800
0.191200 0.514400 0.016800
0.224800 0.515200 0.011200
0.243200 0.515200 0.012800
0.770400 0.515200 0.011200
0.846400 0.515200 0.008800
0.203200 0.516000 0.016800
0.272800 0.516000 0.011200
0.259200 0.516800 0.008800
0.302400 0.516800 0.013600
0.337600 0.516800 0.013600
0.736800 0.516800 0.016800
0.785600 0.516800 0.011200
0.814400 0.516800 0.022400
0.831200 0.516800 0.011200
0.288000 0.517600 0.008800
0.320800 0.517600 0.011200
0.358400 0.517600 0.015200
0.380000 0.517600 0.013600
0.408000 0.517600 0.008800
0.437600 0.517600 0.011200
0.456000 0.517600 0.011200
0.472800 0.517600 0.012800
0.676000 0.517600 0.016800
0.699200 0.517600 0.012800
0.717600 0.517600 0.012800
0.802400 0.517600 0.013600
0.936800 0.517600 0.040000
0.958400 0.517600 0.040000
0.396000 0.518400 0.011200
0.518400 0.518400 0.013600
0.551200 0.518400 0.011200
0.748800 0.518400 0.016800
0.420800 0.519200 0.011200
0.494400 0.519200 0.014400
0.536000 0.519200 0.011200
0.567200 0.519200 0.013600
0.589600 0.519200 0.013600
0.614400 0.519200 0.013600
0.629600 0.519200 0.011200
0.648000 0.520800 0.013600
