0.271200 0.090400 0.016000
0.263200 0.091200 0.022400
0.248800 0.092000 0.009600
0.235200 0.094400 0.008800
0.222400 0.096000 0.011200
0.833600 0.096000 0.022400
0.204000 0.096800 0.026400
0.820800 0.096800 0.011200
0.830400 0.140000 0.017600
0.849600 0.140000 0.027200
0.806400 0.140800 0.011200
0.819200 0.140800 0.005600
0.764800 0.142400 0.016800
0.538400 0.143200 0.004800
0.697600 0.143200 0.008800
0.724800 0.143200 0.011200
0.788800 0.143200 0.011200
0.558400 0.144000 0.011200
0.582400 0.144000 0.016800
0.602400 0.144000 0.013600
0.708800 0.144000 0.008800
0.520800 0.144800 0.014400
0.545600 0.144800 0.005600
0.620000 0.144800 0.008800
0.652000 0.144800 0.013600
0.744000 0.144800 0.014400
0.355200 0.145600 0.013600
0.531200 0.145600 0.005600
0.634400 0.145600 0.011200
0.683200 0.145600 0.020800
0.332800 0.146400 0.016000
0.468800 0.146400 0.011200
0.488000 0.146400 0.011200
0.504000 0.146400 0.011200
0.454400 0.147200 0.013600
0.671200 0.147200 0.021600
0.312000 0.148000 0.011200
0.374400 0.148000 0.013600
0.391200 0.148000 0.008800
0.403200 0.148000 0.005600
0.200000 0.148800 0.022400
0.226400 0.148800 0.022400
0.258400 0.148800 0.013600
0.277600 0.148800 0.011200
0.434400 0.148800 0.015200
0.294400 0.149600 0.011200
0.240000 0.150400 0.013600
0.416000 0.150400 0.011200
0.811200 0.170400 0.011200
0.826400 0.170400 0.008800
0.838400 0.171200 0.008800
0.851200 0.171200 0.011200
0.600000 0.172000 0.004800
0.769600 0.172000 0.020800
0.784800 0.172000 0.019200
0.592000 0.172800 0.005600
0.581600 0.173600 0.008800
0.632000 0.173600 0.008800
0.644000 0.173600 0.008800
0.607200 0.174400 0.005600
0.617600 0.174400 0.008800
0.656800 0.174400 0.011200
0.669600 0.174400 0.019200
0.711200 0.174400 0.013600
0.757600 0.174400 0.016800
0.794400 0.174400 0.012800
0.567200 0.175200 0.011200
0.735200 0.175200 0.016800
0.489600 0.176000 0.016000
0.527200 0.176000 0.013600
0.545600 0.176000 0.013600
0.219200 0.176800 0.016800
0.509600 0.176800 0.012800
0.226400 0.177600 0.018400
0.397600 0.177600 0.015200
0.464800 0.177600 0.015200
0.690400 0.177600 0.016000
0.348000 0.178400 0.013600
0.370400 0.178400 0.015200
0.416000 0.178400 0.008800
0.197600 0.179200 0.016000
0.283200 0.179200 0.008800
0.295200 0.179200 0.008800
0.428000 0.179200 0.011200
0.444000 0.179200 0.013600
0.241600 0.180000 0.008800
0.253600 0.180000 0.011200
0.267200 0.180000 0.011200
0.312000 0.180000 0.011200
0.330400 0.180000 0.011200
0.800800 0.201600 0.016800
0.844000 0.202400 0.018400
0.768000 0.203200 0.013600
0.853600 0.203200 0.019200
0.644800 0.204000 0.012800
0.822400 0.204000 0.013600
0.785600 0.204800 0.013600
0.592000 0.205600 0.011200
0.608000 0.205600 0.011200
0.662400 0.205600 0.012800
0.701600 0.205600 0.013600
0.736000 0.205600 0.013600
0.522400 0.206400 0.013600
0.545600 0.206400 0.015200
0.571200 0.206400 0.015200
0.625600 0.206400 0.013600
0.751200 0.206400 0.013600
0.480800 0.208000 0.013600
0.502400 0.208000 0.013600
0.680800 0.208000 0.011200
0.717600 0.208000 0.011200
0.329600 0.208800 0.008800
0.412800 0.208800 0.013600
0.236800 0.209600 0.016000
0.315200 0.209600 0.011200
0.377600 0.209600 0.011200
0.394400 0.209600 0.011200
0.456800 0.209600 0.016800
0.296000 0.210400 0.013600
0.342400 0.210400 0.008800
0.260000 0.211200 0.013600
0.356800 0.211200 0.013600
0.432800 0.211200 0.015200
0.207200 0.212000 0.019200
0.279200 0.212000 0.011200
0.808000 0.232800 0.010400
0.700000 0.233600 0.008800
0.715200 0.233600 0.011200
0.760000 0.233600 0.011200
0.794400 0.233600 0.008800
0.830400 0.233600 0.015200
0.854400 0.233600 0.016800
0.682400 0.234400 0.013600
0.732800 0.234400 0.011200
0.748000 0.234400 0.011200
0.781600 0.234400 0.017600
0.596000 0.236000 0.019200
0.641600 0.236000 0.013600
0.661600 0.236000 0.011200
0.608000 0.236800 0.008800
0.624000 0.236800 0.011200
0.553600 0.237600 0.013600
0.577600 0.237600 0.016800
0.474400 0.238400 0.013600
0.512000 0.238400 0.013600
0.534400 0.238400 0.013600
0.456000 0.239200 0.011200
0.416800 0.240000 0.008800
0.440000 0.240000 0.019200
0.495200 0.240000 0.011200
0.404800 0.240800 0.016800
0.286400 0.241600 0.011200
0.305600 0.241600 0.013600
0.324000 0.241600 0.011200
0.341600 0.241600 0.011200
0.360000 0.241600 0.014400
0.383200 0.241600 0.015200
0.268800 0.242400 0.013600
0.200800 0.243200 0.019200
0.209600 0.243200 0.016800
0.247200 0.243200 0.013600
0.228800 0.244000 0.013600
0.700000 0.264000 0.005600
0.846400 0.264800 0.016000
0.639200 0.265600 0.007200
0.606400 0.266400 0.012800
0.808000 0.266400 0.013600
0.824800 0.266400 0.013600
0.587200 0.267200 0.013600
0.625600 0.267200 0.011200
0.649600 0.267200 0.016800
0.687200 0.267200 0.016800
0.712800 0.267200 0.016800
0.756000 0.267200 0.016800
0.760800 0.267200 0.016800
0.784800 0.267200 0.015200
0.668000 0.268000 0.013600
0.525600 0.268800 0.011200
0.542400 0.268800 0.013600
0.562400 0.268800 0.016000
0.732800 0.268800 0.013600
0.253600 0.270400 0.019200
0.489600 0.270400 0.016800
0.467200 0.271200 0.011200
0.508000 0.271200 0.011200
0.264800 0.272000 0.019200
0.407200 0.272000 0.013600
0.388800 0.272800 0.011200
0.441600 0.272800 0.005600
0.453600 0.272800 0.008800
0.201600 0.273600 0.019200
0.236000 0.273600 0.016800
0.280800 0.273600 0.011200
0.294400 0.273600 0.008800
0.309600 0.273600 0.009600
0.371200 0.273600 0.011200
0.428800 0.273600 0.011200
0.355200 0.274400 0.011200
0.322400 0.275200 0.008800
0.339200 0.275200 0.011200
0.794400 0.299200 0.016800
0.751200 0.300000 0.011200
0.819200 0.300000 0.016800
0.851200 0.300800 0.020800
0.560000 0.301600 0.011200
0.577600 0.301600 0.011200
0.668000 0.301600 0.012800
0.704800 0.301600 0.012800
0.770400 0.301600 0.013600
0.832000 0.301600 0.005600
0.840000 0.301600 0.008800
0.596000 0.302400 0.013600
0.628000 0.302400 0.019200
0.649600 0.302400 0.013600
0.687200 0.302400 0.011200
0.721600 0.302400 0.008800
0.734400 0.302400 0.008800
0.194400 0.304000 0.016800
0.221600 0.304000 0.013600
0.243200 0.304000 0.016000
0.267200 0.304000 0.019200
0.340800 0.304000 0.013600
0.472800 0.304000 0.013600
0.496800 0.304000 0.015200
0.538400 0.304000 0.016000
0.615200 0.304000 0.011200
0.280800 0.304800 0.011200
0.321600 0.304800 0.012800
0.301600 0.305600 0.013600
0.364000 0.305600 0.015200
0.386400 0.305600 0.013600
0.406400 0.306400 0.013600
0.427200 0.306400 0.015200
0.452800 0.306400 0.015200
0.518400 0.306400 0.011200
0.845600 0.331200 0.022400
0.578400 0.332000 0.022400
0.816000 0.332000 0.011200
0.834400 0.332000 0.026400
0.563200 0.332800 0.011200
0.588800 0.332800 0.016800
0.797600 0.332800 0.013600
0.219200 0.333600 0.013600
0.524000 0.333600 0.016800
0.610400 0.333600 0.013600
0.653600 0.333600 0.008800
0.545600 0.334400 0.011200
0.634400 0.334400 0.015200
0.698400 0.334400 0.011200
0.496000 0.335200 0.016800
0.667200 0.335200 0.013600
0.686400 0.335200 0.019200
0.196000 0.336000 0.019200
0.723200 0.336000 0.016000
0.745600 0.336000 0.015200
0.389600 0.336800 0.019200
0.398400 0.336800 0.019200
0.770400 0.336800 0.016800
0.259200 0.337600 0.016800
0.281600 0.337600 0.015200
0.292800 0.337600 0.004800
0.301600 0.337600 0.016800
0.326400 0.337600 0.008800
0.450400 0.337600 0.013600
0.467200 0.337600 0.016000
0.238400 0.338400 0.013600
0.312800 0.338400 0.020800
0.368000 0.338400 0.014400
0.424800 0.338400 0.017600
0.344000 0.339200 0.015200
0.351200 0.367200 0.011200
0.698400 0.367200 0.016800
0.747200 0.367200 0.011200
0.218400 0.368000 0.008800
0.615200 0.368000 0.016800
0.789600 0.368000 0.011200
0.818400 0.368000 0.013600
0.827200 0.368000 0.004000
0.666400 0.368800 0.017600
0.804000 0.368800 0.008800
0.286400 0.369600 0.012800
0.320800 0.369600 0.008800
0.387200 0.369600 0.013600
0.436000 0.369600 0.016800
0.643200 0.369600 0.016800
0.734400 0.369600 0.008800
0.834400 0.369600 0.013600
0.200800 0.370400 0.022400
0.232800 0.370400 0.013600
0.251200 0.370400 0.013600
0.269600 0.370400 0.011200
0.305600 0.370400 0.012800
0.336000 0.370400 0.011200
0.368000 0.370400 0.013600
0.404000 0.370400 0.013600
0.453600 0.370400 0.011200
0.468000 0.370400 0.020800
0.492800 0.370400 0.016800
0.512800 0.370400 0.013600
0.717600 0.370400 0.013600
0.768000 0.370400 0.015200
0.422400 0.371200 0.013600
0.532000 0.371200 0.012800
0.551200 0.371200 0.016800
0.576000 0.372000 0.016800
0.593600 0.372800 0.016800
0.273600 0.400800 0.013600
0.718400 0.400800 0.011200
0.250400 0.401600 0.016800
0.296000 0.401600 0.016800
0.690400 0.401600 0.005600
0.702400 0.401600 0.008800
0.731200 0.401600 0.008800
0.747200 0.401600 0.013600
0.766400 0.401600 0.013600
0.196000 0.402400 0.018400
0.223200 0.402400 0.016000
0.324000 0.402400 0.016800
0.624800 0.402400 0.007200
0.650400 0.402400 0.012800
0.679200 0.402400 0.008800
0.840800 0.402400 0.019200
0.348800 0.404000 0.013600
0.384000 0.404000 0.008800
0.508000 0.404000 0.019200
0.528000 0.404000 0.013600
0.668800 0.404000 0.018400
0.787200 0.404000 0.013600
0.805600 0.404000 0.008800
0.822400 0.404000 0.012000
0.365600 0.404800 0.013600
0.635200 0.404800 0.008800
0.396000 0.405600 0.019200
0.415200 0.405600 0.016800
0.472800 0.405600 0.016800
0.553600 0.405600 0.017600
0.611200 0.405600 0.020000
0.581600 0.406400 0.020800
0.440800 0.407200 0.018400
0.594400 0.408800 0.024800
0.227200 0.432000 0.008800
0.240000 0.432800 0.016800
0.349600 0.432800 0.016800
0.829600 0.432800 0.019200
0.196000 0.433600 0.016800
0.265600 0.433600 0.014400
0.292000 0.433600 0.014400
0.842400 0.433600 0.019200
0.213600 0.434400 0.011200
0.436800 0.434400 0.016800
0.804800 0.434400 0.011200
0.318400 0.435200 0.015200
0.369600 0.435200 0.013600
0.387200 0.435200 0.013600
0.654400 0.435200 0.011200
0.699200 0.435200 0.016800
0.786400 0.435200 0.012800
0.416800 0.436000 0.016800
0.723200 0.436000 0.008800
0.739200 0.436000 0.011200
0.485600 0.436800 0.013600
0.515200 0.436800 0.008800
0.678400 0.436800 0.016800
0.710400 0.436800 0.008800
0.464000 0.437600 0.016800
0.524000 0.437600 0.016000
0.668000 0.437600 0.008800
0.756800 0.437600 0.011200
0.770400 0.437600 0.008800
0.501600 0.438400 0.011200
0.559200 0.438400 0.011200
0.638400 0.438400 0.011200
0.542400 0.439200 0.011200
0.576800 0.440800 0.015200
0.600000 0.440800 0.013600
0.620800 0.440800 0.013600
0.235200 0.459200 0.011200
0.252800 0.459200 0.011200
0.312000 0.459200 0.016800
0.271200 0.460000 0.012800
0.196000 0.460800 0.015200
0.216800 0.460800 0.011200
0.292000 0.460800 0.013600
0.320800 0.460800 0.016000
0.360000 0.464800 0.012800
0.413600 0.464800 0.011200
0.340000 0.465600 0.012000
0.378400 0.465600 0.012800
0.397600 0.465600 0.011200
0.486400 0.465600 0.015200
0.430400 0.466400 0.011200
0.688000 0.466400 0.011200
0.446400 0.467200 0.011200
0.464000 0.467200 0.011200
0.504800 0.467200 0.011200
0.716800 0.467200 0.013600
0.798400 0.467200 0.007200
0.541600 0.468000 0.011200
0.628000 0.468000 0.016800
0.672000 0.468000 0.011200
0.734400 0.468000 0.013600
0.784000 0.468000 0.013600
0.811200 0.468000 0.011200
0.523200 0.468800 0.012800
0.756000 0.469600 0.016800
0.561600 0.470400 0.013600
0.581600 0.470400 0.011200
0.596000 0.470400 0.016000
0.656000 0.470400 0.013600
0.640800 0.471200 0.009600
0.703200 0.471200 0.008800
0.827200 0.472800 0.025600
0.193600 0.487200 0.016800
0.221600 0.488000 0.016000
0.243200 0.488000 0.013600
0.296800 0.488800 0.012800
0.315200 0.488800 0.011200
0.339200 0.488800 0.015200
0.276000 0.489600 0.013600
0.264000 0.490400 0.016800
0.365600 0.492800 0.018400
0.809600 0.492800 0.011200
0.832000 0.492800 0.016800
0.358400 0.493600 0.015200
0.380800 0.493600 0.011200
0.414400 0.493600 0.005600
0.396000 0.494400 0.008800
0.406400 0.495200 0.005600
0.423200 0.495200 0.008800
0.793600 0.496000 0.011200
0.436000 0.496800 0.008800
0.560800 0.496800 0.014400
0.596000 0.496800 0.007200
0.620800 0.496800 0.016000
0.516800 0.497600 0.008800
0.583200 0.497600 0.013600
0.641600 0.497600 0.013600
0.663200 0.497600 0.012800
0.681600 0.497600 0.011200
0.700800 0.497600 0.011200
0.718400 0.497600 0.011200
0.737600 0.497600 0.011200
0.760800 0.497600 0.015200
0.779200 0.497600 0.011200
0.482400 0.498400 0.013600
0.504000 0.498400 0.011200
0.463200 0.499200 0.011200
0.536000 0.500000 0.015200
0.447200 0.500800 0.011200
0.189600 0.517600 0.021600
0.202400 0.517600 0.011200
0.301600 0.517600 0.011200
0.254400 0.518400 0.013600
0.273600 0.519200 0.019200
0.315200 0.519200 0.008800
0.220800 0.520000 0.013600
0.238400 0.520000 0.008800
0.284800 0.520800 0.008800
0.329600 0.520800 0.011200
0.349600 0.523200 0.013600
0.368800 0.524000 0.013600
0.409600 0.524000 0.011200
0.392000 0.524800 0.013600
0.421600 0.524800 0.022400
0.439200 0.524800 0.013600
0.448000 0.525600 0.004800
0.476800 0.525600 0.008800
0.464800 0.526400 0.019200
0.650400 0.526400 0.011200
0.664000 0.526400 0.008800
0.690400 0.526400 0.007200
0.703200 0.526400 0.011200
0.752800 0.526400 0.013600
0.678400 0.527200 0.008800
0.735200 0.527200 0.011200
0.489600 0.528000 0.022400
0.505600 0.528000 0.011200
0.519200 0.528000 0.008800
0.632800 0.528000 0.025600
0.720800 0.528000 0.011200
0.773600 0.528000 0.013600
0.806400 0.528000 0.015200
0.829600 0.528000 0.019200
0.532000 0.528800 0.011200
0.619200 0.528800 0.022400
0.788000 0.528800 0.011200
0.550400 0.529600 0.016800
0.575200 0.529600 0.016800
0.596000 0.529600 0.016800
