0.848800 0.097600 0.032800
0.829600 0.098400 0.031200
0.199200 0.101600 0.024000
0.216000 0.103200 0.008800
0.228800 0.103200 0.008800
0.243200 0.103200 0.011200
0.261600 0.104000 0.011200
0.274400 0.104000 0.011200
0.845600 0.140800 0.011200
0.804000 0.143200 0.016800
0.601600 0.144800 0.008800
0.728800 0.144800 0.018400
0.755200 0.144800 0.019200
0.785600 0.144800 0.016000
0.737600 0.145600 0.023200
0.764800 0.145600 0.008800
0.829600 0.145600 0.013600
0.860000 0.145600 0.022400
0.615200 0.146400 0.019200
0.660800 0.146400 0.017600
0.688000 0.146400 0.013600
0.708000 0.146400 0.013600
0.431200 0.147200 0.019200
0.504000 0.147200 0.015200
0.588000 0.147200 0.011200
0.441600 0.148000 0.019200
0.526400 0.148000 0.013600
0.543200 0.148000 0.011200
0.559200 0.148000 0.011200
0.636000 0.148000 0.015200
0.272000 0.148800 0.008800
0.282400 0.148800 0.018400
0.383200 0.148800 0.024800
0.464000 0.148800 0.013600
0.482400 0.148800 0.013600
0.572000 0.148800 0.011200
0.301600 0.149600 0.022400
0.403200 0.149600 0.016800
0.192000 0.150400 0.019200
0.238400 0.150400 0.012800
0.314400 0.150400 0.011200
0.329600 0.150400 0.011200
0.376800 0.150400 0.017600
0.220000 0.151200 0.013600
0.256800 0.151200 0.011200
0.351200 0.152000 0.016000
0.129600 0.159200 0.022400
0.787200 0.175200 0.013600
0.552800 0.176000 0.013600
0.768800 0.176000 0.008800
0.824800 0.176000 0.007200
0.804000 0.176800 0.016000
0.838400 0.176800 0.011200
0.421600 0.177600 0.008800
0.433600 0.177600 0.009600
0.452800 0.177600 0.016800
0.488000 0.177600 0.013600
0.508800 0.177600 0.016800
0.534400 0.177600 0.013600
0.568000 0.177600 0.019200
0.579200 0.177600 0.019200
0.596000 0.177600 0.011200
0.613600 0.177600 0.013600
0.740000 0.177600 0.011200
0.756800 0.177600 0.008800
0.856000 0.177600 0.016800
0.394400 0.178400 0.011200
0.411200 0.178400 0.016800
0.469600 0.178400 0.012800
0.638400 0.178400 0.016000
0.662400 0.178400 0.013600
0.705600 0.178400 0.011200
0.190400 0.179200 0.017600
0.684000 0.179200 0.015200
0.723200 0.179200 0.011200
0.213600 0.180800 0.013600
0.269600 0.180800 0.007200
0.256000 0.181600 0.011200
0.282400 0.181600 0.011200
0.302400 0.181600 0.015200
0.362400 0.181600 0.011200
0.379200 0.181600 0.011200
0.232800 0.182400 0.015200
0.325600 0.182400 0.011200
0.343200 0.182400 0.012800
0.132000 0.186400 0.019200
0.497600 0.204800 0.011200
0.532000 0.206400 0.011200
0.547200 0.206400 0.008800
0.561600 0.206400 0.013600
0.585600 0.206400 0.014400
0.625600 0.206400 0.012800
0.780000 0.206400 0.019200
0.840800 0.206400 0.016800
0.441600 0.207200 0.011200
0.476800 0.207200 0.013600
0.511200 0.207200 0.013600
0.606400 0.207200 0.013600
0.851200 0.207200 0.019200
0.456800 0.208000 0.013600
0.643200 0.208000 0.013600
0.730400 0.208000 0.012800
0.762400 0.208000 0.011200
0.806400 0.208000 0.013600
0.822400 0.208000 0.013600
0.748000 0.208800 0.011200
0.415200 0.209600 0.011200
0.668000 0.209600 0.016000
0.708000 0.209600 0.016800
0.428000 0.210400 0.011200
0.689600 0.210400 0.013600
0.402400 0.211200 0.008800
0.388000 0.212000 0.008800
0.289600 0.212800 0.013600
0.340000 0.212800 0.016000
0.372000 0.212800 0.022400
0.125600 0.213600 0.040000
0.271200 0.213600 0.011200
0.312000 0.213600 0.016800
0.190400 0.214400 0.018400
0.212000 0.214400 0.013600
0.231200 0.214400 0.016800
0.256800 0.214400 0.011200
0.540800 0.235200 0.019200
0.476800 0.236000 0.016800
0.493600 0.236000 0.011200
0.506400 0.237600 0.008800
0.517600 0.237600 0.008800
0.529600 0.237600 0.007200
0.568800 0.237600 0.019200
0.592800 0.237600 0.016000
0.857600 0.237600 0.013600
0.454400 0.238400 0.018400
0.840800 0.238400 0.012800
0.818400 0.239200 0.016000
0.616000 0.240000 0.016800
0.796800 0.240000 0.013600
0.557600 0.240800 0.022400
0.652800 0.240800 0.008800
0.775200 0.240800 0.016800
0.424800 0.241600 0.016800
0.638400 0.241600 0.011200
0.732000 0.241600 0.013600
0.664800 0.242400 0.011200
0.683200 0.242400 0.013600
0.704800 0.242400 0.016800
0.750400 0.242400 0.013600
0.403200 0.244000 0.019200
0.389600 0.244800 0.019200
0.267200 0.246400 0.011200
0.187200 0.247200 0.016800
0.248000 0.247200 0.012800
0.313600 0.247200 0.020800
0.345600 0.247200 0.013600
0.365600 0.247200 0.016800
0.285600 0.248000 0.013600
0.301600 0.248000 0.008800
0.326400 0.248000 0.016800
0.204800 0.248800 0.013600
0.225600 0.248800 0.016000
0.553600 0.272800 0.019200
0.541600 0.273600 0.011200
0.576800 0.273600 0.016800
0.748800 0.273600 0.011200
0.836000 0.273600 0.015200
0.523200 0.274400 0.011200
0.594400 0.274400 0.019200
0.605600 0.274400 0.008800
0.623200 0.274400 0.013600
0.701600 0.274400 0.008800
0.715200 0.274400 0.011200
0.732000 0.274400 0.011200
0.795200 0.274400 0.013600
0.816000 0.274400 0.013600
0.862400 0.274400 0.019200
0.413600 0.275200 0.016800
0.437600 0.275200 0.013600
0.457600 0.275200 0.019200
0.488800 0.275200 0.012800
0.507200 0.275200 0.011200
0.646400 0.275200 0.016000
0.668800 0.275200 0.013600
0.687200 0.275200 0.011200
0.768000 0.275200 0.016800
0.472000 0.276000 0.011200
0.296000 0.278400 0.022400
0.343200 0.278400 0.011200
0.370400 0.278400 0.019200
0.387200 0.278400 0.016800
0.218400 0.279200 0.008800
0.309600 0.279200 0.011200
0.326400 0.279200 0.011200
0.360000 0.279200 0.019200
0.229600 0.280000 0.005600
0.240000 0.280000 0.014400
0.277600 0.280000 0.012800
0.188000 0.280800 0.016800
0.204800 0.280800 0.011200
0.259200 0.280800 0.013600
0.583200 0.306400 0.013600
0.602400 0.306400 0.016800
0.756800 0.306400 0.019200
0.464000 0.307200 0.015200
0.509600 0.307200 0.013600
0.528800 0.307200 0.016800
0.553600 0.307200 0.011200
0.568800 0.307200 0.011200
0.613600 0.307200 0.005600
0.626400 0.307200 0.018400
0.766400 0.307200 0.008800
0.852000 0.307200 0.013600
0.417600 0.308000 0.013600
0.485600 0.308000 0.016800
0.716800 0.308000 0.008800
0.807200 0.308000 0.011200
0.440800 0.308800 0.016000
0.672800 0.308800 0.017600
0.700800 0.308800 0.013600
0.730400 0.308800 0.008800
0.741600 0.308800 0.008800
0.781600 0.308800 0.011200
0.794400 0.308800 0.008000
0.823200 0.308800 0.010400
0.837600 0.308800 0.008800
0.397600 0.309600 0.013600
0.645600 0.309600 0.016800
0.354400 0.310400 0.011200
0.380000 0.310400 0.017600
0.188800 0.311200 0.018400
0.371200 0.311200 0.018400
0.228800 0.312000 0.013600
0.316000 0.312000 0.015200
0.337600 0.312000 0.011200
0.234400 0.312800 0.022400
0.248000 0.312800 0.016800
0.290400 0.312800 0.015200
0.212800 0.313600 0.013600
0.269600 0.313600 0.013600
0.627200 0.338400 0.012800
0.670400 0.338400 0.011200
0.687200 0.338400 0.013600
0.646400 0.339200 0.011200
0.728000 0.339200 0.015200
0.792000 0.339200 0.013600
0.840800 0.339200 0.011200
0.856000 0.339200 0.016800
0.372000 0.340000 0.021600
0.521600 0.340000 0.019200
0.605600 0.340000 0.015200
0.659200 0.340000 0.007200
0.361600 0.340800 0.019200
0.556800 0.340800 0.016800
0.581600 0.340800 0.016000
0.707200 0.340800 0.013600
0.773600 0.340800 0.011200
0.812000 0.340800 0.011200
0.825600 0.340800 0.008800
0.340800 0.341600 0.013600
0.453600 0.341600 0.022400
0.469600 0.341600 0.011200
0.388800 0.342400 0.019200
0.441600 0.342400 0.019200
0.488000 0.342400 0.016800
0.753600 0.342400 0.015200
0.235200 0.343200 0.016800
0.400000 0.343200 0.019200
0.417600 0.343200 0.016000
0.268800 0.344000 0.005600
0.322400 0.344000 0.013600
0.212800 0.344800 0.016800
0.304800 0.344800 0.016800
0.254400 0.345600 0.013600
0.280000 0.345600 0.016800
0.192800 0.348800 0.016800
0.682400 0.368800 0.011200
0.648800 0.369600 0.011200
0.698400 0.369600 0.019200
0.710400 0.369600 0.008800
0.456000 0.370400 0.011200
0.518400 0.370400 0.011200
0.536000 0.370400 0.012800
0.590400 0.370400 0.013600
0.632800 0.370400 0.011200
0.665600 0.370400 0.012800
0.722400 0.370400 0.011200
0.818400 0.370400 0.015200
0.845600 0.370400 0.016800
0.468800 0.371200 0.008800
0.484800 0.371200 0.011200
0.556000 0.371200 0.012800
0.574400 0.371200 0.011200
0.612800 0.371200 0.013600
0.739200 0.371200 0.012800
0.760800 0.371200 0.015200
0.781600 0.371200 0.011200
0.796800 0.371200 0.011200
0.328000 0.372000 0.011200
0.394400 0.372000 0.012800
0.437600 0.372000 0.013600
0.501600 0.372000 0.011200
0.340000 0.372800 0.008800
0.375200 0.372800 0.013600
0.312000 0.373600 0.011200
0.354400 0.373600 0.013600
0.414400 0.373600 0.015200
0.295200 0.375200 0.012800
0.242400 0.376000 0.012800
0.276800 0.376000 0.012800
0.188000 0.376800 0.017600
0.208000 0.376800 0.013600
0.260000 0.376800 0.011200
0.224800 0.377600 0.011200
0.600000 0.397600 0.005600
0.626400 0.397600 0.005600
0.587200 0.400000 0.016000
0.613600 0.400000 0.019200
0.639200 0.400000 0.011200
0.656000 0.400000 0.013600
0.676000 0.400000 0.019200
0.755200 0.400000 0.013600
0.468800 0.400800 0.016000
0.548000 0.400800 0.015200
0.688800 0.400800 0.011200
0.800000 0.400800 0.012800
0.384800 0.401600 0.016800
0.398400 0.401600 0.013600
0.425600 0.401600 0.016800
0.523200 0.401600 0.013600
0.568800 0.401600 0.013600
0.603200 0.401600 0.021600
0.724000 0.401600 0.008800
0.734400 0.401600 0.008800
0.785600 0.401600 0.008800
0.821600 0.401600 0.013600
0.848000 0.401600 0.017600
0.376800 0.402400 0.014400
0.447200 0.402400 0.016000
0.507200 0.402400 0.011200
0.705600 0.402400 0.013600
0.773600 0.402400 0.019200
0.337600 0.403200 0.013600
0.491200 0.403200 0.011200
0.254400 0.404000 0.013600
0.356800 0.404000 0.015200
0.290400 0.404800 0.013600
0.315200 0.404800 0.015200
0.275200 0.405600 0.008800
0.212800 0.406400 0.016800
0.236000 0.406400 0.011200
0.189600 0.407200 0.016800
0.204800 0.408000 0.016800
0.198400 0.412000 0.032800
0.834400 0.432000 0.011200
0.406400 0.433600 0.018400
0.620000 0.433600 0.013600
0.658400 0.433600 0.015200
0.697600 0.433600 0.008800
0.854400 0.433600 0.015200
0.361600 0.434400 0.013600
0.380800 0.434400 0.011200
0.395200 0.434400 0.008800
0.599200 0.434400 0.015200
0.638400 0.434400 0.011200
0.678400 0.434400 0.014400
0.732000 0.434400 0.016800
0.801600 0.434400 0.016800
0.820800 0.434400 0.008800
0.204000 0.435200 0.020000
0.431200 0.435200 0.016800
0.710400 0.435200 0.018400
0.198400 0.436000 0.024800
0.577600 0.436000 0.013600
0.191200 0.436800 0.024800
0.230400 0.436800 0.019200
0.293600 0.436800 0.013600
0.340000 0.436800 0.013600
0.478400 0.436800 0.011200
0.516800 0.436800 0.013600
0.560800 0.436800 0.011200
0.749600 0.436800 0.016800
0.773600 0.436800 0.016800
0.212800 0.437600 0.019200
0.256000 0.437600 0.013600
0.319200 0.437600 0.016800
0.536800 0.437600 0.016800
0.546400 0.437600 0.007200
0.274400 0.438400 0.013600
0.457600 0.438400 0.016800
0.496000 0.438400 0.013600
0.650400 0.464000 0.015200
0.335200 0.464800 0.020800
0.351200 0.464800 0.019200
0.592800 0.464800 0.011200
0.606400 0.464800 0.011200
0.697600 0.464800 0.013600
0.402400 0.465600 0.013600
0.460800 0.465600 0.011200
0.476800 0.465600 0.013600
0.565600 0.465600 0.011200
0.577600 0.465600 0.008800
0.626400 0.465600 0.015200
0.673600 0.465600 0.015200
0.718400 0.465600 0.013600
0.793600 0.465600 0.008800
0.858400 0.465600 0.013600
0.305600 0.466400 0.011200
0.323200 0.466400 0.013600
0.380800 0.466400 0.015200
0.530400 0.466400 0.013600
0.548800 0.466400 0.011200
0.736000 0.466400 0.008800
0.782400 0.466400 0.008800
0.808800 0.466400 0.011200
0.843200 0.466400 0.011200
0.271200 0.467200 0.011200
0.288000 0.467200 0.011200
0.420800 0.467200 0.012800
0.440000 0.467200 0.015200
0.517600 0.467200 0.011200
0.748800 0.467200 0.011200
0.766400 0.467200 0.013600
0.824800 0.467200 0.011200
0.220800 0.468000 0.016800
0.240800 0.468000 0.013600
0.255200 0.468000 0.011200
0.499200 0.468000 0.015200
0.188000 0.470400 0.016800
0.199200 0.470400 0.016800
0.208800 0.471200 0.019200
0.410400 0.496000 0.011200
0.676000 0.496000 0.013600
0.317600 0.496800 0.014400
0.367200 0.496800 0.008800
0.600000 0.496800 0.016000
0.628000 0.496800 0.017600
0.728800 0.496800 0.011200
0.285600 0.497600 0.011200
0.299200 0.497600 0.016800
0.308000 0.497600 0.005600
0.579200 0.497600 0.013600
0.655200 0.497600 0.015200
0.708800 0.497600 0.013600
0.851200 0.497600 0.016800
0.212000 0.498400 0.013600
0.247200 0.498400 0.013600
0.267200 0.498400 0.013600
0.336000 0.498400 0.013600
0.392000 0.498400 0.018400
0.425600 0.498400 0.013600
0.556800 0.498400 0.015200
0.692000 0.498400 0.011200
0.925600 0.498400 0.024800
0.936000 0.498400 0.040000
0.353600 0.499200 0.010400
0.460000 0.499200 0.013600
0.484000 0.499200 0.015200
0.537600 0.499200 0.011200
0.796800 0.499200 0.016800
0.833600 0.499200 0.011200
0.192000 0.500000 0.016800
0.230400 0.500000 0.011200
0.384000 0.500000 0.021600
0.444000 0.500000 0.011200
0.503200 0.500000 0.011200
0.521600 0.500000 0.012800
0.744000 0.500000 0.008800
0.780800 0.500000 0.011200
0.820000 0.500000 0.011200
0.762400 0.500800 0.013600
0.361600 0.525600 0.016000
0.269600 0.526400 0.011200
0.326400 0.526400 0.013600
0.863200 0.526400 0.019200
0.233600 0.527200 0.012800
0.251200 0.527200 0.011200
0.288800 0.527200 0.013600
0.308000 0.527200 0.013600
0.336800 0.527200 0.004800
0.662400 0.527200 0.005600
0.188800 0.528000 0.016800
0.214400 0.528000 0.013600
0.342400 0.528000 0.011200
0.474400 0.528000 0.015200
0.538400 0.528000 0.008800
0.652000 0.528000 0.008800
0.672000 0.528000 0.015200
0.820800 0.528000 0.024800
0.838400 0.528000 0.013600
0.401600 0.528800 0.015200
0.504000 0.528800 0.015200
0.523200 0.528800 0.011200
0.788000 0.528800 0.015200
0.810400 0.528800 0.019200
0.380800 0.529600 0.013600
0.422400 0.529600 0.015200
0.447200 0.529600 0.016800
0.601600 0.529600 0.015200
0.621600 0.529600 0.011200
0.690400 0.529600 0.016800
0.712000 0.529600 0.019200
0.768800 0.529600 0.011200
0.637600 0.530400 0.011200
0.750400 0.530400 0.013600
0.925600 0.530400 0.040000
0.549600 0.531200 0.019200
0.576000 0.531200 0.018400
0.725600 0.531200 0.019200
0.734400 0.531200 0.016800
0.200000 0.582400 0.024800
0.217600 0.583200 0.008800
0.230400 0.584000 0.011200
0.247200 0.584800 0.011200
0.272800 0.585600 0.018400
0.261600 0.586400 0.008800
