0.263200 0.107200 0.008800
0.236000 0.109600 0.010400
0.252000 0.109600 0.008800
0.222400 0.112000 0.008800
0.189600 0.112800 0.027200
0.208800 0.112800 0.010400
0.820000 0.117600 0.016800
0.836800 0.119200 0.029600
0.883200 0.120000 0.012000
0.903200 0.121600 0.011200
0.888800 0.122400 0.012800
0.897600 0.122400 0.028800
0.453600 0.156000 0.008800
0.720800 0.156000 0.011200
0.467200 0.156800 0.011200
0.486400 0.156800 0.016000
0.635200 0.156800 0.013600
0.510400 0.157600 0.013600
0.325600 0.158400 0.008800
0.423200 0.158400 0.011200
0.441600 0.158400 0.013600
0.531200 0.158400 0.016800
0.617600 0.158400 0.011200
0.656800 0.158400 0.016800
0.683200 0.158400 0.016800
0.356000 0.159200 0.013600
0.375200 0.159200 0.013600
0.402400 0.159200 0.016800
0.753600 0.159200 0.011200
0.282400 0.160000 0.011200
0.298400 0.160000 0.011200
0.312000 0.160000 0.008800
0.555200 0.160000 0.016800
0.600000 0.160000 0.013600
0.704000 0.160000 0.011200
0.736800 0.160000 0.011200
0.336000 0.160800 0.017600
0.398400 0.160800 0.016800
0.580800 0.160800 0.011200
0.774400 0.160800 0.013600
0.794400 0.160800 0.013600
0.179200 0.161600 0.016800
0.263200 0.161600 0.013600
0.223200 0.162400 0.011200
0.241600 0.162400 0.012800
0.812800 0.162400 0.011200
0.198400 0.164000 0.016000
0.826400 0.164800 0.023200
0.385600 0.188800 0.008800
0.368800 0.189600 0.013600
0.201600 0.190400 0.004800
0.334400 0.190400 0.011200
0.349600 0.190400 0.011200
0.397600 0.190400 0.018400
0.422400 0.190400 0.016800
0.532000 0.190400 0.013600
0.193600 0.191200 0.005600
0.210400 0.191200 0.005600
0.452800 0.191200 0.019200
0.632000 0.191200 0.016000
0.682400 0.191200 0.013600
0.179200 0.192000 0.019200
0.222400 0.192000 0.016800
0.277600 0.192000 0.019200
0.499200 0.192000 0.015200
0.519200 0.192000 0.011200
0.568000 0.192000 0.012800
0.600000 0.192000 0.005600
0.731200 0.192000 0.013600
0.242400 0.192800 0.013600
0.318400 0.192800 0.011200
0.476800 0.192800 0.015200
0.550400 0.192800 0.011200
0.587200 0.192800 0.011200
0.607200 0.192800 0.004000
0.806400 0.192800 0.016800
0.299200 0.193600 0.015200
0.661600 0.193600 0.017600
0.753600 0.193600 0.018400
0.763200 0.193600 0.022400
0.783200 0.193600 0.013600
0.265600 0.194400 0.019200
0.613600 0.194400 0.011200
0.707200 0.194400 0.016800
0.558400 0.221600 0.013600
0.187200 0.222400 0.016800
0.436800 0.222400 0.007200
0.207200 0.223200 0.008800
0.576000 0.223200 0.013600
0.219200 0.224000 0.019200
0.274400 0.224000 0.005600
0.288800 0.224000 0.013600
0.328800 0.224000 0.011200
0.346400 0.224000 0.016000
0.237600 0.224800 0.017600
0.263200 0.224800 0.016800
0.309600 0.224800 0.013600
0.528000 0.224800 0.008800
0.541600 0.224800 0.011200
0.708800 0.224800 0.005600
0.829600 0.224800 0.019200
0.358400 0.225600 0.005600
0.378400 0.225600 0.016800
0.420800 0.225600 0.013600
0.600000 0.225600 0.016000
0.799200 0.225600 0.016800
0.365600 0.226400 0.005600
0.400000 0.226400 0.013600
0.508000 0.226400 0.015200
0.640800 0.226400 0.015200
0.720000 0.226400 0.008800
0.780800 0.226400 0.016800
0.448800 0.227200 0.018400
0.471200 0.227200 0.013600
0.489600 0.227200 0.011200
0.620800 0.227200 0.013600
0.661600 0.227200 0.013600
0.698400 0.227200 0.008800
0.736000 0.227200 0.011200
0.749600 0.227200 0.020800
0.682400 0.228800 0.013600
0.807200 0.252800 0.016800
0.827200 0.252800 0.021600
0.226400 0.253600 0.013600
0.185600 0.254400 0.016800
0.208000 0.254400 0.013600
0.267200 0.255200 0.013600
0.296800 0.255200 0.019200
0.823200 0.255200 0.022400
0.247200 0.256000 0.013600
0.284800 0.256000 0.008800
0.317600 0.256800 0.016800
0.349600 0.257600 0.016000
0.380000 0.257600 0.018400
0.516800 0.257600 0.019200
0.766400 0.257600 0.013600
0.629600 0.258400 0.013600
0.648000 0.258400 0.013600
0.703200 0.258400 0.016800
0.784800 0.258400 0.016000
0.504800 0.259200 0.021600
0.535200 0.259200 0.013600
0.432800 0.260000 0.015200
0.556000 0.260000 0.013600
0.599200 0.260000 0.019200
0.610400 0.260000 0.020000
0.671200 0.260000 0.016000
0.723200 0.260000 0.013600
0.743200 0.260000 0.016000
0.404800 0.260800 0.016800
0.452800 0.260800 0.012800
0.490400 0.260800 0.016800
0.577600 0.260800 0.016800
0.471200 0.261600 0.011200
0.226400 0.287200 0.021600
0.320800 0.287200 0.013600
0.189600 0.288000 0.021600
0.240800 0.288000 0.013600
0.263200 0.288000 0.016800
0.208000 0.288800 0.016800
0.302400 0.288800 0.013600
0.286400 0.289600 0.013600
0.338400 0.289600 0.013600
0.356800 0.289600 0.013600
0.772800 0.289600 0.005600
0.381600 0.291200 0.016000
0.429600 0.291200 0.019200
0.440000 0.291200 0.019200
0.459200 0.291200 0.013600
0.478400 0.291200 0.011200
0.492800 0.291200 0.008800
0.722400 0.291200 0.008800
0.808800 0.291200 0.016800
0.832000 0.291200 0.022400
0.408800 0.292000 0.015200
0.502400 0.292000 0.016800
0.599200 0.292000 0.008800
0.612800 0.292000 0.011200
0.708000 0.292000 0.013600
0.738400 0.292000 0.015200
0.787200 0.292000 0.018400
0.572800 0.292800 0.008800
0.586400 0.292800 0.019200
0.647200 0.292800 0.013600
0.688000 0.292800 0.013600
0.760000 0.292800 0.016800
0.519200 0.293600 0.011200
0.536800 0.293600 0.011200
0.553600 0.293600 0.013600
0.666400 0.293600 0.013600
0.631200 0.294400 0.013600
0.193600 0.315200 0.011200
0.180800 0.316000 0.019200
0.208000 0.318400 0.013600
0.298400 0.320000 0.013600
0.237600 0.320800 0.018400
0.263200 0.320800 0.013600
0.316800 0.320800 0.013600
0.283200 0.321600 0.013600
0.331200 0.321600 0.008800
0.347200 0.321600 0.011200
0.360000 0.321600 0.021600
0.380000 0.321600 0.015200
0.400000 0.323200 0.016800
0.450400 0.324000 0.013600
0.506400 0.324000 0.016800
0.426400 0.324800 0.016800
0.473600 0.324800 0.016800
0.724000 0.324800 0.015200
0.761600 0.324800 0.016800
0.800000 0.325600 0.016000
0.823200 0.325600 0.016800
0.527200 0.326400 0.013600
0.635200 0.326400 0.016000
0.704000 0.326400 0.013600
0.779200 0.326400 0.011200
0.549600 0.327200 0.016000
0.688000 0.327200 0.016800
0.663200 0.328000 0.016000
0.607200 0.328800 0.017600
0.576000 0.329600 0.016800
0.740000 0.332800 0.007200
0.224000 0.347200 0.008800
0.180000 0.348000 0.020800
0.188000 0.348000 0.018400
0.194400 0.348800 0.022400
0.388800 0.348800 0.007200
0.209600 0.350400 0.011200
0.238400 0.350400 0.015200
0.288000 0.351200 0.015200
0.824800 0.352000 0.016800
0.262400 0.352800 0.016000
0.311200 0.353600 0.014400
0.351200 0.353600 0.011200
0.375200 0.353600 0.017600
0.389600 0.353600 0.007200
0.767200 0.353600 0.015200
0.789600 0.353600 0.016000
0.332000 0.354400 0.013600
0.400800 0.354400 0.018400
0.744000 0.354400 0.012800
0.368000 0.355200 0.016800
0.440800 0.355200 0.011200
0.457600 0.356000 0.011200
0.690400 0.356000 0.013600
0.419200 0.356800 0.013600
0.640800 0.356800 0.016800
0.665600 0.356800 0.016800
0.723200 0.356800 0.013600
0.476800 0.357600 0.013600
0.497600 0.357600 0.015200
0.708000 0.357600 0.013600
0.542400 0.358400 0.013600
0.585600 0.358400 0.013600
0.524800 0.360000 0.013600
0.611200 0.360000 0.016800
0.563200 0.360800 0.013600
0.232000 0.378400 0.008800
0.181600 0.379200 0.016000
0.201600 0.379200 0.011200
0.217600 0.379200 0.011200
0.245600 0.380000 0.011200
0.260000 0.380000 0.008800
0.764000 0.380000 0.008800
0.828000 0.380000 0.016800
0.800000 0.380800 0.015200
0.738400 0.381600 0.008800
0.794400 0.382400 0.016800
0.272800 0.383200 0.011200
0.344000 0.383200 0.013600
0.751200 0.383200 0.019200
0.777600 0.383200 0.016800
0.293600 0.384000 0.015200
0.320800 0.384000 0.015200
0.419200 0.385600 0.011200
0.433600 0.385600 0.008800
0.681600 0.385600 0.016800
0.712800 0.385600 0.016800
0.372000 0.386400 0.016800
0.394400 0.386400 0.016800
0.659200 0.386400 0.011200
0.725600 0.386400 0.019200
0.455200 0.387200 0.015200
0.476800 0.387200 0.013600
0.640000 0.387200 0.012800
0.560800 0.388000 0.013600
0.618400 0.388000 0.012800
0.500800 0.388800 0.015200
0.524000 0.388800 0.013600
0.544800 0.388800 0.011200
0.593600 0.389600 0.016800
0.598400 0.389600 0.016800
0.589600 0.391200 0.018400
0.219200 0.408800 0.008800
0.839200 0.408800 0.021600
0.204800 0.409600 0.011200
0.232800 0.409600 0.013600
0.289600 0.410400 0.008800
0.188000 0.411200 0.024000
0.252800 0.411200 0.013600
0.272800 0.411200 0.013600
0.673600 0.411200 0.013600
0.810400 0.411200 0.014400
0.300800 0.412000 0.016800
0.712800 0.413600 0.012800
0.731200 0.413600 0.013600
0.760800 0.413600 0.016800
0.694400 0.414400 0.012800
0.788000 0.414400 0.016800
0.320000 0.415200 0.013600
0.653600 0.415200 0.013600
0.415200 0.416000 0.021600
0.610400 0.416000 0.013600
0.340000 0.416800 0.016000
0.377600 0.416800 0.015200
0.396800 0.416800 0.011200
0.446400 0.416800 0.016800
0.512000 0.416800 0.011200
0.591200 0.416800 0.013600
0.364000 0.417600 0.011200
0.428000 0.417600 0.021600
0.473600 0.417600 0.016800
0.456000 0.418400 0.019200
0.496000 0.418400 0.013600
0.524800 0.418400 0.013600
0.633600 0.418400 0.016000
0.546400 0.419200 0.016000
0.569600 0.419200 0.013600
0.836800 0.436000 0.008000
0.756800 0.438400 0.015200
0.792800 0.439200 0.013600
0.734400 0.440000 0.013600
0.780800 0.440000 0.016800
0.186400 0.440800 0.016800
0.208000 0.440800 0.013600
0.815200 0.441600 0.019200
0.228800 0.443200 0.015200
0.252800 0.443200 0.013600
0.276000 0.443200 0.013600
0.710400 0.443200 0.016800
0.300000 0.444000 0.015200
0.324000 0.444000 0.014400
0.349600 0.444800 0.016000
0.374400 0.444800 0.013600
0.645600 0.444800 0.015200
0.687200 0.444800 0.013600
0.390400 0.445600 0.011200
0.666400 0.446400 0.013600
0.485600 0.447200 0.014400
0.599200 0.447200 0.014400
0.409600 0.448000 0.016800
0.434400 0.448000 0.011200
0.420800 0.448800 0.011200
0.452800 0.448800 0.011200
0.506400 0.448800 0.016800
0.558400 0.448800 0.011200
0.577600 0.448800 0.012800
0.620800 0.449600 0.013600
0.459200 0.450400 0.013600
0.544800 0.450400 0.013600
0.529600 0.451200 0.011200
0.823200 0.468000 0.003200
0.284800 0.469600 0.011200
0.303200 0.470400 0.012800
0.266400 0.471200 0.011200
0.323200 0.471200 0.011200
0.754400 0.471200 0.016000
0.796800 0.471200 0.013600
0.208800 0.472000 0.013600
0.248000 0.472000 0.011200
0.336800 0.472000 0.011200
0.356000 0.472000 0.012800
0.700800 0.472000 0.013600
0.724800 0.472000 0.016800
0.181600 0.472800 0.019200
0.230400 0.472800 0.013600
0.375200 0.472800 0.011200
0.443200 0.472800 0.016800
0.396800 0.473600 0.013600
0.778400 0.473600 0.013600
0.416000 0.474400 0.013600
0.425600 0.474400 0.016800
0.454400 0.475200 0.016800
0.473600 0.476000 0.014400
0.647200 0.476000 0.013600
0.669600 0.476000 0.016800
0.595200 0.476800 0.011200
0.620800 0.476800 0.016800
0.500800 0.478400 0.005600
0.508800 0.478400 0.005600
0.558400 0.478400 0.012800
0.579200 0.478400 0.012800
0.843200 0.478400 0.011200
0.491200 0.479200 0.005600
0.538400 0.480000 0.013600
0.520800 0.481600 0.011200
0.832000 0.482400 0.024800
0.820000 0.483200 0.016800
0.796800 0.488000 0.013600
0.724800 0.492800 0.039200
0.711200 0.493600 0.036000
0.728800 0.494400 0.019200
0.251200 0.499200 0.003200
0.334400 0.500000 0.011200
0.243200 0.500800 0.005600
0.256800 0.500800 0.010400
0.315200 0.500800 0.013600
0.348800 0.500800 0.008800
0.660800 0.500800 0.013600
0.361600 0.501600 0.011200
0.380800 0.501600 0.013600
0.404000 0.501600 0.016800
0.643200 0.501600 0.012800
0.230400 0.502400 0.011200
0.276000 0.502400 0.016000
0.297600 0.502400 0.012800
0.418400 0.502400 0.008800
0.441600 0.502400 0.016800
0.207200 0.504000 0.016800
0.460000 0.504000 0.013600
0.617600 0.504000 0.015200
0.183200 0.504800 0.016800
0.497600 0.504800 0.012800
0.572800 0.504800 0.015200
0.596000 0.504800 0.013600
0.516000 0.505600 0.015200
0.479200 0.506400 0.011200
0.536800 0.506400 0.008800
0.551200 0.506400 0.011200
0.488800 0.529600 0.009600
0.310400 0.531200 0.013600
0.329600 0.531200 0.013600
0.350400 0.531200 0.016800
0.383200 0.531200 0.018400
0.410400 0.532000 0.016800
0.287200 0.532800 0.015200
0.536800 0.532800 0.012000
0.265600 0.533600 0.011200
0.441600 0.533600 0.016000
0.541600 0.533600 0.013600
0.250400 0.534400 0.011200
0.185600 0.536000 0.019200
0.208800 0.536000 0.013600
0.228000 0.536000 0.013600
0.594400 0.536000 0.013600
0.523200 0.537600 0.015200
