0.204800 0.084000 0.027200
0.239200 0.084800 0.011200
0.253600 0.084800 0.011200
0.281600 0.084800 0.020800
0.223200 0.085600 0.011200
0.270400 0.085600 0.011200
0.846400 0.091200 0.026400
0.831200 0.092000 0.013600
0.838400 0.092000 0.003200
0.608800 0.130400 0.016800
0.654400 0.130400 0.011200
0.560800 0.131200 0.018400
0.465600 0.132000 0.013600
0.484800 0.132000 0.011200
0.585600 0.132000 0.013600
0.630400 0.132000 0.016000
0.854400 0.132000 0.019200
0.236800 0.132800 0.011200
0.254400 0.132800 0.013600
0.413600 0.132800 0.015200
0.435200 0.132800 0.019200
0.188000 0.133600 0.013600
0.220800 0.133600 0.011200
0.284800 0.133600 0.022400
0.389600 0.133600 0.015200
0.504000 0.133600 0.013600
0.528800 0.133600 0.018400
0.206400 0.134400 0.011200
0.319200 0.134400 0.016800
0.343200 0.134400 0.013600
0.365600 0.134400 0.016000
0.446400 0.134400 0.008800
0.670400 0.134400 0.008800
0.832000 0.136000 0.011200
0.813600 0.136800 0.012800
0.712000 0.137600 0.016800
0.732000 0.137600 0.013600
0.752000 0.137600 0.016800
0.764000 0.137600 0.005600
0.792000 0.137600 0.013600
0.269600 0.138400 0.009600
0.774400 0.138400 0.016800
0.682400 0.139200 0.019200
0.128000 0.149600 0.018400
0.408000 0.160800 0.011200
0.334400 0.161600 0.016000
0.392000 0.161600 0.011200
0.354400 0.162400 0.014400
0.376000 0.162400 0.011200
0.466400 0.162400 0.011200
0.503200 0.162400 0.011200
0.428000 0.163200 0.013600
0.448000 0.163200 0.012800
0.485600 0.163200 0.011200
0.524800 0.163200 0.013600
0.544000 0.163200 0.011200
0.258400 0.164000 0.016800
0.579200 0.164000 0.011200
0.305600 0.164800 0.016800
0.560000 0.164800 0.013600
0.190400 0.165600 0.013600
0.208800 0.165600 0.013600
0.230400 0.165600 0.013600
0.248000 0.165600 0.007200
0.279200 0.166400 0.015200
0.602400 0.166400 0.016000
0.624000 0.166400 0.014400
0.820000 0.166400 0.015200
0.839200 0.166400 0.011200
0.771200 0.167200 0.013600
0.857600 0.167200 0.016800
0.694400 0.168000 0.005600
0.749600 0.168000 0.011200
0.800000 0.168000 0.008800
0.662400 0.168800 0.012800
0.682400 0.168800 0.016000
0.739200 0.168800 0.008800
0.790400 0.168800 0.016800
0.644800 0.169600 0.011200
0.706400 0.169600 0.011200
0.723200 0.169600 0.011200
0.126400 0.174400 0.016800
0.404800 0.191200 0.013600
0.437600 0.192000 0.013600
0.456000 0.192800 0.016800
0.470400 0.192800 0.013600
0.500000 0.192800 0.019200
0.527200 0.192800 0.016800
0.254400 0.193600 0.021600
0.349600 0.193600 0.013600
0.387200 0.193600 0.012800
0.420800 0.193600 0.011200
0.491200 0.193600 0.018400
0.556000 0.193600 0.015200
0.195200 0.194400 0.019200
0.284000 0.194400 0.013600
0.220800 0.195200 0.013600
0.238400 0.195200 0.013600
0.304000 0.195200 0.013600
0.328000 0.195200 0.016000
0.576000 0.195200 0.013600
0.264800 0.196000 0.016800
0.368000 0.196000 0.013600
0.596800 0.196000 0.012800
0.616000 0.196000 0.011200
0.633600 0.196000 0.011200
0.648800 0.196800 0.011200
0.665600 0.196800 0.011200
0.683200 0.197600 0.012800
0.719200 0.198400 0.013600
0.702400 0.199200 0.013600
0.740000 0.199200 0.016800
0.767200 0.199200 0.016800
0.820000 0.199200 0.016800
0.793600 0.200000 0.016800
0.852800 0.200800 0.019200
0.119200 0.202400 0.024800
0.141600 0.209600 0.012800
0.426400 0.221600 0.008800
0.416000 0.223200 0.018400
0.441600 0.223200 0.019200
0.511200 0.223200 0.011200
0.527200 0.223200 0.011200
0.370400 0.224000 0.021600
0.540800 0.224000 0.005600
0.300800 0.224800 0.008800
0.357600 0.224800 0.019200
0.398400 0.224800 0.019200
0.470400 0.224800 0.011200
0.560800 0.224800 0.016800
0.288800 0.225600 0.011200
0.388000 0.225600 0.019200
0.549600 0.225600 0.005600
0.578400 0.225600 0.012800
0.315200 0.226400 0.011200
0.491200 0.226400 0.013600
0.230400 0.227200 0.012800
0.251200 0.227200 0.012800
0.271200 0.227200 0.012800
0.454400 0.227200 0.011200
0.596800 0.227200 0.011200
0.612000 0.227200 0.011200
0.334400 0.228000 0.013600
0.626400 0.228000 0.013600
0.726400 0.228800 0.008800
0.215200 0.229600 0.019200
0.712800 0.229600 0.011200
0.794400 0.229600 0.013600
0.824800 0.229600 0.016800
0.192800 0.230400 0.018400
0.672800 0.230400 0.013600
0.742400 0.230400 0.011200
0.780800 0.230400 0.011200
0.847200 0.230400 0.016800
0.649600 0.231200 0.015200
0.760800 0.231200 0.013600
0.691200 0.232000 0.013600
0.528000 0.253600 0.016800
0.408000 0.254400 0.015200
0.432000 0.254400 0.015200
0.475200 0.254400 0.013600
0.499200 0.254400 0.015200
0.385600 0.255200 0.013600
0.455200 0.255200 0.013600
0.547200 0.255200 0.019200
0.252000 0.256000 0.016800
0.293600 0.256800 0.013600
0.331200 0.256800 0.011200
0.344800 0.256800 0.011200
0.365600 0.256800 0.014400
0.195200 0.257600 0.014400
0.274400 0.257600 0.013600
0.312000 0.257600 0.013600
0.561600 0.258400 0.009600
0.574400 0.258400 0.011200
0.591200 0.258400 0.011200
0.609600 0.258400 0.013600
0.726400 0.258400 0.013600
0.629600 0.259200 0.012800
0.223200 0.260000 0.015200
0.651200 0.260800 0.013600
0.672800 0.260800 0.011200
0.688000 0.260800 0.011200
0.707200 0.260800 0.013600
0.757600 0.260800 0.011200
0.775200 0.260800 0.013600
0.796000 0.260800 0.011200
0.816000 0.261600 0.013600
0.840800 0.261600 0.019200
0.744800 0.262400 0.011200
0.224800 0.284000 0.019200
0.330400 0.284000 0.013600
0.373600 0.284000 0.011200
0.307200 0.284800 0.016800
0.352800 0.284800 0.013600
0.216000 0.285600 0.016000
0.279200 0.285600 0.013600
0.413600 0.285600 0.013600
0.496800 0.285600 0.016800
0.196000 0.286400 0.019200
0.240000 0.286400 0.015200
0.260800 0.286400 0.016800
0.392000 0.286400 0.013600
0.474400 0.286400 0.016000
0.569600 0.286400 0.013600
0.248800 0.287200 0.005600
0.434400 0.287200 0.013600
0.454400 0.287200 0.011200
0.540000 0.287200 0.019200
0.520000 0.288800 0.013600
0.551200 0.288800 0.013600
0.587200 0.289600 0.013600
0.608800 0.289600 0.015200
0.631200 0.291200 0.011200
0.647200 0.292000 0.011200
0.666400 0.292800 0.014400
0.692000 0.292800 0.013600
0.760000 0.292800 0.016800
0.712000 0.293600 0.013600
0.732000 0.293600 0.013600
0.777600 0.293600 0.011200
0.833600 0.295200 0.019200
0.798400 0.297600 0.019200
0.394400 0.312800 0.011200
0.411200 0.312800 0.011200
0.332800 0.313600 0.012800
0.432800 0.313600 0.012800
0.233600 0.314400 0.016800
0.279200 0.314400 0.012800
0.352000 0.314400 0.013600
0.448800 0.314400 0.008800
0.463200 0.314400 0.011200
0.479200 0.314400 0.011200
0.297600 0.315200 0.011200
0.316000 0.315200 0.011200
0.376000 0.315200 0.016800
0.192800 0.316000 0.022400
0.260800 0.316000 0.016800
0.512800 0.316000 0.013600
0.209600 0.316800 0.016800
0.496000 0.317600 0.011200
0.547200 0.319200 0.019200
0.575200 0.320000 0.016000
0.531200 0.320800 0.011200
0.595200 0.321600 0.016800
0.671200 0.324000 0.013600
0.620800 0.324800 0.013600
0.648800 0.324800 0.016000
0.692000 0.324800 0.016000
0.716800 0.324800 0.013600
0.743200 0.325600 0.019200
0.780800 0.326400 0.017600
0.800000 0.326400 0.016800
0.837600 0.327200 0.019200
0.822400 0.328000 0.012800
0.457600 0.344800 0.013600
0.395200 0.345600 0.011200
0.411200 0.345600 0.016800
0.275200 0.346400 0.016000
0.296800 0.346400 0.013600
0.380000 0.346400 0.011200
0.435200 0.346400 0.016000
0.364000 0.347200 0.008800
0.254400 0.348000 0.016800
0.316000 0.348000 0.013600
0.479200 0.348000 0.015200
0.505600 0.348000 0.015200
0.216800 0.348800 0.011200
0.351200 0.348800 0.008800
0.232000 0.349600 0.020800
0.528800 0.349600 0.013600
0.560000 0.349600 0.013600
0.335200 0.350400 0.011200
0.193600 0.351200 0.018400
0.543200 0.351200 0.011200
0.573600 0.351200 0.013600
0.592800 0.351200 0.016800
0.626400 0.352000 0.016800
0.673600 0.353600 0.019200
0.650400 0.354400 0.018400
0.688000 0.354400 0.011200
0.704800 0.354400 0.013600
0.665600 0.355200 0.005600
0.732800 0.356000 0.016800
0.834400 0.356000 0.022400
0.755200 0.357600 0.020800
0.818400 0.357600 0.011200
0.786400 0.360000 0.013600
0.768000 0.360800 0.011200
0.804000 0.360800 0.008800
0.196000 0.381600 0.016800
0.247200 0.382400 0.013600
0.262400 0.382400 0.011200
0.280000 0.382400 0.013600
0.496000 0.382400 0.008000
0.218400 0.383200 0.019200
0.324800 0.383200 0.015200
0.351200 0.383200 0.016800
0.420800 0.383200 0.015200
0.442400 0.383200 0.013600
0.464800 0.383200 0.013600
0.482400 0.383200 0.010400
0.508000 0.384000 0.008800
0.523200 0.384000 0.011200
0.543200 0.384000 0.016000
0.300800 0.384800 0.016000
0.372000 0.384800 0.016800
0.396800 0.384800 0.015200
0.569600 0.386400 0.016000
0.591200 0.387200 0.013600
0.612800 0.387200 0.013600
0.636800 0.388800 0.015200
0.657600 0.389600 0.013600
0.692800 0.389600 0.013600
0.716000 0.389600 0.017600
0.835200 0.389600 0.019200
0.676800 0.390400 0.013600
0.748800 0.390400 0.011200
0.795200 0.390400 0.021600
0.735200 0.391200 0.019200
0.766400 0.392000 0.015200
0.810400 0.392000 0.011200
0.787200 0.393600 0.016800
0.196000 0.412000 0.018400
0.240800 0.412000 0.011200
0.221600 0.413600 0.015200
0.259200 0.416000 0.022400
0.402400 0.416000 0.019200
0.629600 0.416000 0.008800
0.273600 0.416800 0.011200
0.374400 0.416800 0.013600
0.440000 0.416800 0.011200
0.454400 0.416800 0.022400
0.532000 0.416800 0.013600
0.292000 0.417600 0.012800
0.353600 0.417600 0.013600
0.422400 0.417600 0.011200
0.614400 0.417600 0.013600
0.331200 0.418400 0.013600
0.464000 0.418400 0.004800
0.474400 0.418400 0.015200
0.551200 0.418400 0.013600
0.308800 0.419200 0.013600
0.493600 0.419200 0.013600
0.512800 0.419200 0.011200
0.640000 0.419200 0.017600
0.572800 0.420000 0.013600
0.593600 0.420000 0.013600
0.679200 0.420800 0.013600
0.660000 0.422400 0.013600
0.731200 0.423200 0.019200
0.701600 0.424000 0.016800
0.748800 0.426400 0.020800
0.756000 0.426400 0.016800
0.779200 0.427200 0.013600
0.834400 0.427200 0.019200
0.800800 0.428000 0.016800
0.189600 0.445600 0.016800
0.227200 0.445600 0.012800
0.245600 0.445600 0.013600
0.209600 0.446400 0.011200
0.319200 0.447200 0.016000
0.261600 0.448000 0.008800
0.271200 0.448000 0.017600
0.297600 0.448800 0.013600
0.350400 0.448800 0.016800
0.371200 0.448800 0.013600
0.391200 0.450400 0.017600
0.396800 0.450400 0.016800
0.420800 0.450400 0.016800
0.445600 0.452000 0.013600
0.464800 0.452000 0.011200
0.480800 0.452000 0.011200
0.532000 0.452000 0.005600
0.499200 0.452800 0.013600
0.543200 0.452800 0.016800
0.613600 0.452800 0.012800
0.520000 0.453600 0.013600
0.576800 0.453600 0.013600
0.559200 0.454400 0.011200
0.596800 0.454400 0.011200
0.630400 0.454400 0.016800
0.690400 0.455200 0.016800
0.636800 0.456800 0.018400
0.649600 0.456800 0.019200
0.711200 0.456800 0.016800
0.736800 0.457600 0.015200
0.762400 0.459200 0.016800
0.810400 0.459200 0.013600
0.792800 0.460000 0.013600
0.821600 0.460000 0.020000
0.771200 0.460800 0.016800
0.830400 0.461600 0.019200
0.248000 0.476000 0.011200
0.198400 0.476800 0.019200
0.309600 0.476800 0.016000
0.227200 0.477600 0.015200
0.264000 0.477600 0.011200
0.284000 0.477600 0.015200
0.351200 0.480800 0.013600
0.336000 0.481600 0.013600
0.468000 0.481600 0.013600
0.488000 0.481600 0.013600
0.398400 0.482400 0.012800
0.501600 0.482400 0.016800
0.544800 0.482400 0.016000
0.449600 0.483200 0.012800
0.524000 0.483200 0.013600
0.566400 0.483200 0.008800
0.675200 0.483200 0.013600
0.375200 0.484000 0.015200
0.414400 0.484000 0.008800
0.429600 0.484000 0.011200
0.624000 0.484000 0.011200
0.641600 0.484000 0.013600
0.693600 0.484000 0.011200
0.582400 0.484800 0.013600
0.605600 0.484800 0.013600
0.707200 0.485600 0.008800
0.722400 0.485600 0.011200
0.741600 0.485600 0.016000
0.789600 0.486400 0.011200
0.772800 0.487200 0.016000
0.812000 0.487200 0.014400
0.832000 0.488800 0.016000
0.190400 0.506400 0.019200
0.217600 0.506400 0.015200
0.343200 0.507200 0.011200
0.324800 0.508000 0.013600
0.357600 0.508000 0.005600
0.303200 0.508800 0.015200
0.364800 0.508800 0.005600
0.241600 0.509600 0.013600
0.260800 0.509600 0.011200
0.280000 0.509600 0.013600
0.378400 0.509600 0.016800
0.402400 0.511200 0.016000
0.424800 0.511200 0.013600
0.482400 0.511200 0.008800
0.448800 0.512000 0.016000
0.470400 0.512000 0.016800
0.496800 0.512000 0.013600
0.516000 0.512800 0.011200
0.532800 0.512800 0.013600
0.553600 0.512800 0.013600
0.899200 0.512800 0.038400
0.576800 0.514400 0.016800
0.656800 0.514400 0.012800
0.676000 0.514400 0.012800
0.603200 0.515200 0.016000
0.637600 0.515200 0.024800
0.694400 0.515200 0.011200
0.625600 0.516000 0.022400
0.716800 0.516800 0.016000
0.814400 0.516800 0.015200
0.736800 0.517600 0.016000
0.758400 0.517600 0.019200
0.842400 0.517600 0.022400
0.788000 0.518400 0.016800
0.768800 0.519200 0.022400
0.716000 0.548000 0.009600
0.726400 0.548000 0.013600
0.704000 0.549600 0.008800
0.710400 0.550400 0.004000
0.693600 0.552000 0.005600
0.687200 0.554400 0.004800
0.681600 0.557600 0.004000
0.675200 0.560800 0.004800
0.192000 0.564000 0.014400
0.670400 0.564000 0.004000
0.211200 0.564800 0.020800
0.203200 0.565600 0.027200
0.224000 0.565600 0.008800
0.664800 0.567200 0.004800
0.238400 0.568800 0.022400
0.252000 0.568800 0.008800
0.263200 0.568800 0.007200
0.660000 0.572800 0.010400
0.452000 0.576000 0.030400
0.490400 0.576000 0.013600
0.472000 0.576800 0.013600
0.512800 0.578400 0.032800
0.740800 0.580800 0.005600
0.734400 0.582400 0.005600
0.727200 0.584000 0.016800
0.652800 0.584800 0.008800
0.720000 0.585600 0.010400
0.707200 0.588000 0.008800
0.695200 0.588800 0.006400
0.684800 0.590400 0.005600
0.677600 0.591200 0.013600
0.672000 0.592800 0.009600
0.769600 0.607200 0.011200
0.752800 0.620800 0.008000
0.743200 0.624000 0.007200
0.732800 0.626400 0.007200
0.720800 0.628800 0.008000
0.710400 0.630400 0.006400
0.700800 0.631200 0.015200
