0.185600 0.069600 0.024800
0.205600 0.069600 0.008800
0.219200 0.069600 0.011200
0.836800 0.069600 0.022400
0.849600 0.069600 0.022400
0.236000 0.071200 0.011200
0.253600 0.073600 0.016800
0.792000 0.100000 0.013600
0.853600 0.100000 0.011200
0.776000 0.100800 0.010400
0.802400 0.100800 0.005600
0.810400 0.100800 0.012800
0.825600 0.100800 0.008800
0.658400 0.101600 0.008800
0.667200 0.101600 0.019200
0.721600 0.101600 0.011200
0.748000 0.101600 0.008800
0.838400 0.101600 0.008800
0.761600 0.102400 0.008800
0.680000 0.103200 0.008800
0.705600 0.103200 0.008800
0.735200 0.103200 0.008800
0.867200 0.103200 0.011200
0.644000 0.104000 0.011200
0.693600 0.104000 0.008800
0.240000 0.104800 0.012800
0.259200 0.104800 0.011200
0.526400 0.104800 0.011200
0.603200 0.104800 0.008800
0.628800 0.104800 0.008800
0.376000 0.105600 0.008800
0.572800 0.105600 0.011200
0.588800 0.105600 0.010400
0.616800 0.105600 0.008800
0.196800 0.106400 0.013600
0.352000 0.106400 0.008800
0.364800 0.106400 0.008000
0.390400 0.106400 0.008800
0.407200 0.106400 0.013600
0.496800 0.106400 0.008800
0.546400 0.106400 0.016800
0.182400 0.107200 0.008800
0.221600 0.107200 0.016800
0.273600 0.107200 0.008800
0.311200 0.107200 0.003200
0.315200 0.107200 0.008000
0.333600 0.107200 0.004800
0.340800 0.107200 0.020800
0.401600 0.107200 0.019200
0.420000 0.107200 0.008800
0.454400 0.107200 0.013600
0.471200 0.107200 0.011200
0.484000 0.107200 0.007200
0.511200 0.107200 0.008800
0.553600 0.107200 0.016800
0.169600 0.108000 0.008800
0.288000 0.108000 0.008800
0.300800 0.108000 0.008800
0.324800 0.108000 0.007200
0.435200 0.108000 0.011200
0.447200 0.108000 0.005600
0.153600 0.108800 0.022400
0.816000 0.128000 0.013600
0.853600 0.128000 0.020800
0.820800 0.128800 0.016000
0.838400 0.128800 0.011200
0.860000 0.129600 0.016000
0.780000 0.130400 0.013600
0.798400 0.130400 0.011200
0.724000 0.131200 0.008800
0.739200 0.131200 0.011200
0.758400 0.131200 0.013600
0.630400 0.132000 0.013600
0.649600 0.132000 0.013600
0.680800 0.132000 0.011200
0.611200 0.132800 0.011200
0.664000 0.132800 0.010400
0.696000 0.132800 0.008800
0.710400 0.132800 0.008800
0.594400 0.134400 0.011200
0.470400 0.135200 0.010400
0.552800 0.135200 0.007200
0.561600 0.135200 0.015200
0.578400 0.135200 0.011200
0.421600 0.136000 0.016800
0.455200 0.136000 0.011200
0.484800 0.136000 0.008800
0.510400 0.136000 0.020000
0.408800 0.136800 0.011200
0.439200 0.136800 0.008800
0.493600 0.136800 0.005600
0.540800 0.136800 0.016000
0.368800 0.137600 0.012800
0.389600 0.137600 0.012800
0.522400 0.137600 0.008800
0.227200 0.138400 0.013600
0.232000 0.139200 0.016800
0.244000 0.139200 0.005600
0.290400 0.139200 0.013600
0.310400 0.139200 0.013600
0.328800 0.139200 0.013600
0.349600 0.139200 0.013600
0.196000 0.140000 0.019200
0.272800 0.140000 0.012000
0.255200 0.140800 0.008800
0.182400 0.141600 0.012800
0.149600 0.142400 0.020800
0.164000 0.142400 0.008800
0.845600 0.164800 0.011200
0.685600 0.166400 0.022400
0.860800 0.166400 0.013600
0.828000 0.167200 0.013600
0.657600 0.168000 0.008800
0.672800 0.168000 0.011200
0.692000 0.168000 0.019200
0.704000 0.168000 0.008800
0.788000 0.168000 0.013600
0.808000 0.168000 0.013600
0.718400 0.168800 0.010400
0.733600 0.168800 0.011200
0.768000 0.168800 0.011200
0.592000 0.169600 0.021600
0.624000 0.169600 0.008800
0.648000 0.169600 0.005600
0.751200 0.169600 0.013600
0.246400 0.170400 0.008800
0.444800 0.170400 0.005600
0.469600 0.170400 0.009600
0.512000 0.170400 0.008800
0.530400 0.170400 0.012800
0.564800 0.170400 0.012800
0.581600 0.170400 0.020800
0.608800 0.170400 0.011200
0.636800 0.170400 0.008800
0.258400 0.171200 0.007200
0.307200 0.171200 0.011200
0.324000 0.171200 0.012000
0.431200 0.171200 0.011200
0.455200 0.171200 0.008800
0.485600 0.171200 0.010400
0.546400 0.171200 0.011200
0.215200 0.172000 0.005600
0.233600 0.172000 0.008000
0.270400 0.172000 0.008800
0.364000 0.172000 0.010400
0.378400 0.172000 0.008800
0.397600 0.172000 0.016800
0.413600 0.172000 0.012800
0.420000 0.172000 0.017600
0.499200 0.172000 0.008800
0.185600 0.172800 0.011200
0.202400 0.172800 0.011200
0.224000 0.172800 0.005600
0.291200 0.172800 0.016800
0.340000 0.172800 0.005600
0.348800 0.172800 0.007200
0.165600 0.173600 0.016800
0.171200 0.174400 0.013600
0.149600 0.175200 0.019200
0.858400 0.195200 0.009600
0.871200 0.197600 0.020800
0.844000 0.198400 0.011200
0.710400 0.199200 0.011200
0.830400 0.199200 0.020000
0.680000 0.200000 0.011200
0.695200 0.200000 0.008800
0.821600 0.200000 0.022400
0.740800 0.200800 0.016800
0.806400 0.200800 0.011200
0.648800 0.201600 0.008800
0.665600 0.201600 0.011200
0.727200 0.201600 0.011200
0.545600 0.202400 0.008800
0.572000 0.202400 0.008800
0.759200 0.202400 0.013600
0.767200 0.202400 0.005600
0.774400 0.202400 0.013600
0.788800 0.202400 0.011200
0.472800 0.203200 0.008800
0.487200 0.203200 0.008800
0.558400 0.203200 0.008800
0.588800 0.203200 0.011200
0.604800 0.203200 0.008800
0.619200 0.203200 0.008800
0.634400 0.203200 0.011200
0.231200 0.204000 0.013600
0.428800 0.204000 0.011200
0.445600 0.204000 0.009600
0.501600 0.204000 0.008800
0.517600 0.204000 0.011200
0.248000 0.204800 0.005600
0.412800 0.204800 0.008800
0.460000 0.204800 0.008800
0.532800 0.204800 0.008800
0.240800 0.205600 0.004800
0.253600 0.206400 0.011200
0.352800 0.206400 0.009600
0.371200 0.206400 0.015200
0.379200 0.206400 0.011200
0.397600 0.206400 0.013600
0.215200 0.207200 0.008800
0.269600 0.207200 0.011200
0.282400 0.207200 0.022400
0.301600 0.207200 0.008000
0.316000 0.207200 0.011200
0.331200 0.207200 0.016800
0.291200 0.208000 0.005600
0.172800 0.208800 0.008800
0.200800 0.208800 0.013600
0.340000 0.208800 0.019200
0.152000 0.209600 0.015200
0.160000 0.209600 0.020000
0.184800 0.210400 0.022400
0.192800 0.210400 0.005600
0.715200 0.233600 0.013600
0.872800 0.233600 0.019200
0.751200 0.234400 0.008800
0.779200 0.234400 0.011200
0.848800 0.234400 0.013600
0.642400 0.235200 0.011200
0.679200 0.235200 0.011200
0.695200 0.235200 0.011200
0.732800 0.235200 0.013600
0.764800 0.235200 0.008800
0.540000 0.236000 0.008800
0.628000 0.236000 0.005600
0.797600 0.236000 0.011200
0.832000 0.236000 0.008800
0.483200 0.236800 0.015200
0.495200 0.236800 0.005600
0.571200 0.236800 0.011200
0.584800 0.236800 0.008800
0.661600 0.236800 0.011200
0.814400 0.236800 0.013600
0.464000 0.237600 0.008800
0.524000 0.237600 0.013600
0.554400 0.237600 0.010400
0.617600 0.237600 0.008800
0.822400 0.237600 0.005600
0.388000 0.238400 0.008800
0.402400 0.238400 0.008800
0.503200 0.238400 0.013600
0.339200 0.239200 0.011200
0.432800 0.239200 0.013600
0.451200 0.239200 0.008800
0.593600 0.239200 0.005600
0.604000 0.239200 0.008800
0.288800 0.240000 0.008800
0.323200 0.240000 0.012800
0.371200 0.240000 0.011200
0.417600 0.240000 0.011200
0.304800 0.240800 0.011200
0.356000 0.240800 0.011200
0.259200 0.241600 0.022400
0.274400 0.241600 0.010400
0.249600 0.242400 0.019200
0.191200 0.243200 0.011200
0.380000 0.243200 0.003200
0.157600 0.244000 0.022400
0.175200 0.244000 0.013600
0.208800 0.244000 0.012800
0.224800 0.244000 0.008800
0.233600 0.244000 0.005600
0.183200 0.244800 0.005600
0.875200 0.266400 0.020800
0.805600 0.268000 0.013600
0.828800 0.268800 0.016800
0.861600 0.268800 0.008800
0.847200 0.269600 0.011200
0.796800 0.270400 0.016000
0.567200 0.271200 0.013600
0.658400 0.271200 0.011200
0.676000 0.271200 0.011200
0.721600 0.271200 0.007200
0.745600 0.271200 0.008800
0.776800 0.271200 0.012800
0.693600 0.272000 0.013600
0.709600 0.272000 0.011200
0.472800 0.272800 0.008800
0.584800 0.272800 0.016800
0.604800 0.272800 0.008800
0.628000 0.272800 0.008800
0.735200 0.272800 0.008800
0.760800 0.272800 0.011200
0.282400 0.273600 0.011200
0.445600 0.273600 0.013600
0.460800 0.273600 0.008800
0.488800 0.273600 0.011200
0.528000 0.273600 0.022400
0.550400 0.273600 0.013600
0.592800 0.273600 0.016800
0.614400 0.273600 0.019200
0.642400 0.273600 0.008800
0.407200 0.274400 0.011200
0.265600 0.275200 0.008800
0.299200 0.275200 0.008800
0.360000 0.275200 0.008800
0.374400 0.275200 0.008800
0.390400 0.275200 0.011200
0.426400 0.275200 0.011200
0.499200 0.275200 0.008800
0.513600 0.275200 0.011200
0.216000 0.276000 0.022400
0.232800 0.276000 0.011200
0.314400 0.276000 0.011200
0.328800 0.276000 0.007200
0.338400 0.276000 0.007200
0.184800 0.276800 0.016000
0.204000 0.276800 0.021600
0.249600 0.276800 0.011200
0.348800 0.276800 0.005600
0.162400 0.278400 0.019200
0.175200 0.279200 0.005600
0.783200 0.302400 0.013600
0.642400 0.304000 0.013600
0.832000 0.304000 0.005600
0.616000 0.304800 0.008800
0.626400 0.304800 0.018400
0.662400 0.304800 0.011200
0.732800 0.304800 0.011200
0.799200 0.304800 0.013600
0.860000 0.304800 0.012800
0.568000 0.305600 0.013600
0.602400 0.305600 0.008800
0.714400 0.305600 0.013600
0.748000 0.305600 0.013600
0.764800 0.305600 0.008800
0.817600 0.305600 0.011200
0.875200 0.305600 0.026400
0.452800 0.306400 0.013600
0.679200 0.306400 0.011200
0.694400 0.306400 0.011200
0.842400 0.306400 0.008800
0.436000 0.307200 0.013600
0.538400 0.307200 0.017600
0.543200 0.307200 0.017600
0.584000 0.307200 0.013600
0.591200 0.307200 0.005600
0.474400 0.308000 0.011200
0.496000 0.308000 0.016000
0.753600 0.308000 0.019200
0.417600 0.308800 0.008800
0.516000 0.308800 0.013600
0.272000 0.309600 0.011200
0.488800 0.309600 0.008800
0.256800 0.310400 0.016800
0.294400 0.310400 0.013600
0.324000 0.310400 0.021600
0.341600 0.310400 0.004800
0.350400 0.310400 0.013600
0.392800 0.310400 0.005600
0.153600 0.311200 0.020800
0.200800 0.311200 0.011200
0.219200 0.311200 0.013600
0.236800 0.311200 0.016000
0.310400 0.311200 0.011200
0.380800 0.311200 0.008800
0.402400 0.311200 0.016800
0.167200 0.312000 0.008800
0.183200 0.312000 0.012800
0.366400 0.312000 0.010400
0.248800 0.312800 0.004000
0.332800 0.312800 0.005600
0.647200 0.337600 0.011200
0.684000 0.337600 0.011200
0.718400 0.338400 0.019200
0.612800 0.339200 0.008800
0.660800 0.339200 0.005600
0.668800 0.339200 0.016800
0.701600 0.339200 0.011200
0.854400 0.339200 0.016800
0.598400 0.340000 0.011200
0.729600 0.340000 0.007200
0.792800 0.340000 0.011200
0.816800 0.340000 0.016000
0.835200 0.340000 0.013600
0.628800 0.340800 0.011200
0.775200 0.340800 0.011200
0.808000 0.340800 0.005600
0.864800 0.340800 0.019200
0.580800 0.341600 0.011200
0.742400 0.341600 0.011200
0.342400 0.342400 0.011200
0.505600 0.342400 0.008800
0.528000 0.342400 0.008800
0.544000 0.342400 0.015200
0.565600 0.342400 0.008800
0.358400 0.343200 0.008800
0.376000 0.343200 0.013600
0.464000 0.343200 0.011200
0.483200 0.343200 0.016000
0.493600 0.343200 0.005600
0.516800 0.343200 0.005600
0.760000 0.343200 0.011200
0.327200 0.344000 0.011200
0.447200 0.344000 0.011200
0.152800 0.344800 0.015200
0.207200 0.344800 0.011200
0.311200 0.344800 0.011200
0.396000 0.344800 0.013600
0.428000 0.344800 0.012800
0.552800 0.344800 0.008000
0.185600 0.345600 0.008800
0.228800 0.345600 0.021600
0.273600 0.345600 0.011200
0.410400 0.345600 0.008800
0.172000 0.346400 0.011200
0.194400 0.346400 0.005600
0.243200 0.346400 0.008800
0.257600 0.346400 0.008800
0.292000 0.346400 0.012800
0.850400 0.371200 0.005600
0.840000 0.372000 0.016000
0.863200 0.372800 0.017600
0.796800 0.373600 0.013600
0.652000 0.374400 0.013600
0.672800 0.374400 0.011200
0.684800 0.374400 0.005600
0.732000 0.374400 0.005600
0.778400 0.374400 0.008800
0.811200 0.374400 0.005600
0.820800 0.374400 0.008800
0.557600 0.375200 0.008800
0.573600 0.375200 0.012800
0.632800 0.375200 0.011200
0.694400 0.375200 0.024000
0.724000 0.375200 0.007200
0.747200 0.375200 0.011200
0.764000 0.375200 0.008800
0.536800 0.376000 0.004000
0.595200 0.376000 0.013600
0.616000 0.376000 0.013600
0.710400 0.376000 0.010400
0.481600 0.376800 0.016800
0.544000 0.376800 0.011200
0.396000 0.377600 0.013600
0.414400 0.377600 0.015200
0.426400 0.377600 0.005600
0.434400 0.377600 0.013600
0.457600 0.377600 0.016000
0.493600 0.377600 0.005600
0.502400 0.377600 0.008800
0.517600 0.377600 0.011200
0.154400 0.378400 0.024000
0.360800 0.378400 0.013600
0.407200 0.378400 0.005600
0.473600 0.378400 0.016800
0.528800 0.378400 0.005600
0.188000 0.379200 0.011200
0.236800 0.379200 0.005600
0.171200 0.380000 0.011200
0.252000 0.380000 0.012800
0.296800 0.380000 0.016000
0.321600 0.380000 0.012800
0.340000 0.380000 0.011200
0.378400 0.380000 0.011200
0.200800 0.380800 0.008800
0.228000 0.380800 0.019200
0.268000 0.380800 0.022400
0.276800 0.380800 0.016800
0.305600 0.380800 0.016800
0.214400 0.382400 0.008800
0.285600 0.383200 0.005600
0.879200 0.404800 0.021600
0.817600 0.406400 0.012800
0.864800 0.406400 0.010400
0.835200 0.407200 0.011200
0.850400 0.407200 0.009600
0.452000 0.408800 0.005600
0.569600 0.408800 0.008800
0.581600 0.408800 0.005600
0.605600 0.408800 0.011200
0.760000 0.408800 0.013600
0.790400 0.408800 0.008800
0.408800 0.409600 0.013600
0.591200 0.409600 0.008800
0.624000 0.409600 0.011200
0.657600 0.409600 0.005600
0.775200 0.409600 0.011200
0.800800 0.409600 0.008800
0.444000 0.410400 0.013600
0.502400 0.410400 0.008800
0.522400 0.410400 0.013600
0.538400 0.410400 0.012800
0.640000 0.410400 0.013600
0.648800 0.410400 0.004800
0.734400 0.410400 0.007200
0.741600 0.410400 0.014400
0.186400 0.411200 0.012800
0.299200 0.411200 0.013600
0.316800 0.411200 0.013600
0.357600 0.411200 0.005600
0.374400 0.411200 0.013600
0.428000 0.411200 0.011200
0.466400 0.411200 0.013600
0.556000 0.411200 0.008800
0.665600 0.411200 0.020800
0.332000 0.412000 0.011200
0.348000 0.412000 0.008000
0.388800 0.412000 0.011200
0.488000 0.412000 0.011200
0.684800 0.412000 0.013600
0.700000 0.412000 0.011200
0.722400 0.412000 0.016800
0.169600 0.412800 0.011200
0.282400 0.412800 0.011200
0.205600 0.413600 0.013600
0.245600 0.413600 0.016800
0.265600 0.413600 0.008800
0.308800 0.413600 0.004800
0.153600 0.414400 0.016800
0.214400 0.414400 0.005600
0.224800 0.414400 0.015200
0.232800 0.414400 0.005600
0.843200 0.440000 0.008800
0.855200 0.440000 0.007200
0.868000 0.440000 0.020000
0.873600 0.440000 0.015200
0.804000 0.440800 0.005600
0.493600 0.441600 0.011200
0.556800 0.441600 0.008800
0.825600 0.441600 0.012000
0.509600 0.442400 0.011200
0.572000 0.442400 0.011200
0.637600 0.442400 0.008800
0.650400 0.442400 0.011200
0.730400 0.442400 0.008800
0.784800 0.442400 0.005600
0.793600 0.442400 0.007200
0.811200 0.442400 0.013600
0.525600 0.443200 0.011200
0.540800 0.443200 0.011200
0.676800 0.443200 0.016800
0.743200 0.443200 0.007200
0.775200 0.443200 0.007200
0.416000 0.444000 0.018400
0.696800 0.444000 0.012800
0.715200 0.444000 0.011200
0.754400 0.444000 0.007200
0.220000 0.444800 0.016800
0.452000 0.444800 0.008800
0.464000 0.444800 0.005600
0.488000 0.444800 0.006400
0.590400 0.444800 0.011200
0.605600 0.444800 0.008800
0.620800 0.444800 0.011200
0.764800 0.444800 0.005600
0.173600 0.445600 0.013600
0.472000 0.445600 0.005600
0.155200 0.446400 0.022400
0.193600 0.446400 0.013600
0.214400 0.446400 0.016800
0.297600 0.446400 0.008800
0.384800 0.446400 0.015200
0.392800 0.446400 0.016800
0.431200 0.446400 0.016800
0.479200 0.446400 0.004800
0.240000 0.447200 0.013600
0.348000 0.447200 0.007200
0.357600 0.447200 0.017600
0.367200 0.447200 0.024000
0.439200 0.447200 0.020000
0.257600 0.448000 0.011200
0.274400 0.448000 0.011200
0.287200 0.448000 0.005600
0.336000 0.448000 0.016800
0.315200 0.449600 0.011200
0.328000 0.450400 0.005600
0.711200 0.476000 0.008800
0.610400 0.476800 0.013600
0.796800 0.476800 0.011200
0.824800 0.476800 0.005600
0.558400 0.477600 0.008800
0.724800 0.477600 0.008800
0.734400 0.477600 0.005600
0.780800 0.477600 0.011200
0.813600 0.477600 0.008800
0.631200 0.478400 0.011200
0.648000 0.478400 0.011200
0.671200 0.478400 0.016800
0.687200 0.478400 0.011200
0.752000 0.478400 0.007200
0.834400 0.478400 0.008800
0.849600 0.478400 0.011200
0.877600 0.478400 0.020800
0.392000 0.479200 0.008800
0.419200 0.479200 0.011200
0.518400 0.479200 0.011200
0.532800 0.479200 0.011200
0.548000 0.479200 0.005600
0.572800 0.479200 0.011200
0.588800 0.479200 0.013600
0.700000 0.479200 0.005600
0.741600 0.479200 0.019200
0.765600 0.479200 0.010400
0.864800 0.479200 0.011200
0.191200 0.480000 0.011200
0.404000 0.480000 0.008800
0.473600 0.480000 0.016000
0.492000 0.480000 0.019200
0.206400 0.480800 0.011200
0.377600 0.480800 0.011200
0.504800 0.480800 0.008800
0.153600 0.481600 0.016000
0.175200 0.481600 0.008800
0.221600 0.481600 0.008800
0.239200 0.481600 0.013600
0.435200 0.481600 0.024800
0.452800 0.482400 0.012800
0.262400 0.483200 0.012800
0.277600 0.483200 0.011200
0.352800 0.483200 0.022400
0.164000 0.484000 0.007200
0.294400 0.484000 0.011200
0.306400 0.484000 0.005600
0.314400 0.484000 0.005600
0.323200 0.484000 0.008800
0.336800 0.484000 0.008800
0.364800 0.484000 0.005600
0.828800 0.508800 0.008800
0.858400 0.509600 0.008800
0.868800 0.509600 0.007200
0.780000 0.510400 0.011200
0.808800 0.510400 0.019200
0.838400 0.510400 0.004800
0.720800 0.511200 0.012800
0.739200 0.511200 0.016800
0.796000 0.511200 0.008800
0.816000 0.511200 0.018400
0.846400 0.511200 0.007200
0.152800 0.512000 0.019200
0.220800 0.512000 0.013600
0.239200 0.512000 0.008800
0.673600 0.512000 0.011200
0.761600 0.512000 0.011200
0.168000 0.512800 0.011200
0.201600 0.512800 0.011200
0.608000 0.512800 0.013600
0.660800 0.512800 0.005600
0.690400 0.512800 0.008800
0.703200 0.512800 0.008800
0.749600 0.512800 0.005600
0.878400 0.512800 0.014400
0.251200 0.513600 0.007200
0.450400 0.513600 0.011200
0.591200 0.513600 0.013600
0.632800 0.513600 0.015200
0.184800 0.514400 0.011200
0.400000 0.514400 0.019200
0.524800 0.514400 0.012800
0.281600 0.515200 0.016800
0.293600 0.515200 0.005600
0.415200 0.515200 0.009600
0.430400 0.515200 0.011200
0.506400 0.515200 0.008800
0.541600 0.515200 0.009600
0.556000 0.515200 0.008800
0.570400 0.515200 0.011200
0.651200 0.515200 0.015200
0.264000 0.516000 0.011200
0.307200 0.516000 0.011200
0.336800 0.516000 0.013600
0.357600 0.516000 0.013600
0.377600 0.516000 0.011200
0.394400 0.516000 0.013600
0.465600 0.516000 0.008800
0.492800 0.516000 0.008800
0.302400 0.516800 0.014400
0.321600 0.516800 0.008800
0.480000 0.516800 0.008800
0.877600 0.542400 0.021600
0.814400 0.543200 0.011200
0.156800 0.544000 0.016800
0.710400 0.544000 0.008800
0.864800 0.544000 0.009600
0.215200 0.544800 0.008800
0.796800 0.544800 0.008800
0.828800 0.544800 0.005600
0.836000 0.544800 0.005600
0.848800 0.544800 0.010400
0.180800 0.545600 0.011200
0.404000 0.545600 0.013600
0.470400 0.545600 0.013600
0.581600 0.545600 0.012800
0.722400 0.545600 0.008800
0.741600 0.545600 0.016800
0.781600 0.545600 0.011200
0.167200 0.546400 0.005600
0.198400 0.546400 0.012800
0.231200 0.546400 0.011200
0.247200 0.546400 0.015200
0.277600 0.546400 0.008800
0.325600 0.546400 0.014400
0.367200 0.546400 0.013600
0.440800 0.546400 0.011200
0.492000 0.546400 0.008800
0.524000 0.546400 0.011200
0.560000 0.546400 0.013600
0.602400 0.546400 0.013600
0.636800 0.546400 0.008800
0.653600 0.546400 0.011200
0.266400 0.547200 0.008800
0.292000 0.547200 0.011200
0.308800 0.547200 0.011200
0.424800 0.547200 0.011200
0.454400 0.547200 0.005600
0.506400 0.547200 0.011200
0.540800 0.547200 0.012800
0.622400 0.547200 0.011200
0.668800 0.547200 0.005600
0.679200 0.547200 0.008800
0.695200 0.547200 0.011200
0.333600 0.548000 0.019200
0.347200 0.548000 0.011200
0.385600 0.548000 0.012800
0.482400 0.548000 0.005600
0.757600 0.548000 0.016000
0.412000 0.549600 0.005600
0.446400 0.549600 0.005600
0.840800 0.576800 0.011200
0.860000 0.576800 0.012800
0.876000 0.576800 0.027200
0.593600 0.577600 0.005600
0.543200 0.578400 0.005600
0.551200 0.578400 0.005600
0.560800 0.578400 0.005600
0.569600 0.578400 0.020800
0.583200 0.578400 0.008800
0.604800 0.578400 0.008800
0.619200 0.578400 0.008800
0.628800 0.578400 0.005600
0.676800 0.578400 0.008800
0.693600 0.578400 0.013600
0.808000 0.578400 0.013600
0.160000 0.579200 0.024800
0.534400 0.579200 0.006400
0.644800 0.579200 0.013600
0.661600 0.579200 0.011200
0.823200 0.579200 0.011200
0.176000 0.580000 0.011200
0.199200 0.580000 0.015200
0.219200 0.580000 0.013600
0.522400 0.580000 0.007200
0.799200 0.580000 0.004800
0.294400 0.580800 0.015200
0.317600 0.580800 0.011200
0.371200 0.580800 0.015200
0.382400 0.580800 0.005600
0.482400 0.580800 0.008800
0.514400 0.580800 0.004800
0.636000 0.580800 0.004800
0.715200 0.580800 0.012800
0.239200 0.581600 0.011200
0.254400 0.581600 0.011200
0.271200 0.581600 0.013600
0.334400 0.581600 0.012800
0.420800 0.581600 0.008800
0.493600 0.581600 0.005600
0.505600 0.581600 0.022400
0.732800 0.581600 0.011200
0.748800 0.581600 0.013600
0.303200 0.582400 0.022400
0.352800 0.582400 0.008800
0.392000 0.582400 0.008800
0.434400 0.582400 0.007200
0.444800 0.582400 0.008800
0.468800 0.582400 0.005600
0.767200 0.582400 0.007200
0.776800 0.582400 0.004800
0.366400 0.583200 0.013600
0.406400 0.583200 0.008800
0.460000 0.583200 0.008800
0.756000 0.583200 0.005600
0.784800 0.583200 0.005600
0.792800 0.584000 0.003200
