1063.000000 81.000000 23.000000
267.000000 82.000000 11.000000
285.000000 82.000000 14.000000
244.000000 83.000000 31.000000
309.000000 83.000000 14.000000
331.000000 86.000000 33.000000
1059.000000 132.000000 28.000000
266.000000 133.000000 21.000000
696.000000 133.000000 31.000000
994.000000 133.000000 17.000000
1071.000000 133.000000 31.000000
1092.000000 133.000000 28.000000
243.000000 134.000000 16.000000
291.000000 134.000000 34.000000
704.000000 134.000000 31.000000
858.000000 134.000000 7.000000
924.000000 134.000000 28.000000
1038.000000 134.000000 17.000000
308.000000 135.000000 30.000000
320.000000 135.000000 27.000000
376.000000 135.000000 14.000000
436.000000 135.000000 14.000000
456.000000 135.000000 14.000000
488.000000 135.000000 25.000000
560.000000 135.000000 17.000000
604.000000 135.000000 17.000000
627.000000 135.000000 24.000000
658.000000 135.000000 31.000000
905.000000 135.000000 21.000000
929.000000 135.000000 21.000000
1020.000000 135.000000 17.000000
340.000000 136.000000 28.000000
358.000000 136.000000 14.000000
392.000000 136.000000 21.000000
507.000000 136.000000 24.000000
515.000000 136.000000 21.000000
539.000000 136.000000 14.000000
679.000000 136.000000 14.000000
723.000000 136.000000 14.000000
744.000000 136.000000 14.000000
804.000000 136.000000 14.000000
876.000000 136.000000 23.000000
953.000000 136.000000 17.000000
974.000000 136.000000 11.000000
224.000000 137.000000 13.000000
586.000000 137.000000 14.000000
762.000000 137.000000 14.000000
782.000000 137.000000 14.000000
825.000000 137.000000 14.000000
846.000000 137.000000 11.000000
205.000000 138.000000 28.000000
283.000000 138.000000 5.000000
418.000000 138.000000 14.000000
1043.000000 171.000000 14.000000
1079.000000 171.000000 27.000000
1061.000000 172.000000 11.000000
1088.000000 172.000000 20.000000
1021.000000 174.000000 17.000000
909.000000 175.000000 14.000000
931.000000 175.000000 11.000000
956.000000 175.000000 21.000000
976.000000 175.000000 14.000000
999.000000 175.000000 19.000000
887.000000 176.000000 14.000000
208.000000 177.000000 21.000000
229.000000 178.000000 16.000000
255.000000 178.000000 16.000000
650.000000 178.000000 17.000000
704.000000 178.000000 24.000000
723.000000 178.000000 21.000000
755.000000 178.000000 26.000000
771.000000 178.000000 11.000000
788.000000 178.000000 24.000000
276.000000 179.000000 14.000000
292.000000 179.000000 26.000000
447.000000 179.000000 21.000000
730.000000 179.000000 21.000000
857.000000 179.000000 14.000000
301.000000 180.000000 18.000000
325.000000 180.000000 19.000000
352.000000 180.000000 21.000000
542.000000 180.000000 14.000000
675.000000 180.000000 17.000000
798.000000 180.000000 6.000000
812.000000 180.000000 18.000000
836.000000 180.000000 14.000000
872.000000 180.000000 7.000000
417.000000 181.000000 17.000000
466.000000 181.000000 23.000000
479.000000 181.000000 24.000000
496.000000 181.000000 17.000000
521.000000 181.000000 15.000000
566.000000 181.000000 17.000000
588.000000 181.000000 14.000000
627.000000 181.000000 11.000000
312.000000 182.000000 7.000000
394.000000 182.000000 21.000000
609.000000 183.000000 14.000000
1038.000000 214.000000 14.000000
1057.000000 214.000000 14.000000
1083.000000 214.000000 21.000000
234.000000 215.000000 21.000000
917.000000 215.000000 14.000000
971.000000 215.000000 11.000000
992.000000 215.000000 16.000000
1014.000000 215.000000 17.000000
207.000000 216.000000 21.000000
938.000000 216.000000 14.000000
219.000000 217.000000 24.000000
244.000000 217.000000 28.000000
285.000000 217.000000 21.000000
960.000000 217.000000 21.000000
298.000000 218.000000 7.000000
599.000000 218.000000 16.000000
755.000000 218.000000 14.000000
795.000000 218.000000 7.000000
832.000000 218.000000 14.000000
856.000000 218.000000 14.000000
877.000000 218.000000 14.000000
898.000000 218.000000 14.000000
264.000000 219.000000 14.000000
349.000000 219.000000 9.000000
735.000000 219.000000 16.000000
780.000000 219.000000 22.000000
811.000000 219.000000 11.000000
314.000000 220.000000 14.000000
334.000000 220.000000 11.000000
366.000000 220.000000 14.000000
455.000000 220.000000 17.000000
478.000000 220.000000 17.000000
580.000000 220.000000 7.000000
409.000000 221.000000 14.000000
498.000000 221.000000 14.000000
622.000000 221.000000 17.000000
641.000000 221.000000 14.000000
690.000000 221.000000 17.000000
712.000000 221.000000 14.000000
387.000000 222.000000 14.000000
432.000000 222.000000 17.000000
532.000000 222.000000 7.000000
568.000000 222.000000 19.000000
664.000000 222.000000 14.000000
518.000000 223.000000 14.000000
545.000000 223.000000 21.000000
209.000000 257.000000 21.000000
905.000000 257.000000 10.000000
874.000000 258.000000 14.000000
891.000000 258.000000 10.000000
922.000000 258.000000 11.000000
947.000000 258.000000 21.000000
1021.000000 258.000000 7.000000
1038.000000 258.000000 14.000000
233.000000 259.000000 14.000000
256.000000 259.000000 21.000000
853.000000 259.000000 14.000000
938.000000 259.000000 25.000000
988.000000 259.000000 14.000000
1008.000000 259.000000 21.000000
273.000000 260.000000 7.000000
313.000000 260.000000 21.000000
627.000000 260.000000 17.000000
653.000000 260.000000 17.000000
734.000000 260.000000 11.000000
753.000000 260.000000 14.000000
832.000000 260.000000 14.000000
968.000000 260.000000 14.000000
285.000000 261.000000 11.000000
301.000000 261.000000 9.000000
449.000000 261.000000 17.000000
553.000000 261.000000 21.000000
706.000000 261.000000 21.000000
721.000000 261.000000 7.000000
793.000000 261.000000 9.000000
1058.000000 261.000000 14.000000
1073.000000 261.000000 9.000000
1087.000000 261.000000 21.000000
416.000000 262.000000 24.000000
468.000000 262.000000 14.000000
697.000000 262.000000 6.000000
772.000000 262.000000 17.000000
334.000000 263.000000 14.000000
379.000000 263.000000 16.000000
491.000000 263.000000 14.000000
510.000000 263.000000 14.000000
602.000000 263.000000 17.000000
681.000000 263.000000 21.000000
781.000000 263.000000 19.000000
810.000000 263.000000 14.000000
401.000000 264.000000 14.000000
583.000000 264.000000 14.000000
356.000000 265.000000 14.000000
531.000000 265.000000 14.000000
433.000000 273.000000 8.000000
1036.000000 298.000000 17.000000
209.000000 300.000000 28.000000
379.000000 300.000000 14.000000
999.000000 300.000000 21.000000
1012.000000 300.000000 24.000000
1060.000000 300.000000 17.000000
249.000000 301.000000 14.000000
291.000000 301.000000 7.000000
585.000000 301.000000 17.000000
614.000000 301.000000 19.000000
796.000000 301.000000 7.000000
1084.000000 301.000000 21.000000
273.000000 302.000000 15.000000
310.000000 302.000000 17.000000
337.000000 302.000000 19.000000
451.000000 302.000000 11.000000
860.000000 302.000000 7.000000
977.000000 302.000000 15.000000
358.000000 303.000000 14.000000
401.000000 303.000000 23.000000
434.000000 303.000000 26.000000
645.000000 303.000000 21.000000
671.000000 303.000000 17.000000
765.000000 303.000000 17.000000
784.000000 303.000000 30.000000
821.000000 303.000000 21.000000
845.000000 303.000000 21.000000
875.000000 303.000000 14.000000
898.000000 303.000000 14.000000
955.000000 303.000000 21.000000
227.000000 304.000000 31.000000
327.000000 304.000000 22.000000
415.000000 304.000000 26.000000
467.000000 304.000000 11.000000
485.000000 304.000000 17.000000
562.000000 304.000000 14.000000
809.000000 304.000000 9.000000
513.000000 305.000000 20.000000
698.000000 305.000000 17.000000
741.000000 305.000000 14.000000
915.000000 305.000000 11.000000
932.000000 305.000000 24.000000
540.000000 306.000000 14.000000
722.000000 306.000000 13.000000
1018.000000 340.000000 14.000000
390.000000 341.000000 11.000000
431.000000 341.000000 9.000000
1039.000000 341.000000 14.000000
209.000000 342.000000 17.000000
231.000000 342.000000 21.000000
403.000000 342.000000 11.000000
999.000000 342.000000 11.000000
1060.000000 342.000000 16.000000
242.000000 343.000000 23.000000
267.000000 343.000000 20.000000
348.000000 343.000000 17.000000
354.000000 343.000000 17.000000
374.000000 343.000000 14.000000
417.000000 343.000000 11.000000
923.000000 343.000000 11.000000
943.000000 343.000000 14.000000
963.000000 343.000000 14.000000
983.000000 343.000000 14.000000
1083.000000 343.000000 17.000000
278.000000 344.000000 28.000000
297.000000 344.000000 14.000000
320.000000 344.000000 19.000000
442.000000 344.000000 21.000000
704.000000 344.000000 14.000000
890.000000 344.000000 14.000000
330.000000 345.000000 23.000000
460.000000 345.000000 14.000000
724.000000 345.000000 14.000000
909.000000 345.000000 9.000000
477.000000 346.000000 11.000000
513.000000 346.000000 14.000000
538.000000 346.000000 17.000000
577.000000 346.000000 24.000000
603.000000 346.000000 19.000000
614.000000 346.000000 7.000000
656.000000 346.000000 17.000000
744.000000 346.000000 14.000000
766.000000 346.000000 21.000000
870.000000 346.000000 14.000000
494.000000 347.000000 14.000000
561.000000 347.000000 27.000000
592.000000 347.000000 7.000000
634.000000 347.000000 17.000000
683.000000 347.000000 17.000000
793.000000 347.000000 19.000000
816.000000 347.000000 17.000000
836.000000 347.000000 14.000000
803.000000 348.000000 7.000000
853.000000 349.000000 11.000000
216.000000 382.000000 24.000000
243.000000 383.000000 14.000000
364.000000 383.000000 11.000000
401.000000 383.000000 7.000000
1056.000000 383.000000 14.000000
1082.000000 383.000000 21.000000
348.000000 384.000000 7.000000
1013.000000 384.000000 17.000000
1036.000000 384.000000 17.000000
380.000000 385.000000 26.000000
474.000000 385.000000 21.000000
1095.000000 385.000000 30.000000
264.000000 386.000000 14.000000
283.000000 386.000000 13.000000
303.000000 386.000000 14.000000
326.000000 386.000000 18.000000
339.000000 386.000000 6.000000
388.000000 386.000000 18.000000
411.000000 386.000000 26.000000
446.000000 386.000000 14.000000
460.000000 386.000000 7.000000
550.000000 386.000000 17.000000
619.000000 386.000000 16.000000
704.000000 386.000000 17.000000
724.000000 386.000000 13.000000
745.000000 386.000000 14.000000
768.000000 386.000000 17.000000
860.000000 386.000000 20.000000
929.000000 386.000000 11.000000
966.000000 386.000000 14.000000
988.000000 386.000000 17.000000
428.000000 387.000000 11.000000
574.000000 387.000000 17.000000
599.000000 387.000000 14.000000
671.000000 387.000000 21.000000
682.000000 387.000000 24.000000
906.000000 387.000000 17.000000
945.000000 387.000000 27.000000
498.000000 388.000000 16.000000
833.000000 388.000000 11.000000
885.000000 388.000000 14.000000
522.000000 389.000000 17.000000
649.000000 389.000000 20.000000
798.000000 389.000000 21.000000
818.000000 389.000000 23.000000
242.000000 423.000000 6.000000
208.000000 424.000000 20.000000
231.000000 424.000000 17.000000
252.000000 424.000000 6.000000
263.000000 425.000000 11.000000
281.000000 425.000000 11.000000
804.000000 425.000000 14.000000
1065.000000 425.000000 14.000000
296.000000 426.000000 7.000000
393.000000 426.000000 16.000000
581.000000 426.000000 15.000000
1046.000000 426.000000 14.000000
1087.000000 426.000000 24.000000
312.000000 427.000000 14.000000
358.000000 427.000000 11.000000
372.000000 427.000000 24.000000
531.000000 427.000000 15.000000
551.000000 427.000000 7.000000
601.000000 427.000000 9.000000
770.000000 427.000000 17.000000
788.000000 427.000000 10.000000
823.000000 427.000000 17.000000
849.000000 427.000000 21.000000
865.000000 427.000000 9.000000
879.000000 427.000000 23.000000
1098.000000 427.000000 23.000000
332.000000 428.000000 21.000000
343.000000 428.000000 22.000000
415.000000 428.000000 11.000000
447.000000 428.000000 11.000000
493.000000 428.000000 14.000000
561.000000 428.000000 21.000000
615.000000 428.000000 11.000000
746.000000 428.000000 20.000000
896.000000 428.000000 9.000000
1027.000000 428.000000 14.000000
429.000000 429.000000 11.000000
461.000000 429.000000 7.000000
473.000000 429.000000 11.000000
632.000000 429.000000 14.000000
671.000000 429.000000 11.000000
686.000000 429.000000 8.000000
721.000000 429.000000 17.000000
992.000000 429.000000 24.000000
1008.000000 429.000000 11.000000
514.000000 430.000000 14.000000
653.000000 430.000000 14.000000
700.000000 430.000000 21.000000
910.000000 430.000000 11.000000
931.000000 430.000000 14.000000
949.000000 430.000000 11.000000
963.000000 431.000000 21.000000
975.000000 431.000000 24.000000
203.000000 464.000000 22.000000
233.000000 466.000000 14.000000
764.000000 466.000000 16.000000
215.000000 467.000000 11.000000
252.000000 467.000000 14.000000
314.000000 467.000000 11.000000
347.000000 467.000000 14.000000
744.000000 467.000000 16.000000
873.000000 467.000000 16.000000
1080.000000 467.000000 21.000000
283.000000 468.000000 10.000000
330.000000 468.000000 9.000000
422.000000 468.000000 19.000000
539.000000 468.000000 17.000000
720.000000 468.000000 14.000000
788.000000 468.000000 11.000000
808.000000 468.000000 14.000000
269.000000 469.000000 9.000000
298.000000 469.000000 11.000000
364.000000 469.000000 21.000000
392.000000 469.000000 21.000000
514.000000 469.000000 17.000000
569.000000 469.000000 19.000000
625.000000 469.000000 18.000000
651.000000 469.000000 14.000000
673.000000 469.000000 14.000000
828.000000 469.000000 14.000000
928.000000 469.000000 17.000000
978.000000 469.000000 17.000000
1053.000000 469.000000 17.000000
374.000000 470.000000 21.000000
487.000000 470.000000 16.000000
594.000000 470.000000 19.000000
698.000000 470.000000 16.000000
850.000000 470.000000 14.000000
892.000000 470.000000 9.000000
954.000000 470.000000 17.000000
1005.000000 470.000000 19.000000
1032.000000 470.000000 14.000000
454.000000 471.000000 21.000000
907.000000 471.000000 14.000000
846.000000 506.000000 7.000000
863.000000 507.000000 17.000000
935.000000 507.000000 14.000000
229.000000 508.000000 14.000000
367.000000 508.000000 11.000000
803.000000 508.000000 20.000000
912.000000 508.000000 16.000000
954.000000 508.000000 14.000000
985.000000 508.000000 21.000000
1014.000000 508.000000 14.000000
207.000000 509.000000 21.000000
262.000000 509.000000 23.000000
508.000000 509.000000 14.000000
704.000000 509.000000 17.000000
777.000000 509.000000 17.000000
809.000000 509.000000 22.000000
833.000000 509.000000 21.000000
889.000000 509.000000 14.000000
1079.000000 509.000000 21.000000
250.000000 510.000000 21.000000
277.000000 510.000000 9.000000
296.000000 510.000000 17.000000
346.000000 510.000000 16.000000
382.000000 510.000000 9.000000
417.000000 510.000000 14.000000
434.000000 510.000000 11.000000
536.000000 510.000000 19.000000
609.000000 510.000000 14.000000
630.000000 510.000000 14.000000
672.000000 510.000000 11.000000
684.000000 510.000000 11.000000
1034.000000 510.000000 14.000000
1056.000000 510.000000 14.000000
398.000000 511.000000 11.000000
442.000000 511.000000 17.000000
466.000000 511.000000 17.000000
488.000000 511.000000 14.000000
561.000000 511.000000 14.000000
582.000000 511.000000 19.000000
653.000000 511.000000 14.000000
733.000000 511.000000 17.000000
752.000000 511.000000 14.000000
323.000000 512.000000 17.000000
714.000000 512.000000 6.000000
209.000000 547.000000 21.000000
266.000000 549.000000 14.000000
287.000000 549.000000 14.000000
1035.000000 549.000000 17.000000
239.000000 550.000000 21.000000
864.000000 550.000000 9.000000
903.000000 550.000000 17.000000
951.000000 550.000000 14.000000
306.000000 551.000000 14.000000
349.000000 551.000000 17.000000
369.000000 551.000000 28.000000
383.000000 551.000000 23.000000
518.000000 551.000000 14.000000
535.000000 551.000000 11.000000
780.000000 551.000000 17.000000
927.000000 551.000000 17.000000
1045.000000 551.000000 24.000000
326.000000 552.000000 14.000000
438.000000 552.000000 19.000000
481.000000 552.000000 9.000000
498.000000 552.000000 12.000000
552.000000 552.000000 11.000000
848.000000 552.000000 14.000000
876.000000 552.000000 20.000000
979.000000 552.000000 24.000000
1000.000000 552.000000 11.000000
1014.000000 552.000000 11.000000
1064.000000 552.000000 14.000000
412.000000 553.000000 17.000000
465.000000 553.000000 14.000000
567.000000 553.000000 24.000000
580.000000 553.000000 21.000000
669.000000 553.000000 19.000000
753.000000 553.000000 21.000000
826.000000 553.000000 16.000000
1082.000000 553.000000 27.000000
600.000000 554.000000 11.000000
614.000000 554.000000 9.000000
700.000000 554.000000 17.000000
804.000000 554.000000 14.000000
627.000000 555.000000 11.000000
646.000000 555.000000 14.000000
720.000000 555.000000 24.000000
205.000000 588.000000 23.000000
260.000000 590.000000 17.000000
289.000000 590.000000 19.000000
342.000000 590.000000 18.000000
394.000000 590.000000 21.000000
568.000000 590.000000 17.000000
633.000000 590.000000 17.000000
848.000000 590.000000 7.000000
218.000000 591.000000 11.000000
238.000000 591.000000 14.000000
309.000000 591.000000 11.000000
322.000000 591.000000 21.000000
366.000000 591.000000 17.000000
410.000000 591.000000 11.000000
428.000000 591.000000 14.000000
501.000000 591.000000 17.000000
541.000000 591.000000 14.000000
591.000000 591.000000 14.000000
612.000000 591.000000 14.000000
679.000000 591.000000 11.000000
829.000000 591.000000 16.000000
353.000000 592.000000 7.000000
447.000000 592.000000 11.000000
477.000000 592.000000 14.000000
523.000000 592.000000 14.000000
859.000000 592.000000 19.000000
901.000000 592.000000 7.000000
913.000000 592.000000 11.000000
954.000000 592.000000 24.000000
1030.000000 592.000000 14.000000
663.000000 593.000000 19.000000
742.000000 593.000000 14.000000
763.000000 593.000000 14.000000
805.000000 593.000000 14.000000
880.000000 593.000000 17.000000
932.000000 593.000000 14.000000
967.000000 593.000000 26.000000
986.000000 593.000000 14.000000
1011.000000 593.000000 17.000000
1078.000000 593.000000 20.000000
462.000000 594.000000 9.000000
700.000000 594.000000 17.000000
722.000000 594.000000 17.000000
1051.000000 594.000000 14.000000
785.000000 595.000000 14.000000
262.000000 628.000000 24.000000
205.000000 629.000000 19.000000
285.000000 629.000000 17.000000
613.000000 629.000000 14.000000
719.000000 629.000000 11.000000
847.000000 629.000000 7.000000
942.000000 629.000000 17.000000
987.000000 629.000000 9.000000
230.000000 630.000000 14.000000
251.000000 630.000000 21.000000
301.000000 630.000000 11.000000
356.000000 630.000000 9.000000
464.000000 630.000000 21.000000
592.000000 630.000000 16.000000
658.000000 630.000000 14.000000
703.000000 630.000000 21.000000
737.000000 630.000000 25.000000
813.000000 630.000000 13.000000
832.000000 630.000000 11.000000
972.000000 630.000000 21.000000
338.000000 631.000000 14.000000
369.000000 631.000000 11.000000
443.000000 631.000000 14.000000
568.000000 631.000000 14.000000
635.000000 631.000000 16.000000
678.000000 631.000000 11.000000
858.000000 631.000000 17.000000
921.000000 631.000000 17.000000
1003.000000 631.000000 14.000000
1027.000000 631.000000 17.000000
1050.000000 631.000000 14.000000
317.000000 632.000000 14.000000
420.000000 632.000000 21.000000
542.000000 632.000000 19.000000
794.000000 632.000000 14.000000
878.000000 632.000000 14.000000
897.000000 632.000000 17.000000
1075.000000 632.000000 20.000000
408.000000 633.000000 9.000000
493.000000 633.000000 14.000000
515.000000 633.000000 17.000000
771.000000 633.000000 16.000000
390.000000 635.000000 14.000000
753.000000 635.000000 31.000000
