0.845600 0.064800 0.024000
0.834400 0.066400 0.022400
0.194400 0.067200 0.026400
0.214400 0.068800 0.011200
0.231200 0.069600 0.013600
0.248800 0.069600 0.027200
0.260000 0.071200 0.020800
0.227200 0.104000 0.016800
0.240000 0.104000 0.008800
0.569600 0.104000 0.010400
0.738400 0.104000 0.010400
0.769600 0.104000 0.011200
0.832000 0.104000 0.008000
0.844800 0.104000 0.008800
0.254400 0.104800 0.016800
0.275200 0.104800 0.016800
0.291200 0.104800 0.005600
0.332000 0.104800 0.008800
0.390400 0.104800 0.013600
0.554400 0.104800 0.008800
0.696000 0.104800 0.008800
0.753600 0.104800 0.008800
0.784800 0.104800 0.008800
0.820800 0.104800 0.007200
0.856800 0.104800 0.007200
0.867200 0.104800 0.017600
0.206400 0.105600 0.018400
0.219200 0.105600 0.017600
0.264000 0.105600 0.005600
0.300000 0.105600 0.016800
0.316000 0.105600 0.011200
0.360800 0.105600 0.008800
0.372800 0.105600 0.007200
0.381600 0.105600 0.004800
0.407200 0.105600 0.011200
0.420800 0.105600 0.008800
0.433600 0.105600 0.008800
0.442400 0.105600 0.016800
0.520000 0.105600 0.011200
0.534400 0.105600 0.008800
0.683200 0.105600 0.008800
0.722400 0.105600 0.008800
0.796800 0.105600 0.008800
0.156800 0.106400 0.016000
0.167200 0.106400 0.005600
0.176800 0.106400 0.013600
0.193600 0.106400 0.011200
0.346400 0.106400 0.010400
0.455200 0.106400 0.004000
0.502400 0.106400 0.008800
0.544800 0.106400 0.005600
0.583200 0.106400 0.005600
0.590400 0.106400 0.005600
0.601600 0.106400 0.015200
0.664000 0.106400 0.012000
0.708800 0.106400 0.008800
0.809600 0.106400 0.008800
0.448800 0.107200 0.004000
0.473600 0.107200 0.008800
0.488800 0.107200 0.008800
0.462400 0.108000 0.005600
0.618400 0.108000 0.011200
0.632800 0.108000 0.008800
0.648800 0.108000 0.011200
0.165600 0.134400 0.005600
0.176800 0.134400 0.016800
0.220000 0.134400 0.019200
0.275200 0.134400 0.013600
0.329600 0.134400 0.009600
0.154400 0.135200 0.015200
0.256000 0.135200 0.013600
0.315200 0.135200 0.008800
0.412800 0.135200 0.008800
0.425600 0.135200 0.007200
0.196000 0.136000 0.016000
0.235200 0.136000 0.011200
0.248800 0.136000 0.005600
0.300000 0.136000 0.016800
0.344800 0.136000 0.008800
0.358400 0.136000 0.008800
0.398400 0.136000 0.011200
0.522400 0.136000 0.011200
0.809600 0.136000 0.011200
0.208000 0.136800 0.004800
0.368000 0.136800 0.018400
0.380800 0.136800 0.015200
0.436000 0.136800 0.019200
0.505600 0.136800 0.011200
0.583200 0.136800 0.017600
0.663200 0.136800 0.016800
0.708000 0.136800 0.008800
0.720000 0.136800 0.007200
0.731200 0.136800 0.008800
0.790400 0.136800 0.016000
0.449600 0.137600 0.011200
0.471200 0.137600 0.013600
0.488800 0.137600 0.011200
0.542400 0.137600 0.011200
0.571200 0.137600 0.005600
0.640000 0.137600 0.013600
0.684000 0.137600 0.016800
0.743200 0.137600 0.005600
0.752800 0.137600 0.016800
0.768800 0.137600 0.008800
0.833600 0.137600 0.008800
0.864000 0.137600 0.013600
0.559200 0.138400 0.011200
0.695200 0.138400 0.019200
0.780000 0.138400 0.005600
0.847200 0.138400 0.008800
0.607200 0.139200 0.015200
0.624800 0.139200 0.011200
0.823200 0.139200 0.007200
0.161600 0.166400 0.021600
0.153600 0.167200 0.016800
0.177600 0.167200 0.016800
0.200000 0.167200 0.011200
0.186400 0.168000 0.019200
0.216800 0.168800 0.008800
0.246400 0.168800 0.011200
0.292000 0.168800 0.016800
0.354400 0.168800 0.011200
0.396800 0.168800 0.008800
0.415200 0.168800 0.013600
0.494400 0.168800 0.012800
0.713600 0.168800 0.016800
0.231200 0.169600 0.008800
0.267200 0.169600 0.013600
0.309600 0.169600 0.008800
0.323200 0.169600 0.008800
0.338400 0.169600 0.010400
0.372800 0.169600 0.013600
0.456000 0.169600 0.012800
0.475200 0.169600 0.011200
0.512800 0.169600 0.011200
0.532000 0.169600 0.012800
0.550400 0.169600 0.012800
0.678400 0.169600 0.008800
0.429600 0.170400 0.019200
0.437600 0.170400 0.016800
0.581600 0.170400 0.011200
0.692000 0.170400 0.008800
0.836800 0.170400 0.008800
0.872000 0.170400 0.013600
0.379200 0.171200 0.005600
0.387200 0.171200 0.004800
0.569600 0.171200 0.008800
0.600800 0.171200 0.012800
0.633600 0.171200 0.016800
0.655200 0.171200 0.016800
0.731200 0.171200 0.013600
0.752800 0.171200 0.011200
0.776000 0.171200 0.019200
0.790400 0.171200 0.011200
0.805600 0.171200 0.008800
0.820800 0.171200 0.011200
0.855200 0.171200 0.013600
0.616800 0.172000 0.011200
0.661600 0.172000 0.013600
0.846400 0.172000 0.005600
0.157600 0.202400 0.016800
0.790400 0.202400 0.013600
0.826400 0.203200 0.016800
0.178400 0.204000 0.016000
0.197600 0.204000 0.013600
0.584800 0.204000 0.015200
0.721600 0.204000 0.011200
0.805600 0.204000 0.011200
0.819200 0.204000 0.020800
0.841600 0.204000 0.011200
0.856800 0.204000 0.008800
0.220800 0.204800 0.016000
0.332000 0.204800 0.013600
0.351200 0.204800 0.012800
0.564000 0.204800 0.013600
0.607200 0.204800 0.011200
0.625600 0.204800 0.012800
0.752000 0.204800 0.008800
0.768800 0.204800 0.012800
0.240800 0.205600 0.011200
0.270400 0.205600 0.011200
0.287200 0.205600 0.011200
0.309600 0.205600 0.015200
0.418400 0.205600 0.011200
0.434400 0.205600 0.008800
0.461600 0.205600 0.011200
0.642400 0.205600 0.010400
0.657600 0.205600 0.011200
0.674400 0.205600 0.013600
0.708800 0.205600 0.004800
0.870400 0.205600 0.011200
0.256000 0.206400 0.011200
0.370400 0.206400 0.011200
0.392800 0.206400 0.018400
0.477600 0.206400 0.016800
0.483200 0.206400 0.016800
0.516800 0.206400 0.011200
0.545600 0.206400 0.013600
0.700800 0.206400 0.005600
0.738400 0.206400 0.011200
0.407200 0.207200 0.005600
0.447200 0.207200 0.005600
0.499200 0.207200 0.011200
0.529600 0.207200 0.008800
0.693600 0.208000 0.019200
0.725600 0.236000 0.016800
0.834400 0.236000 0.011200
0.816800 0.236800 0.016800
0.849600 0.236800 0.008800
0.864000 0.236800 0.020800
0.780800 0.237600 0.008000
0.156000 0.238400 0.019200
0.601600 0.238400 0.024800
0.621600 0.238400 0.012800
0.708800 0.238400 0.013600
0.794400 0.238400 0.008800
0.805600 0.238400 0.005600
0.231200 0.239200 0.016800
0.294400 0.239200 0.011200
0.585600 0.239200 0.008800
0.640000 0.239200 0.016800
0.736000 0.239200 0.007200
0.749600 0.239200 0.008800
0.760000 0.239200 0.007200
0.771200 0.239200 0.007200
0.212800 0.240000 0.005600
0.241600 0.240000 0.022400
0.391200 0.240000 0.011200
0.402400 0.240000 0.008800
0.420000 0.240000 0.011200
0.496000 0.240000 0.016800
0.513600 0.240000 0.016800
0.535200 0.240000 0.019200
0.551200 0.240000 0.011200
0.648800 0.240000 0.020800
0.676800 0.240000 0.008800
0.692800 0.240000 0.012800
0.167200 0.240800 0.022400
0.185600 0.240800 0.012800
0.203200 0.240800 0.008800
0.261600 0.240800 0.012800
0.279200 0.240800 0.011200
0.312000 0.240800 0.011200
0.329600 0.240800 0.011200
0.344800 0.240800 0.008800
0.375200 0.240800 0.013600
0.436800 0.240800 0.011200
0.454400 0.240800 0.013600
0.475200 0.240800 0.011200
0.571200 0.240800 0.013600
0.664000 0.240800 0.008800
0.356800 0.241600 0.005600
0.367200 0.242400 0.016800
0.859200 0.267200 0.008800
0.870400 0.268800 0.020000
0.810400 0.269600 0.010400
0.827200 0.269600 0.011200
0.844000 0.270400 0.022400
0.160800 0.271200 0.016800
0.199200 0.272000 0.011200
0.778400 0.272000 0.011200
0.179200 0.272800 0.012800
0.212000 0.272800 0.008800
0.647200 0.272800 0.011200
0.794400 0.272800 0.011200
0.228000 0.273600 0.013600
0.245600 0.273600 0.011200
0.452800 0.273600 0.011200
0.696000 0.273600 0.008800
0.712000 0.273600 0.010400
0.743200 0.273600 0.011200
0.760000 0.273600 0.011200
0.263200 0.274400 0.011200
0.466400 0.274400 0.007200
0.489600 0.274400 0.019200
0.509600 0.274400 0.012800
0.664000 0.274400 0.012800
0.284800 0.275200 0.016000
0.304000 0.275200 0.016000
0.396800 0.275200 0.016800
0.548000 0.275200 0.013600
0.681600 0.275200 0.011200
0.327200 0.276000 0.011200
0.343200 0.276000 0.011200
0.360000 0.276000 0.011200
0.388000 0.276000 0.005600
0.411200 0.276000 0.019200
0.526400 0.276000 0.013600
0.596800 0.276000 0.016800
0.632800 0.276000 0.005600
0.726400 0.276000 0.008800
0.376800 0.276800 0.008800
0.420000 0.276800 0.022400
0.567200 0.276800 0.013600
0.584000 0.276800 0.011200
0.604800 0.276800 0.016800
0.435200 0.277600 0.011200
0.616000 0.277600 0.007200
0.625600 0.278400 0.005600
0.171200 0.305600 0.013600
0.843200 0.305600 0.008800
0.854400 0.305600 0.007200
0.863200 0.305600 0.005600
0.872800 0.305600 0.014400
0.194400 0.306400 0.013600
0.155200 0.307200 0.024800
0.236000 0.307200 0.005600
0.248000 0.307200 0.008800
0.344000 0.307200 0.005600
0.826400 0.307200 0.012800
0.209600 0.308000 0.008800
0.224000 0.308000 0.009600
0.273600 0.308000 0.011200
0.768800 0.308000 0.016800
0.789600 0.308000 0.015200
0.256800 0.308800 0.016800
0.286400 0.308800 0.005600
0.310400 0.308800 0.011200
0.328000 0.308800 0.012800
0.409600 0.308800 0.013600
0.429600 0.308800 0.012800
0.459200 0.308800 0.011200
0.524000 0.308800 0.012800
0.607200 0.308800 0.011200
0.296000 0.309600 0.008800
0.335200 0.309600 0.005600
0.374400 0.309600 0.008800
0.444800 0.309600 0.008800
0.472000 0.309600 0.020800
0.505600 0.309600 0.015200
0.590400 0.309600 0.011200
0.639200 0.309600 0.012800
0.685600 0.309600 0.013600
0.807200 0.309600 0.011200
0.358400 0.310400 0.011200
0.389600 0.310400 0.011200
0.486400 0.310400 0.013600
0.546400 0.310400 0.016800
0.576000 0.310400 0.011200
0.622400 0.310400 0.008800
0.656000 0.310400 0.011200
0.671200 0.310400 0.011200
0.724800 0.310400 0.016000
0.746400 0.310400 0.016800
0.560000 0.311200 0.008800
0.705600 0.311200 0.016800
0.274400 0.339200 0.016800
0.172800 0.340000 0.011200
0.284000 0.340000 0.005600
0.565600 0.340000 0.011200
0.584800 0.340000 0.013600
0.257600 0.340800 0.011200
0.534400 0.340800 0.008800
0.549600 0.340800 0.011200
0.786400 0.340800 0.011200
0.156800 0.341600 0.013600
0.192000 0.341600 0.013600
0.240000 0.341600 0.013600
0.448800 0.341600 0.015200
0.489600 0.341600 0.016800
0.504000 0.341600 0.011200
0.522400 0.341600 0.011200
0.600000 0.341600 0.011200
0.208000 0.342400 0.008800
0.221600 0.342400 0.011200
0.297600 0.342400 0.011200
0.316000 0.342400 0.013600
0.464800 0.342400 0.013600
0.472000 0.342400 0.005600
0.481600 0.342400 0.005600
0.758400 0.342400 0.011200
0.773600 0.342400 0.011200
0.808000 0.342400 0.016800
0.819200 0.342400 0.005600
0.828800 0.342400 0.008800
0.842400 0.342400 0.019200
0.848000 0.342400 0.013600
0.336000 0.343200 0.013600
0.357600 0.343200 0.013600
0.398400 0.343200 0.019200
0.412000 0.343200 0.011200
0.427200 0.343200 0.008800
0.616000 0.343200 0.011200
0.664800 0.343200 0.005600
0.676800 0.343200 0.008800
0.799200 0.343200 0.005600
0.862400 0.343200 0.008800
0.376000 0.344000 0.013600
0.392800 0.344000 0.013600
0.630400 0.344000 0.022400
0.650400 0.344000 0.011200
0.690400 0.344000 0.008800
0.705600 0.344000 0.010400
0.721600 0.344000 0.011200
0.873600 0.344000 0.018400
0.736800 0.344800 0.013600
0.856000 0.372000 0.007200
0.248800 0.372800 0.011200
0.395200 0.372800 0.008800
0.159200 0.373600 0.016000
0.198400 0.373600 0.011200
0.232000 0.373600 0.012800
0.287200 0.373600 0.013600
0.845600 0.373600 0.019200
0.868000 0.373600 0.016800
0.180000 0.374400 0.013600
0.213600 0.374400 0.011200
0.268800 0.374400 0.013600
0.306400 0.374400 0.016000
0.381600 0.374400 0.013600
0.410400 0.374400 0.011200
0.426400 0.374400 0.011200
0.441600 0.374400 0.011200
0.465600 0.374400 0.016800
0.538400 0.374400 0.005600
0.336800 0.375200 0.018400
0.364000 0.375200 0.011200
0.456800 0.375200 0.005600
0.502400 0.375200 0.016800
0.524800 0.375200 0.016800
0.545600 0.375200 0.013600
0.652000 0.375200 0.011200
0.664800 0.375200 0.011200
0.819200 0.375200 0.005600
0.830400 0.375200 0.019200
0.484000 0.376000 0.013600
0.563200 0.376000 0.016800
0.584800 0.376000 0.011200
0.599200 0.376000 0.013600
0.618400 0.376000 0.011200
0.635200 0.376000 0.011200
0.678400 0.376000 0.011200
0.700800 0.376000 0.005600
0.708800 0.376000 0.016800
0.721600 0.376000 0.007200
0.748000 0.376000 0.011200
0.691200 0.376800 0.007200
0.732000 0.376800 0.008800
0.763200 0.376800 0.008800
0.349600 0.377600 0.007200
0.780800 0.377600 0.016800
0.792000 0.377600 0.008800
0.804000 0.377600 0.018400
0.772800 0.378400 0.005600
0.874400 0.404800 0.016800
0.156800 0.405600 0.019200
0.864800 0.406400 0.020800
0.216000 0.407200 0.011200
0.233600 0.407200 0.011200
0.252000 0.407200 0.011200
0.496000 0.407200 0.013600
0.522400 0.407200 0.016800
0.616000 0.407200 0.011200
0.180000 0.408000 0.015200
0.198400 0.408000 0.011200
0.396800 0.408000 0.013600
0.448000 0.408000 0.011200
0.463200 0.408000 0.008800
0.476800 0.408000 0.013600
0.693600 0.408000 0.008800
0.705600 0.408000 0.007200
0.717600 0.408000 0.008800
0.821600 0.408000 0.008800
0.836000 0.408000 0.011200
0.852000 0.408000 0.011200
0.268800 0.408800 0.012800
0.304000 0.408800 0.011200
0.320000 0.408800 0.011200
0.334400 0.408800 0.016800
0.370400 0.408800 0.019200
0.376800 0.408800 0.013600
0.416800 0.408800 0.011200
0.544000 0.408800 0.013600
0.581600 0.408800 0.008800
0.598400 0.408800 0.012800
0.681600 0.408800 0.008800
0.732800 0.408800 0.011200
0.806400 0.408800 0.011200
0.288000 0.409600 0.011200
0.356000 0.409600 0.011200
0.432000 0.409600 0.008800
0.564800 0.409600 0.013600
0.633600 0.409600 0.011200
0.649600 0.409600 0.011200
0.666400 0.409600 0.011200
0.748800 0.409600 0.016800
0.776000 0.409600 0.005600
0.756800 0.410400 0.017600
0.789600 0.410400 0.011200
0.768800 0.411200 0.016800
0.377600 0.438400 0.022400
0.383200 0.438400 0.013600
0.216000 0.439200 0.011200
0.234400 0.439200 0.011200
0.428000 0.439200 0.011200
0.452000 0.439200 0.016800
0.469600 0.439200 0.013600
0.507200 0.439200 0.011200
0.616000 0.439200 0.008800
0.248800 0.440000 0.021600
0.263200 0.440000 0.005600
0.278400 0.440000 0.011200
0.316000 0.440000 0.008800
0.412000 0.440000 0.008800
0.442400 0.440000 0.008800
0.577600 0.440000 0.013600
0.628000 0.440000 0.008800
0.802400 0.440000 0.007200
0.834400 0.440000 0.004800
0.881600 0.440000 0.019200
0.157600 0.440800 0.019200
0.172000 0.440800 0.019200
0.198400 0.440800 0.011200
0.256000 0.440800 0.005600
0.294400 0.440800 0.008800
0.364000 0.440800 0.008800
0.397600 0.440800 0.008800
0.490400 0.440800 0.013600
0.519200 0.440800 0.018400
0.598400 0.440800 0.011200
0.645600 0.440800 0.011200
0.680800 0.440800 0.013600
0.178400 0.441600 0.013600
0.185600 0.441600 0.020800
0.303200 0.441600 0.007200
0.333600 0.441600 0.011200
0.349600 0.441600 0.008800
0.542400 0.441600 0.011200
0.558400 0.441600 0.011200
0.660800 0.441600 0.011200
0.711200 0.441600 0.017600
0.734400 0.441600 0.013600
0.772800 0.441600 0.013600
0.789600 0.441600 0.009600
0.811200 0.441600 0.008800
0.843200 0.441600 0.008800
0.870400 0.441600 0.008800
0.528000 0.442400 0.008800
0.753600 0.442400 0.011200
0.824000 0.442400 0.008800
0.856000 0.443200 0.008800
0.156000 0.472800 0.016800
0.193600 0.473600 0.011200
0.483200 0.473600 0.013600
0.508000 0.473600 0.019200
0.619200 0.473600 0.012800
0.176800 0.474400 0.011200
0.206400 0.474400 0.008800
0.284000 0.474400 0.011200
0.300000 0.474400 0.011200
0.345600 0.474400 0.007200
0.538400 0.474400 0.011200
0.585600 0.474400 0.011200
0.602400 0.474400 0.011200
0.223200 0.475200 0.022400
0.235200 0.475200 0.007200
0.248000 0.475200 0.011200
0.267200 0.475200 0.012800
0.335200 0.475200 0.008800
0.364800 0.475200 0.016800
0.381600 0.475200 0.012800
0.398400 0.475200 0.009600
0.464800 0.475200 0.011200
0.522400 0.475200 0.011200
0.556000 0.475200 0.016800
0.573600 0.475200 0.004800
0.635200 0.475200 0.005600
0.312800 0.476000 0.008800
0.355200 0.476000 0.016800
0.413600 0.476000 0.010400
0.429600 0.476000 0.011200
0.447200 0.476000 0.011200
0.645600 0.476000 0.008800
0.320800 0.476800 0.019200
0.665600 0.476800 0.013600
0.732800 0.476800 0.016800
0.801600 0.476800 0.022400
0.831200 0.476800 0.011200
0.685600 0.477600 0.013600
0.711200 0.477600 0.018400
0.752800 0.477600 0.013600
0.772000 0.477600 0.011200
0.808800 0.477600 0.016800
0.843200 0.477600 0.008800
0.871200 0.477600 0.022400
0.878400 0.477600 0.017600
0.725600 0.478400 0.008800
0.788000 0.478400 0.011200
0.818400 0.478400 0.008800
0.855200 0.479200 0.011200
0.153600 0.508000 0.016800
0.172800 0.508000 0.016800
0.251200 0.508000 0.016800
0.308800 0.508000 0.013600
0.192800 0.508800 0.013600
0.228000 0.508800 0.012800
0.264000 0.508800 0.005600
0.273600 0.508800 0.008800
0.288800 0.508800 0.011200
0.388800 0.508800 0.004800
0.397600 0.508800 0.021600
0.420000 0.508800 0.016800
0.444000 0.508800 0.016800
0.500800 0.508800 0.011200
0.533600 0.508800 0.011200
0.551200 0.508800 0.011200
0.568800 0.508800 0.011200
0.611200 0.508800 0.008800
0.208800 0.509600 0.011200
0.329600 0.509600 0.011200
0.368800 0.509600 0.011200
0.427200 0.509600 0.022400
0.485600 0.509600 0.011200
0.516800 0.509600 0.011200
0.581600 0.509600 0.008800
0.626400 0.509600 0.011200
0.724000 0.509600 0.008800
0.864000 0.509600 0.008800
0.346400 0.510400 0.016800
0.354400 0.510400 0.021600
0.381600 0.510400 0.013600
0.408800 0.510400 0.007200
0.740000 0.510400 0.011200
0.752000 0.510400 0.005600
0.761600 0.510400 0.008800
0.456800 0.511200 0.005600
0.469600 0.511200 0.011200
0.597600 0.511200 0.011200
0.642400 0.511200 0.011200
0.694400 0.511200 0.011200
0.711200 0.511200 0.008800
0.778400 0.511200 0.011200
0.796000 0.511200 0.011200
0.841600 0.511200 0.004800
0.660000 0.512000 0.011200
0.676800 0.512000 0.011200
0.814400 0.512000 0.011200
0.828800 0.512000 0.011200
0.850400 0.512000 0.008800
0.876000 0.512800 0.019200
0.355200 0.540000 0.005600
0.364800 0.540000 0.015200
0.293600 0.540800 0.016800
0.300800 0.540800 0.016000
0.428800 0.540800 0.005600
0.443200 0.540800 0.018400
0.192800 0.541600 0.014400
0.217600 0.541600 0.013600
0.236800 0.541600 0.012800
0.279200 0.541600 0.008800
0.374400 0.541600 0.016800
0.152800 0.542400 0.016800
0.174400 0.542400 0.016800
0.256800 0.542400 0.011200
0.269600 0.542400 0.005600
0.311200 0.542400 0.005600
0.409600 0.542400 0.008800
0.453600 0.542400 0.008800
0.163200 0.543200 0.005600
0.324000 0.543200 0.016800
0.344000 0.543200 0.016000
0.395200 0.543200 0.011200
0.420000 0.543200 0.007200
0.714400 0.543200 0.011200
0.382400 0.544000 0.007200
0.468800 0.544000 0.011200
0.504000 0.544000 0.005600
0.530400 0.544000 0.005600
0.537600 0.544000 0.005600
0.559200 0.544000 0.013600
0.485600 0.544800 0.016800
0.496800 0.544800 0.019200
0.519200 0.544800 0.016800
0.545600 0.544800 0.005600
0.616000 0.544800 0.015200
0.664000 0.544800 0.008800
0.696000 0.544800 0.011200
0.734400 0.544800 0.013600
0.752800 0.544800 0.011200
0.766400 0.544800 0.007200
0.777600 0.544800 0.008800
0.884000 0.544800 0.022400
0.578400 0.545600 0.013600
0.596800 0.545600 0.013600
0.636000 0.545600 0.016000
0.653600 0.545600 0.008800
0.792000 0.545600 0.011200
0.812000 0.545600 0.019200
0.869600 0.545600 0.011200
0.624800 0.546400 0.005600
0.679200 0.546400 0.011200
0.825600 0.546400 0.008800
0.844000 0.546400 0.005600
0.853600 0.546400 0.015200
0.836000 0.547200 0.005600
0.288800 0.573600 0.022400
0.251200 0.574400 0.008800
0.268000 0.574400 0.011200
0.303200 0.574400 0.008800
0.346400 0.574400 0.019200
0.574400 0.574400 0.005600
0.171200 0.575200 0.007200
0.217600 0.575200 0.016800
0.237600 0.575200 0.011200
0.322400 0.575200 0.013600
0.154400 0.576000 0.021600
0.181600 0.576000 0.008800
0.196000 0.576000 0.011200
0.364000 0.576000 0.011200
0.441600 0.576000 0.013600
0.554400 0.576000 0.008800
0.564800 0.576000 0.005600
0.650400 0.576000 0.011200
0.664800 0.576000 0.008800
0.824000 0.576000 0.012800
0.838400 0.576000 0.008800
0.853600 0.576000 0.011200
0.883200 0.576000 0.023200
0.424800 0.576800 0.011200
0.468800 0.576800 0.008800
0.479200 0.576800 0.005600
0.487200 0.576800 0.022400
0.500000 0.576800 0.008800
0.523200 0.576800 0.008800
0.540000 0.576800 0.011200
0.633600 0.576800 0.011200
0.681600 0.576800 0.011200
0.697600 0.576800 0.008800
0.745600 0.576800 0.020800
0.755200 0.576800 0.019200
0.780800 0.576800 0.005600
0.805600 0.576800 0.011200
0.390400 0.577600 0.011200
0.460800 0.577600 0.016800
0.512000 0.577600 0.008000
0.584800 0.577600 0.016800
0.602400 0.577600 0.024000
0.712000 0.577600 0.022400
0.732000 0.577600 0.016800
0.770400 0.577600 0.016800
0.788800 0.577600 0.013600
0.868000 0.577600 0.011200
0.376000 0.578400 0.005600
0.618400 0.578400 0.011200
0.720800 0.578400 0.004800
0.407200 0.579200 0.012000
0.633600 0.602400 0.008800
0.621600 0.603200 0.011200
0.645600 0.604000 0.017600
