0.385600 0.224800 0.008800
0.459200 0.224800 0.005600
0.395200 0.225600 0.008800
0.405600 0.225600 0.008000
0.416800 0.225600 0.008800
0.433600 0.225600 0.011200
0.450400 0.225600 0.013600
0.467200 0.225600 0.012800
0.472800 0.225600 0.009600
0.545600 0.226400 0.011200
0.500000 0.227200 0.007200
0.508000 0.227200 0.005600
0.515200 0.227200 0.010400
0.526400 0.227200 0.005600
0.532800 0.227200 0.010400
0.582400 0.227200 0.005600
0.489600 0.228000 0.012800
0.537600 0.228000 0.008800
0.565600 0.228000 0.013600
0.572800 0.228000 0.014400
0.588800 0.228000 0.004800
0.600800 0.228000 0.005600
0.608800 0.228800 0.005600
0.428000 0.245600 0.011200
0.465600 0.245600 0.011200
0.493600 0.246400 0.013600
0.446400 0.247200 0.009600
0.485600 0.247200 0.010400
0.500000 0.247200 0.005600
0.508800 0.248000 0.013600
0.514400 0.248000 0.010400
0.532000 0.248000 0.007200
0.542400 0.248000 0.016800
0.548800 0.248000 0.011200
0.554400 0.248000 0.011200
0.563200 0.248800 0.012800
0.569600 0.248800 0.010400
0.407200 0.274400 0.011200
0.573600 0.275200 0.019200
0.420800 0.276000 0.008800
0.433600 0.276800 0.008800
0.448800 0.276800 0.011200
0.609600 0.276800 0.011200
0.355200 0.277600 0.009600
0.603200 0.277600 0.012800
0.361600 0.278400 0.003200
0.366400 0.278400 0.003200
0.371200 0.278400 0.012800
0.376800 0.278400 0.008000
0.587200 0.278400 0.013600
0.595200 0.278400 0.005600
0.530400 0.280000 0.012000
0.538400 0.280800 0.005600
0.545600 0.280800 0.011200
0.561600 0.282400 0.009600
0.580000 0.283200 0.005600
0.549600 0.302400 0.005600
0.509600 0.303200 0.008000
0.564000 0.303200 0.011200
0.421600 0.304000 0.013600
0.431200 0.304000 0.013600
0.436800 0.304000 0.013600
0.499200 0.304000 0.008800
0.522400 0.304000 0.008800
0.536000 0.304000 0.011200
0.592000 0.304000 0.011200
0.355200 0.304800 0.008000
0.365600 0.304800 0.008800
0.446400 0.304800 0.005600
0.453600 0.304800 0.005600
0.476000 0.304800 0.013600
0.556800 0.304800 0.005600
0.574400 0.304800 0.008800
0.643200 0.304800 0.019200
0.383200 0.305600 0.009600
0.389600 0.305600 0.015200
0.396000 0.305600 0.010400
0.460800 0.305600 0.011200
0.467200 0.305600 0.011200
0.584000 0.305600 0.005600
0.605600 0.305600 0.011200
0.621600 0.306400 0.013600
0.612000 0.307200 0.016800
0.634400 0.307200 0.019200
0.396800 0.329600 0.013600
0.362400 0.330400 0.005600
0.355200 0.331200 0.011200
0.369600 0.331200 0.005600
0.380000 0.332000 0.007200
0.388000 0.332000 0.007200
0.565600 0.344000 0.008800
0.577600 0.344800 0.008000
0.620800 0.344800 0.007200
0.630400 0.345600 0.014400
0.610400 0.346400 0.008800
0.588000 0.352000 0.015200
0.356000 0.357600 0.009600
0.363200 0.357600 0.003200
0.370400 0.357600 0.005600
0.521600 0.358400 0.012800
0.530400 0.359200 0.015200
0.536000 0.359200 0.003200
0.540800 0.359200 0.015200
0.568800 0.359200 0.011200
0.612800 0.359200 0.005600
0.621600 0.359200 0.011200
0.548800 0.360000 0.011200
0.472800 0.380000 0.013600
0.431200 0.380800 0.012800
0.456000 0.380800 0.013600
0.353600 0.381600 0.011200
0.413600 0.381600 0.011200
0.448000 0.381600 0.013600
0.465600 0.381600 0.023200
0.368800 0.382400 0.009600
0.399200 0.382400 0.022400
0.595200 0.384000 0.021600
0.604800 0.384000 0.013600
0.530400 0.384800 0.014400
0.620000 0.384800 0.013600
0.521600 0.385600 0.011200
0.538400 0.385600 0.011200
0.552000 0.385600 0.003200
0.546400 0.386400 0.014400
0.557600 0.386400 0.015200
0.564000 0.386400 0.009600
0.580000 0.386400 0.012000
0.388800 0.388800 0.007200
