0.174400 0.052800 0.022400
0.195200 0.053600 0.019200
0.205600 0.054400 0.019200
0.222400 0.055200 0.011200
0.240800 0.056800 0.013600
0.089600 0.080800 0.029600
0.554400 0.081600 0.008800
0.873600 0.081600 0.011200
0.540800 0.082400 0.008800
0.564800 0.082400 0.005600
0.598400 0.082400 0.012800
0.617600 0.082400 0.016800
0.652000 0.082400 0.019200
0.689600 0.082400 0.013600
0.739200 0.082400 0.005600
0.750400 0.082400 0.011200
0.803200 0.082400 0.005600
0.816000 0.082400 0.009600
0.461600 0.083200 0.015200
0.481600 0.083200 0.011200
0.581600 0.083200 0.013600
0.629600 0.083200 0.007200
0.639200 0.083200 0.016800
0.672000 0.083200 0.011200
0.765600 0.083200 0.008800
0.778400 0.083200 0.008800
0.792800 0.083200 0.008800
0.425600 0.084000 0.016800
0.441600 0.084000 0.013600
0.469600 0.084000 0.021600
0.506400 0.084000 0.015200
0.712000 0.084000 0.013600
0.728800 0.084000 0.015200
0.830400 0.084000 0.008800
0.844800 0.084000 0.008800
0.859200 0.084000 0.011200
0.405600 0.084800 0.008800
0.526400 0.084800 0.011200
0.356000 0.085600 0.011200
0.371200 0.085600 0.019200
0.414400 0.085600 0.016800
0.384800 0.086400 0.005600
0.394400 0.086400 0.007200
0.301600 0.087200 0.008800
0.340800 0.087200 0.008800
0.287200 0.088000 0.011200
0.313600 0.088000 0.008800
0.328000 0.088000 0.008800
0.239200 0.088800 0.013600
0.253600 0.088800 0.008800
0.167200 0.089600 0.011200
0.184800 0.089600 0.013600
0.270400 0.089600 0.011200
0.138400 0.090400 0.020000
0.151200 0.090400 0.008800
0.204000 0.090400 0.011200
0.218400 0.091200 0.011200
0.191200 0.092000 0.019200
0.845600 0.112800 0.005600
0.738400 0.113600 0.023200
0.754400 0.113600 0.013600
0.832800 0.113600 0.011200
0.867200 0.113600 0.008800
0.503200 0.114400 0.011200
0.688800 0.114400 0.011200
0.772000 0.114400 0.013600
0.796000 0.114400 0.015200
0.854400 0.114400 0.019200
0.878400 0.114400 0.017600
0.520000 0.115200 0.011200
0.564000 0.115200 0.014400
0.584000 0.115200 0.016800
0.592800 0.115200 0.004800
0.600800 0.115200 0.005600
0.609600 0.115200 0.020800
0.626400 0.115200 0.011200
0.673600 0.115200 0.008800
0.719200 0.115200 0.016800
0.727200 0.115200 0.016800
0.816000 0.115200 0.011200
0.357600 0.116000 0.011200
0.412000 0.116000 0.011200
0.428000 0.116000 0.022400
0.439200 0.116000 0.019200
0.537600 0.116000 0.013600
0.642400 0.116000 0.008800
0.652000 0.116000 0.005600
0.660800 0.116000 0.007200
0.704800 0.116000 0.011200
0.804000 0.116000 0.005600
0.460000 0.116800 0.011200
0.474400 0.116800 0.008800
0.488000 0.116800 0.010400
0.556000 0.116800 0.005600
0.379200 0.117600 0.008800
0.396800 0.117600 0.011200
0.546400 0.117600 0.005600
0.369600 0.118400 0.005600
0.342400 0.119200 0.009600
0.238400 0.120800 0.008800
0.308800 0.120800 0.008800
0.326400 0.120800 0.011200
0.269600 0.121600 0.016800
0.288000 0.121600 0.015200
0.183200 0.122400 0.008800
0.193600 0.122400 0.008800
0.224800 0.122400 0.011200
0.247200 0.122400 0.016800
0.296800 0.122400 0.020800
0.157600 0.123200 0.008800
0.171200 0.123200 0.008800
0.208000 0.123200 0.009600
0.140000 0.124000 0.013600
0.258400 0.124000 0.005600
0.616800 0.144800 0.012800
0.680800 0.144800 0.019200
0.697600 0.144800 0.005600
0.711200 0.144800 0.011200
0.726400 0.144800 0.011200
0.771200 0.144800 0.016800
0.782400 0.144800 0.008800
0.843200 0.144800 0.016800
0.866400 0.144800 0.019200
0.632800 0.145600 0.007200
0.668800 0.145600 0.007200
0.793600 0.145600 0.016800
0.805600 0.145600 0.005600
0.813600 0.145600 0.015200
0.829600 0.145600 0.011200
0.559200 0.146400 0.005600
0.577600 0.146400 0.014400
0.688800 0.146400 0.005600
0.742400 0.146400 0.016800
0.751200 0.146400 0.016800
0.764800 0.146400 0.016800
0.851200 0.146400 0.016800
0.600000 0.147200 0.013600
0.644800 0.147200 0.008800
0.658400 0.147200 0.008800
0.875200 0.148000 0.018400
0.541600 0.148800 0.008800
0.551200 0.148800 0.015200
0.528800 0.149600 0.019200
0.472000 0.150400 0.019200
0.480800 0.150400 0.016000
0.499200 0.150400 0.013600
0.396800 0.151200 0.013600
0.422400 0.151200 0.022400
0.516800 0.151200 0.011200
0.438400 0.152000 0.008800
0.358400 0.152800 0.013600
0.377600 0.152800 0.013600
0.307200 0.153600 0.008800
0.324800 0.153600 0.013600
0.414400 0.153600 0.019200
0.454400 0.153600 0.013600
0.144000 0.154400 0.016800
0.272000 0.154400 0.013600
0.341600 0.154400 0.013600
0.228000 0.155200 0.015200
0.252800 0.155200 0.012800
0.292800 0.155200 0.008800
0.318400 0.155200 0.018400
0.164800 0.156000 0.011200
0.187200 0.156000 0.005600
0.236000 0.156000 0.016800
0.280800 0.156000 0.005600
0.178400 0.156800 0.008800
0.196000 0.156800 0.005600
0.208800 0.156800 0.016800
0.873600 0.176000 0.019200
0.712800 0.176800 0.008800
0.747200 0.176800 0.013600
0.859200 0.176800 0.013600
0.728800 0.177600 0.011200
0.805600 0.177600 0.011200
0.823200 0.177600 0.011200
0.840800 0.177600 0.011200
0.694400 0.178400 0.019200
0.702400 0.178400 0.005600
0.669600 0.179200 0.020800
0.682400 0.179200 0.008800
0.767200 0.179200 0.013600
0.789600 0.179200 0.016800
0.650400 0.180000 0.008800
0.639200 0.180800 0.005600
0.578400 0.181600 0.013600
0.628800 0.181600 0.008800
0.564000 0.182400 0.008800
0.614400 0.182400 0.011200
0.534400 0.183200 0.011200
0.549600 0.183200 0.008800
0.597600 0.183200 0.008800
0.333600 0.184000 0.013600
0.498400 0.184000 0.011200
0.514400 0.184000 0.012800
0.587200 0.184000 0.004800
0.424800 0.184800 0.011200
0.474400 0.184800 0.008800
0.255200 0.185600 0.011200
0.315200 0.185600 0.011200
0.349600 0.185600 0.019200
0.358400 0.185600 0.015200
0.404800 0.185600 0.013600
0.440000 0.185600 0.008800
0.455200 0.185600 0.013600
0.299200 0.186400 0.011200
0.375200 0.186400 0.011200
0.485600 0.186400 0.007200
0.172800 0.187200 0.020800
0.280000 0.187200 0.015200
0.389600 0.187200 0.008800
0.212800 0.188000 0.011200
0.241600 0.188000 0.007200
0.141600 0.188800 0.017600
0.152000 0.188800 0.008000
0.196800 0.188800 0.005600
0.228800 0.188800 0.009600
0.164800 0.189600 0.008800
0.187200 0.190400 0.008800
0.793600 0.211200 0.004800
0.823200 0.211200 0.010400
0.838400 0.211200 0.008800
0.848800 0.211200 0.005600
0.860800 0.211200 0.008800
0.782400 0.212000 0.016800
0.807200 0.212800 0.011200
0.748000 0.213600 0.012800
0.873600 0.213600 0.020800
0.684000 0.214400 0.016800
0.691200 0.214400 0.016800
0.708000 0.214400 0.015200
0.764800 0.214400 0.011200
0.718400 0.215200 0.005600
0.730400 0.215200 0.011200
0.552800 0.216000 0.016800
0.594400 0.216000 0.008800
0.641600 0.216000 0.011200
0.664800 0.216000 0.015200
0.484000 0.216800 0.013600
0.654400 0.216800 0.005600
0.457600 0.217600 0.016000
0.519200 0.217600 0.011200
0.534400 0.217600 0.011200
0.576000 0.217600 0.016800
0.608800 0.217600 0.011200
0.672000 0.217600 0.015200
0.288000 0.218400 0.011200
0.308000 0.218400 0.013600
0.564000 0.218400 0.007200
0.626400 0.218400 0.011200
0.271200 0.219200 0.020800
0.323200 0.219200 0.019200
0.346400 0.219200 0.008800
0.368000 0.219200 0.003200
0.502400 0.219200 0.011200
0.237600 0.220000 0.016800
0.332000 0.220000 0.020800
0.360000 0.220000 0.012800
0.468800 0.220000 0.005600
0.248000 0.220800 0.005600
0.260800 0.220800 0.008800
0.386400 0.220800 0.008800
0.400800 0.220800 0.008800
0.435200 0.220800 0.015200
0.376000 0.221600 0.005600
0.220000 0.222400 0.014400
0.425600 0.222400 0.005600
0.164800 0.223200 0.008800
0.173600 0.223200 0.007200
0.415200 0.223200 0.008800
0.142400 0.224000 0.016800
0.151200 0.224000 0.019200
0.185600 0.224000 0.008800
0.200000 0.224000 0.008800
0.211200 0.224800 0.004800
0.845600 0.245600 0.011200
0.676800 0.246400 0.007200
0.707200 0.246400 0.013600
0.727200 0.246400 0.013600
0.747200 0.246400 0.013600
0.764800 0.246400 0.011200
0.830400 0.246400 0.011200
0.877600 0.246400 0.013600
0.661600 0.247200 0.011200
0.688000 0.247200 0.018400
0.780800 0.247200 0.016800
0.804000 0.247200 0.018400
0.860800 0.247200 0.011200
0.645600 0.248000 0.008800
0.815200 0.248000 0.022400
0.608000 0.248800 0.016000
0.630400 0.248800 0.012800
0.550400 0.249600 0.011200
0.565600 0.249600 0.008800
0.451200 0.250400 0.009600
0.498400 0.250400 0.011200
0.531200 0.250400 0.013600
0.578400 0.250400 0.008800
0.595200 0.250400 0.022400
0.480000 0.251200 0.011200
0.514400 0.251200 0.011200
0.436000 0.252000 0.011200
0.465600 0.252000 0.008800
0.416800 0.252800 0.012800
0.360800 0.253600 0.016800
0.342400 0.254400 0.005600
0.398400 0.254400 0.011200
0.320800 0.255200 0.011200
0.335200 0.255200 0.005600
0.348800 0.255200 0.019200
0.382400 0.255200 0.011200
0.303200 0.256800 0.011200
0.152800 0.257600 0.024000
0.221600 0.257600 0.008800
0.209600 0.258400 0.007200
0.285600 0.258400 0.011200
0.170400 0.259200 0.011200
0.184000 0.259200 0.008800
0.199200 0.259200 0.008800
0.236800 0.259200 0.021600
0.252000 0.259200 0.013600
0.271200 0.260000 0.008800
0.847200 0.276800 0.008800
0.861600 0.276800 0.008800
0.832800 0.277600 0.013600
0.870400 0.277600 0.016800
0.812800 0.280000 0.011200
0.793600 0.280800 0.014400
0.616000 0.281600 0.009600
0.652000 0.281600 0.015200
0.774400 0.281600 0.011200
0.564800 0.282400 0.013600
0.600800 0.282400 0.011200
0.631200 0.282400 0.008800
0.673600 0.282400 0.016800
0.698400 0.282400 0.012800
0.741600 0.282400 0.013600
0.759200 0.282400 0.011200
0.584800 0.283200 0.011200
0.722400 0.283200 0.015200
0.475200 0.284000 0.011200
0.516800 0.284000 0.005600
0.532000 0.284000 0.012000
0.436000 0.284800 0.016800
0.549600 0.284800 0.010400
0.460000 0.285600 0.011200
0.492000 0.285600 0.011200
0.507200 0.285600 0.008800
0.417600 0.286400 0.008800
0.372800 0.287200 0.011200
0.444800 0.287200 0.005600
0.322400 0.288000 0.011200
0.384800 0.288000 0.008800
0.404800 0.288000 0.019200
0.239200 0.288800 0.005600
0.340000 0.288800 0.011200
0.396000 0.288800 0.007200
0.257600 0.289600 0.016800
0.307200 0.289600 0.018400
0.356000 0.289600 0.011200
0.282400 0.290400 0.011200
0.296800 0.290400 0.008800
0.212800 0.291200 0.011200
0.228800 0.291200 0.008800
0.269600 0.291200 0.005600
0.198400 0.292000 0.008800
0.145600 0.292800 0.019200
0.160800 0.292800 0.016800
0.184000 0.292800 0.011200
0.838400 0.312000 0.013600
0.861600 0.312000 0.016800
0.820800 0.313600 0.016800
0.754400 0.314400 0.008800
0.766400 0.315200 0.005600
0.777600 0.315200 0.016000
0.812800 0.315200 0.022400
0.518400 0.316000 0.022400
0.685600 0.316000 0.013600
0.740000 0.316000 0.012800
0.798400 0.316000 0.011200
0.636000 0.316800 0.011200
0.650400 0.316800 0.008800
0.665600 0.316800 0.011200
0.706400 0.316800 0.011200
0.721600 0.316800 0.008800
0.544000 0.317600 0.016000
0.556000 0.317600 0.004800
0.595200 0.317600 0.011200
0.612800 0.317600 0.013600
0.460000 0.318400 0.011200
0.480800 0.318400 0.016000
0.564000 0.318400 0.013600
0.578400 0.318400 0.010400
0.620000 0.318400 0.005600
0.390400 0.319200 0.011200
0.408000 0.319200 0.011200
0.503200 0.319200 0.008800
0.527200 0.319200 0.019200
0.424000 0.320000 0.008800
0.443200 0.320000 0.013600
0.241600 0.321600 0.011200
0.374400 0.321600 0.011200
0.296000 0.322400 0.011200
0.316000 0.322400 0.014400
0.324000 0.322400 0.020000
0.357600 0.322400 0.015200
0.258400 0.323200 0.013600
0.281600 0.323200 0.022400
0.336800 0.323200 0.008800
0.162400 0.324800 0.019200
0.183200 0.324800 0.013600
0.206400 0.324800 0.013600
0.223200 0.324800 0.011200
0.150400 0.326400 0.022400
0.786400 0.347200 0.019200
0.861600 0.347200 0.011200
0.873600 0.347200 0.008800
0.816800 0.348000 0.008800
0.829600 0.348000 0.008800
0.844000 0.348000 0.011200
0.771200 0.348800 0.007200
0.752000 0.349600 0.008800
0.798400 0.349600 0.007200
0.690400 0.350400 0.008800
0.707200 0.350400 0.011200
0.762400 0.350400 0.005600
0.808800 0.350400 0.005600
0.540800 0.351200 0.008000
0.549600 0.351200 0.005600
0.605600 0.351200 0.011200
0.624800 0.351200 0.011200
0.673600 0.351200 0.012000
0.720000 0.351200 0.008800
0.564000 0.352000 0.017600
0.642400 0.352000 0.011200
0.656000 0.352000 0.008800
0.738400 0.352000 0.012800
0.321600 0.352800 0.018400
0.418400 0.352800 0.019200
0.586400 0.352800 0.016000
0.404000 0.353600 0.010400
0.494400 0.353600 0.011200
0.511200 0.353600 0.011200
0.526400 0.353600 0.008800
0.573600 0.353600 0.005600
0.267200 0.354400 0.016800
0.310400 0.354400 0.008800
0.327200 0.354400 0.024000
0.360800 0.354400 0.011200
0.391200 0.354400 0.007200
0.426400 0.354400 0.013600
0.443200 0.354400 0.011200
0.460800 0.354400 0.011200
0.477600 0.354400 0.011200
0.247200 0.355200 0.011200
0.345600 0.355200 0.013600
0.379200 0.355200 0.011200
0.295200 0.356000 0.011200
0.282400 0.357600 0.007200
0.155200 0.358400 0.016800
0.174400 0.358400 0.011200
0.209600 0.358400 0.011200
0.224000 0.358400 0.022400
0.230400 0.358400 0.016800
0.192800 0.360000 0.011200
0.742400 0.380800 0.005600
0.749600 0.380800 0.013600
0.764000 0.380800 0.018400
0.819200 0.380800 0.005600
0.770400 0.381600 0.015200
0.789600 0.381600 0.013600
0.806400 0.381600 0.011200
0.828000 0.381600 0.015200
0.666400 0.382400 0.004800
0.844800 0.382400 0.011200
0.697600 0.383200 0.005600
0.711200 0.383200 0.011200
0.727200 0.383200 0.012000
0.857600 0.383200 0.005600
0.868000 0.383200 0.016800
0.576000 0.384000 0.019200
0.582400 0.384000 0.013600
0.688800 0.384000 0.016000
0.652000 0.384800 0.012800
0.435200 0.385600 0.010400
0.489600 0.385600 0.011200
0.564000 0.385600 0.016800
0.635200 0.385600 0.011200
0.674400 0.385600 0.013600
0.419200 0.386400 0.008800
0.473600 0.386400 0.019200
0.543200 0.386400 0.011200
0.598400 0.386400 0.011200
0.357600 0.387200 0.008800
0.380000 0.387200 0.008800
0.450400 0.387200 0.010400
0.616000 0.387200 0.012800
0.343200 0.388000 0.021600
0.392000 0.388000 0.008000
0.505600 0.388000 0.013600
0.526400 0.388000 0.011200
0.371200 0.388800 0.008800
0.405600 0.388800 0.008800
0.320800 0.389600 0.011200
0.172000 0.390400 0.019200
0.284000 0.390400 0.011200
0.304800 0.390400 0.013600
0.267200 0.392000 0.011200
0.152800 0.392800 0.016800
0.182400 0.393600 0.005600
0.198400 0.394400 0.011200
0.213600 0.394400 0.011200
0.252000 0.394400 0.008800
0.230400 0.395200 0.016000
0.240000 0.396000 0.007200
0.822400 0.415200 0.011200
0.852000 0.415200 0.012800
0.873600 0.415200 0.016800
0.720800 0.416000 0.013600
0.792800 0.416000 0.005600
0.805600 0.416000 0.011200
0.836800 0.416000 0.008800
0.701600 0.416800 0.008800
0.750400 0.416800 0.007200
0.761600 0.416800 0.008800
0.783200 0.416800 0.006400
0.687200 0.417600 0.010400
0.712000 0.417600 0.004800
0.776000 0.417600 0.013600
0.652000 0.418400 0.012800
0.671200 0.418400 0.011200
0.737600 0.418400 0.008800
0.358400 0.419200 0.005600
0.546400 0.419200 0.016800
0.634400 0.419200 0.011200
0.319200 0.420000 0.005600
0.450400 0.420000 0.005600
0.480000 0.420000 0.008800
0.522400 0.420000 0.016800
0.532000 0.420000 0.008800
0.570400 0.420000 0.017600
0.581600 0.420000 0.005600
0.592800 0.420000 0.008800
0.605600 0.420000 0.008000
0.618400 0.420000 0.008800
0.398400 0.420800 0.015200
0.346400 0.421600 0.011200
0.374400 0.421600 0.019200
0.426400 0.421600 0.019200
0.440800 0.421600 0.008800
0.464000 0.421600 0.011200
0.496000 0.421600 0.011200
0.509600 0.421600 0.004800
0.304000 0.422400 0.012000
0.328800 0.422400 0.016800
0.418400 0.422400 0.016000
0.239200 0.424000 0.013600
0.153600 0.424800 0.019200
0.198400 0.424800 0.012800
0.218400 0.424800 0.013600
0.288800 0.424800 0.011200
0.180000 0.425600 0.011200
0.257600 0.425600 0.011200
0.272800 0.425600 0.011200
0.165600 0.427200 0.008800
0.846400 0.447200 0.008800
0.858400 0.448000 0.007200
0.872000 0.448000 0.020000
0.792800 0.449600 0.010400
0.832800 0.449600 0.008800
0.692800 0.450400 0.013600
0.749600 0.450400 0.008000
0.591200 0.451200 0.012000
0.647200 0.451200 0.008800
0.672000 0.451200 0.004800
0.679200 0.451200 0.013600
0.777600 0.451200 0.008800
0.806400 0.451200 0.008800
0.533600 0.452000 0.008800
0.550400 0.452000 0.012800
0.627200 0.452000 0.013600
0.660800 0.452000 0.008800
0.763200 0.452000 0.008800
0.820000 0.452000 0.008800
0.520000 0.452800 0.008800
0.572800 0.452800 0.012800
0.609600 0.452800 0.011200
0.710400 0.452800 0.007200
0.736800 0.452800 0.007200
0.500800 0.453600 0.013600
0.720800 0.453600 0.005600
0.417600 0.454400 0.005600
0.427200 0.454400 0.008800
0.446400 0.454400 0.013600
0.466400 0.454400 0.012800
0.482400 0.454400 0.011200
0.701600 0.454400 0.004800
0.728000 0.454400 0.005600
0.308000 0.455200 0.013600
0.404000 0.455200 0.011200
0.438400 0.455200 0.005600
0.156000 0.456000 0.017600
0.168000 0.456000 0.022400
0.178400 0.456000 0.005600
0.385600 0.456000 0.011200
0.186400 0.456800 0.013600
0.276800 0.456800 0.007200
0.289600 0.456800 0.008800
0.348800 0.456800 0.011200
0.368800 0.456800 0.011200
0.201600 0.457600 0.016800
0.226400 0.457600 0.012800
0.264000 0.457600 0.018400
0.329600 0.457600 0.015200
0.244800 0.458400 0.011200
0.210400 0.459200 0.008000
0.858400 0.481600 0.010400
0.829600 0.482400 0.011200
0.844000 0.482400 0.008800
0.643200 0.483200 0.008800
0.611200 0.484000 0.011200
0.628000 0.484000 0.011200
0.791200 0.484000 0.011200
0.811200 0.484000 0.013600
0.874400 0.484000 0.013600
0.595200 0.484800 0.011200
0.720800 0.484800 0.012800
0.756000 0.484800 0.012800
0.661600 0.485600 0.012800
0.775200 0.485600 0.011200
0.433600 0.486400 0.012800
0.538400 0.486400 0.013600
0.679200 0.486400 0.011200
0.696800 0.486400 0.013600
0.704000 0.486400 0.019200
0.737600 0.486400 0.011200
0.461600 0.487200 0.008800
0.522400 0.487200 0.011200
0.564800 0.487200 0.014400
0.450400 0.488000 0.005600
0.481600 0.488000 0.016800
0.494400 0.488000 0.005600
0.547200 0.488000 0.005600
0.580800 0.488000 0.010400
0.504800 0.488800 0.008800
0.555200 0.488800 0.004800
0.154400 0.489600 0.016800
0.370400 0.489600 0.015200
0.418400 0.489600 0.019200
0.191200 0.490400 0.008800
0.334400 0.490400 0.005600
0.379200 0.490400 0.005600
0.408000 0.490400 0.021600
0.172800 0.491200 0.008800
0.205600 0.491200 0.022400
0.341600 0.491200 0.005600
0.353600 0.491200 0.008800
0.392000 0.491200 0.011200
0.256800 0.492000 0.005600
0.324800 0.492000 0.005600
0.224800 0.492800 0.008800
0.240800 0.492800 0.012800
0.266400 0.492800 0.007200
0.276800 0.492800 0.005600
0.285600 0.492800 0.015200
0.300800 0.492800 0.011200
0.316000 0.492800 0.014400
0.182400 0.493600 0.004800
0.836000 0.514400 0.012800
0.853600 0.516000 0.012800
0.871200 0.516000 0.013600
0.820000 0.516800 0.005600
0.618400 0.517600 0.011200
0.737600 0.517600 0.012000
0.812000 0.517600 0.015200
0.584800 0.518400 0.011200
0.603200 0.518400 0.010400
0.700000 0.518400 0.013600
0.718400 0.518400 0.012800
0.752800 0.518400 0.007200
0.796000 0.518400 0.011200
0.571200 0.519200 0.008800
0.634400 0.519200 0.008800
0.648800 0.519200 0.008800
0.680000 0.519200 0.011200
0.780800 0.519200 0.011200
0.536800 0.520000 0.012800
0.554400 0.520000 0.012800
0.764000 0.520000 0.008800
0.458400 0.520800 0.011200
0.664000 0.520800 0.008800
0.425600 0.521600 0.008800
0.480000 0.521600 0.014400
0.499200 0.521600 0.013600
0.404800 0.522400 0.005600
0.412800 0.522400 0.007200
0.441600 0.522400 0.011200
0.516000 0.522400 0.016800
0.327200 0.524000 0.008800
0.348000 0.524000 0.015200
0.392800 0.524000 0.011200
0.527200 0.524000 0.003200
0.364000 0.524800 0.011200
0.375200 0.524800 0.021600
0.280000 0.525600 0.019200
0.306400 0.525600 0.014400
0.200800 0.526400 0.011200
0.214400 0.526400 0.011200
0.230400 0.526400 0.008800
0.157600 0.527200 0.017600
0.168000 0.527200 0.008800
0.180000 0.527200 0.016800
0.242400 0.527200 0.007200
0.266400 0.527200 0.009600
0.285600 0.527200 0.012800
0.316000 0.527200 0.005600
0.252000 0.528000 0.016800
0.877600 0.543200 0.016800
0.857600 0.544000 0.012800
0.828000 0.545600 0.007200
0.841600 0.545600 0.011200
0.798400 0.546400 0.016000
0.816000 0.546400 0.011200
0.788800 0.547200 0.005600
0.775200 0.548000 0.012800
0.722400 0.549600 0.008800
0.734400 0.549600 0.007200
0.914400 0.549600 0.023200
0.642400 0.550400 0.016800
0.688800 0.550400 0.005600
0.704800 0.550400 0.013600
0.756800 0.550400 0.016800
0.622400 0.551200 0.013600
0.648800 0.551200 0.022400
0.679200 0.551200 0.008800
0.506400 0.552000 0.011200
0.922400 0.552000 0.028000
0.467200 0.552800 0.012000
0.482400 0.552800 0.005600
0.491200 0.552800 0.022400
0.525600 0.552800 0.013600
0.547200 0.553600 0.016000
0.584800 0.553600 0.011200
0.601600 0.553600 0.019200
0.608000 0.553600 0.019200
0.666400 0.553600 0.011200
0.428800 0.554400 0.016000
0.450400 0.554400 0.008800
0.439200 0.555200 0.005600
0.568800 0.555200 0.011200
0.164000 0.556000 0.024800
0.212800 0.556000 0.007200
0.156000 0.556800 0.017600
0.199200 0.556800 0.011200
0.342400 0.556800 0.012000
0.374400 0.556800 0.010400
0.404800 0.556800 0.011200
0.421600 0.556800 0.015200
0.181600 0.557600 0.013600
0.224800 0.557600 0.008800
0.238400 0.557600 0.011200
0.256000 0.557600 0.011200
0.276000 0.557600 0.014400
0.286400 0.557600 0.005600
0.293600 0.557600 0.012800
0.308800 0.557600 0.011200
0.359200 0.557600 0.008800
0.389600 0.557600 0.008800
0.324000 0.558400 0.011200
