0.191200 0.066400 0.008800
0.206400 0.066400 0.013600
0.224800 0.066400 0.011200
0.240800 0.067200 0.013600
0.174400 0.068000 0.022400
0.584800 0.069600 0.019200
0.829600 0.069600 0.019200
0.656000 0.104800 0.013600
0.458400 0.105600 0.008800
0.524000 0.105600 0.007200
0.534400 0.105600 0.007200
0.639200 0.105600 0.011200
0.143200 0.106400 0.015200
0.162400 0.106400 0.024800
0.259200 0.106400 0.013600
0.268000 0.106400 0.004800
0.283200 0.106400 0.005600
0.344800 0.106400 0.016800
0.393600 0.106400 0.008800
0.408000 0.106400 0.008800
0.423200 0.106400 0.011200
0.445600 0.106400 0.019200
0.488800 0.106400 0.008800
0.503200 0.106400 0.008800
0.514400 0.106400 0.005600
0.545600 0.106400 0.008000
0.558400 0.106400 0.008800
0.573600 0.106400 0.012800
0.592000 0.106400 0.008800
0.622400 0.106400 0.011200
0.784800 0.106400 0.016800
0.832000 0.106400 0.011200
0.844000 0.106400 0.008800
0.148800 0.107200 0.020000
0.244800 0.107200 0.011200
0.276000 0.107200 0.005600
0.290400 0.107200 0.019200
0.302400 0.107200 0.016800
0.324000 0.107200 0.016800
0.364800 0.107200 0.011200
0.380000 0.107200 0.008800
0.475200 0.107200 0.011200
0.607200 0.107200 0.010400
0.672000 0.107200 0.009600
0.685600 0.107200 0.005600
0.694400 0.107200 0.016800
0.732800 0.107200 0.008800
0.745600 0.107200 0.008800
0.762400 0.107200 0.011200
0.776000 0.107200 0.005600
0.800000 0.107200 0.011200
0.815200 0.107200 0.011200
0.173600 0.108000 0.019200
0.314400 0.108000 0.005600
0.720000 0.108000 0.008800
0.181600 0.108800 0.022400
0.194400 0.108800 0.011200
0.212800 0.108800 0.012000
0.708000 0.108800 0.008800
0.856000 0.108800 0.005600
0.862400 0.108800 0.013600
0.230400 0.109600 0.011200
0.702400 0.136000 0.005600
0.740000 0.136000 0.013600
0.816800 0.136000 0.013600
0.832800 0.136000 0.013600
0.848000 0.136000 0.008800
0.528000 0.136800 0.013600
0.545600 0.136800 0.013600
0.641600 0.136800 0.011200
0.674400 0.136800 0.013600
0.690400 0.136800 0.010400
0.760000 0.136800 0.013600
0.784000 0.136800 0.019200
0.799200 0.136800 0.011200
0.811200 0.136800 0.019200
0.602400 0.137600 0.008800
0.656000 0.137600 0.008800
0.711200 0.137600 0.007200
0.775200 0.137600 0.005600
0.860800 0.137600 0.020000
0.506400 0.138400 0.013600
0.564800 0.138400 0.016800
0.590400 0.138400 0.007200
0.626400 0.138400 0.008800
0.666400 0.138400 0.004800
0.724000 0.138400 0.008800
0.573600 0.139200 0.005600
0.612800 0.139200 0.008800
0.476800 0.140000 0.008000
0.582400 0.140000 0.005600
0.749600 0.140000 0.004800
0.340000 0.140800 0.016000
0.384800 0.140800 0.018400
0.398400 0.140800 0.008800
0.458400 0.140800 0.012800
0.488000 0.140800 0.008000
0.320000 0.141600 0.016000
0.332000 0.141600 0.004800
0.361600 0.141600 0.016800
0.413600 0.141600 0.011200
0.428800 0.141600 0.011200
0.441600 0.141600 0.008800
0.260000 0.142400 0.020800
0.302400 0.142400 0.015200
0.348000 0.142400 0.021600
0.246400 0.143200 0.008800
0.280800 0.143200 0.016800
0.293600 0.143200 0.005600
0.228800 0.144000 0.011200
0.165600 0.144800 0.011200
0.180800 0.144800 0.011200
0.198400 0.144800 0.011200
0.213600 0.144800 0.008800
0.148800 0.146400 0.024800
0.842400 0.168000 0.021600
0.610400 0.168800 0.008800
0.642400 0.168800 0.009600
0.687200 0.168800 0.011200
0.599200 0.169600 0.019200
0.657600 0.169600 0.008800
0.672800 0.169600 0.009600
0.705600 0.169600 0.008800
0.716800 0.169600 0.005600
0.726400 0.169600 0.008800
0.738400 0.169600 0.005600
0.746400 0.169600 0.016800
0.790400 0.169600 0.008800
0.801600 0.169600 0.008800
0.814400 0.169600 0.008800
0.829600 0.169600 0.011200
0.861600 0.169600 0.018400
0.572800 0.170400 0.008800
0.582400 0.170400 0.008800
0.628800 0.170400 0.022400
0.760800 0.170400 0.009600
0.776000 0.170400 0.009600
0.552000 0.171200 0.005600
0.559200 0.171200 0.013600
0.620000 0.171200 0.005600
0.452800 0.172000 0.009600
0.494400 0.172000 0.019200
0.509600 0.172000 0.008800
0.524000 0.172000 0.013600
0.540800 0.172000 0.016800
0.440800 0.172800 0.007200
0.484000 0.172800 0.020800
0.357600 0.173600 0.013600
0.468800 0.173600 0.011200
0.256800 0.174400 0.008800
0.266400 0.174400 0.016800
0.321600 0.174400 0.016800
0.337600 0.174400 0.013600
0.376800 0.174400 0.013600
0.398400 0.174400 0.011200
0.410400 0.174400 0.016800
0.416800 0.174400 0.019200
0.191200 0.175200 0.013600
0.243200 0.175200 0.019200
0.301600 0.175200 0.008800
0.429600 0.175200 0.008800
0.211200 0.176000 0.013600
0.225600 0.176000 0.011200
0.284800 0.176000 0.013600
0.162400 0.176800 0.008800
0.176000 0.176800 0.008800
0.148000 0.178400 0.013600
0.831200 0.198400 0.011200
0.843200 0.199200 0.005600
0.786400 0.200000 0.016800
0.850400 0.200800 0.019200
0.511200 0.201600 0.016800
0.537600 0.201600 0.019200
0.600800 0.201600 0.011200
0.636000 0.201600 0.013600
0.652800 0.201600 0.012800
0.404800 0.202400 0.008800
0.491200 0.202400 0.005600
0.500000 0.202400 0.005600
0.552800 0.202400 0.016800
0.563200 0.202400 0.005600
0.584800 0.202400 0.011200
0.680000 0.202400 0.008800
0.740800 0.202400 0.022400
0.770400 0.202400 0.011200
0.815200 0.202400 0.016800
0.861600 0.202400 0.019200
0.341600 0.203200 0.008800
0.356800 0.203200 0.013600
0.376000 0.203200 0.008800
0.390400 0.203200 0.008800
0.424800 0.203200 0.016800
0.460000 0.203200 0.011200
0.526400 0.203200 0.008800
0.570400 0.203200 0.005600
0.616800 0.203200 0.011200
0.669600 0.203200 0.007200
0.700800 0.203200 0.016000
0.753600 0.203200 0.011200
0.328000 0.204000 0.011200
0.481600 0.204000 0.015200
0.692000 0.204000 0.005600
0.721600 0.204000 0.008800
0.416800 0.204800 0.016800
0.436000 0.204800 0.007200
0.446400 0.204800 0.007200
0.471200 0.204800 0.005600
0.711200 0.204800 0.005600
0.293600 0.206400 0.011200
0.308800 0.206400 0.013600
0.316000 0.206400 0.005600
0.732800 0.206400 0.004800
0.150400 0.207200 0.016800
0.168000 0.207200 0.013600
0.199200 0.207200 0.011200
0.232800 0.207200 0.011200
0.247200 0.207200 0.008800
0.279200 0.207200 0.011200
0.174400 0.208000 0.016800
0.184000 0.208000 0.008800
0.214400 0.208000 0.011200
0.262400 0.208000 0.021600
0.803200 0.230400 0.011200
0.834400 0.230400 0.016800
0.788800 0.231200 0.011200
0.820000 0.231200 0.011200
0.394400 0.232000 0.020800
0.421600 0.232000 0.020800
0.553600 0.232000 0.008800
0.569600 0.232000 0.016800
0.590400 0.232000 0.013600
0.771200 0.232000 0.011200
0.843200 0.232000 0.005600
0.608000 0.232800 0.012800
0.754400 0.232800 0.011200
0.856000 0.232800 0.011200
0.872000 0.232800 0.013600
0.408000 0.233600 0.008800
0.444800 0.233600 0.013600
0.464800 0.233600 0.011200
0.480000 0.233600 0.008800
0.490400 0.233600 0.007200
0.505600 0.233600 0.011200
0.524000 0.233600 0.011200
0.539200 0.233600 0.008800
0.626400 0.233600 0.011200
0.642400 0.233600 0.008800
0.657600 0.233600 0.011200
0.671200 0.233600 0.011200
0.722400 0.233600 0.011200
0.739200 0.233600 0.011200
0.367200 0.234400 0.013600
0.386400 0.234400 0.007200
0.429600 0.234400 0.005600
0.705600 0.234400 0.008800
0.336800 0.235200 0.010400
0.375200 0.235200 0.016800
0.690400 0.235200 0.013600
0.352800 0.236000 0.011200
0.248800 0.237600 0.013600
0.284800 0.237600 0.016800
0.197600 0.238400 0.008800
0.269600 0.238400 0.011200
0.292800 0.238400 0.019200
0.322400 0.238400 0.009600
0.216000 0.239200 0.012800
0.232000 0.239200 0.008800
0.149600 0.240000 0.019200
0.163200 0.240000 0.007200
0.174400 0.240000 0.007200
0.185600 0.240000 0.007200
0.307200 0.240000 0.008800
0.257600 0.240800 0.005600
0.509600 0.262400 0.015200
0.756800 0.262400 0.008800
0.772800 0.262400 0.010400
0.531200 0.263200 0.013600
0.743200 0.263200 0.008800
0.787200 0.263200 0.011200
0.658400 0.264000 0.013600
0.803200 0.264000 0.013600
0.822400 0.264000 0.008800
0.855200 0.264000 0.008800
0.454400 0.264800 0.013600
0.547200 0.264800 0.008800
0.600000 0.264800 0.008800
0.614400 0.264800 0.013600
0.633600 0.264800 0.015200
0.721600 0.264800 0.005600
0.732000 0.264800 0.007200
0.811200 0.264800 0.006400
0.843200 0.264800 0.016800
0.387200 0.265600 0.008800
0.559200 0.265600 0.008000
0.641600 0.265600 0.007200
0.671200 0.265600 0.011200
0.688000 0.265600 0.011200
0.704000 0.265600 0.016800
0.715200 0.265600 0.005600
0.835200 0.265600 0.018400
0.356000 0.266400 0.011200
0.407200 0.266400 0.016800
0.422400 0.266400 0.011200
0.437600 0.266400 0.011200
0.868800 0.266400 0.020800
0.372800 0.267200 0.011200
0.398400 0.267200 0.005600
0.474400 0.267200 0.022400
0.572000 0.267200 0.008800
0.586400 0.267200 0.008800
0.308800 0.268800 0.013600
0.341600 0.268800 0.012800
0.488800 0.268800 0.011200
0.148800 0.269600 0.015200
0.156800 0.269600 0.007200
0.258400 0.269600 0.005600
0.290400 0.269600 0.015200
0.302400 0.269600 0.005600
0.324000 0.269600 0.013600
0.175200 0.270400 0.014400
0.184000 0.270400 0.005600
0.203200 0.270400 0.015200
0.219200 0.270400 0.011200
0.247200 0.270400 0.008800
0.269600 0.270400 0.008800
0.233600 0.271200 0.008800
0.824800 0.295200 0.004800
0.874400 0.296000 0.021600
0.832800 0.296800 0.005600
0.847200 0.296800 0.012000
0.860000 0.296800 0.008800
0.805600 0.297600 0.011200
0.818400 0.297600 0.011200
0.788800 0.298400 0.013600
0.690400 0.299200 0.011200
0.495200 0.300000 0.004800
0.508000 0.300000 0.011200
0.705600 0.300000 0.011200
0.733600 0.300000 0.005600
0.763200 0.300000 0.016000
0.386400 0.300800 0.008800
0.442400 0.300800 0.005600
0.451200 0.300800 0.015200
0.486400 0.300800 0.013600
0.524000 0.300800 0.012800
0.678400 0.300800 0.011200
0.745600 0.300800 0.011200
0.152800 0.301600 0.014400
0.200800 0.301600 0.016000
0.400800 0.301600 0.011200
0.416800 0.301600 0.011200
0.429600 0.301600 0.008800
0.468800 0.301600 0.011200
0.542400 0.301600 0.008800
0.553600 0.301600 0.007200
0.566400 0.301600 0.011200
0.599200 0.301600 0.011200
0.614400 0.301600 0.013600
0.646400 0.301600 0.013600
0.663200 0.301600 0.011200
0.722400 0.301600 0.011200
0.212800 0.302400 0.004800
0.296800 0.302400 0.009600
0.348800 0.302400 0.013600
0.364000 0.302400 0.008800
0.376000 0.302400 0.005600
0.629600 0.302400 0.022400
0.171200 0.303200 0.005600
0.181600 0.303200 0.008800
0.220000 0.303200 0.005600
0.236800 0.303200 0.007200
0.244800 0.303200 0.004000
0.583200 0.303200 0.011200
0.226400 0.304000 0.005600
0.254400 0.304000 0.008800
0.280800 0.304000 0.008800
0.313600 0.304000 0.012800
0.266400 0.304800 0.008800
0.329600 0.304800 0.008800
0.800000 0.333600 0.011200
0.431200 0.334400 0.008800
0.737600 0.334400 0.019200
0.754400 0.334400 0.011200
0.771200 0.334400 0.011200
0.816800 0.334400 0.013600
0.444000 0.335200 0.019200
0.784800 0.335200 0.008800
0.285600 0.336000 0.005600
0.294400 0.336000 0.005600
0.328800 0.336000 0.011200
0.393600 0.336000 0.008800
0.480800 0.336000 0.016800
0.265600 0.336800 0.011200
0.304000 0.336800 0.007200
0.314400 0.336800 0.008800
0.346400 0.336800 0.011200
0.378400 0.336800 0.011200
0.464000 0.336800 0.011200
0.490400 0.336800 0.005600
0.516000 0.336800 0.008800
0.641600 0.336800 0.019200
0.696800 0.336800 0.011200
0.712800 0.336800 0.011200
0.835200 0.336800 0.020800
0.848800 0.336800 0.008800
0.864000 0.336800 0.013600
0.154400 0.337600 0.024800
0.200000 0.337600 0.008800
0.216800 0.337600 0.024800
0.251200 0.337600 0.011200
0.361600 0.337600 0.011200
0.414400 0.337600 0.003200
0.502400 0.337600 0.009600
0.526400 0.337600 0.018400
0.538400 0.337600 0.019200
0.663200 0.337600 0.008800
0.678400 0.337600 0.011200
0.728000 0.337600 0.021600
0.877600 0.337600 0.021600
0.227200 0.338400 0.004000
0.236000 0.338400 0.013600
0.404800 0.338400 0.007200
0.545600 0.338400 0.015200
0.584000 0.338400 0.017600
0.609600 0.338400 0.012800
0.628800 0.338400 0.016800
0.650400 0.338400 0.008800
0.172000 0.339200 0.011200
0.278400 0.339200 0.005600
0.451200 0.339200 0.005600
0.562400 0.339200 0.016800
0.572000 0.339200 0.005600
0.186400 0.340000 0.008800
0.594400 0.342400 0.008800
0.586400 0.368800 0.007200
0.856000 0.368800 0.013600
0.870400 0.368800 0.024800
0.595200 0.369600 0.019200
0.757600 0.369600 0.008800
0.790400 0.369600 0.011200
0.820000 0.369600 0.008800
0.772000 0.370400 0.011200
0.805600 0.370400 0.011200
0.839200 0.370400 0.013600
0.476800 0.371200 0.008800
0.492000 0.371200 0.021600
0.502400 0.371200 0.020800
0.521600 0.371200 0.013600
0.609600 0.371200 0.008800
0.628800 0.371200 0.008000
0.831200 0.371200 0.004800
0.356800 0.372000 0.011200
0.422400 0.372000 0.008800
0.457600 0.372000 0.016800
0.541600 0.372000 0.011200
0.565600 0.372000 0.004800
0.575200 0.372000 0.007200
0.638400 0.372000 0.008800
0.668800 0.372000 0.011200
0.684800 0.372000 0.008800
0.708800 0.372000 0.019200
0.743200 0.372000 0.008800
0.278400 0.372800 0.013600
0.310400 0.372800 0.008800
0.340800 0.372800 0.011200
0.372800 0.372800 0.013600
0.444800 0.372800 0.005600
0.466400 0.372800 0.004800
0.556800 0.372800 0.008800
0.651200 0.372800 0.009600
0.728800 0.372800 0.008800
0.255200 0.373600 0.015200
0.263200 0.373600 0.019200
0.293600 0.373600 0.013600
0.321600 0.373600 0.016800
0.409600 0.373600 0.008800
0.436800 0.373600 0.022400
0.619200 0.373600 0.004800
0.694400 0.373600 0.008800
0.228000 0.374400 0.005600
0.392000 0.374400 0.013600
0.152800 0.375200 0.016800
0.171200 0.375200 0.022400
0.196000 0.375200 0.019200
0.206400 0.375200 0.005600
0.212800 0.375200 0.013600
0.181600 0.376000 0.005600
0.221600 0.376000 0.004800
0.239200 0.376000 0.020800
0.669600 0.402400 0.016000
0.530400 0.404000 0.004800
0.584000 0.404000 0.019200
0.644800 0.404000 0.013600
0.662400 0.404000 0.016800
0.299200 0.404800 0.008800
0.317600 0.404800 0.024000
0.352000 0.404800 0.011200
0.381600 0.404800 0.008800
0.550400 0.404800 0.008800
0.604000 0.404800 0.008800
0.688000 0.404800 0.011200
0.720000 0.404800 0.016000
0.756000 0.404800 0.016800
0.876000 0.404800 0.007200
0.395200 0.405600 0.008800
0.408800 0.405600 0.008800
0.448800 0.405600 0.012800
0.471200 0.405600 0.016000
0.538400 0.405600 0.005600
0.570400 0.405600 0.008800
0.592000 0.405600 0.005600
0.615200 0.405600 0.005600
0.626400 0.405600 0.011200
0.700800 0.405600 0.019200
0.741600 0.405600 0.016800
0.762400 0.405600 0.019200
0.778400 0.405600 0.011200
0.845600 0.405600 0.016800
0.865600 0.405600 0.008800
0.335200 0.406400 0.019200
0.368800 0.406400 0.011200
0.421600 0.406400 0.008800
0.432800 0.406400 0.007200
0.490400 0.406400 0.011200
0.514400 0.406400 0.007200
0.560800 0.406400 0.005600
0.708800 0.406400 0.005600
0.832000 0.406400 0.011200
0.286400 0.407200 0.011200
0.504000 0.407200 0.005600
0.524000 0.407200 0.005600
0.801600 0.407200 0.020800
0.816000 0.407200 0.011200
0.155200 0.408000 0.016800
0.177600 0.408000 0.013600
0.196000 0.408000 0.016800
0.244000 0.408000 0.020000
0.251200 0.408000 0.016800
0.269600 0.408000 0.013600
0.228800 0.408800 0.020800
0.167200 0.409600 0.003200
0.220000 0.410400 0.019200
0.847200 0.435200 0.011200
0.564000 0.436800 0.018400
0.592800 0.436800 0.016000
0.601600 0.436800 0.008800
0.743200 0.436800 0.005600
0.800000 0.436800 0.005600
0.524000 0.437600 0.015200
0.544800 0.437600 0.008800
0.555200 0.437600 0.005600
0.575200 0.437600 0.008800
0.621600 0.437600 0.015200
0.641600 0.437600 0.012800
0.660800 0.437600 0.011200
0.679200 0.437600 0.013600
0.732000 0.437600 0.011200
0.816800 0.437600 0.012800
0.698400 0.438400 0.012000
0.715200 0.438400 0.011200
0.788800 0.438400 0.008800
0.833600 0.438400 0.008800
0.863200 0.438400 0.013600
0.370400 0.439200 0.016000
0.438400 0.439200 0.013600
0.506400 0.439200 0.013600
0.531200 0.439200 0.020000
0.759200 0.439200 0.013600
0.776000 0.439200 0.008800
0.380000 0.440000 0.022400
0.398400 0.440000 0.013600
0.420000 0.440000 0.011200
0.472000 0.440000 0.016800
0.488800 0.440000 0.011200
0.514400 0.440000 0.004800
0.453600 0.440800 0.024800
0.337600 0.441600 0.005600
0.346400 0.441600 0.014400
0.300800 0.442400 0.013600
0.326400 0.442400 0.016800
0.283200 0.443200 0.012800
0.264800 0.444000 0.008800
0.276000 0.444000 0.005600
0.463200 0.444000 0.005600
0.155200 0.444800 0.021600
0.190400 0.444800 0.008800
0.227200 0.444800 0.008800
0.241600 0.444800 0.011200
0.256000 0.444800 0.005600
0.212000 0.445600 0.011200
0.169600 0.446400 0.008800
0.180000 0.446400 0.005600
0.199200 0.446400 0.005600
0.845600 0.465600 0.012800
0.864800 0.465600 0.015200
0.828000 0.467200 0.011200
0.697600 0.468800 0.010400
0.765600 0.468800 0.013600
0.682400 0.469600 0.011200
0.712000 0.469600 0.008800
0.786400 0.469600 0.015200
0.808800 0.469600 0.013600
0.748800 0.470400 0.011200
0.663200 0.471200 0.011200
0.728000 0.471200 0.013600
0.736800 0.471200 0.005600
0.412800 0.472800 0.016800
0.612800 0.472800 0.008800
0.627200 0.472800 0.013600
0.650400 0.472800 0.011200
0.372800 0.473600 0.016800
0.421600 0.473600 0.005600
0.465600 0.473600 0.019200
0.478400 0.473600 0.008800
0.580800 0.473600 0.012800
0.636000 0.473600 0.004800
0.352800 0.474400 0.013600
0.435200 0.474400 0.018400
0.527200 0.474400 0.013600
0.544800 0.474400 0.012800
0.563200 0.474400 0.011200
0.600800 0.474400 0.011200
0.292000 0.475200 0.005600
0.302400 0.475200 0.008800
0.335200 0.475200 0.011200
0.384800 0.475200 0.005600
0.396800 0.475200 0.019200
0.494400 0.475200 0.011200
0.508000 0.475200 0.008800
0.280800 0.476000 0.008000
0.319200 0.476000 0.011200
0.443200 0.476000 0.016800
0.242400 0.477600 0.011200
0.270400 0.477600 0.007200
0.257600 0.478400 0.008800
0.156000 0.479200 0.016800
0.176800 0.479200 0.008800
0.213600 0.479200 0.008800
0.227200 0.479200 0.008800
0.189600 0.480000 0.008800
0.201600 0.480000 0.008800
0.209600 0.480000 0.014400
0.824800 0.498400 0.011200
0.844000 0.498400 0.013600
0.866400 0.498400 0.016800
0.717600 0.500800 0.011200
0.748000 0.500800 0.008800
0.760800 0.500800 0.008800
0.773600 0.500800 0.019200
0.810400 0.500800 0.011200
0.734400 0.501600 0.008800
0.793600 0.501600 0.016800
0.644000 0.502400 0.004800
0.654400 0.502400 0.008800
0.701600 0.502400 0.008800
0.916800 0.502400 0.025600
0.672800 0.503200 0.011200
0.687200 0.503200 0.008800
0.592800 0.504800 0.007200
0.634400 0.504800 0.016800
0.382400 0.505600 0.008800
0.603200 0.505600 0.008800
0.617600 0.505600 0.008800
0.367200 0.506400 0.012800
0.505600 0.506400 0.016800
0.529600 0.506400 0.013600
0.549600 0.506400 0.011200
0.564000 0.506400 0.008800
0.580000 0.506400 0.009600
0.331200 0.507200 0.012800
0.392800 0.507200 0.005600
0.404800 0.507200 0.008800
0.313600 0.508000 0.016800
0.349600 0.508000 0.011200
0.424000 0.508000 0.013600
0.440000 0.508000 0.019200
0.464000 0.508800 0.011200
0.481600 0.508800 0.016800
0.304800 0.509600 0.005600
0.449600 0.509600 0.008800
0.291200 0.511200 0.011200
0.252000 0.512800 0.008800
0.263200 0.512800 0.007200
0.276000 0.512800 0.008800
0.236800 0.513600 0.013600
0.202400 0.514400 0.011200
0.159200 0.515200 0.020800
0.173600 0.515200 0.005600
0.187200 0.516000 0.008800
0.217600 0.516000 0.011200
0.678400 0.528800 0.011200
0.626400 0.532000 0.012000
0.620000 0.532800 0.009600
0.680800 0.572800 0.007200
0.690400 0.572800 0.008800
0.647200 0.574400 0.008800
0.656800 0.575200 0.007200
0.668000 0.575200 0.008000
