0.224000 0.061600 0.011200
0.241600 0.061600 0.011200
0.210400 0.062400 0.008000
0.192000 0.063200 0.024000
0.256800 0.063200 0.024800
0.840000 0.064000 0.022400
0.288000 0.100800 0.011200
0.476800 0.100800 0.008800
0.490400 0.100800 0.008800
0.264800 0.101600 0.015200
0.273600 0.101600 0.016800
0.303200 0.101600 0.008800
0.323200 0.101600 0.005600
0.350400 0.101600 0.016800
0.354400 0.101600 0.013600
0.505600 0.101600 0.010400
0.654400 0.101600 0.011200
0.691200 0.101600 0.005600
0.775200 0.101600 0.015200
0.164000 0.102400 0.019200
0.176800 0.102400 0.008800
0.228000 0.102400 0.012000
0.399200 0.102400 0.013600
0.457600 0.102400 0.007200
0.466400 0.102400 0.004800
0.592000 0.102400 0.011200
0.754400 0.102400 0.011200
0.192800 0.103200 0.011200
0.210400 0.103200 0.011200
0.256000 0.103200 0.004800
0.340000 0.103200 0.004800
0.413600 0.103200 0.008800
0.444000 0.103200 0.011200
0.520000 0.103200 0.008800
0.605600 0.103200 0.008800
0.620000 0.103200 0.010400
0.635200 0.103200 0.013600
0.669600 0.103200 0.008800
0.720800 0.103200 0.008800
0.736800 0.103200 0.011200
0.801600 0.103200 0.016800
0.819200 0.103200 0.011200
0.835200 0.103200 0.013600
0.246400 0.104000 0.013600
0.313600 0.104000 0.007200
0.332800 0.104000 0.005600
0.368000 0.104000 0.008800
0.381600 0.104000 0.008800
0.533600 0.104000 0.008800
0.546400 0.104000 0.008800
0.574400 0.104000 0.008800
0.682400 0.104000 0.008800
0.706400 0.104000 0.012800
0.842400 0.104000 0.004800
0.851200 0.104000 0.022400
0.428000 0.104800 0.010400
0.560800 0.104800 0.008800
0.243200 0.129600 0.008800
0.539200 0.130400 0.012800
0.560000 0.130400 0.011200
0.206400 0.131200 0.008800
0.221600 0.131200 0.016800
0.231200 0.131200 0.007200
0.256800 0.131200 0.019200
0.291200 0.131200 0.011200
0.472800 0.131200 0.012800
0.193600 0.132000 0.008800
0.307200 0.132000 0.011200
0.320800 0.132000 0.005600
0.329600 0.132000 0.017600
0.420000 0.132000 0.013600
0.442400 0.132000 0.016800
0.492000 0.132000 0.011200
0.586400 0.132000 0.008800
0.669600 0.132000 0.005600
0.676000 0.132000 0.022400
0.276000 0.132800 0.008800
0.344000 0.132800 0.005600
0.351200 0.132800 0.013600
0.368000 0.132800 0.012800
0.403200 0.132800 0.011200
0.504800 0.132800 0.008800
0.520800 0.132800 0.011200
0.575200 0.132800 0.008800
0.602400 0.132800 0.011200
0.688000 0.132800 0.007200
0.163200 0.133600 0.013600
0.178400 0.133600 0.008800
0.387200 0.133600 0.011200
0.759200 0.133600 0.011200
0.796800 0.133600 0.019200
0.616000 0.134400 0.008800
0.630400 0.134400 0.010400
0.703200 0.134400 0.012800
0.720000 0.134400 0.013600
0.741600 0.134400 0.013600
0.773600 0.134400 0.007200
0.645600 0.135200 0.010400
0.659200 0.135200 0.008800
0.782400 0.135200 0.019200
0.805600 0.135200 0.005600
0.836800 0.135200 0.016800
0.848000 0.136000 0.017600
0.817600 0.136800 0.008800
0.829600 0.136800 0.005600
0.856000 0.139200 0.014400
0.185600 0.160800 0.011200
0.201600 0.161600 0.008800
0.448000 0.161600 0.016000
0.556000 0.161600 0.005600
0.167200 0.162400 0.016800
0.569600 0.162400 0.011200
0.215200 0.163200 0.008800
0.548000 0.163200 0.007200
0.584800 0.163200 0.008800
0.224800 0.164000 0.008800
0.240000 0.164000 0.011200
0.256800 0.164000 0.011200
0.372800 0.164000 0.016000
0.424800 0.164000 0.013600
0.476000 0.164000 0.013600
0.536000 0.164000 0.007200
0.604800 0.164000 0.007200
0.744000 0.164000 0.008800
0.310400 0.164800 0.011200
0.336000 0.164800 0.019200
0.351200 0.164800 0.011200
0.390400 0.164800 0.011200
0.405600 0.164800 0.011200
0.494400 0.164800 0.008800
0.508800 0.164800 0.009600
0.524000 0.164800 0.008800
0.616000 0.164800 0.005600
0.628000 0.164800 0.011200
0.274400 0.165600 0.011200
0.288000 0.165600 0.007200
0.327200 0.165600 0.019200
0.596000 0.165600 0.005600
0.657600 0.165600 0.008800
0.296800 0.166400 0.008800
0.643200 0.166400 0.008800
0.668000 0.166400 0.005600
0.687200 0.166400 0.005600
0.696800 0.166400 0.015200
0.732800 0.166400 0.008800
0.765600 0.166400 0.016800
0.678400 0.167200 0.005600
0.717600 0.167200 0.019200
0.780000 0.168000 0.011200
0.800800 0.168000 0.019200
0.813600 0.168000 0.008000
0.825600 0.168000 0.017600
0.847200 0.168000 0.019200
0.858400 0.168000 0.021600
0.832800 0.168800 0.005600
0.705600 0.170400 0.004800
0.419200 0.195200 0.016800
0.662400 0.195200 0.008800
0.528000 0.196000 0.005600
0.571200 0.196000 0.013600
0.753600 0.196000 0.008800
0.800800 0.196000 0.008800
0.160000 0.196800 0.013600
0.193600 0.196800 0.010400
0.539200 0.196800 0.016000
0.649600 0.196800 0.008000
0.822400 0.196800 0.008800
0.178400 0.197600 0.011200
0.236800 0.197600 0.013600
0.395200 0.197600 0.013600
0.447200 0.197600 0.015200
0.470400 0.197600 0.013600
0.504800 0.197600 0.008800
0.549600 0.197600 0.018400
0.699200 0.197600 0.011200
0.714400 0.197600 0.008800
0.741600 0.197600 0.007200
0.765600 0.197600 0.007200
0.837600 0.197600 0.011200
0.852800 0.197600 0.013600
0.208000 0.198400 0.008800
0.219200 0.198400 0.005600
0.268000 0.198400 0.008800
0.343200 0.198400 0.011200
0.431200 0.198400 0.005600
0.487200 0.198400 0.011200
0.590400 0.198400 0.011200
0.606400 0.198400 0.011200
0.636800 0.198400 0.008800
0.682400 0.198400 0.013600
0.729600 0.198400 0.008800
0.788000 0.198400 0.008000
0.810400 0.198400 0.005600
0.252000 0.199200 0.011200
0.283200 0.199200 0.011200
0.306400 0.199200 0.016800
0.360000 0.199200 0.011200
0.376000 0.199200 0.011200
0.622400 0.199200 0.008800
0.296000 0.200000 0.005600
0.518400 0.200000 0.008800
0.775200 0.200000 0.008800
0.327200 0.200800 0.011200
0.640800 0.228000 0.012000
0.676000 0.228000 0.011200
0.178400 0.228800 0.011200
0.592000 0.228800 0.013600
0.606400 0.228800 0.012800
0.623200 0.228800 0.011200
0.657600 0.228800 0.011200
0.724000 0.228800 0.012800
0.162400 0.229600 0.022400
0.692800 0.229600 0.012800
0.698400 0.229600 0.015200
0.708000 0.229600 0.005600
0.194400 0.230400 0.011200
0.209600 0.230400 0.008800
0.432000 0.230400 0.008800
0.583200 0.230400 0.005600
0.404800 0.231200 0.011200
0.417600 0.231200 0.008800
0.539200 0.231200 0.011200
0.554400 0.231200 0.008800
0.573600 0.231200 0.014400
0.741600 0.231200 0.012800
0.760000 0.231200 0.008800
0.774400 0.231200 0.011200
0.232000 0.232000 0.008800
0.249600 0.232000 0.011200
0.262400 0.232000 0.005600
0.268800 0.232000 0.004800
0.387200 0.232000 0.013600
0.490400 0.232000 0.016800
0.508800 0.232000 0.011200
0.566400 0.232000 0.005600
0.797600 0.232000 0.013600
0.813600 0.232000 0.013600
0.822400 0.232000 0.005600
0.852800 0.232000 0.015200
0.221600 0.232800 0.005600
0.288000 0.232800 0.008800
0.303200 0.232800 0.013600
0.448000 0.232800 0.011200
0.466400 0.232800 0.013600
0.524000 0.232800 0.008800
0.834400 0.232800 0.011200
0.276800 0.233600 0.005600
0.360000 0.233600 0.016800
0.369600 0.233600 0.019200
0.324800 0.234400 0.011200
0.343200 0.235200 0.011200
0.859200 0.259200 0.014400
0.656800 0.261600 0.012800
0.681600 0.261600 0.020000
0.694400 0.261600 0.008800
0.708800 0.261600 0.022400
0.728800 0.261600 0.008800
0.756000 0.261600 0.008800
0.800800 0.261600 0.012800
0.852000 0.261600 0.019200
0.159200 0.262400 0.016800
0.615200 0.262400 0.016800
0.637600 0.262400 0.011200
0.742400 0.262400 0.008800
0.824000 0.262400 0.013600
0.839200 0.262400 0.008800
0.167200 0.263200 0.021600
0.435200 0.263200 0.008800
0.599200 0.263200 0.011200
0.624000 0.263200 0.020800
0.674400 0.263200 0.016000
0.769600 0.263200 0.008800
0.784000 0.263200 0.008800
0.181600 0.264000 0.008800
0.229600 0.264000 0.008800
0.404800 0.264000 0.008800
0.419200 0.264000 0.008800
0.448800 0.264000 0.008800
0.480000 0.264000 0.011200
0.545600 0.264000 0.012000
0.563200 0.264000 0.011200
0.582400 0.264000 0.012800
0.197600 0.264800 0.011200
0.216800 0.264800 0.019200
0.247200 0.264800 0.013600
0.383200 0.264800 0.016000
0.464000 0.264800 0.011200
0.496800 0.264800 0.011200
0.513600 0.264800 0.011200
0.263200 0.265600 0.011200
0.528000 0.265600 0.008800
0.719200 0.265600 0.004800
0.300000 0.266400 0.005600
0.314400 0.266400 0.011200
0.345600 0.266400 0.011200
0.364000 0.266400 0.013600
0.278400 0.267200 0.008800
0.330400 0.267200 0.008800
0.289600 0.268000 0.008000
0.857600 0.292000 0.008800
0.845600 0.292800 0.008800
0.472800 0.293600 0.011200
0.814400 0.293600 0.008800
0.828000 0.293600 0.013600
0.163200 0.295200 0.022400
0.212800 0.295200 0.015200
0.410400 0.295200 0.005600
0.419200 0.295200 0.015200
0.436800 0.295200 0.011200
0.456000 0.295200 0.012800
0.549600 0.295200 0.019200
0.784800 0.295200 0.008800
0.798400 0.295200 0.011200
0.300000 0.296000 0.017600
0.351200 0.296000 0.008800
0.544000 0.296000 0.013600
0.564000 0.296000 0.008800
0.593600 0.296000 0.013600
0.660800 0.296000 0.011200
0.676800 0.296000 0.016800
0.716800 0.296000 0.011200
0.739200 0.296000 0.007200
0.752000 0.296000 0.008800
0.766400 0.296000 0.012800
0.178400 0.296800 0.008800
0.193600 0.296800 0.011200
0.292800 0.296800 0.007200
0.365600 0.296800 0.011200
0.398400 0.296800 0.008800
0.488800 0.296800 0.015200
0.496000 0.296800 0.016800
0.526400 0.296800 0.011200
0.578400 0.296800 0.008800
0.600800 0.296800 0.019200
0.614400 0.296800 0.008800
0.644800 0.296800 0.010400
0.684800 0.296800 0.018400
0.700800 0.296800 0.011200
0.235200 0.297600 0.013600
0.252800 0.297600 0.008800
0.280000 0.297600 0.009600
0.312000 0.297600 0.008000
0.323200 0.297600 0.008800
0.338400 0.297600 0.008800
0.510400 0.297600 0.011200
0.629600 0.297600 0.011200
0.728800 0.297600 0.005600
0.265600 0.299200 0.008800
0.384000 0.299200 0.011200
0.815200 0.324800 0.008800
0.836000 0.324800 0.008800
0.826400 0.325600 0.005600
0.853600 0.325600 0.013600
0.740000 0.327200 0.008800
0.777600 0.327200 0.011200
0.799200 0.327200 0.016800
0.489600 0.328000 0.008800
0.658400 0.328000 0.019200
0.703200 0.328000 0.018400
0.755200 0.328000 0.019200
0.461600 0.328800 0.008800
0.716000 0.328800 0.007200
0.726400 0.328800 0.008800
0.792800 0.328800 0.016800
0.347200 0.329600 0.005600
0.390400 0.329600 0.019200
0.475200 0.329600 0.008800
0.527200 0.329600 0.008000
0.579200 0.329600 0.008800
0.590400 0.329600 0.005600
0.598400 0.329600 0.013600
0.614400 0.329600 0.011200
0.644800 0.329600 0.008800
0.664800 0.329600 0.015200
0.265600 0.330400 0.012800
0.356800 0.330400 0.008800
0.370400 0.330400 0.019200
0.504800 0.330400 0.008800
0.516800 0.330400 0.005600
0.541600 0.330400 0.008800
0.553600 0.330400 0.005600
0.681600 0.330400 0.013600
0.212000 0.331200 0.011200
0.284800 0.331200 0.012800
0.302400 0.331200 0.011200
0.335200 0.331200 0.008800
0.376000 0.331200 0.016800
0.416000 0.331200 0.019200
0.436000 0.331200 0.005600
0.445600 0.331200 0.022400
0.564800 0.331200 0.008800
0.164000 0.332000 0.024800
0.246400 0.332000 0.012000
0.319200 0.332000 0.011200
0.426400 0.332000 0.007200
0.626400 0.332000 0.005600
0.181600 0.332800 0.011200
0.228800 0.332800 0.011200
0.635200 0.332800 0.005600
0.196800 0.333600 0.008800
0.400800 0.333600 0.020800
0.856800 0.356000 0.023200
0.797600 0.357600 0.013600
0.813600 0.359200 0.011200
0.844800 0.359200 0.013600
0.737600 0.360000 0.005600
0.828000 0.360000 0.008800
0.553600 0.360800 0.015200
0.679200 0.360800 0.013600
0.723200 0.360800 0.013600
0.746400 0.360800 0.008800
0.776800 0.360800 0.012800
0.534400 0.361600 0.013600
0.580000 0.361600 0.013600
0.616800 0.361600 0.011200
0.630400 0.361600 0.005600
0.660000 0.361600 0.011200
0.759200 0.361600 0.011200
0.599200 0.362400 0.013600
0.642400 0.362400 0.008800
0.697600 0.362400 0.016800
0.445600 0.363200 0.012800
0.507200 0.363200 0.011200
0.520000 0.364000 0.007200
0.427200 0.364800 0.013600
0.465600 0.364800 0.011200
0.477600 0.364800 0.007200
0.491200 0.364800 0.009600
0.564000 0.364800 0.005600
0.322400 0.365600 0.005600
0.292800 0.366400 0.011200
0.312000 0.366400 0.008800
0.331200 0.366400 0.005600
0.374400 0.366400 0.013600
0.392000 0.366400 0.008800
0.408000 0.366400 0.011200
0.256800 0.367200 0.008800
0.268000 0.367200 0.005600
0.277600 0.367200 0.008800
0.338400 0.367200 0.005600
0.355200 0.367200 0.013600
0.200000 0.368000 0.015200
0.221600 0.368000 0.013600
0.240000 0.368000 0.012800
0.173600 0.369600 0.018400
0.829600 0.392000 0.011200
0.798400 0.392800 0.005600
0.848800 0.392800 0.016800
0.812000 0.393600 0.011200
0.658400 0.395200 0.005600
0.770400 0.395200 0.011200
0.788000 0.395200 0.016800
0.672000 0.396000 0.016800
0.738400 0.396000 0.011200
0.754400 0.396000 0.011200
0.680800 0.396800 0.018400
0.690400 0.396800 0.005600
0.705600 0.396800 0.013600
0.648000 0.397600 0.016800
0.721600 0.397600 0.008800
0.624800 0.398400 0.015200
0.435200 0.399200 0.010400
0.450400 0.399200 0.022400
0.493600 0.399200 0.013600
0.542400 0.399200 0.008800
0.552800 0.399200 0.004800
0.560800 0.399200 0.013600
0.574400 0.399200 0.008800
0.590400 0.399200 0.011200
0.606400 0.399200 0.011200
0.166400 0.400000 0.016800
0.338400 0.400000 0.008800
0.349600 0.400000 0.007200
0.376000 0.400000 0.011200
0.456800 0.400000 0.016800
0.513600 0.400000 0.011200
0.296800 0.400800 0.008800
0.330400 0.400800 0.015200
0.359200 0.400800 0.016000
0.404800 0.400800 0.011200
0.420000 0.400800 0.008800
0.473600 0.400800 0.013600
0.529600 0.400800 0.011200
0.259200 0.401600 0.015200
0.281600 0.401600 0.016800
0.314400 0.401600 0.011200
0.390400 0.401600 0.008800
0.186400 0.402400 0.011200
0.220000 0.402400 0.008800
0.232000 0.403200 0.018400
0.240800 0.403200 0.016800
0.204800 0.404000 0.011200
0.661600 0.431200 0.022400
0.826400 0.431200 0.011200
0.844000 0.431200 0.013600
0.343200 0.432000 0.007200
0.600000 0.432000 0.005600
0.608000 0.432000 0.013600
0.622400 0.432000 0.011200
0.652800 0.432000 0.005600
0.677600 0.432000 0.013600
0.697600 0.432000 0.013600
0.717600 0.432000 0.013600
0.733600 0.432000 0.011200
0.753600 0.432000 0.012800
0.811200 0.432000 0.011200
0.392800 0.432800 0.013600
0.426400 0.432800 0.012800
0.588800 0.432800 0.008800
0.770400 0.432800 0.016800
0.792800 0.432800 0.011200
0.276800 0.433600 0.011200
0.329600 0.433600 0.011200
0.408000 0.433600 0.011200
0.476800 0.433600 0.011200
0.640000 0.433600 0.011200
0.779200 0.433600 0.005600
0.229600 0.434400 0.011200
0.246400 0.434400 0.011200
0.295200 0.434400 0.011200
0.312000 0.434400 0.011200
0.356000 0.434400 0.011200
0.372800 0.434400 0.011200
0.444000 0.434400 0.011200
0.496800 0.434400 0.013600
0.514400 0.434400 0.011200
0.534400 0.434400 0.013600
0.555200 0.434400 0.013600
0.573600 0.434400 0.011200
0.184000 0.435200 0.019200
0.260800 0.435200 0.008800
0.166400 0.436000 0.019200
0.212000 0.436000 0.011200
0.460800 0.436000 0.011200
0.195200 0.436800 0.019200
0.775200 0.462400 0.011200
0.586400 0.463200 0.011200
0.601600 0.463200 0.016800
0.726400 0.464000 0.008800
0.745600 0.464000 0.008800
0.828800 0.464000 0.008800
0.849600 0.464000 0.016000
0.572000 0.464800 0.008800
0.610400 0.464800 0.016800
0.621600 0.464800 0.015200
0.628800 0.464800 0.019200
0.680800 0.464800 0.016000
0.700000 0.464800 0.008800
0.713600 0.464800 0.008800
0.736000 0.464800 0.004800
0.759200 0.464800 0.008800
0.792000 0.464800 0.011200
0.808800 0.464800 0.013600
0.818400 0.464800 0.004800
0.556000 0.465600 0.011200
0.652800 0.465600 0.005600
0.660800 0.465600 0.005600
0.668800 0.465600 0.005600
0.422400 0.466400 0.008800
0.641600 0.466400 0.008800
0.688800 0.466400 0.005600
0.465600 0.467200 0.011200
0.498400 0.467200 0.012800
0.300800 0.468000 0.016000
0.348000 0.468000 0.022400
0.482400 0.468000 0.008800
0.517600 0.468000 0.011200
0.538400 0.468000 0.016000
0.389600 0.468800 0.008800
0.451200 0.468800 0.008800
0.278400 0.469600 0.013600
0.320800 0.469600 0.016800
0.376800 0.469600 0.022400
0.165600 0.470400 0.016800
0.183200 0.470400 0.008800
0.256800 0.470400 0.016800
0.331200 0.470400 0.008800
0.359200 0.470400 0.007200
0.411200 0.470400 0.006400
0.438400 0.470400 0.021600
0.368000 0.471200 0.004800
0.195200 0.472000 0.022400
0.233600 0.472000 0.015200
0.401600 0.472000 0.005600
0.212000 0.472800 0.013600
0.202400 0.473600 0.005600
0.834400 0.493600 0.008800
0.820000 0.494400 0.008800
0.780000 0.495200 0.005600
0.848000 0.495200 0.020800
0.747200 0.496000 0.016800
0.787200 0.496000 0.016800
0.798400 0.496000 0.005600
0.806400 0.496000 0.021600
0.732800 0.496800 0.004800
0.741600 0.496800 0.005600
0.769600 0.496800 0.008800
0.625600 0.497600 0.010400
0.757600 0.497600 0.008800
0.639200 0.498400 0.008800
0.707200 0.498400 0.016800
0.477600 0.499200 0.011200
0.649600 0.499200 0.005600
0.662400 0.499200 0.008800
0.676000 0.499200 0.007200
0.687200 0.499200 0.005600
0.696000 0.499200 0.005600
0.725600 0.499200 0.016800
0.589600 0.500000 0.020800
0.608000 0.500000 0.013600
0.714400 0.500000 0.005600
0.388000 0.500800 0.008800
0.462400 0.500800 0.008800
0.527200 0.500800 0.011200
0.545600 0.500800 0.011200
0.562400 0.500800 0.011200
0.579200 0.500800 0.021600
0.300800 0.501600 0.016800
0.407200 0.501600 0.007200
0.511200 0.501600 0.008800
0.373600 0.502400 0.008800
0.416800 0.502400 0.005600
0.493600 0.502400 0.012800
0.336000 0.503200 0.013600
0.357600 0.503200 0.011200
0.398400 0.503200 0.005600
0.427200 0.503200 0.008800
0.442400 0.503200 0.013600
0.452000 0.503200 0.004800
0.267200 0.504000 0.013600
0.319200 0.504000 0.008800
0.248800 0.504800 0.013600
0.287200 0.504800 0.011200
0.308800 0.504800 0.016800
0.182400 0.505600 0.011200
0.216000 0.506400 0.008800
0.230400 0.506400 0.008800
0.164800 0.507200 0.016800
0.200000 0.507200 0.011200
0.725600 0.529600 0.013600
0.743200 0.529600 0.011200
0.776000 0.529600 0.008800
0.702400 0.530400 0.013600
0.836800 0.530400 0.013600
0.850400 0.530400 0.019200
0.655200 0.532000 0.010400
0.758400 0.532000 0.012800
0.788800 0.532000 0.007200
0.803200 0.532000 0.011200
0.819200 0.532000 0.008800
0.828800 0.532000 0.004000
0.856800 0.532000 0.015200
0.669600 0.532800 0.008800
0.574400 0.533600 0.016800
0.624800 0.533600 0.008800
0.640000 0.533600 0.009600
0.684000 0.533600 0.011200
0.550400 0.534400 0.016800
0.595200 0.534400 0.016800
0.611200 0.534400 0.008800
0.584000 0.535200 0.005600
0.419200 0.536000 0.005600
0.493600 0.536000 0.011200
0.392000 0.536800 0.011200
0.429600 0.536800 0.008800
0.445600 0.536800 0.011200
0.289600 0.537600 0.011200
0.460000 0.537600 0.008800
0.305600 0.538400 0.008800
0.345600 0.538400 0.011200
0.376800 0.538400 0.008800
0.407200 0.538400 0.008800
0.476000 0.538400 0.011200
0.512000 0.538400 0.011200
0.528000 0.538400 0.008800
0.270400 0.539200 0.015200
0.317600 0.539200 0.005600
0.328800 0.539200 0.008000
0.362400 0.539200 0.010400
0.192000 0.540800 0.011200
0.249600 0.540800 0.011200
0.206400 0.541600 0.008800
0.171200 0.542400 0.016800
0.218400 0.542400 0.008800
0.232000 0.543200 0.011200
