793.000000 29.000000 11.000000
837.000000 29.000000 12.000000
629.000000 30.000000 11.000000
815.000000 30.000000 14.000000
647.000000 31.000000 13.000000
707.000000 31.000000 7.000000
717.000000 31.000000 16.000000
779.000000 31.000000 9.000000
665.000000 32.000000 11.000000
682.000000 32.000000 10.000000
696.000000 32.000000 11.000000
736.000000 32.000000 11.000000
751.000000 32.000000 7.000000
763.000000 32.000000 14.000000
1144.000000 39.000000 9.000000
1171.000000 39.000000 11.000000
1090.000000 40.000000 11.000000
1104.000000 40.000000 9.000000
1116.000000 40.000000 8.000000
1129.000000 40.000000 9.000000
1156.000000 40.000000 9.000000
1074.000000 41.000000 12.000000
1082.000000 41.000000 4.000000
1033.000000 42.000000 11.000000
1046.000000 42.000000 11.000000
1062.000000 42.000000 9.000000
984.000000 43.000000 11.000000
1001.000000 43.000000 10.000000
1015.000000 43.000000 11.000000
1184.000000 43.000000 8.000000
1197.000000 43.000000 10.000000
939.000000 44.000000 9.000000
951.000000 44.000000 9.000000
970.000000 44.000000 14.000000
890.000000 45.000000 17.000000
962.000000 45.000000 6.000000
868.000000 46.000000 9.000000
905.000000 46.000000 9.000000
921.000000 46.000000 11.000000
322.000000 47.000000 11.000000
339.000000 47.000000 11.000000
356.000000 47.000000 11.000000
369.000000 47.000000 9.000000
381.000000 48.000000 7.000000
390.000000 48.000000 7.000000
404.000000 48.000000 11.000000
569.000000 48.000000 28.000000
439.000000 49.000000 7.000000
558.000000 49.000000 7.000000
586.000000 49.000000 24.000000
304.000000 50.000000 13.000000
454.000000 50.000000 14.000000
473.000000 50.000000 11.000000
486.000000 50.000000 4.000000
547.000000 50.000000 7.000000
426.000000 51.000000 21.000000
499.000000 51.000000 17.000000
846.000000 51.000000 14.000000
518.000000 52.000000 11.000000
533.000000 52.000000 10.000000
285.000000 53.000000 17.000000
714.000000 53.000000 11.000000
827.000000 53.000000 11.000000
670.000000 54.000000 13.000000
786.000000 54.000000 14.000000
812.000000 54.000000 10.000000
1146.000000 54.000000 6.000000
726.000000 55.000000 11.000000
742.000000 55.000000 11.000000
758.000000 55.000000 9.000000
770.000000 55.000000 10.000000
644.000000 56.000000 14.000000
663.000000 56.000000 7.000000
680.000000 56.000000 13.000000
698.000000 56.000000 11.000000
1159.000000 59.000000 10.000000
1175.000000 59.000000 11.000000
1104.000000 60.000000 7.000000
1113.000000 60.000000 13.000000
1128.000000 60.000000 11.000000
1093.000000 61.000000 9.000000
1192.000000 61.000000 9.000000
1204.000000 62.000000 11.000000
1080.000000 63.000000 9.000000
1062.000000 64.000000 11.000000
65.000000 65.000000 49.000000
1046.000000 65.000000 10.000000
908.000000 66.000000 11.000000
952.000000 66.000000 11.000000
1033.000000 66.000000 9.000000
892.000000 67.000000 11.000000
923.000000 67.000000 7.000000
937.000000 67.000000 10.000000
1001.000000 67.000000 11.000000
1017.000000 67.000000 10.000000
80.000000 68.000000 47.000000
986.000000 68.000000 11.000000
969.000000 69.000000 11.000000
837.000000 74.000000 11.000000
665.000000 76.000000 13.000000
808.000000 76.000000 10.000000
823.000000 76.000000 9.000000
789.000000 77.000000 11.000000
648.000000 78.000000 13.000000
683.000000 78.000000 11.000000
277.000000 80.000000 14.000000
576.000000 80.000000 7.000000
596.000000 80.000000 17.000000
608.000000 80.000000 7.000000
617.000000 80.000000 7.000000
705.000000 80.000000 14.000000
738.000000 80.000000 12.000000
775.000000 80.000000 9.000000
1161.000000 80.000000 12.000000
195.000000 81.000000 31.000000
236.000000 81.000000 14.000000
256.000000 81.000000 14.000000
297.000000 81.000000 16.000000
628.000000 81.000000 9.000000
722.000000 81.000000 11.000000
759.000000 81.000000 11.000000
1176.000000 81.000000 9.000000
1188.000000 81.000000 9.000000
1204.000000 81.000000 11.000000
1215.000000 81.000000 7.000000
1142.000000 82.000000 11.000000
218.000000 83.000000 11.000000
1105.000000 83.000000 12.000000
1126.000000 83.000000 11.000000
1085.000000 86.000000 12.000000
1024.000000 89.000000 17.000000
1031.000000 89.000000 13.000000
1065.000000 89.000000 12.000000
903.000000 90.000000 7.000000
913.000000 90.000000 7.000000
924.000000 90.000000 7.000000
1045.000000 90.000000 10.000000
892.000000 91.000000 14.000000
940.000000 91.000000 11.000000
1012.000000 91.000000 9.000000
998.000000 92.000000 11.000000
955.000000 93.000000 10.000000
851.000000 94.000000 17.000000
869.000000 94.000000 16.000000
971.000000 94.000000 9.000000
983.000000 94.000000 9.000000
784.000000 102.000000 7.000000
1206.000000 102.000000 7.000000
1194.000000 103.000000 11.000000
771.000000 104.000000 14.000000
1167.000000 105.000000 7.000000
1178.000000 105.000000 17.000000
1154.000000 106.000000 11.000000
752.000000 107.000000 13.000000
1139.000000 107.000000 9.000000
1125.000000 108.000000 11.000000
348.000000 109.000000 14.000000
1062.000000 109.000000 14.000000
1070.000000 109.000000 16.000000
1093.000000 109.000000 11.000000
1111.000000 109.000000 11.000000
340.000000 111.000000 7.000000
691.000000 111.000000 12.000000
891.000000 111.000000 14.000000
1081.000000 111.000000 7.000000
327.000000 114.000000 9.000000
1012.000000 117.000000 10.000000
732.000000 118.000000 11.000000
891.000000 123.000000 8.000000
1203.000000 125.000000 17.000000
1154.000000 128.000000 10.000000
1189.000000 129.000000 11.000000
1173.000000 131.000000 12.000000
1139.000000 132.000000 10.000000
199.000000 134.000000 38.000000
1124.000000 135.000000 11.000000
1075.000000 136.000000 19.000000
1089.000000 136.000000 11.000000
1106.000000 137.000000 11.000000
233.000000 139.000000 24.000000
930.000000 139.000000 31.000000
273.000000 141.000000 31.000000
279.000000 141.000000 31.000000
342.000000 141.000000 24.000000
973.000000 141.000000 21.000000
392.000000 142.000000 28.000000
673.000000 143.000000 11.000000
696.000000 143.000000 48.000000
889.000000 143.000000 28.000000
937.000000 143.000000 34.000000
611.000000 144.000000 28.000000
648.000000 144.000000 38.000000
811.000000 144.000000 34.000000
1040.000000 144.000000 24.000000
763.000000 145.000000 21.000000
836.000000 145.000000 14.000000
1006.000000 145.000000 24.000000
432.000000 146.000000 28.000000
478.000000 146.000000 28.000000
528.000000 146.000000 28.000000
731.000000 147.000000 24.000000
568.000000 148.000000 28.000000
1205.000000 151.000000 12.000000
847.000000 152.000000 21.000000
853.000000 152.000000 13.000000
1187.000000 153.000000 11.000000
1132.000000 155.000000 15.000000
1168.000000 155.000000 11.000000
1143.000000 156.000000 6.000000
1154.000000 156.000000 9.000000
1117.000000 157.000000 11.000000
1107.000000 158.000000 9.000000
1088.000000 159.000000 7.000000
1096.000000 159.000000 7.000000
1077.000000 161.000000 11.000000
362.000000 167.000000 12.000000
355.000000 168.000000 6.000000
345.000000 169.000000 7.000000
331.000000 171.000000 11.000000
138.000000 174.000000 12.000000
1206.000000 177.000000 4.000000
1197.000000 178.000000 7.000000
1162.000000 179.000000 9.000000
1150.000000 180.000000 9.000000
1188.000000 180.000000 6.000000
1136.000000 181.000000 9.000000
1177.000000 181.000000 11.000000
1093.000000 182.000000 7.000000
1102.000000 183.000000 7.000000
1112.000000 183.000000 7.000000
1123.000000 183.000000 9.000000
782.000000 184.000000 5.000000
1080.000000 185.000000 17.000000
817.000000 191.000000 28.000000
603.000000 192.000000 9.000000
134.000000 200.000000 35.000000
396.000000 202.000000 11.000000
487.000000 202.000000 28.000000
189.000000 203.000000 26.000000
224.000000 204.000000 21.000000
291.000000 205.000000 28.000000
416.000000 205.000000 34.000000
447.000000 205.000000 21.000000
1135.000000 205.000000 9.000000
1122.000000 206.000000 9.000000
253.000000 207.000000 21.000000
374.000000 207.000000 31.000000
331.000000 208.000000 21.000000
517.000000 208.000000 17.000000
540.000000 209.000000 17.000000
1027.000000 209.000000 17.000000
1047.000000 209.000000 17.000000
1056.000000 209.000000 19.000000
1108.000000 209.000000 9.000000
1067.000000 210.000000 7.000000
1082.000000 210.000000 11.000000
1095.000000 210.000000 9.000000
588.000000 211.000000 38.000000
623.000000 211.000000 27.000000
720.000000 211.000000 24.000000
857.000000 211.000000 38.000000
997.000000 211.000000 22.000000
664.000000 212.000000 38.000000
752.000000 212.000000 21.000000
782.000000 212.000000 21.000000
817.000000 212.000000 28.000000
968.000000 212.000000 17.000000
684.000000 213.000000 38.000000
910.000000 213.000000 33.000000
569.000000 214.000000 41.000000
946.000000 214.000000 21.000000
887.000000 215.000000 11.000000
190.000000 251.000000 17.000000
401.000000 251.000000 17.000000
389.000000 252.000000 9.000000
201.000000 253.000000 11.000000
654.000000 254.000000 9.000000
697.000000 255.000000 11.000000
458.000000 258.000000 11.000000
563.000000 258.000000 13.000000
202.000000 274.000000 21.000000
236.000000 274.000000 21.000000
369.000000 278.000000 31.000000
865.000000 278.000000 34.000000
270.000000 279.000000 21.000000
652.000000 279.000000 14.000000
303.000000 280.000000 24.000000
332.000000 280.000000 31.000000
613.000000 280.000000 17.000000
947.000000 280.000000 31.000000
676.000000 281.000000 17.000000
807.000000 281.000000 21.000000
834.000000 281.000000 21.000000
964.000000 281.000000 30.000000
352.000000 282.000000 27.000000
634.000000 282.000000 10.000000
880.000000 282.000000 28.000000
403.000000 283.000000 23.000000
495.000000 283.000000 45.000000
704.000000 283.000000 21.000000
775.000000 283.000000 28.000000
990.000000 283.000000 44.000000
525.000000 284.000000 21.000000
736.000000 284.000000 21.000000
917.000000 284.000000 21.000000
1005.000000 284.000000 31.000000
430.000000 285.000000 17.000000
452.000000 285.000000 24.000000
559.000000 285.000000 21.000000
587.000000 285.000000 21.000000
1021.000000 287.000000 48.000000
1053.000000 292.000000 28.000000
214.000000 295.000000 9.000000
1043.000000 295.000000 38.000000
377.000000 300.000000 9.000000
404.000000 314.000000 11.000000
417.000000 314.000000 20.000000
285.000000 316.000000 14.000000
338.000000 316.000000 11.000000
386.000000 316.000000 12.000000
304.000000 317.000000 13.000000
322.000000 317.000000 11.000000
353.000000 317.000000 10.000000
367.000000 317.000000 9.000000
932.000000 317.000000 13.000000
831.000000 318.000000 14.000000
950.000000 318.000000 14.000000
969.000000 318.000000 13.000000
811.000000 319.000000 14.000000
852.000000 319.000000 14.000000
889.000000 319.000000 14.000000
913.000000 319.000000 14.000000
960.000000 319.000000 5.000000
254.000000 320.000000 15.000000
870.000000 321.000000 11.000000
246.000000 322.000000 18.000000
235.000000 351.000000 24.000000
281.000000 353.000000 27.000000
1166.000000 353.000000 19.000000
1141.000000 354.000000 7.000000
1175.000000 354.000000 19.000000
313.000000 355.000000 21.000000
342.000000 355.000000 34.000000
1106.000000 355.000000 7.000000
1152.000000 355.000000 9.000000
198.000000 356.000000 50.000000
358.000000 356.000000 28.000000
474.000000 356.000000 38.000000
555.000000 356.000000 28.000000
706.000000 356.000000 14.000000
1117.000000 356.000000 11.000000
1130.000000 356.000000 7.000000
1189.000000 356.000000 7.000000
1212.000000 356.000000 18.000000
393.000000 357.000000 21.000000
423.000000 357.000000 20.000000
450.000000 357.000000 17.000000
1095.000000 357.000000 16.000000
1201.000000 357.000000 9.000000
484.000000 358.000000 24.000000
519.000000 358.000000 21.000000
605.000000 358.000000 48.000000
634.000000 358.000000 23.000000
546.000000 359.000000 45.000000
564.000000 359.000000 36.000000
678.000000 359.000000 38.000000
788.000000 363.000000 31.000000
907.000000 366.000000 24.000000
728.000000 367.000000 33.000000
828.000000 368.000000 24.000000
867.000000 368.000000 23.000000
943.000000 368.000000 21.000000
977.000000 368.000000 23.000000
1067.000000 371.000000 17.000000
1015.000000 374.000000 24.000000
1044.000000 374.000000 14.000000
1175.000000 381.000000 11.000000
1092.000000 382.000000 14.000000
1107.000000 382.000000 11.000000
1125.000000 382.000000 11.000000
1159.000000 382.000000 11.000000
1192.000000 383.000000 11.000000
1207.000000 383.000000 14.000000
1142.000000 384.000000 11.000000
1136.000000 402.000000 7.000000
967.000000 403.000000 14.000000
1147.000000 404.000000 7.000000
909.000000 405.000000 11.000000
940.000000 405.000000 7.000000
1158.000000 405.000000 7.000000
789.000000 406.000000 7.000000
857.000000 406.000000 12.000000
875.000000 406.000000 11.000000
891.000000 406.000000 11.000000
951.000000 406.000000 11.000000
1168.000000 406.000000 14.000000
1215.000000 406.000000 11.000000
927.000000 407.000000 11.000000
776.000000 408.000000 11.000000
800.000000 408.000000 11.000000
837.000000 408.000000 14.000000
816.000000 409.000000 11.000000
1084.000000 409.000000 17.000000
1119.000000 411.000000 7.000000
1095.000000 412.000000 7.000000
1108.000000 413.000000 11.000000
1187.000000 415.000000 11.000000
1203.000000 416.000000 10.000000
1135.000000 417.000000 10.000000
1150.000000 417.000000 8.000000
1160.000000 425.000000 9.000000
1140.000000 427.000000 6.000000
973.000000 428.000000 11.000000
1176.000000 428.000000 8.000000
960.000000 430.000000 11.000000
948.000000 431.000000 7.000000
784.000000 432.000000 11.000000
934.000000 433.000000 11.000000
796.000000 434.000000 8.000000
915.000000 434.000000 16.000000
807.000000 436.000000 7.000000
818.000000 436.000000 9.000000
839.000000 436.000000 14.000000
856.000000 436.000000 11.000000
873.000000 436.000000 13.000000
830.000000 437.000000 6.000000
891.000000 437.000000 11.000000
1202.000000 437.000000 9.000000
1179.000000 438.000000 7.000000
1100.000000 439.000000 4.000000
1107.000000 439.000000 11.000000
1124.000000 439.000000 10.000000
1158.000000 439.000000 7.000000
1170.000000 439.000000 6.000000
1189.000000 439.000000 11.000000
1093.000000 442.000000 11.000000
1143.000000 443.000000 12.000000
1193.000000 453.000000 9.000000
1183.000000 455.000000 8.000000
1140.000000 465.000000 11.000000
1148.000000 465.000000 6.000000
1165.000000 465.000000 6.000000
1176.000000 466.000000 6.000000
1184.000000 467.000000 23.000000
1125.000000 468.000000 9.000000
1113.000000 471.000000 11.000000
