162
162
162
152
152
152
152
162
152
152
151
151
162
162
162
162
150
150
150
150
150
150
150
150
162
150
150
150
150
150
150
150
150
150
150
150
150
150
150
150
150
150
150
150
150
150
162
162
162
162
162
162
162
162
153
162
153
153
162
153
153
153
153
153
153
153
153
153
153
153
153
153
153
153
153
153
162
153
153
153
153
153
153
153
153
162
153
162
162
162
161
162
158
162
160
153
162
162
153
153
153
153
153
153
153
153
153
153
153
153
153
153
153
153
153
153
153
153
153
153
153
153
153
153
153
153
162
162
162
162
162
153
153
153
153
153
153
153
153
153
153
153
153
153
153
153
153
153
153
153
153
153
153
153
153
153
153
153
153
162
162
153
153
153
153
153
153
153
157
153
153
153
153
153
153
153
153
153
153
153
153
153
153
153
153
153
153
153
153
153
153
153
153
153
153
153
153
153
153
153
154
156
156
156
156
155