857.000000 40.000000 17.000000
837.000000 42.000000 32.000000
915.000000 48.000000 17.000000
218.000000 49.000000 14.000000
265.000000 49.000000 14.000000
241.000000 50.000000 16.000000
508.000000 50.000000 10.000000
199.000000 51.000000 11.000000
285.000000 51.000000 32.000000
514.000000 51.000000 14.000000
525.000000 51.000000 9.000000
176.000000 52.000000 21.000000
466.000000 52.000000 9.000000
937.000000 52.000000 37.000000
966.000000 55.000000 9.000000
69.000000 62.000000 24.000000
104.000000 62.000000 24.000000
128.000000 62.000000 31.000000
142.000000 62.000000 24.000000
1170.000000 62.000000 21.000000
1179.000000 62.000000 17.000000
1196.000000 62.000000 21.000000
1123.000000 63.000000 24.000000
1156.000000 63.000000 14.000000
1136.000000 65.000000 17.000000
628.000000 69.000000 43.000000
572.000000 70.000000 21.000000
600.000000 70.000000 21.000000
871.000000 70.000000 21.000000
730.000000 71.000000 17.000000
767.000000 71.000000 10.000000
783.000000 71.000000 24.000000
545.000000 72.000000 21.000000
680.000000 72.000000 17.000000
753.000000 72.000000 21.000000
505.000000 73.000000 17.000000
656.000000 73.000000 21.000000
704.000000 73.000000 17.000000
862.000000 73.000000 20.000000
523.000000 74.000000 14.000000
805.000000 74.000000 14.000000
840.000000 74.000000 16.000000
822.000000 75.000000 28.000000
894.000000 75.000000 17.000000
456.000000 76.000000 17.000000
438.000000 77.000000 14.000000
478.000000 78.000000 17.000000
1178.000000 87.000000 15.000000
1132.000000 89.000000 12.000000
1117.000000 90.000000 11.000000
1158.000000 92.000000 14.000000
340.000000 93.000000 17.000000
359.000000 94.000000 14.000000
302.000000 95.000000 14.000000
317.000000 95.000000 28.000000
329.000000 95.000000 21.000000
416.000000 96.000000 6.000000
242.000000 97.000000 21.000000
264.000000 97.000000 16.000000
284.000000 97.000000 14.000000
379.000000 97.000000 28.000000
404.000000 97.000000 24.000000
232.000000 98.000000 17.000000
485.000000 98.000000 11.000000
211.000000 99.000000 14.000000
432.000000 99.000000 14.000000
448.000000 99.000000 21.000000
185.000000 101.000000 21.000000
195.000000 101.000000 24.000000
468.000000 102.000000 14.000000
120.000000 104.000000 19.000000
147.000000 104.000000 14.000000
167.000000 104.000000 14.000000
91.000000 107.000000 17.000000
78.000000 110.000000 11.000000
1119.000000 110.000000 18.000000
53.000000 112.000000 17.000000
64.000000 112.000000 17.000000
1145.000000 114.000000 12.000000
735.000000 118.000000 26.000000
767.000000 118.000000 24.000000
797.000000 118.000000 14.000000
751.000000 119.000000 28.000000
776.000000 119.000000 17.000000
815.000000 120.000000 21.000000
825.000000 120.000000 24.000000
629.000000 121.000000 20.000000
653.000000 121.000000 11.000000
705.000000 122.000000 11.000000
721.000000 122.000000 24.000000
884.000000 122.000000 20.000000
1170.000000 122.000000 19.000000
841.000000 123.000000 25.000000
907.000000 124.000000 16.000000
858.000000 125.000000 11.000000
957.000000 125.000000 17.000000
927.000000 126.000000 14.000000
934.000000 126.000000 17.000000
945.000000 126.000000 7.000000
975.000000 126.000000 14.000000
76.000000 133.000000 14.000000
446.000000 133.000000 14.000000
464.000000 133.000000 14.000000
483.000000 133.000000 14.000000
173.000000 134.000000 14.000000
195.000000 134.000000 14.000000
249.000000 134.000000 14.000000
269.000000 134.000000 14.000000
372.000000 134.000000 20.000000
409.000000 134.000000 17.000000
504.000000 134.000000 14.000000
519.000000 134.000000 28.000000
531.000000 134.000000 21.000000
592.000000 134.000000 17.000000
102.000000 135.000000 17.000000
114.000000 135.000000 20.000000
129.000000 135.000000 14.000000
214.000000 135.000000 14.000000
396.000000 135.000000 21.000000
427.000000 135.000000 14.000000
54.000000 136.000000 16.000000
148.000000 136.000000 16.000000
233.000000 136.000000 11.000000
289.000000 136.000000 17.000000
357.000000 136.000000 14.000000
386.000000 136.000000 17.000000
554.000000 136.000000 17.000000
571.000000 136.000000 11.000000
1202.000000 137.000000 47.000000
341.000000 138.000000 17.000000
313.000000 140.000000 19.000000
1176.000000 143.000000 46.000000
634.000000 146.000000 16.000000
685.000000 148.000000 29.000000
701.000000 149.000000 23.000000
814.000000 149.000000 14.000000
833.000000 149.000000 11.000000
823.000000 150.000000 19.000000
886.000000 150.000000 11.000000
872.000000 151.000000 11.000000
897.000000 151.000000 17.000000
847.000000 152.000000 14.000000
933.000000 153.000000 21.000000
944.000000 153.000000 19.000000
978.000000 153.000000 19.000000
915.000000 154.000000 14.000000
1029.000000 155.000000 23.000000
1002.000000 156.000000 24.000000
1013.000000 156.000000 28.000000
48.000000 163.000000 14.000000
114.000000 163.000000 17.000000
227.000000 163.000000 17.000000
67.000000 164.000000 14.000000
93.000000 164.000000 15.000000
124.000000 164.000000 19.000000
139.000000 164.000000 11.000000
155.000000 164.000000 17.000000
460.000000 164.000000 14.000000
365.000000 165.000000 17.000000
430.000000 165.000000 14.000000
443.000000 165.000000 11.000000
178.000000 166.000000 14.000000
343.000000 166.000000 14.000000
375.000000 166.000000 20.000000
251.000000 167.000000 17.000000
397.000000 167.000000 14.000000
411.000000 167.000000 11.000000
197.000000 168.000000 14.000000
295.000000 168.000000 14.000000
270.000000 169.000000 17.000000
315.000000 169.000000 17.000000
47.000000 194.000000 15.000000
93.000000 194.000000 17.000000
176.000000 194.000000 16.000000
130.000000 195.000000 18.000000
153.000000 195.000000 14.000000
197.000000 195.000000 16.000000
69.000000 196.000000 14.000000
82.000000 196.000000 6.000000
229.000000 197.000000 17.000000
842.000000 201.000000 41.000000
324.000000 207.000000 21.000000
356.000000 207.000000 21.000000
385.000000 209.000000 17.000000
263.000000 210.000000 23.000000
293.000000 210.000000 21.000000
410.000000 210.000000 17.000000
492.000000 212.000000 34.000000
449.000000 213.000000 31.000000
849.000000 214.000000 50.000000
576.000000 216.000000 23.000000
811.000000 216.000000 6.000000
537.000000 217.000000 28.000000
608.000000 217.000000 21.000000
793.000000 217.000000 45.000000
521.000000 218.000000 38.000000
821.000000 218.000000 50.000000
661.000000 219.000000 23.000000
697.000000 219.000000 21.000000
674.000000 220.000000 17.000000
765.000000 221.000000 28.000000
44.000000 222.000000 14.000000
67.000000 222.000000 15.000000
724.000000 222.000000 14.000000
94.000000 223.000000 14.000000
112.000000 223.000000 11.000000
124.000000 223.000000 17.000000
149.000000 224.000000 16.000000
169.000000 224.000000 16.000000
178.000000 224.000000 7.000000
188.000000 224.000000 7.000000
200.000000 224.000000 19.000000
217.000000 224.000000 14.000000
637.000000 224.000000 14.000000
922.000000 226.000000 40.000000
929.000000 226.000000 38.000000
945.000000 227.000000 14.000000
244.000000 228.000000 13.000000
970.000000 229.000000 41.000000
261.000000 230.000000 9.000000
982.000000 230.000000 31.000000
707.000000 239.000000 7.000000
741.000000 239.000000 4.000000
683.000000 240.000000 7.000000
695.000000 240.000000 7.000000
721.000000 240.000000 10.000000
730.000000 240.000000 14.000000
595.000000 241.000000 9.000000
606.000000 241.000000 7.000000
580.000000 242.000000 7.000000
570.000000 243.000000 10.000000
666.000000 243.000000 9.000000
554.000000 244.000000 7.000000
654.000000 246.000000 7.000000
1030.000000 247.000000 12.000000
620.000000 248.000000 10.000000
626.000000 248.000000 11.000000
643.000000 248.000000 7.000000
633.000000 249.000000 11.000000
914.000000 253.000000 11.000000
822.000000 255.000000 11.000000
832.000000 256.000000 16.000000
962.000000 262.000000 11.000000
1014.000000 265.000000 20.000000
1074.000000 266.000000 16.000000
1027.000000 267.000000 28.000000
1048.000000 267.000000 16.000000
1093.000000 268.000000 24.000000
1128.000000 268.000000 14.000000
1145.000000 268.000000 24.000000
1175.000000 268.000000 17.000000
959.000000 269.000000 9.000000
1108.000000 269.000000 21.000000
1161.000000 270.000000 24.000000
1201.000000 270.000000 19.000000
417.000000 274.000000 27.000000
455.000000 275.000000 17.000000
305.000000 276.000000 24.000000
343.000000 276.000000 21.000000
633.000000 276.000000 24.000000
658.000000 276.000000 28.000000
696.000000 276.000000 34.000000
384.000000 277.000000 28.000000
551.000000 277.000000 34.000000
368.000000 278.000000 34.000000
600.000000 278.000000 17.000000
268.000000 279.000000 28.000000
477.000000 279.000000 14.000000
494.000000 280.000000 31.000000
532.000000 280.000000 14.000000
582.000000 280.000000 31.000000
721.000000 280.000000 21.000000
1042.000000 281.000000 6.000000
509.000000 283.000000 41.000000
751.000000 283.000000 28.000000
771.000000 284.000000 37.000000
805.000000 284.000000 27.000000
819.000000 284.000000 34.000000
863.000000 285.000000 34.000000
892.000000 285.000000 17.000000
842.000000 286.000000 14.000000
912.000000 286.000000 14.000000
974.000000 288.000000 24.000000
949.000000 292.000000 27.000000
932.000000 294.000000 11.000000
1031.000000 298.000000 14.000000
1012.000000 300.000000 17.000000
1053.000000 300.000000 15.000000
1076.000000 300.000000 19.000000
1104.000000 301.000000 17.000000
1090.000000 302.000000 11.000000
1130.000000 303.000000 17.000000
1151.000000 304.000000 14.000000
1172.000000 305.000000 14.000000
1190.000000 305.000000 14.000000
1211.000000 308.000000 17.000000
262.000000 315.000000 6.000000
957.000000 319.000000 11.000000
972.000000 319.000000 11.000000
933.000000 322.000000 8.000000
990.000000 325.000000 11.000000
232.000000 328.000000 23.000000
1014.000000 330.000000 14.000000
1035.000000 331.000000 17.000000
1047.000000 332.000000 11.000000
1097.000000 332.000000 21.000000
341.000000 333.000000 34.000000
380.000000 333.000000 38.000000
1061.000000 334.000000 17.000000
308.000000 335.000000 38.000000
640.000000 336.000000 21.000000
1127.000000 336.000000 20.000000
1140.000000 336.000000 24.000000
1157.000000 336.000000 14.000000
429.000000 337.000000 14.000000
599.000000 337.000000 10.000000
614.000000 337.000000 40.000000
672.000000 338.000000 21.000000
810.000000 338.000000 14.000000
1181.000000 338.000000 16.000000
406.000000 339.000000 21.000000
695.000000 339.000000 11.000000
715.000000 339.000000 16.000000
844.000000 339.000000 11.000000
828.000000 340.000000 11.000000
905.000000 340.000000 37.000000
1201.000000 341.000000 21.000000
739.000000 342.000000 17.000000
764.000000 342.000000 17.000000
1212.000000 342.000000 18.000000
472.000000 343.000000 14.000000
504.000000 343.000000 41.000000
585.000000 343.000000 24.000000
787.000000 343.000000 17.000000
862.000000 343.000000 11.000000
450.000000 344.000000 17.000000
529.000000 344.000000 21.000000
880.000000 344.000000 30.000000
491.000000 345.000000 31.000000
913.000000 345.000000 27.000000
561.000000 346.000000 21.000000
264.000000 347.000000 23.000000
921.000000 347.000000 21.000000
954.000000 347.000000 23.000000
981.000000 347.000000 20.000000
1003.000000 356.000000 7.000000
1009.000000 358.000000 43.000000
1021.000000 359.000000 28.000000
1026.000000 360.000000 49.000000
1039.000000 361.000000 24.000000
1054.000000 364.000000 21.000000
1065.000000 365.000000 7.000000
1083.000000 368.000000 17.000000
1112.000000 369.000000 17.000000
1138.000000 370.000000 17.000000
1182.000000 371.000000 14.000000
1161.000000 373.000000 16.000000
1198.000000 373.000000 21.000000
253.000000 374.000000 13.000000
1208.000000 375.000000 20.000000
1220.000000 380.000000 21.000000
594.000000 393.000000 10.000000
375.000000 394.000000 24.000000
451.000000 394.000000 11.000000
313.000000 395.000000 21.000000
342.000000 395.000000 20.000000
399.000000 395.000000 28.000000
463.000000 395.000000 21.000000
415.000000 396.000000 14.000000
433.000000 396.000000 14.000000
578.000000 396.000000 14.000000
617.000000 396.000000 17.000000
874.000000 396.000000 31.000000
278.000000 397.000000 26.000000
641.000000 398.000000 14.000000
697.000000 399.000000 21.000000
784.000000 399.000000 17.000000
822.000000 399.000000 17.000000
243.000000 400.000000 17.000000
740.000000 400.000000 33.000000
847.000000 400.000000 21.000000
723.000000 401.000000 14.000000
762.000000 401.000000 14.000000
802.000000 401.000000 11.000000
522.000000 402.000000 24.000000
663.000000 402.000000 17.000000
495.000000 403.000000 24.000000
532.000000 403.000000 34.000000
553.000000 404.000000 14.000000
956.000000 404.000000 34.000000
898.000000 407.000000 7.000000
921.000000 407.000000 27.000000
979.000000 408.000000 28.000000
861.000000 447.000000 26.000000
879.000000 449.000000 24.000000
890.000000 451.000000 21.000000
919.000000 451.000000 21.000000
945.000000 451.000000 17.000000
968.000000 454.000000 14.000000
1186.000000 454.000000 34.000000
1011.000000 455.000000 14.000000
1050.000000 455.000000 14.000000
1031.000000 456.000000 14.000000
1071.000000 456.000000 14.000000
987.000000 457.000000 17.000000
1165.000000 457.000000 14.000000
1091.000000 458.000000 48.000000
1123.000000 458.000000 34.000000
1104.000000 459.000000 31.000000
1145.000000 459.000000 14.000000
894.000000 487.000000 17.000000
875.000000 490.000000 31.000000
915.000000 490.000000 14.000000
968.000000 490.000000 14.000000
984.000000 490.000000 9.000000
861.000000 491.000000 24.000000
946.000000 492.000000 24.000000
932.000000 493.000000 11.000000
997.000000 495.000000 11.000000
