286
286
286
286
286
286
286
286
286
286
286
286
286
286
314
285
285
285
285
285
285
310
310
287
287
287
287
287
287
287
287
311
311
313
312
308
288
288
288
309
288
309
288
307
282
282
282
282
282
282
282
282
282
282
282
282
282
282
282
282
282
282
282
282
282
282
282
282
282
282
282
282
282
282
282
282
315
282
290
289
290
289
289
290
289
290
289
289
290
290
289
306
282
282
282
282
282
282
282
282
282
282
282
282
282
282
282
282
282
282
282
282
282
282
282
282
282
282
282
282
282
282
282
282
282
291
291
291
304
291
291
302
302
303
317
317
293
293
317
293
293
317
305
317
282
282
282
282
282
282
282
282
282
282
282
282
282
282
282
282
282
282
282
282
282
282
282
282
282
282
282
282
317
282
317
282
317
317
317
282
282
282
282
317
298
292
292
292
292
317
317
317
317
317
317
317
300
301
297
299
295
296
296
317
317
317
317
282
317
282
282
282
282
282
282
282
282
282
282
282
282
282
282
282
282
282
282
282
282
282
282
282
282
282
282
282
282
282
282
282
282
282
282
317
317
317
317
317
294
294
294
283
283
283
283
283
283
283
283
283
283
283
283
283
283
283
283
283
283
283
283
283
283
283
283
283
283
283
283
283
283
283
283
283
283
283
283
283
283
283
283