0.095200 0.030400 0.004800
0.070400 0.035200 0.015200
0.081600 0.036000 0.003200
0.087200 0.036000 0.013600
0.048000 0.037600 0.013600
0.057600 0.038400 0.005600
0.028800 0.040000 0.013600
0.780800 0.040000 0.013600
0.764800 0.040800 0.011200
0.746400 0.041600 0.011200
0.804000 0.041600 0.011200
0.816800 0.041600 0.008800
0.831200 0.041600 0.011200
0.847200 0.041600 0.011200
0.728800 0.042400 0.012800
0.842400 0.042400 0.019200
0.795200 0.066400 0.016800
0.746400 0.067200 0.008800
0.776000 0.067200 0.015200
0.805600 0.067200 0.013600
0.824800 0.067200 0.012800
0.723200 0.068000 0.011200
0.735200 0.068000 0.008800
0.784800 0.068000 0.015200
0.694400 0.068800 0.008800
0.706400 0.068800 0.011200
0.758400 0.068800 0.016800
0.765600 0.068800 0.013600
0.652000 0.069600 0.013600
0.676800 0.069600 0.013600
0.634400 0.071200 0.016800
0.664000 0.071200 0.013600
0.621600 0.072000 0.016800
0.601600 0.073600 0.008800
0.612000 0.073600 0.007200
0.588000 0.074400 0.020800
0.272000 0.076800 0.011200
0.287200 0.076800 0.013600
0.233600 0.077600 0.013600
0.253600 0.077600 0.012800
0.193600 0.079200 0.019200
0.215200 0.079200 0.011200
0.745600 0.088000 0.011200
0.808000 0.088000 0.008000
0.764800 0.088800 0.011200
0.777600 0.089600 0.011200
0.732000 0.090400 0.011200
0.792000 0.090400 0.011200
0.720000 0.091200 0.013600
0.700800 0.092000 0.013600
0.659200 0.092800 0.013600
0.677600 0.092800 0.013600
0.640000 0.093600 0.011200
0.593600 0.094400 0.012000
0.610400 0.094400 0.013600
0.620000 0.094400 0.013600
0.628800 0.094400 0.013600
0.821600 0.101600 0.023200
0.835200 0.102400 0.024800
0.484000 0.103200 0.016800
0.494400 0.105600 0.016000
0.782400 0.108800 0.008800
0.786400 0.111200 0.009600
0.682400 0.114400 0.008000
0.280000 0.123200 0.008800
0.252800 0.124000 0.011200
0.311200 0.124000 0.011200
0.211200 0.124800 0.013600
0.234400 0.124800 0.016800
0.268800 0.124800 0.024800
0.170400 0.125600 0.032000
0.192800 0.125600 0.013600
0.295200 0.125600 0.011200
0.325600 0.126400 0.011200
0.425600 0.127200 0.024800
0.440000 0.127200 0.008800
0.580000 0.128000 0.016800
0.345600 0.129600 0.016800
0.375200 0.129600 0.036000
0.395200 0.129600 0.016800
0.459200 0.129600 0.016800
0.541600 0.132000 0.013600
0.557600 0.132000 0.040000
0.524000 0.132800 0.013600
0.614400 0.133600 0.030400
0.480800 0.134400 0.013600
0.504000 0.134400 0.016800
0.638400 0.135200 0.027200
0.672800 0.136800 0.019200
0.700000 0.136800 0.022400
0.713600 0.136800 0.011200
0.734400 0.136800 0.016800
0.756800 0.136800 0.013600
0.773600 0.137600 0.027200
0.792000 0.137600 0.030400
0.808000 0.138400 0.011200
0.820000 0.139200 0.008800
0.834400 0.140000 0.022400
0.536800 0.164000 0.005600
0.529600 0.164800 0.009600
0.189600 0.184000 0.007200
0.199200 0.184800 0.016800
0.216800 0.184800 0.013600
0.366400 0.184800 0.016800
0.388800 0.184800 0.016800
0.176800 0.185600 0.011200
0.237600 0.186400 0.016800
0.330400 0.186400 0.032800
0.346400 0.186400 0.011200
0.448800 0.186400 0.016800
0.162400 0.187200 0.024000
0.308000 0.187200 0.013600
0.465600 0.187200 0.011200
0.408000 0.188000 0.011200
0.266400 0.188800 0.019200
0.287200 0.188800 0.013600
0.425600 0.188800 0.013600
0.485600 0.188800 0.016800
0.615200 0.190400 0.036000
0.504800 0.191200 0.004800
0.531200 0.192000 0.019200
0.640800 0.192000 0.018400
0.511200 0.192800 0.005600
0.573600 0.192800 0.030400
0.664000 0.192800 0.016800
0.556800 0.194400 0.032800
0.692800 0.194400 0.024800
0.732800 0.197600 0.022400
0.765600 0.197600 0.019200
0.700000 0.198400 0.028800
0.809600 0.198400 0.013600
0.790400 0.199200 0.038400
0.828800 0.204000 0.030400
0.508000 0.227200 0.013600
0.287200 0.242400 0.027200
0.253600 0.244800 0.022400
0.318400 0.244800 0.013600
0.340800 0.247200 0.016800
0.170400 0.248000 0.040000
0.369600 0.248800 0.019200
0.426400 0.248800 0.016800
0.496000 0.249600 0.011200
0.200000 0.250400 0.016800
0.451200 0.250400 0.022400
0.679200 0.250400 0.027200
0.408000 0.251200 0.008800
0.512000 0.251200 0.013600
0.394400 0.252000 0.022400
0.477600 0.252000 0.013600
0.585600 0.252000 0.011200
0.224000 0.252800 0.016800
0.531200 0.252800 0.013600
0.553600 0.252800 0.013600
0.600800 0.252800 0.011200
0.638400 0.252800 0.018400
0.568800 0.254400 0.008800
0.614400 0.254400 0.013600
0.661600 0.254400 0.011200
0.688800 0.254400 0.034400
0.709600 0.256000 0.016800
0.769600 0.256800 0.008800
0.813600 0.257600 0.037600
0.730400 0.258400 0.016800
0.755200 0.259200 0.038400
0.788000 0.261600 0.016800
0.172000 0.304800 0.024800
0.228800 0.308000 0.040000
0.240800 0.308800 0.030400
0.260000 0.308800 0.032800
0.204000 0.309600 0.030400
0.282400 0.309600 0.032000
0.584000 0.310400 0.040000
0.608000 0.310400 0.016800
0.301600 0.311200 0.016800
0.325600 0.311200 0.016800
0.568800 0.311200 0.008800
0.347200 0.313600 0.013600
0.365600 0.313600 0.013600
0.553600 0.313600 0.024800
0.655200 0.313600 0.019200
0.684000 0.313600 0.019200
0.384800 0.314400 0.024800
0.500000 0.314400 0.019200
0.634400 0.314400 0.019200
0.712800 0.315200 0.019200
0.420800 0.316000 0.019200
0.524800 0.316000 0.018400
0.399200 0.316800 0.011200
0.454400 0.316800 0.016800
0.475200 0.316800 0.016800
0.738400 0.316800 0.019200
0.765600 0.317600 0.011200
0.825600 0.317600 0.036800
0.800800 0.318400 0.016800
0.780800 0.321600 0.011200
0.514400 0.340000 0.012800
0.489600 0.340800 0.012800
0.310400 0.341600 0.008800
0.324000 0.341600 0.008800
0.352800 0.341600 0.011200
0.372000 0.341600 0.011200
0.508000 0.341600 0.013600
0.296800 0.342400 0.010400
0.333600 0.342400 0.008800
0.344000 0.342400 0.005600
0.393600 0.342400 0.012800
0.410400 0.342400 0.011200
0.385600 0.343200 0.008800
0.432000 0.343200 0.010400
0.444800 0.343200 0.011200
0.464000 0.343200 0.011200
0.514400 0.360800 0.012800
0.521600 0.360800 0.005600
0.530400 0.360800 0.013600
0.501600 0.361600 0.008800
0.413600 0.362400 0.005600
0.424000 0.362400 0.008800
0.325600 0.363200 0.016800
0.404800 0.363200 0.015200
0.483200 0.363200 0.011200
0.316000 0.364000 0.016800
0.338400 0.364000 0.011200
0.392800 0.364000 0.008800
0.438400 0.364000 0.009600
0.456000 0.364000 0.011200
0.470400 0.364000 0.008800
0.300800 0.364800 0.012000
0.352800 0.364800 0.011200
0.369600 0.364800 0.008800
0.380800 0.364800 0.008800
0.808800 0.420000 0.008800
