0.300800 0.116800 0.011200
0.266400 0.117600 0.011200
0.284000 0.117600 0.011200
0.316800 0.117600 0.013600
0.249600 0.119200 0.011200
0.231200 0.120000 0.016800
0.760800 0.134400 0.016800
0.742400 0.135200 0.016800
0.295200 0.157600 0.013600
0.246400 0.158400 0.032800
0.272800 0.159200 0.016800
0.311200 0.160000 0.028800
0.324800 0.160800 0.027200
0.381600 0.161600 0.011200
0.222400 0.163200 0.034400
0.335200 0.163200 0.024800
0.355200 0.163200 0.035200
0.416000 0.163200 0.016800
0.396000 0.164000 0.008800
0.442400 0.164800 0.024800
0.510400 0.165600 0.022400
0.476000 0.166400 0.024800
0.658400 0.166400 0.012800
0.602400 0.168000 0.016800
0.751200 0.168000 0.022400
0.576000 0.168800 0.022400
0.544000 0.169600 0.021600
0.636800 0.169600 0.032800
0.675200 0.169600 0.008800
0.696800 0.169600 0.017600
0.795200 0.169600 0.032800
0.723200 0.172800 0.019200
0.331200 0.209600 0.011200
0.269600 0.210400 0.026400
0.346400 0.211200 0.011200
0.360000 0.211200 0.011200
0.305600 0.212800 0.027200
0.288800 0.213600 0.036000
0.420000 0.213600 0.008800
0.224000 0.214400 0.025600
0.380800 0.214400 0.016800
0.403200 0.215200 0.013600
0.433600 0.215200 0.009600
0.447200 0.215200 0.032800
0.470400 0.218400 0.027200
0.499200 0.218400 0.011200
0.516800 0.223200 0.016800
0.487200 0.224000 0.030400
0.570400 0.224000 0.024800
0.620000 0.225600 0.020000
0.544800 0.226400 0.019200
0.656800 0.228800 0.022400
0.684000 0.228800 0.016800
0.703200 0.228800 0.011200
0.720000 0.228800 0.027200
0.781600 0.231200 0.016800
0.390400 0.232000 0.003200
0.742400 0.232800 0.032800
0.759200 0.234400 0.030400
0.804800 0.236000 0.035200
0.391200 0.240000 0.004000
0.225600 0.264800 0.030400
0.252800 0.264800 0.016800
0.276000 0.265600 0.016800
0.422400 0.266400 0.030400
0.479200 0.266400 0.019200
0.298400 0.267200 0.016800
0.384800 0.267200 0.024800
0.401600 0.267200 0.030400
0.215200 0.268000 0.027200
0.455200 0.268000 0.030400
0.325600 0.269600 0.019200
0.357600 0.271200 0.020800
0.503200 0.271200 0.036000
0.508000 0.271200 0.032800
0.527200 0.272000 0.036000
0.556800 0.274400 0.019200
0.603200 0.275200 0.011200
0.668000 0.275200 0.024800
0.616800 0.276000 0.008800
0.582400 0.276800 0.016800
0.662400 0.277600 0.030400
0.712000 0.277600 0.020000
0.636000 0.283200 0.016800
0.760800 0.283200 0.022400
0.788800 0.284800 0.022400
0.231200 0.312800 0.027200
0.268000 0.313600 0.022400
0.423200 0.313600 0.019200
0.379200 0.314400 0.016800
0.362400 0.315200 0.011200
0.404800 0.315200 0.016800
0.487200 0.316000 0.024800
0.299200 0.316800 0.036000
0.458400 0.317600 0.024000
0.320000 0.319200 0.036000
0.312800 0.320000 0.032800
0.342400 0.320000 0.016800
0.503200 0.320800 0.008800
0.774400 0.322400 0.011200
0.688800 0.323200 0.032800
0.804000 0.324800 0.027200
0.712800 0.325600 0.040000
0.789600 0.325600 0.011200
0.582400 0.326400 0.016800
0.622400 0.326400 0.016800
0.755200 0.326400 0.030400
0.524800 0.327200 0.028800
0.557600 0.327200 0.022400
0.601600 0.327200 0.013600
0.653600 0.327200 0.022400
0.730400 0.327200 0.016800
