88.000000 44.000000 23.000000
80.000000 49.000000 14.000000
60.000000 50.000000 17.000000
81.000000 70.000000 15.000000
65.000000 77.000000 50.000000
85.000000 82.000000 28.000000
356.000000 130.000000 14.000000
317.000000 132.000000 14.000000
337.000000 132.000000 13.000000
375.000000 132.000000 30.000000
298.000000 134.000000 11.000000
273.000000 135.000000 21.000000
960.000000 155.000000 37.000000
983.000000 156.000000 21.000000
269.000000 191.000000 31.000000
309.000000 191.000000 24.000000
342.000000 191.000000 21.000000
364.000000 191.000000 38.000000
431.000000 191.000000 24.000000
398.000000 192.000000 24.000000
472.000000 192.000000 24.000000
512.000000 193.000000 34.000000
506.000000 194.000000 26.000000
519.000000 194.000000 31.000000
537.000000 195.000000 13.000000
553.000000 198.000000 14.000000
575.000000 199.000000 17.000000
600.000000 199.000000 21.000000
625.000000 201.000000 21.000000
664.000000 202.000000 24.000000
697.000000 203.000000 24.000000
729.000000 207.000000 21.000000
801.000000 210.000000 21.000000
754.000000 211.000000 17.000000
773.000000 212.000000 14.000000
944.000000 212.000000 28.000000
832.000000 213.000000 21.000000
876.000000 213.000000 29.000000
911.000000 213.000000 14.000000
895.000000 214.000000 11.000000
972.000000 214.000000 21.000000
861.000000 215.000000 28.000000
930.000000 215.000000 11.000000
996.000000 215.000000 41.000000
262.000000 250.000000 28.000000
329.000000 251.000000 24.000000
301.000000 252.000000 28.000000
365.000000 252.000000 28.000000
408.000000 254.000000 25.000000
465.000000 254.000000 21.000000
494.000000 254.000000 21.000000
528.000000 254.000000 28.000000
439.000000 256.000000 17.000000
549.000000 257.000000 14.000000
568.000000 257.000000 34.000000
594.000000 257.000000 17.000000
613.000000 259.000000 11.000000
629.000000 260.000000 13.000000
649.000000 263.000000 31.000000
676.000000 265.000000 24.000000
721.000000 265.000000 24.000000
754.000000 267.000000 24.000000
781.000000 267.000000 38.000000
802.000000 269.000000 38.000000
864.000000 269.000000 28.000000
816.000000 270.000000 29.000000
832.000000 271.000000 34.000000
972.000000 271.000000 11.000000
985.000000 271.000000 41.000000
893.000000 272.000000 24.000000
958.000000 272.000000 31.000000
928.000000 273.000000 24.000000
1007.000000 274.000000 41.000000
340.000000 303.000000 21.000000
277.000000 304.000000 34.000000
424.000000 304.000000 34.000000
296.000000 305.000000 28.000000
321.000000 305.000000 33.000000
262.000000 306.000000 28.000000
373.000000 306.000000 24.000000
402.000000 307.000000 24.000000
607.000000 308.000000 24.000000
448.000000 309.000000 24.000000
477.000000 311.000000 24.000000
507.000000 311.000000 24.000000
545.000000 311.000000 24.000000
639.000000 312.000000 21.000000
669.000000 312.000000 24.000000
577.000000 313.000000 19.000000
691.000000 315.000000 28.000000
707.000000 315.000000 28.000000
731.000000 320.000000 31.000000
744.000000 320.000000 28.000000
773.000000 320.000000 24.000000
822.000000 322.000000 31.000000
847.000000 322.000000 21.000000
804.000000 323.000000 28.000000
869.000000 324.000000 17.000000
894.000000 324.000000 24.000000
966.000000 326.000000 34.000000
992.000000 326.000000 24.000000
926.000000 327.000000 21.000000
950.000000 327.000000 34.000000
979.000000 327.000000 27.000000
436.000000 355.000000 30.000000
279.000000 356.000000 38.000000
398.000000 356.000000 29.000000
262.000000 357.000000 30.000000
304.000000 357.000000 21.000000
331.000000 357.000000 24.000000
363.000000 358.000000 45.000000
419.000000 358.000000 34.000000
390.000000 359.000000 21.000000
446.000000 359.000000 38.000000
474.000000 361.000000 34.000000
537.000000 361.000000 24.000000
579.000000 361.000000 28.000000
504.000000 363.000000 24.000000
613.000000 364.000000 38.000000
689.000000 367.000000 34.000000
664.000000 368.000000 38.000000
637.000000 369.000000 41.000000
703.000000 369.000000 28.000000
768.000000 369.000000 24.000000
734.000000 371.000000 21.000000
800.000000 372.000000 21.000000
1002.000000 376.000000 34.000000
888.000000 379.000000 28.000000
855.000000 380.000000 45.000000
920.000000 380.000000 28.000000
825.000000 381.000000 43.000000
953.000000 381.000000 28.000000
