0.784000 0.035200 0.008800
0.810400 0.036000 0.007200
0.772800 0.036800 0.017600
0.796800 0.036800 0.008800
0.820000 0.036800 0.005600
0.828000 0.038400 0.013600
0.843200 0.038400 0.009600
0.900000 0.038400 0.013600
0.926400 0.038400 0.007200
0.947200 0.038400 0.008800
0.367200 0.039200 0.012800
0.912800 0.039200 0.008800
0.856000 0.040000 0.008800
0.936800 0.040000 0.007200
0.266400 0.040800 0.011200
0.347200 0.040800 0.011200
0.279200 0.041600 0.008800
0.316800 0.041600 0.011200
0.869600 0.041600 0.008800
0.216000 0.042400 0.011200
0.249600 0.042400 0.011200
0.882400 0.042400 0.008800
0.296800 0.043200 0.011200
0.328800 0.043200 0.009600
0.334400 0.043200 0.009600
0.234400 0.044000 0.008800
0.671200 0.044800 0.013600
0.683200 0.044800 0.008800
0.719200 0.044800 0.005600
0.726400 0.044800 0.015200
0.736000 0.045600 0.008800
0.644000 0.046400 0.008800
0.654400 0.046400 0.005600
0.664000 0.046400 0.005600
0.696800 0.046400 0.009600
0.196800 0.047200 0.014400
0.497600 0.047200 0.008800
0.515200 0.047200 0.011200
0.630400 0.047200 0.008800
0.708000 0.047200 0.008800
0.480800 0.048000 0.012800
0.508000 0.048000 0.005600
0.461600 0.048800 0.018400
0.452000 0.049600 0.018400
0.430400 0.050400 0.015200
0.439200 0.050400 0.008800
0.619200 0.050400 0.020000
0.396800 0.056800 0.016800
0.381600 0.057600 0.010400
0.416800 0.057600 0.019200
0.405600 0.058400 0.005600
0.220800 0.059200 0.010400
0.233600 0.060000 0.016800
0.275200 0.060000 0.011200
0.312000 0.060000 0.009600
0.257600 0.060800 0.010400
0.294400 0.060800 0.010400
0.326400 0.060800 0.008000
0.352000 0.060800 0.011200
0.368800 0.060800 0.008800
0.240000 0.061600 0.012000
0.339200 0.061600 0.008800
0.180000 0.072000 0.008800
0.204800 0.072000 0.008800
0.149600 0.072800 0.016800
0.193600 0.072800 0.008800
0.168000 0.073600 0.008800
0.217600 0.075200 0.008800
0.872000 0.077600 0.019200
0.862400 0.078400 0.020800
0.828800 0.081600 0.005600
0.762400 0.082400 0.013600
0.775200 0.082400 0.008800
0.803200 0.082400 0.011200
0.818400 0.082400 0.016800
0.694400 0.083200 0.019200
0.786400 0.083200 0.008800
0.838400 0.083200 0.013600
0.845600 0.083200 0.012800
0.627200 0.084000 0.013600
0.671200 0.084000 0.008800
0.708000 0.084000 0.019200
0.743200 0.084000 0.011200
0.610400 0.084800 0.013600
0.618400 0.084800 0.015200
0.636800 0.084800 0.005600
0.644800 0.084800 0.013600
0.663200 0.084800 0.003200
0.682400 0.084800 0.008800
0.699200 0.084800 0.022400
0.727200 0.084800 0.016800
0.590400 0.085600 0.016000
0.596800 0.085600 0.012000
0.580000 0.086400 0.008800
0.658400 0.086400 0.011200
0.558400 0.088000 0.008800
0.568000 0.088000 0.008800
0.536800 0.088800 0.015200
0.545600 0.088800 0.008800
0.600800 0.103200 0.007200
0.610400 0.103200 0.008000
0.760800 0.103200 0.008000
0.181600 0.104000 0.009600
0.752800 0.104000 0.008800
0.436000 0.104800 0.008800
0.424000 0.107200 0.009600
0.406400 0.118400 0.019200
0.775200 0.118400 0.016800
0.275200 0.119200 0.032800
0.563200 0.119200 0.013600
0.832000 0.120000 0.021600
0.290400 0.120800 0.032800
0.380800 0.120800 0.019200
0.435200 0.120800 0.024800
0.441600 0.120800 0.030400
0.512800 0.120800 0.019200
0.542400 0.120800 0.016800
0.582400 0.120800 0.013600
0.800800 0.120800 0.015200
0.819200 0.120800 0.022400
0.143200 0.121600 0.036000
0.219200 0.121600 0.016800
0.319200 0.121600 0.019200
0.460800 0.121600 0.019200
0.486400 0.121600 0.016800
0.601600 0.121600 0.013600
0.730400 0.121600 0.015200
0.755200 0.121600 0.013600
0.189600 0.122400 0.016000
0.628000 0.122400 0.019200
0.774400 0.122400 0.016000
0.850400 0.122400 0.013600
0.168000 0.123200 0.016800
0.248800 0.123200 0.019200
0.350400 0.123200 0.019200
0.681600 0.123200 0.008800
0.693600 0.123200 0.016800
0.665600 0.124000 0.013600
0.644000 0.124800 0.011200
0.705600 0.124800 0.011200
0.869600 0.126400 0.026400
0.295200 0.135200 0.011200
0.236800 0.140800 0.008800
0.717600 0.140800 0.008800
0.732000 0.141600 0.008000
0.746400 0.142400 0.008800
0.664000 0.143200 0.007200
0.676800 0.143200 0.008000
0.689600 0.143200 0.008000
0.760800 0.143200 0.008000
0.772800 0.143200 0.008000
0.787200 0.143200 0.007200
0.804000 0.143200 0.008800
0.639200 0.144000 0.009600
0.701600 0.144000 0.008800
0.819200 0.144000 0.008800
0.831200 0.144000 0.007200
0.844000 0.144000 0.008800
0.651200 0.144800 0.008800
0.716000 0.152800 0.003200
0.884800 0.156000 0.011200
0.133600 0.156800 0.016000
0.141600 0.156800 0.011200
0.236800 0.157600 0.007200
0.876800 0.157600 0.014400
0.871200 0.158400 0.010400
0.245600 0.159200 0.013600
0.753600 0.159200 0.007200
0.240800 0.160000 0.002400
0.598400 0.160800 0.013600
0.660000 0.160800 0.007200
0.207200 0.163200 0.012000
0.819200 0.163200 0.006400
0.967200 0.166400 0.005600
0.960000 0.168000 0.005600
0.951200 0.168800 0.005600
0.940800 0.169600 0.015200
0.924800 0.170400 0.013600
0.908000 0.172000 0.013600
0.914400 0.172000 0.018400
0.292000 0.174400 0.013600
0.335200 0.174400 0.016800
0.560800 0.174400 0.016800
0.451200 0.175200 0.016800
0.481600 0.175200 0.019200
0.696000 0.175200 0.015200
0.778400 0.175200 0.016800
0.396800 0.176000 0.008800
0.427200 0.176000 0.024800
0.578400 0.176000 0.011200
0.645600 0.176000 0.019200
0.672000 0.176000 0.016800
0.165600 0.176800 0.016800
0.248000 0.176800 0.022400
0.258400 0.176800 0.011200
0.276000 0.176800 0.011200
0.313600 0.176800 0.016800
0.414400 0.176800 0.012800
0.509600 0.176800 0.018400
0.598400 0.176800 0.011200
0.731200 0.176800 0.008800
0.864800 0.176800 0.015200
0.882400 0.176800 0.016800
0.537600 0.177600 0.013600
0.717600 0.177600 0.013600
0.750400 0.177600 0.013600
0.335200 0.178400 0.008800
0.355200 0.178400 0.007200
0.616800 0.178400 0.013600
0.804000 0.178400 0.019200
0.212000 0.179200 0.013600
0.344800 0.179200 0.005600
0.383200 0.179200 0.011200
0.839200 0.179200 0.020800
0.141600 0.180000 0.019200
0.226400 0.180000 0.011200
0.368000 0.180000 0.008800
0.191200 0.181600 0.016800
0.704800 0.191200 0.004800
0.183200 0.196800 0.012000
0.232800 0.196800 0.009600
0.551200 0.199200 0.007200
0.560800 0.199200 0.005600
0.584000 0.200000 0.008000
0.772800 0.200000 0.007200
0.571200 0.200800 0.008000
0.596000 0.200800 0.008800
0.755200 0.200800 0.005600
0.763200 0.200800 0.007200
0.715200 0.201600 0.011200
0.744800 0.202400 0.008800
0.514400 0.203200 0.015200
0.524000 0.203200 0.022400
0.538400 0.203200 0.009600
0.732000 0.203200 0.008800
0.505600 0.204800 0.016800
0.854400 0.206400 0.011200
0.492800 0.209600 0.015200
0.822400 0.210400 0.008800
0.453600 0.211200 0.011200
0.484800 0.211200 0.013600
0.689600 0.211200 0.006400
0.836800 0.212000 0.008800
0.320800 0.212800 0.013600
0.700000 0.212800 0.007200
0.884800 0.212800 0.007200
0.540000 0.213600 0.011200
0.312000 0.214400 0.013600
0.441600 0.214400 0.011200
0.562400 0.214400 0.008800
0.572800 0.214400 0.005600
0.897600 0.215200 0.011200
0.232800 0.216000 0.011200
0.712000 0.216000 0.005600
0.224000 0.216800 0.012000
0.264000 0.216800 0.013600
0.644000 0.216800 0.012800
0.914400 0.216800 0.011200
0.940000 0.216800 0.008800
0.950400 0.217600 0.008800
0.406400 0.218400 0.012800
0.414400 0.218400 0.015200
0.634400 0.218400 0.007200
0.188800 0.219200 0.010400
0.928000 0.219200 0.008800
0.150400 0.220000 0.011200
0.141600 0.220800 0.008800
0.179200 0.220800 0.008800
0.880000 0.222400 0.004800
0.161600 0.223200 0.007200
0.425600 0.223200 0.006400
0.868000 0.224800 0.016800
0.794400 0.235200 0.024800
0.847200 0.235200 0.016800
0.560000 0.236000 0.011200
0.724800 0.236000 0.019200
0.747200 0.236000 0.011200
0.765600 0.236000 0.024800
0.954400 0.236000 0.011200
0.301600 0.236800 0.016800
0.326400 0.236800 0.015200
0.349600 0.236800 0.016800
0.372000 0.236800 0.013600
0.576000 0.236800 0.016800
0.636800 0.236800 0.013600
0.694400 0.236800 0.013600
0.824000 0.236800 0.016800
0.863200 0.236800 0.019200
0.874400 0.236800 0.008800
0.889600 0.236800 0.011200
0.899200 0.236800 0.005600
0.907200 0.236800 0.005600
0.204000 0.237600 0.016800
0.436800 0.237600 0.016000
0.612000 0.237600 0.011200
0.628800 0.237600 0.016800
0.668800 0.237600 0.016800
0.412800 0.238400 0.013600
0.462400 0.238400 0.016800
0.488800 0.238400 0.019200
0.541600 0.238400 0.016800
0.915200 0.238400 0.004800
0.923200 0.238400 0.011200
0.939200 0.238400 0.009600
0.177600 0.239200 0.014400
0.391200 0.239200 0.012800
0.514400 0.239200 0.019200
0.599200 0.239200 0.016800
0.146400 0.240000 0.028800
0.268800 0.240800 0.020000
0.653600 0.240800 0.008800
0.236000 0.241600 0.020800
0.480800 0.249600 0.007200
0.899200 0.254400 0.007200
0.908000 0.254400 0.008800
0.921600 0.254400 0.009600
0.934400 0.254400 0.004800
0.940800 0.254400 0.008800
0.888000 0.255200 0.011200
0.956000 0.255200 0.010400
0.854400 0.256800 0.009600
0.366400 0.257600 0.005600
0.686400 0.258400 0.011200
0.359200 0.259200 0.008000
0.472800 0.260000 0.008000
0.627200 0.260000 0.008000
0.640800 0.260000 0.009600
0.656800 0.260000 0.009600
0.671200 0.260000 0.008800
0.600800 0.260800 0.008800
0.614400 0.260800 0.008800
0.586400 0.262400 0.008800
0.504000 0.264000 0.008000
0.575200 0.264000 0.008000
0.864800 0.264000 0.008000
0.564000 0.265600 0.008800
0.877600 0.268000 0.005600
0.451200 0.268800 0.009600
0.487200 0.272800 0.008000
0.920800 0.273600 0.008800
0.492000 0.274400 0.008000
0.964800 0.274400 0.013600
0.141600 0.275200 0.016800
0.933600 0.275200 0.009600
0.948000 0.275200 0.011200
0.908000 0.276000 0.008800
0.892800 0.276800 0.011200
0.378400 0.284000 0.007200
0.864800 0.284800 0.016800
0.307200 0.285600 0.019200
0.334400 0.285600 0.019200
0.363200 0.285600 0.022400
0.806400 0.285600 0.024800
0.276000 0.286400 0.024800
0.764800 0.286400 0.027200
0.836000 0.286400 0.019200
0.426400 0.287200 0.019200
0.658400 0.287200 0.019200
0.722400 0.287200 0.022400
0.692000 0.288000 0.019200
0.397600 0.288800 0.016800
0.504800 0.288800 0.021600
0.571200 0.288800 0.015200
0.596000 0.288800 0.016800
0.624000 0.288800 0.016800
0.475200 0.290400 0.018400
0.257600 0.291200 0.008800
0.452000 0.291200 0.016000
0.536800 0.291200 0.020800
0.247200 0.292000 0.008800
0.144800 0.295200 0.040000
0.172800 0.295200 0.016800
0.210400 0.295200 0.012800
0.234400 0.296000 0.019200
0.891200 0.296000 0.016800
0.194400 0.296800 0.011200
0.914400 0.296800 0.011200
0.902400 0.297600 0.007200
0.495200 0.317600 0.016000
0.610400 0.317600 0.012800
0.728000 0.317600 0.012800
0.456000 0.318400 0.011200
0.471200 0.318400 0.008800
0.488000 0.318400 0.012000
0.516800 0.318400 0.007200
0.528000 0.318400 0.008800
0.544800 0.318400 0.011200
0.601600 0.318400 0.005600
0.627200 0.318400 0.010400
0.660800 0.318400 0.012800
0.692800 0.318400 0.010400
0.720000 0.318400 0.005600
0.507200 0.319200 0.008800
0.561600 0.319200 0.008800
0.575200 0.319200 0.008800
0.588800 0.319200 0.010400
0.642400 0.319200 0.011200
0.676800 0.319200 0.009600
0.708800 0.319200 0.010400
0.458400 0.340000 0.015200
0.730400 0.340800 0.011200
0.374400 0.341600 0.011200
0.410400 0.341600 0.010400
0.567200 0.341600 0.008800
0.697600 0.341600 0.013600
0.715200 0.341600 0.010400
0.360000 0.342400 0.008800
0.396800 0.342400 0.013600
0.468000 0.342400 0.007200
0.481600 0.342400 0.009600
0.495200 0.342400 0.007200
0.688000 0.342400 0.005600
0.346400 0.343200 0.008800
0.388800 0.343200 0.013600
0.505600 0.343200 0.005600
0.555200 0.343200 0.008800
0.578400 0.343200 0.010400
0.516000 0.344000 0.008800
0.530400 0.344000 0.010400
0.544000 0.344000 0.008000
0.592800 0.344000 0.009600
0.623200 0.344000 0.011200
0.640000 0.344000 0.013600
0.649600 0.344000 0.008000
0.608000 0.344800 0.008800
0.332800 0.345600 0.008800
0.674400 0.345600 0.013600
0.305600 0.346400 0.005600
0.313600 0.346400 0.005600
0.321600 0.346400 0.012800
0.284800 0.348000 0.011200
0.297600 0.348000 0.012800
0.276800 0.348800 0.015200
0.420000 0.356000 0.016000
0.411200 0.359200 0.008800
0.734400 0.360000 0.011200
0.399200 0.360800 0.008000
0.387200 0.363200 0.008000
0.719200 0.363200 0.008800
0.363200 0.364000 0.007200
0.705600 0.364000 0.011200
0.354400 0.364800 0.004800
0.374400 0.364800 0.008000
0.481600 0.364800 0.008800
0.644000 0.364800 0.010400
0.310400 0.365600 0.010400
0.346400 0.365600 0.005600
0.468800 0.365600 0.011200
0.511200 0.365600 0.005600
0.541600 0.365600 0.011200
0.659200 0.365600 0.009600
0.688800 0.365600 0.008800
0.325600 0.366400 0.007200
0.496800 0.366400 0.011200
0.518400 0.366400 0.004800
0.526400 0.366400 0.012000
0.626400 0.366400 0.012800
0.296000 0.367200 0.007200
0.336000 0.367200 0.007200
0.558400 0.367200 0.008800
0.572800 0.367200 0.008800
0.588800 0.367200 0.011200
0.605600 0.367200 0.011200
0.285600 0.368000 0.008800
0.674400 0.368000 0.010400
0.388000 0.376800 0.005600
0.380000 0.380000 0.007200
0.352800 0.380800 0.010400
0.368000 0.380800 0.007200
0.345600 0.381600 0.004000
0.336800 0.383200 0.007200
0.302400 0.384000 0.008800
0.314400 0.384000 0.007200
0.324800 0.384000 0.007200
0.293600 0.384800 0.004800
0.285600 0.385600 0.012000
0.478400 0.387200 0.005600
0.469600 0.388000 0.013600
0.486400 0.388800 0.011200
0.498400 0.388800 0.011200
