147
147
147
147
147
147
148
148
146
146
146
146
146
146
146
146
146
146
146
146
146
146
146
146
146
146
146
146
146
146
146
146
146
146
146
146
146
146
146
146
146
146
146
146
146
146
146
146
146
146
146
146
146
146
146
146
149
146
146
146
149
146
146
146
146
146
146
146
146
146
146
146
146
146
146
146
146
146
146
146
146
146
146
146
146
146
146
146
146
146
146
146
146
146
146
146
146
146
146
146
146
146
146
146
146
146
146
146
146
146
146
146