282
282
282
282
282
284
284
284
284
283
283
283
283
283
283
284
285
285
284
284
295
295
286
286
286
286
286
286
286
284
284
286
286
286
286
286
286
286
286
286
286
286
286
286
286
286
286
286
286
286
286
286
286
286
295
295
292
284
284
284
295
295
295
284
284
286
295
286
286
286
286
286
286
286
286
286
286
284
286
286
286
286
286
284
286
286
286
295
295
286
286
286
286
286
286
286
286
286
286
286
286
295
284
295
284
290
290
295
290
290
290
289
289
289
295
295
284
284
295
286
286
286
286
286
286
286
286
286
286
286
286
286
286
286
286
286
286
286
286
286
286
286
286
286
286
286
286
286
295
286
286
286
286
286
286
286
284
295
286
286
286
286
295
284
284
296
291
284
288
288
295
295
286
286
297
286
286
286
286
284
286
286
286
286
286
286
286
286
286
284
286
286
286
286
286
286
286
286
286
286
286
295
286
286
286
286
286
286
286
286
286
286
284
284
287
295
297
284
295
284
297
284
286
284
286
286
286
286
286
286
286
286
286
286
286
286
286
286
286
286
286
286
286
286
295
286
286
286
286
286
286
286
286
286
286
286
286
286
286
286
297
286
295
284
284
297
295
297
295
297