108
108
108
108
108
108
108
108
108
108
108
108
108
108
108
108
108
108
85
108
108
85
85
108
85
85
85
108
108
108
85
108
108
108
108
108
108
85
85
85
85
85
108
85
110
108
108
86
86
108
108
86
86
108
108
86
86
108
108
107
107
107
107
109
109
111
106
106
114
113
115
114
93
93
105
93
93
93
93
84
84
84
84
84
84
84
84
84
84
84
84
84
84
84
84
84
84
84
84
84
84
84
84
84
84
84
84
84
104
116
117
116
92
92
84
92
84
92
84
84
92
84
84
84
84
92
84
84
84
84
84
84
84
84
84
84
84
84
84
84
84
84
84
84
84
84
92
92
92
92
94
92
94
92
94
92
94
94
94
94
95
102
102
103
84
84
84
84
84
84
84
84
84
84
84
84
84
84
84
84
84
84
84
84
84
84
84
84
84
84
84
84
84
84
84
84
84
101
99
99
99
99
99
99
99
99
97
99
97
97
96
100
100
98
98
87
87
87
91
87
91
87
87
91
91
91
87
87
87
87
87
84
84
84
84
84
84
84
84
84
84
84
84
84
84
84
84
84
84
84
84
84
84
84
84
84
84
84
87
91
91
91
87
87
87
91
87
87
88
90
88
88
88
90
88
88
88
88
88
88
88
88
88
90
90
88
88
88
88
88
88
88
88
90
90
90
88
88
88
88
90
90
90
90
90
90
90
90
90
90
88
90
88
88
88
88
88
88
88
88
88
88
88
88
88
88
88
88
88
88
88
88
88
88
88
88
88
88
88
88
88
88
88
88
88
88
88
88
88
88
88
88
88
88
88
88
88
88
88
88
88
88
89
89
89
89
89