105.000000 49.000000 28.000000
94.000000 50.000000 24.000000
66.000000 51.000000 21.000000
123.000000 51.000000 10.000000
143.000000 52.000000 31.000000
165.000000 53.000000 36.000000
320.000000 135.000000 14.000000
342.000000 135.000000 14.000000
361.000000 135.000000 17.000000
299.000000 136.000000 14.000000
257.000000 140.000000 31.000000
278.000000 140.000000 14.000000
956.000000 161.000000 35.000000
977.000000 164.000000 34.000000
279.000000 191.000000 28.000000
246.000000 193.000000 26.000000
350.000000 195.000000 23.000000
317.000000 196.000000 24.000000
385.000000 200.000000 24.000000
419.000000 202.000000 21.000000
449.000000 202.000000 17.000000
613.000000 202.000000 24.000000
576.000000 203.000000 27.000000
651.000000 203.000000 38.000000
505.000000 204.000000 17.000000
538.000000 204.000000 24.000000
480.000000 205.000000 21.000000
708.000000 206.000000 24.000000
737.000000 206.000000 17.000000
809.000000 206.000000 28.000000
874.000000 206.000000 38.000000
777.000000 207.000000 14.000000
893.000000 207.000000 21.000000
929.000000 207.000000 27.000000
701.000000 208.000000 24.000000
760.000000 208.000000 14.000000
837.000000 208.000000 24.000000
936.000000 208.000000 34.000000
673.000000 209.000000 17.000000
993.000000 209.000000 38.000000
967.000000 210.000000 28.000000
270.000000 258.000000 11.000000
350.000000 259.000000 38.000000
369.000000 259.000000 41.000000
244.000000 260.000000 36.000000
325.000000 260.000000 17.000000
289.000000 261.000000 29.000000
621.000000 261.000000 6.000000
429.000000 262.000000 21.000000
454.000000 263.000000 14.000000
589.000000 263.000000 28.000000
633.000000 263.000000 34.000000
399.000000 266.000000 21.000000
475.000000 266.000000 21.000000
505.000000 266.000000 21.000000
553.000000 266.000000 14.000000
578.000000 266.000000 34.000000
613.000000 266.000000 14.000000
534.000000 267.000000 17.000000
621.000000 269.000000 4.000000
657.000000 269.000000 38.000000
741.000000 275.000000 34.000000
705.000000 276.000000 17.000000
877.000000 276.000000 38.000000
937.000000 276.000000 31.000000
977.000000 276.000000 31.000000
680.000000 277.000000 40.000000
798.000000 277.000000 31.000000
835.000000 277.000000 28.000000
905.000000 277.000000 48.000000
822.000000 278.000000 38.000000
497.000000 318.000000 28.000000
570.000000 318.000000 21.000000
529.000000 320.000000 28.000000
370.000000 323.000000 20.000000
596.000000 323.000000 24.000000
359.000000 324.000000 9.000000
417.000000 324.000000 39.000000
685.000000 324.000000 38.000000
704.000000 324.000000 34.000000
312.000000 325.000000 24.000000
625.000000 325.000000 43.000000
643.000000 325.000000 31.000000
401.000000 326.000000 26.000000
609.000000 326.000000 11.000000
249.000000 327.000000 44.000000
342.000000 327.000000 26.000000
446.000000 327.000000 21.000000
476.000000 327.000000 43.000000
281.000000 328.000000 24.000000
656.000000 328.000000 34.000000
738.000000 332.000000 24.000000
765.000000 332.000000 38.000000
792.000000 333.000000 28.000000
809.000000 334.000000 28.000000
958.000000 334.000000 34.000000
865.000000 335.000000 31.000000
821.000000 336.000000 31.000000
896.000000 336.000000 24.000000
841.000000 338.000000 24.000000
942.000000 338.000000 33.000000
925.000000 340.000000 28.000000
503.000000 347.000000 6.000000
984.000000 356.000000 6.000000
378.000000 383.000000 31.000000
889.000000 385.000000 17.000000
630.000000 386.000000 21.000000
663.000000 386.000000 28.000000
827.000000 386.000000 31.000000
957.000000 386.000000 27.000000
974.000000 386.000000 11.000000
271.000000 387.000000 48.000000
311.000000 387.000000 38.000000
501.000000 387.000000 28.000000
673.000000 387.000000 34.000000
703.000000 387.000000 17.000000
788.000000 387.000000 17.000000
865.000000 387.000000 31.000000
920.000000 387.000000 27.000000
991.000000 387.000000 28.000000
336.000000 388.000000 17.000000
361.000000 388.000000 40.000000
493.000000 388.000000 41.000000
595.000000 388.000000 24.000000
722.000000 388.000000 11.000000
765.000000 388.000000 14.000000
816.000000 388.000000 41.000000
303.000000 389.000000 24.000000
413.000000 389.000000 25.000000
251.000000 390.000000 34.000000
429.000000 390.000000 14.000000
742.000000 390.000000 17.000000
461.000000 391.000000 26.000000
508.000000 391.000000 28.000000
562.000000 391.000000 21.000000
538.000000 393.000000 17.000000
