275.000000 34.000000 14.000000
297.000000 34.000000 14.000000
318.000000 34.000000 14.000000
230.000000 35.000000 20.000000
340.000000 35.000000 16.000000
254.000000 36.000000 10.000000
95.000000 38.000000 5.000000
63.000000 40.000000 14.000000
72.000000 42.000000 6.000000
83.000000 42.000000 11.000000
106.000000 43.000000 17.000000
1041.000000 43.000000 50.000000
117.000000 44.000000 9.000000
1018.000000 44.000000 50.000000
845.000000 57.000000 31.000000
825.000000 58.000000 31.000000
651.000000 59.000000 7.000000
806.000000 60.000000 28.000000
578.000000 61.000000 17.000000
630.000000 61.000000 17.000000
640.000000 61.000000 7.000000
664.000000 61.000000 9.000000
676.000000 61.000000 31.000000
599.000000 62.000000 17.000000
610.000000 62.000000 24.000000
620.000000 62.000000 17.000000
695.000000 62.000000 14.000000
718.000000 62.000000 14.000000
503.000000 63.000000 21.000000
525.000000 63.000000 21.000000
555.000000 63.000000 14.000000
866.000000 63.000000 17.000000
381.000000 64.000000 17.000000
419.000000 64.000000 24.000000
740.000000 64.000000 14.000000
755.000000 64.000000 7.000000
770.000000 64.000000 14.000000
790.000000 64.000000 14.000000
401.000000 65.000000 14.000000
355.000000 66.000000 16.000000
447.000000 67.000000 11.000000
460.000000 67.000000 19.000000
330.000000 68.000000 19.000000
258.000000 69.000000 7.000000
271.000000 69.000000 20.000000
316.000000 69.000000 7.000000
432.000000 69.000000 11.000000
216.000000 70.000000 24.000000
248.000000 70.000000 7.000000
305.000000 70.000000 17.000000
234.000000 71.000000 20.000000
289.000000 71.000000 14.000000
482.000000 83.000000 12.000000
471.000000 88.000000 7.000000
372.000000 96.000000 17.000000
381.000000 96.000000 21.000000
431.000000 96.000000 21.000000
306.000000 97.000000 14.000000
397.000000 97.000000 21.000000
324.000000 99.000000 14.000000
345.000000 99.000000 14.000000
259.000000 100.000000 13.000000
274.000000 100.000000 11.000000
289.000000 100.000000 11.000000
419.000000 100.000000 21.000000
235.000000 101.000000 15.000000
496.000000 101.000000 14.000000
603.000000 101.000000 14.000000
212.000000 102.000000 17.000000
515.000000 102.000000 11.000000
534.000000 103.000000 11.000000
551.000000 103.000000 13.000000
571.000000 103.000000 11.000000
588.000000 103.000000 11.000000
473.000000 104.000000 11.000000
484.000000 105.000000 6.000000
460.000000 106.000000 11.000000
447.000000 107.000000 11.000000
622.000000 123.000000 13.000000
545.000000 124.000000 11.000000
604.000000 124.000000 10.000000
530.000000 125.000000 11.000000
520.000000 126.000000 14.000000
562.000000 126.000000 11.000000
496.000000 127.000000 14.000000
575.000000 127.000000 7.000000
587.000000 127.000000 11.000000
295.000000 129.000000 21.000000
398.000000 129.000000 14.000000
456.000000 129.000000 11.000000
475.000000 130.000000 13.000000
310.000000 131.000000 14.000000
328.000000 131.000000 17.000000
420.000000 131.000000 14.000000
204.000000 132.000000 18.000000
263.000000 132.000000 21.000000
355.000000 132.000000 24.000000
373.000000 132.000000 14.000000
244.000000 133.000000 14.000000
438.000000 134.000000 14.000000
227.000000 136.000000 27.000000
644.000000 181.000000 31.000000
319.000000 182.000000 24.000000
219.000000 184.000000 38.000000
249.000000 184.000000 21.000000
285.000000 184.000000 28.000000
380.000000 184.000000 17.000000
401.000000 184.000000 17.000000
352.000000 185.000000 21.000000
426.000000 188.000000 38.000000
445.000000 188.000000 33.000000
467.000000 188.000000 31.000000
594.000000 189.000000 28.000000
482.000000 191.000000 28.000000
519.000000 191.000000 27.000000
569.000000 191.000000 50.000000
551.000000 192.000000 28.000000
642.000000 193.000000 6.000000
769.000000 195.000000 44.000000
818.000000 195.000000 31.000000
885.000000 196.000000 21.000000
800.000000 197.000000 31.000000
641.000000 199.000000 16.000000
857.000000 199.000000 24.000000
915.000000 201.000000 19.000000
1042.000000 201.000000 45.000000
943.000000 203.000000 28.000000
961.000000 203.000000 14.000000
1048.000000 203.000000 31.000000
985.000000 204.000000 21.000000
1010.000000 204.000000 21.000000
521.000000 226.000000 17.000000
538.000000 226.000000 13.000000
572.000000 226.000000 21.000000
593.000000 226.000000 24.000000
471.000000 227.000000 14.000000
557.000000 228.000000 11.000000
870.000000 228.000000 7.000000
881.000000 228.000000 11.000000
903.000000 228.000000 13.000000
432.000000 229.000000 17.000000
445.000000 229.000000 11.000000
453.000000 229.000000 16.000000
921.000000 229.000000 11.000000
496.000000 230.000000 17.000000
854.000000 230.000000 4.000000
861.000000 230.000000 14.000000
833.000000 231.000000 10.000000
846.000000 231.000000 11.000000
819.000000 232.000000 7.000000
808.000000 233.000000 16.000000
935.000000 233.000000 11.000000
886.000000 255.000000 9.000000
272.000000 257.000000 34.000000
309.000000 257.000000 24.000000
229.000000 258.000000 48.000000
337.000000 259.000000 17.000000
357.000000 259.000000 14.000000
209.000000 260.000000 36.000000
373.000000 260.000000 31.000000
397.000000 261.000000 34.000000
408.000000 262.000000 28.000000
447.000000 267.000000 31.000000
470.000000 267.000000 17.000000
493.000000 267.000000 28.000000
588.000000 268.000000 21.000000
1043.000000 268.000000 38.000000
511.000000 269.000000 14.000000
549.000000 269.000000 11.000000
1029.000000 269.000000 28.000000
529.000000 270.000000 14.000000
873.000000 270.000000 31.000000
1058.000000 270.000000 38.000000
566.000000 271.000000 14.000000
623.000000 271.000000 25.000000
997.000000 271.000000 38.000000
663.000000 272.000000 38.000000
965.000000 272.000000 41.000000
989.000000 272.000000 38.000000
758.000000 274.000000 35.000000
738.000000 275.000000 14.000000
772.000000 275.000000 10.000000
784.000000 275.000000 10.000000
798.000000 275.000000 11.000000
908.000000 275.000000 27.000000
948.000000 275.000000 34.000000
1013.000000 275.000000 38.000000
423.000000 276.000000 11.000000
713.000000 276.000000 38.000000
824.000000 276.000000 24.000000
858.000000 277.000000 31.000000
401.000000 304.000000 12.000000
559.000000 304.000000 6.000000
376.000000 305.000000 7.000000
45.000000 312.000000 27.000000
119.000000 312.000000 17.000000
131.000000 313.000000 24.000000
62.000000 314.000000 14.000000
99.000000 315.000000 11.000000
83.000000 316.000000 11.000000
1025.000000 316.000000 9.000000
267.000000 329.000000 24.000000
331.000000 329.000000 45.000000
206.000000 330.000000 34.000000
297.000000 330.000000 24.000000
230.000000 332.000000 21.000000
353.000000 333.000000 17.000000
400.000000 336.000000 19.000000
455.000000 336.000000 42.000000
479.000000 336.000000 45.000000
429.000000 337.000000 21.000000
510.000000 337.000000 24.000000
376.000000 338.000000 14.000000
593.000000 338.000000 5.000000
555.000000 339.000000 34.000000
584.000000 339.000000 38.000000
600.000000 339.000000 14.000000
982.000000 339.000000 33.000000
548.000000 340.000000 28.000000
621.000000 341.000000 17.000000
941.000000 341.000000 31.000000
51.000000 342.000000 17.000000
139.000000 342.000000 17.000000
646.000000 342.000000 17.000000
961.000000 342.000000 11.000000
85.000000 343.000000 14.000000
997.000000 343.000000 43.000000
42.000000 344.000000 16.000000
65.000000 344.000000 17.000000
104.000000 344.000000 14.000000
908.000000 344.000000 21.000000
1024.000000 344.000000 17.000000
1049.000000 345.000000 41.000000
128.000000 346.000000 16.000000
877.000000 346.000000 24.000000
671.000000 347.000000 21.000000
751.000000 347.000000 14.000000
771.000000 347.000000 14.000000
840.000000 347.000000 31.000000
730.000000 348.000000 41.000000
795.000000 348.000000 38.000000
701.000000 349.000000 17.000000
40.000000 371.000000 11.000000
212.000000 371.000000 19.000000
55.000000 372.000000 11.000000
73.000000 373.000000 14.000000
88.000000 373.000000 21.000000
296.000000 394.000000 38.000000
633.000000 394.000000 14.000000
235.000000 395.000000 28.000000
374.000000 395.000000 11.000000
209.000000 396.000000 31.000000
396.000000 396.000000 21.000000
456.000000 396.000000 17.000000
425.000000 397.000000 21.000000
899.000000 397.000000 24.000000
269.000000 398.000000 24.000000
484.000000 399.000000 21.000000
321.000000 400.000000 21.000000
351.000000 400.000000 31.000000
513.000000 401.000000 21.000000
574.000000 404.000000 24.000000
599.000000 404.000000 24.000000
544.000000 405.000000 21.000000
973.000000 406.000000 14.000000
894.000000 407.000000 28.000000
937.000000 407.000000 27.000000
685.000000 408.000000 21.000000
744.000000 408.000000 21.000000
816.000000 408.000000 24.000000
885.000000 408.000000 29.000000
900.000000 408.000000 24.000000
656.000000 409.000000 20.000000
705.000000 409.000000 38.000000
723.000000 409.000000 26.000000
993.000000 409.000000 17.000000
630.000000 410.000000 11.000000
848.000000 410.000000 21.000000
1017.000000 410.000000 21.000000
773.000000 411.000000 20.000000
873.000000 412.000000 21.000000
611.000000 413.000000 13.000000
745.000000 414.000000 17.000000
1053.000000 415.000000 31.000000
288.000000 432.000000 15.000000
261.000000 433.000000 14.000000
279.000000 433.000000 7.000000
428.000000 433.000000 6.000000
437.000000 433.000000 7.000000
227.000000 434.000000 12.000000
244.000000 434.000000 13.000000
268.000000 434.000000 14.000000
329.000000 434.000000 11.000000
418.000000 434.000000 17.000000
208.000000 436.000000 14.000000
309.000000 436.000000 15.000000
405.000000 436.000000 11.000000
371.000000 437.000000 9.000000
451.000000 437.000000 11.000000
475.000000 437.000000 6.000000
344.000000 438.000000 10.000000
387.000000 438.000000 13.000000
485.000000 438.000000 14.000000
503.000000 438.000000 13.000000
523.000000 438.000000 11.000000
543.000000 438.000000 12.000000
655.000000 438.000000 11.000000
671.000000 438.000000 13.000000
704.000000 438.000000 11.000000
747.000000 438.000000 12.000000
358.000000 439.000000 9.000000
464.000000 439.000000 11.000000
560.000000 439.000000 10.000000
642.000000 439.000000 18.000000
688.000000 439.000000 13.000000
726.000000 439.000000 14.000000
767.000000 439.000000 14.000000
813.000000 439.000000 15.000000
575.000000 440.000000 11.000000
789.000000 440.000000 14.000000
838.000000 440.000000 16.000000
849.000000 441.000000 21.000000
593.000000 442.000000 11.000000
610.000000 442.000000 14.000000
917.000000 442.000000 19.000000
864.000000 444.000000 14.000000
964.000000 444.000000 11.000000
984.000000 444.000000 14.000000
935.000000 445.000000 14.000000
999.000000 445.000000 28.000000
890.000000 446.000000 17.000000
948.000000 446.000000 23.000000
1037.000000 449.000000 11.000000
1020.000000 451.000000 28.000000
332.000000 462.000000 14.000000
356.000000 462.000000 12.000000
422.000000 462.000000 19.000000
203.000000 463.000000 21.000000
217.000000 463.000000 14.000000
272.000000 463.000000 14.000000
235.000000 464.000000 11.000000
292.000000 464.000000 14.000000
376.000000 464.000000 13.000000
441.000000 464.000000 14.000000
458.000000 464.000000 11.000000
473.000000 464.000000 11.000000
510.000000 464.000000 15.000000
557.000000 464.000000 14.000000
574.000000 464.000000 9.000000
254.000000 465.000000 14.000000
312.000000 465.000000 11.000000
393.000000 465.000000 14.000000
486.000000 465.000000 17.000000
532.000000 465.000000 14.000000
610.000000 465.000000 8.000000
596.000000 467.000000 11.000000
835.000000 475.000000 10.000000
815.000000 476.000000 23.000000
853.000000 477.000000 24.000000
758.000000 481.000000 17.000000
705.000000 482.000000 17.000000
728.000000 482.000000 36.000000
681.000000 483.000000 17.000000
784.000000 483.000000 21.000000
624.000000 486.000000 24.000000
660.000000 486.000000 21.000000
636.000000 487.000000 24.000000
597.000000 488.000000 21.000000
536.000000 491.000000 17.000000
564.000000 492.000000 20.000000
574.000000 492.000000 20.000000
498.000000 494.000000 21.000000
516.000000 494.000000 16.000000
