0
0
0
0
1
1
0
0
2
2
2
2
2
2
3
3
3
3
2
3
3
4
4
4
4
4
4
5
5
5
6
7
7
7
7
7
8
7
9
9
9
9
9
9
9
9
9
9
9
9
9
9
9
9
9
9
9
9
9
9
9
9
9
9
9
9
10
10
11
10
10
10
10
11
11
10
10
11
11
11
12
13
14
15
15
16
16
15
15
16
15
15
15
16
16
16
16
16
16
16
16
16
16
16
16
16
16
16
16
16
16
16
16
16
16
16
16
16
16
16
16
16
16
16
17
17
17
17
17
17
17
19
19
19
18
18
19
18
18
18
20
20
20
20
20
20
20
19
21
22
22
23
23
23
24
25
26
26
26
26
26
26
26
26
26
26
26
26
26
26
26
26
26
26
26
26
26
27
26
26
26
26
26
26
26
27
26
26
26
26
27
26
26
26
26
27
26
26
27
26
28
29
30
32
32
31
32
31
31
31
32
31
31
31
32
31
33
32
33
32
32
33
33
32
33
31
33
31
32
32
32
34
35
36
37
36
40
40
40
40
40
40
38
38
39
39
40
40
38
39
40
40
40
39
40
40
40
40
40
38
38
38
39
40
38
40
40
40
40
38
39
39
40
40
40
40
40
40
40
40
40
40
40
40
40
40
40
41
41
41
41
41
41
41
41
41
41
42
42
41
41
41
43
43
43
43
44
44
45
44
44
46
46
47
47
47
48
48
48
47