64.000000 58.000000 19.000000
37.000000 60.000000 17.000000
50.000000 60.000000 7.000000
46.000000 85.000000 17.000000
56.000000 88.000000 19.000000
1136.000000 99.000000 17.000000
1136.000000 112.000000 6.000000
1136.000000 130.000000 16.000000
1152.000000 134.000000 10.000000
350.000000 138.000000 14.000000
303.000000 140.000000 14.000000
325.000000 140.000000 14.000000
372.000000 140.000000 17.000000
283.000000 143.000000 14.000000
259.000000 146.000000 34.000000
1129.000000 151.000000 17.000000
969.000000 156.000000 36.000000
992.000000 158.000000 21.000000
1083.000000 164.000000 24.000000
1132.000000 173.000000 14.000000
146.000000 187.000000 28.000000
187.000000 188.000000 24.000000
241.000000 191.000000 28.000000
528.000000 193.000000 21.000000
495.000000 195.000000 28.000000
271.000000 196.000000 19.000000
382.000000 196.000000 21.000000
441.000000 196.000000 28.000000
477.000000 196.000000 17.000000
1086.000000 196.000000 24.000000
1129.000000 197.000000 17.000000
300.000000 198.000000 21.000000
354.000000 198.000000 24.000000
413.000000 198.000000 21.000000
629.000000 198.000000 24.000000
324.000000 199.000000 17.000000
568.000000 199.000000 24.000000
662.000000 199.000000 24.000000
596.000000 200.000000 17.000000
697.000000 200.000000 21.000000
805.000000 202.000000 41.000000
726.000000 203.000000 21.000000
947.000000 203.000000 17.000000
984.000000 203.000000 14.000000
754.000000 204.000000 17.000000
828.000000 204.000000 17.000000
863.000000 204.000000 31.000000
903.000000 204.000000 34.000000
925.000000 204.000000 34.000000
967.000000 204.000000 11.000000
1018.000000 205.000000 27.000000
776.000000 206.000000 17.000000
850.000000 207.000000 36.000000
941.000000 207.000000 31.000000
145.000000 212.000000 20.000000
187.000000 215.000000 24.000000
255.000000 215.000000 11.000000
1133.000000 218.000000 31.000000
1132.000000 227.000000 21.000000
1089.000000 229.000000 24.000000
183.000000 234.000000 9.000000
141.000000 236.000000 17.000000
172.000000 236.000000 11.000000
1132.000000 236.000000 28.000000
1088.000000 245.000000 28.000000
296.000000 251.000000 19.000000
191.000000 252.000000 34.000000
238.000000 253.000000 27.000000
254.000000 254.000000 31.000000
329.000000 254.000000 21.000000
463.000000 254.000000 21.000000
494.000000 254.000000 21.000000
272.000000 255.000000 38.000000
353.000000 255.000000 31.000000
410.000000 255.000000 11.000000
431.000000 255.000000 31.000000
835.000000 255.000000 24.000000
1089.000000 255.000000 21.000000
360.000000 256.000000 24.000000
391.000000 256.000000 28.000000
527.000000 256.000000 21.000000
560.000000 256.000000 21.000000
609.000000 256.000000 27.000000
1136.000000 256.000000 16.000000
799.000000 257.000000 24.000000
846.000000 257.000000 24.000000
877.000000 257.000000 24.000000
100.000000 258.000000 24.000000
143.000000 259.000000 34.000000
772.000000 259.000000 21.000000
922.000000 259.000000 24.000000
1024.000000 259.000000 27.000000
639.000000 260.000000 24.000000
703.000000 260.000000 14.000000
719.000000 260.000000 14.000000
745.000000 260.000000 21.000000
935.000000 260.000000 31.000000
678.000000 261.000000 20.000000
952.000000 261.000000 41.000000
982.000000 261.000000 24.000000
654.000000 262.000000 31.000000
187.000000 277.000000 31.000000
1135.000000 278.000000 31.000000
142.000000 280.000000 21.000000
1086.000000 280.000000 31.000000
577.000000 281.000000 13.000000
558.000000 282.000000 11.000000
99.000000 283.000000 17.000000
538.000000 283.000000 11.000000
519.000000 285.000000 10.000000
501.000000 286.000000 14.000000
807.000000 288.000000 9.000000
823.000000 288.000000 11.000000
848.000000 291.000000 7.000000
190.000000 292.000000 7.000000
85.000000 293.000000 13.000000
1087.000000 300.000000 33.000000
1137.000000 300.000000 17.000000
88.000000 301.000000 7.000000
258.000000 306.000000 6.000000
456.000000 307.000000 24.000000
464.000000 307.000000 24.000000
545.000000 307.000000 21.000000
293.000000 308.000000 14.000000
322.000000 308.000000 24.000000
406.000000 308.000000 24.000000
308.000000 309.000000 7.000000
417.000000 309.000000 24.000000
432.000000 309.000000 24.000000
528.000000 309.000000 21.000000
888.000000 309.000000 11.000000
244.000000 310.000000 34.000000
374.000000 310.000000 24.000000
708.000000 310.000000 24.000000
1022.000000 310.000000 29.000000
271.000000 311.000000 21.000000
346.000000 311.000000 17.000000
504.000000 311.000000 21.000000
558.000000 311.000000 24.000000
905.000000 311.000000 34.000000
574.000000 312.000000 24.000000
635.000000 312.000000 34.000000
700.000000 312.000000 31.000000
753.000000 312.000000 11.000000
865.000000 312.000000 21.000000
589.000000 313.000000 28.000000
678.000000 313.000000 17.000000
985.000000 313.000000 28.000000
189.000000 314.000000 24.000000
658.000000 314.000000 31.000000
739.000000 314.000000 23.000000
765.000000 314.000000 21.000000
969.000000 314.000000 14.000000
609.000000 315.000000 33.000000
808.000000 315.000000 23.000000
948.000000 315.000000 31.000000
1087.000000 315.000000 24.000000
145.000000 316.000000 21.000000
622.000000 316.000000 7.000000
646.000000 316.000000 6.000000
837.000000 316.000000 17.000000
932.000000 317.000000 31.000000
104.000000 319.000000 23.000000
1137.000000 319.000000 33.000000
1134.000000 337.000000 31.000000
121.000000 338.000000 12.000000
296.000000 339.000000 9.000000
1085.000000 340.000000 28.000000
843.000000 342.000000 11.000000
861.000000 344.000000 10.000000
140.000000 345.000000 17.000000
191.000000 348.000000 24.000000
439.000000 352.000000 34.000000
403.000000 353.000000 21.000000
99.000000 356.000000 18.000000
536.000000 356.000000 24.000000
574.000000 356.000000 24.000000
465.000000 357.000000 17.000000
250.000000 358.000000 26.000000
1087.000000 358.000000 30.000000
278.000000 359.000000 11.000000
374.000000 359.000000 24.000000
403.000000 359.000000 21.000000
744.000000 359.000000 28.000000
265.000000 360.000000 31.000000
338.000000 360.000000 27.000000
482.000000 360.000000 11.000000
493.000000 360.000000 7.000000
805.000000 360.000000 28.000000
1133.000000 360.000000 21.000000
708.000000 361.000000 23.000000
311.000000 362.000000 26.000000
355.000000 362.000000 11.000000
504.000000 362.000000 30.000000
611.000000 363.000000 28.000000
627.000000 365.000000 28.000000
648.000000 365.000000 11.000000
677.000000 365.000000 22.000000
777.000000 365.000000 31.000000
783.000000 365.000000 34.000000
941.000000 365.000000 11.000000
141.000000 366.000000 16.000000
926.000000 366.000000 11.000000
959.000000 366.000000 17.000000
665.000000 367.000000 11.000000
884.000000 367.000000 28.000000
986.000000 367.000000 14.000000
838.000000 368.000000 22.000000
906.000000 368.000000 14.000000
870.000000 369.000000 26.000000
1005.000000 369.000000 14.000000
1028.000000 372.000000 34.000000
1132.000000 374.000000 7.000000
1091.000000 376.000000 24.000000
594.000000 377.000000 11.000000
190.000000 384.000000 24.000000
102.000000 386.000000 21.000000
1131.000000 386.000000 28.000000
141.000000 390.000000 17.000000
1090.000000 392.000000 26.000000
101.000000 401.000000 11.000000
1133.000000 403.000000 33.000000
547.000000 406.000000 7.000000
1090.000000 407.000000 24.000000
367.000000 408.000000 24.000000
451.000000 408.000000 21.000000
505.000000 408.000000 14.000000
558.000000 408.000000 19.000000
487.000000 409.000000 11.000000
526.000000 409.000000 17.000000
580.000000 409.000000 28.000000
285.000000 410.000000 28.000000
298.000000 410.000000 11.000000
336.000000 410.000000 17.000000
426.000000 410.000000 34.000000
474.000000 410.000000 9.000000
798.000000 410.000000 11.000000
261.000000 411.000000 31.000000
316.000000 411.000000 17.000000
395.000000 411.000000 14.000000
411.000000 411.000000 10.000000
592.000000 411.000000 28.000000
737.000000 411.000000 24.000000
783.000000 411.000000 11.000000
140.000000 412.000000 17.000000
462.000000 412.000000 7.000000
612.000000 412.000000 16.000000
767.000000 412.000000 24.000000
981.000000 412.000000 21.000000
632.000000 413.000000 7.000000
1021.000000 413.000000 38.000000
650.000000 414.000000 14.000000
817.000000 414.000000 14.000000
841.000000 414.000000 17.000000
872.000000 414.000000 21.000000
956.000000 414.000000 24.000000
674.000000 415.000000 17.000000
701.000000 415.000000 21.000000
902.000000 415.000000 17.000000
927.000000 417.000000 21.000000
98.000000 418.000000 11.000000
1042.000000 418.000000 31.000000
186.000000 420.000000 21.000000
1133.000000 422.000000 31.000000
1089.000000 427.000000 24.000000
99.000000 432.000000 10.000000
141.000000 444.000000 24.000000
97.000000 448.000000 10.000000
187.000000 448.000000 28.000000
99.000000 461.000000 21.000000
