0.203200 0.080000 0.005600
0.322400 0.080000 0.009600
0.143200 0.081600 0.008800
0.187200 0.081600 0.005600
0.334400 0.081600 0.005600
0.360000 0.081600 0.022400
0.373600 0.082400 0.024800
0.195200 0.083200 0.005600
0.364800 0.083200 0.027200
0.172000 0.084000 0.013600
0.344800 0.084000 0.008800
0.520800 0.084000 0.008800
0.132800 0.084800 0.019200
0.156000 0.084800 0.008800
0.221600 0.084800 0.012800
0.390400 0.084800 0.030400
0.404000 0.084800 0.024800
0.443200 0.084800 0.026400
0.532000 0.084800 0.030400
0.115200 0.085600 0.013600
0.279200 0.085600 0.013600
0.295200 0.085600 0.008800
0.308800 0.085600 0.008800
0.413600 0.085600 0.019200
0.508800 0.085600 0.019200
0.096800 0.086400 0.011200
0.239200 0.086400 0.013600
0.429600 0.086400 0.022400
0.461600 0.086400 0.030400
0.080800 0.087200 0.008800
0.262400 0.087200 0.022400
0.056000 0.088000 0.020000
0.068800 0.088000 0.008800
0.480000 0.088800 0.013600
0.498400 0.088800 0.029600
0.242400 0.120000 0.011200
0.261600 0.120000 0.012800
0.280800 0.120000 0.011200
0.296800 0.120800 0.024800
0.226400 0.122400 0.008800
0.207200 0.123200 0.016800
0.783200 0.131200 0.030400
0.767200 0.132800 0.027200
0.220800 0.163200 0.024800
0.195200 0.164800 0.022400
0.280800 0.165600 0.020800
0.233600 0.166400 0.030400
0.254400 0.166400 0.016800
0.363200 0.168000 0.008800
0.293600 0.168800 0.008800
0.308800 0.168800 0.013600
0.346400 0.168800 0.016800
0.325600 0.169600 0.013600
0.579200 0.169600 0.026400
0.723200 0.169600 0.024800
0.768800 0.169600 0.032800
0.375200 0.170400 0.024800
0.391200 0.170400 0.011200
0.785600 0.170400 0.027200
0.544000 0.171200 0.027200
0.594400 0.171200 0.011200
0.566400 0.172000 0.038400
0.612000 0.172000 0.013600
0.751200 0.172000 0.016800
0.628000 0.172800 0.008800
0.466400 0.173600 0.036000
0.645600 0.173600 0.016800
0.409600 0.174400 0.028800
0.668800 0.174400 0.013600
0.449600 0.176000 0.028800
0.489600 0.176000 0.016800
0.511200 0.176000 0.016800
0.690400 0.176000 0.016800
0.198400 0.212800 0.024800
0.234400 0.215200 0.024800
0.251200 0.216000 0.011200
0.324000 0.216000 0.016800
0.272800 0.216800 0.019200
0.299200 0.217600 0.018400
0.344000 0.220000 0.036000
0.373600 0.225600 0.016800
0.399200 0.225600 0.019200
0.568000 0.225600 0.019200
0.456000 0.226400 0.019200
0.485600 0.228800 0.019200
0.510400 0.228800 0.022400
0.540800 0.228800 0.016800
0.428000 0.229600 0.019200
0.599200 0.229600 0.020800
0.677600 0.229600 0.022400
0.625600 0.230400 0.013600
0.715200 0.230400 0.024800
0.747200 0.230400 0.022400
0.645600 0.231200 0.030400
0.660000 0.231200 0.030400
0.761600 0.231200 0.008800
0.774400 0.232000 0.011200
0.737600 0.233600 0.020000
0.788000 0.233600 0.024800
0.444800 0.254400 0.009600
0.438400 0.255200 0.008800
0.421600 0.256000 0.009600
0.432800 0.256000 0.008800
0.229600 0.266400 0.024800
0.198400 0.267200 0.030400
0.253600 0.267200 0.027200
0.288800 0.267200 0.024800
0.257600 0.268800 0.022400
0.305600 0.271200 0.011200
0.324800 0.272000 0.019200
0.377600 0.274400 0.020800
0.389600 0.275200 0.008000
0.348800 0.276000 0.013600
0.368800 0.276000 0.016800
0.510400 0.276000 0.024800
0.486400 0.276800 0.016800
0.404000 0.277600 0.021600
0.576800 0.277600 0.022400
0.456800 0.278400 0.019200
0.428000 0.279200 0.016800
0.520000 0.279200 0.024800
0.570400 0.280000 0.021600
0.541600 0.280800 0.016800
0.757600 0.280800 0.030400
0.743200 0.281600 0.027200
0.779200 0.282400 0.027200
0.606400 0.283200 0.019200
0.628000 0.283200 0.022400
0.693600 0.283200 0.030400
0.653600 0.284000 0.019200
0.723200 0.284800 0.030400
0.676800 0.285600 0.024800
0.710400 0.285600 0.026400
0.240000 0.293600 0.007200
0.532800 0.298400 0.003200
0.448800 0.300000 0.009600
0.442400 0.301600 0.008000
0.228000 0.302400 0.010400
0.192000 0.316000 0.030400
0.218400 0.317600 0.019200
0.325600 0.317600 0.016800
0.332800 0.317600 0.022400
0.347200 0.317600 0.008800
0.384800 0.317600 0.022400
0.265600 0.318400 0.022400
0.316800 0.318400 0.024800
0.240800 0.319200 0.022400
0.296000 0.319200 0.019200
0.302400 0.319200 0.022400
0.284000 0.320000 0.026400
0.374400 0.320000 0.020800
0.422400 0.320800 0.019200
0.359200 0.321600 0.008800
0.396800 0.321600 0.022400
0.518400 0.322400 0.024800
0.179200 0.323200 0.030400
0.532000 0.323200 0.027200
0.478400 0.324000 0.019200
0.442400 0.324800 0.019200
0.498400 0.324800 0.016800
0.582400 0.324800 0.022400
0.551200 0.326400 0.022400
0.600800 0.326400 0.027200
0.605600 0.326400 0.022400
0.656800 0.328800 0.024000
0.621600 0.329600 0.027200
0.627200 0.329600 0.022400
0.690400 0.329600 0.024000
0.652800 0.330400 0.023200
0.662400 0.330400 0.022400
0.720800 0.330400 0.011200
0.707200 0.331200 0.008800
0.787200 0.334400 0.031200
0.736000 0.336000 0.009600
0.769600 0.336000 0.013600
0.748800 0.336800 0.032800
0.700000 0.347200 0.008000
0.326400 0.349600 0.011200
0.339200 0.349600 0.008800
0.316800 0.350400 0.016800
0.276000 0.351200 0.012800
0.298400 0.351200 0.013600
0.432800 0.351200 0.012800
0.350400 0.352000 0.016800
0.368000 0.352000 0.013600
0.240800 0.352800 0.013600
0.256000 0.352800 0.011200
0.390400 0.352800 0.012800
0.216800 0.353600 0.013600
0.410400 0.353600 0.013600
0.449600 0.353600 0.011200
0.467200 0.353600 0.016000
0.544800 0.354400 0.011200
0.479200 0.355200 0.015200
0.516800 0.355200 0.008800
0.569600 0.355200 0.014400
0.487200 0.356000 0.012800
0.501600 0.356000 0.011200
0.530400 0.356000 0.011200
0.560800 0.356000 0.013600
0.602400 0.357600 0.013600
0.586400 0.358400 0.013600
0.612800 0.358400 0.008800
0.628000 0.359200 0.011200
0.575200 0.360000 0.008800
0.640000 0.360800 0.016800
0.668800 0.361600 0.013600
0.678400 0.361600 0.007200
0.652000 0.364000 0.012800
0.693600 0.364800 0.011200
0.249600 0.374400 0.011200
0.264800 0.375200 0.011200
0.291200 0.375200 0.008800
0.300800 0.375200 0.016800
0.336800 0.375200 0.013600
0.353600 0.375200 0.013600
0.276800 0.376000 0.019200
0.361600 0.376000 0.020000
0.437600 0.376000 0.007200
0.235200 0.376800 0.008800
0.319200 0.376800 0.013600
0.374400 0.376800 0.011200
0.410400 0.376800 0.008800
0.424800 0.376800 0.010400
0.223200 0.377600 0.008800
0.448000 0.377600 0.016800
0.207200 0.378400 0.013600
0.396000 0.378400 0.016800
0.472800 0.379200 0.013600
0.493600 0.380000 0.015200
0.516800 0.380000 0.012800
0.535200 0.382400 0.013600
0.590400 0.383200 0.013600
0.565600 0.384000 0.018400
0.625600 0.384000 0.013600
0.608000 0.384800 0.013600
0.640000 0.386400 0.019200
0.731200 0.386400 0.026400
0.657600 0.388000 0.019200
0.693600 0.388000 0.016800
0.712000 0.388000 0.016800
0.671200 0.388800 0.019200
