189
189
189
185
183
187
183
187
187
187
183
183
183
187
187
183
183
183
183
183
190
184
184
186
184
188
188
188
179
179
179
179
179
179
179
179
179
179
179
179
179
179
179
179
179
179
179
179
179
179
179
179
179
179
179
179
179
179
179
179
179
179
199
199
198
197
191
191
191
191
179
179
179
179
179
179
179
179
179
179
179
179
179
179
179
179
179
179
179
179
179
179
179
179
179
179
179
179
195
195
195
195
196
196
179
179
179
179
179
179
179
179
179
179
179
179
179
179
179
179
179
179
179
179
179
179
179
179
179
179
179
179
179
179
179
179
181
181
181
181
181
181
181
181
181
181
181
181
181
181
181
181
181
181
181
181
181
181
181
181
181
181
181
181
181
181
181
181
181
192
192
193
192
194
179
179
179
179
179
179
179
179
179
179
179
179
179
179
179
179
179
179
179
179
179
179
179
179
179
179
179
179
179
-1
180
180
180
180
180
180
180
180
180
180
180
180
180
180
180
180
180
180
180
180
180
180
180
180
180
180
180
180
180
180
180
180
180
180
180
180
180
180
180
180
180
180
180
180
180
182
180
180
180
180
180
180
180
180
180
180
180
180
180
180
180
180
180
180
180
180
180
180
180
180
180
180
180
180
180
180
180
180
180