254.000000 100.000000 7.000000
403.000000 100.000000 12.000000
179.000000 102.000000 11.000000
234.000000 102.000000 7.000000
418.000000 102.000000 7.000000
450.000000 102.000000 28.000000
467.000000 103.000000 31.000000
244.000000 104.000000 7.000000
456.000000 104.000000 34.000000
215.000000 105.000000 17.000000
431.000000 105.000000 11.000000
651.000000 105.000000 11.000000
166.000000 106.000000 24.000000
195.000000 106.000000 11.000000
277.000000 106.000000 16.000000
488.000000 106.000000 38.000000
505.000000 106.000000 31.000000
554.000000 106.000000 33.000000
665.000000 106.000000 38.000000
144.000000 107.000000 17.000000
349.000000 107.000000 17.000000
369.000000 107.000000 11.000000
386.000000 107.000000 11.000000
517.000000 107.000000 24.000000
636.000000 107.000000 24.000000
121.000000 108.000000 14.000000
299.000000 108.000000 17.000000
537.000000 108.000000 28.000000
577.000000 108.000000 38.000000
101.000000 109.000000 11.000000
328.000000 109.000000 28.000000
70.000000 110.000000 25.000000
86.000000 110.000000 11.000000
600.000000 111.000000 17.000000
623.000000 111.000000 37.000000
303.000000 150.000000 14.000000
327.000000 150.000000 16.000000
351.000000 150.000000 14.000000
371.000000 151.000000 31.000000
283.000000 153.000000 11.000000
259.000000 154.000000 21.000000
979.000000 164.000000 38.000000
959.000000 166.000000 34.000000
276.000000 204.000000 31.000000
244.000000 206.000000 28.000000
351.000000 207.000000 26.000000
292.000000 208.000000 38.000000
318.000000 208.000000 21.000000
454.000000 210.000000 11.000000
367.000000 211.000000 11.000000
386.000000 211.000000 17.000000
433.000000 211.000000 21.000000
407.000000 212.000000 17.000000
724.000000 212.000000 33.000000
904.000000 212.000000 31.000000
961.000000 212.000000 41.000000
469.000000 213.000000 31.000000
489.000000 213.000000 14.000000
982.000000 213.000000 34.000000
680.000000 214.000000 34.000000
743.000000 214.000000 14.000000
708.000000 215.000000 48.000000
765.000000 215.000000 17.000000
939.000000 215.000000 21.000000
785.000000 216.000000 11.000000
583.000000 217.000000 45.000000
807.000000 217.000000 21.000000
512.000000 218.000000 36.000000
836.000000 218.000000 17.000000
562.000000 220.000000 36.000000
612.000000 220.000000 21.000000
639.000000 220.000000 21.000000
863.000000 220.000000 21.000000
248.000000 266.000000 31.000000
293.000000 269.000000 31.000000
314.000000 270.000000 14.000000
405.000000 270.000000 21.000000
341.000000 271.000000 24.000000
374.000000 272.000000 23.000000
430.000000 275.000000 45.000000
467.000000 282.000000 21.000000
499.000000 282.000000 24.000000
710.000000 282.000000 24.000000
570.000000 283.000000 24.000000
607.000000 286.000000 24.000000
638.000000 286.000000 28.000000
676.000000 286.000000 21.000000
535.000000 287.000000 24.000000
749.000000 287.000000 26.000000
847.000000 287.000000 28.000000
782.000000 288.000000 17.000000
894.000000 288.000000 31.000000
934.000000 288.000000 28.000000
807.000000 289.000000 38.000000
825.000000 289.000000 38.000000
952.000000 289.000000 11.000000
968.000000 290.000000 14.000000
922.000000 292.000000 25.000000
985.000000 292.000000 31.000000
556.000000 318.000000 12.000000
548.000000 319.000000 11.000000
527.000000 320.000000 12.000000
541.000000 320.000000 11.000000
287.000000 333.000000 31.000000
248.000000 334.000000 38.000000
317.000000 334.000000 34.000000
361.000000 334.000000 31.000000
322.000000 336.000000 28.000000
382.000000 339.000000 14.000000
406.000000 340.000000 24.000000
472.000000 343.000000 26.000000
487.000000 344.000000 10.000000
436.000000 345.000000 17.000000
461.000000 345.000000 21.000000
638.000000 345.000000 31.000000
608.000000 346.000000 21.000000
505.000000 347.000000 27.000000
721.000000 347.000000 28.000000
571.000000 348.000000 24.000000
535.000000 349.000000 21.000000
650.000000 349.000000 31.000000
713.000000 350.000000 27.000000
677.000000 351.000000 21.000000
947.000000 351.000000 38.000000
929.000000 352.000000 34.000000
974.000000 353.000000 34.000000
758.000000 354.000000 24.000000
785.000000 354.000000 28.000000
867.000000 354.000000 38.000000
817.000000 355.000000 24.000000
904.000000 356.000000 38.000000
846.000000 357.000000 31.000000
888.000000 357.000000 33.000000
300.000000 367.000000 9.000000
666.000000 373.000000 4.000000
561.000000 375.000000 12.000000
553.000000 377.000000 10.000000
285.000000 378.000000 13.000000
240.000000 395.000000 38.000000
273.000000 397.000000 24.000000
407.000000 397.000000 21.000000
416.000000 397.000000 28.000000
434.000000 397.000000 11.000000
481.000000 397.000000 28.000000
332.000000 398.000000 28.000000
396.000000 398.000000 31.000000
301.000000 399.000000 28.000000
370.000000 399.000000 24.000000
378.000000 399.000000 28.000000
355.000000 400.000000 33.000000
468.000000 400.000000 26.000000
528.000000 401.000000 24.000000
449.000000 402.000000 11.000000
496.000000 402.000000 28.000000
648.000000 403.000000 31.000000
224.000000 404.000000 38.000000
665.000000 404.000000 34.000000
598.000000 405.000000 24.000000
553.000000 406.000000 24.000000
623.000000 406.000000 21.000000
728.000000 406.000000 28.000000
689.000000 408.000000 28.000000
751.000000 408.000000 34.000000
757.000000 408.000000 28.000000
821.000000 411.000000 30.000000
777.000000 412.000000 34.000000
784.000000 412.000000 28.000000
863.000000 412.000000 30.000000
816.000000 413.000000 29.000000
828.000000 413.000000 28.000000
901.000000 413.000000 14.000000
884.000000 414.000000 11.000000
984.000000 418.000000 39.000000
920.000000 420.000000 12.000000
962.000000 420.000000 17.000000
936.000000 421.000000 41.000000
875.000000 434.000000 10.000000
408.000000 437.000000 14.000000
424.000000 437.000000 11.000000
396.000000 438.000000 21.000000
345.000000 439.000000 16.000000
373.000000 439.000000 17.000000
541.000000 439.000000 16.000000
438.000000 440.000000 21.000000
460.000000 440.000000 17.000000
301.000000 441.000000 17.000000
320.000000 441.000000 14.000000
488.000000 441.000000 16.000000
271.000000 442.000000 17.000000
513.000000 442.000000 17.000000
562.000000 442.000000 14.000000
584.000000 442.000000 20.000000
681.000000 443.000000 14.000000
599.000000 444.000000 19.000000
646.000000 444.000000 11.000000
712.000000 444.000000 18.000000
609.000000 445.000000 16.000000
627.000000 445.000000 14.000000
663.000000 445.000000 14.000000
701.000000 445.000000 17.000000
753.000000 447.000000 17.000000
733.000000 448.000000 17.000000
766.000000 448.000000 11.000000
785.000000 449.000000 14.000000
719.000000 450.000000 11.000000
800.000000 451.000000 21.000000
836.000000 452.000000 17.000000
848.000000 452.000000 9.000000
815.000000 455.000000 16.000000
867.000000 456.000000 14.000000
312.000000 468.000000 14.000000
331.000000 469.000000 14.000000
364.000000 469.000000 11.000000
376.000000 469.000000 21.000000
421.000000 469.000000 17.000000
442.000000 469.000000 17.000000
346.000000 470.000000 24.000000
452.000000 470.000000 25.000000
547.000000 470.000000 9.000000
294.000000 471.000000 11.000000
399.000000 471.000000 17.000000
468.000000 471.000000 14.000000
513.000000 471.000000 11.000000
531.000000 471.000000 13.000000
279.000000 472.000000 11.000000
560.000000 472.000000 21.000000
259.000000 473.000000 17.000000
495.000000 473.000000 21.000000
591.000000 474.000000 17.000000
617.000000 475.000000 19.000000
646.000000 475.000000 16.000000
669.000000 478.000000 17.000000
738.000000 479.000000 17.000000
707.000000 480.000000 23.000000
782.000000 480.000000 17.000000
760.000000 481.000000 17.000000
800.000000 483.000000 24.000000
914.000000 483.000000 33.000000
822.000000 485.000000 24.000000
867.000000 485.000000 21.000000
890.000000 485.000000 21.000000
839.000000 486.000000 24.000000
