551.000000 51.000000 16.000000
453.000000 53.000000 14.000000
475.000000 53.000000 14.000000
501.000000 53.000000 16.000000
526.000000 53.000000 16.000000
573.000000 54.000000 14.000000
438.000000 58.000000 7.000000
870.000000 60.000000 14.000000
422.000000 61.000000 25.000000
885.000000 62.000000 9.000000
830.000000 63.000000 30.000000
848.000000 63.000000 14.000000
899.000000 64.000000 21.000000
185.000000 68.000000 14.000000
227.000000 69.000000 14.000000
246.000000 69.000000 31.000000
205.000000 70.000000 14.000000
140.000000 71.000000 21.000000
164.000000 73.000000 12.000000
584.000000 73.000000 28.000000
1034.000000 74.000000 33.000000
497.000000 77.000000 16.000000
550.000000 77.000000 11.000000
528.000000 79.000000 17.000000
440.000000 80.000000 10.000000
454.000000 82.000000 9.000000
468.000000 82.000000 21.000000
427.000000 84.000000 9.000000
162.000000 110.000000 14.000000
124.000000 114.000000 31.000000
146.000000 114.000000 14.000000
303.000000 115.000000 21.000000
280.000000 117.000000 20.000000
252.000000 119.000000 21.000000
898.000000 142.000000 16.000000
152.000000 145.000000 14.000000
164.000000 146.000000 21.000000
355.000000 149.000000 7.000000
837.000000 150.000000 34.000000
49.000000 162.000000 11.000000
62.000000 162.000000 11.000000
42.000000 163.000000 12.000000
28.000000 164.000000 11.000000
279.000000 166.000000 14.000000
210.000000 167.000000 31.000000
168.000000 169.000000 23.000000
296.000000 169.000000 31.000000
255.000000 170.000000 34.000000
134.000000 172.000000 48.000000
332.000000 174.000000 24.000000
417.000000 175.000000 28.000000
375.000000 176.000000 31.000000
465.000000 177.000000 41.000000
834.000000 177.000000 24.000000
880.000000 177.000000 31.000000
915.000000 177.000000 21.000000
520.000000 178.000000 24.000000
787.000000 178.000000 9.000000
773.000000 179.000000 24.000000
801.000000 179.000000 21.000000
939.000000 179.000000 14.000000
1073.000000 179.000000 31.000000
497.000000 180.000000 17.000000
552.000000 180.000000 31.000000
732.000000 180.000000 31.000000
1032.000000 180.000000 31.000000
64.000000 181.000000 16.000000
566.000000 181.000000 31.000000
689.000000 181.000000 31.000000
963.000000 181.000000 17.000000
988.000000 181.000000 21.000000
26.000000 183.000000 13.000000
54.000000 183.000000 7.000000
75.000000 183.000000 7.000000
45.000000 184.000000 14.000000
599.000000 184.000000 28.000000
644.000000 184.000000 28.000000
399.000000 219.000000 15.000000
317.000000 220.000000 12.000000
242.000000 224.000000 17.000000
336.000000 225.000000 13.000000
200.000000 227.000000 10.000000
373.000000 248.000000 24.000000
487.000000 248.000000 21.000000
697.000000 248.000000 33.000000
704.000000 248.000000 34.000000
301.000000 249.000000 21.000000
409.000000 249.000000 24.000000
655.000000 249.000000 28.000000
751.000000 249.000000 31.000000
833.000000 249.000000 31.000000
271.000000 250.000000 21.000000
512.000000 250.000000 14.000000
559.000000 250.000000 14.000000
852.000000 250.000000 11.000000
237.000000 251.000000 21.000000
334.000000 251.000000 21.000000
211.000000 252.000000 17.000000
449.000000 252.000000 28.000000
536.000000 252.000000 16.000000
616.000000 252.000000 24.000000
794.000000 252.000000 27.000000
880.000000 252.000000 23.000000
939.000000 252.000000 17.000000
587.000000 253.000000 18.000000
135.000000 254.000000 34.000000
1055.000000 254.000000 24.000000
965.000000 255.000000 21.000000
1082.000000 255.000000 48.000000
175.000000 256.000000 28.000000
914.000000 256.000000 21.000000
1004.000000 256.000000 31.000000
164.000000 296.000000 11.000000
425.000000 302.000000 12.000000
362.000000 320.000000 7.000000
228.000000 321.000000 34.000000
388.000000 321.000000 5.000000
1029.000000 322.000000 10.000000
180.000000 323.000000 24.000000
272.000000 323.000000 27.000000
464.000000 323.000000 14.000000
804.000000 323.000000 21.000000
310.000000 324.000000 21.000000
494.000000 324.000000 21.000000
827.000000 324.000000 17.000000
344.000000 325.000000 24.000000
145.000000 326.000000 48.000000
371.000000 326.000000 7.000000
406.000000 326.000000 30.000000
444.000000 326.000000 31.000000
536.000000 327.000000 30.000000
586.000000 327.000000 28.000000
663.000000 327.000000 24.000000
1045.000000 327.000000 14.000000
624.000000 328.000000 24.000000
1068.000000 328.000000 36.000000
703.000000 329.000000 24.000000
856.000000 329.000000 23.000000
890.000000 329.000000 24.000000
927.000000 329.000000 24.000000
969.000000 329.000000 28.000000
1008.000000 329.000000 28.000000
1083.000000 329.000000 31.000000
739.000000 332.000000 21.000000
770.000000 332.000000 23.000000
785.000000 352.000000 12.000000
510.000000 353.000000 9.000000
332.000000 354.000000 25.000000
461.000000 355.000000 11.000000
495.000000 355.000000 10.000000
521.000000 355.000000 18.000000
478.000000 356.000000 11.000000
283.000000 359.000000 14.000000
299.000000 359.000000 11.000000
317.000000 360.000000 14.000000
133.000000 365.000000 11.000000
214.000000 377.000000 14.000000
581.000000 378.000000 12.000000
1000.000000 378.000000 17.000000
625.000000 382.000000 9.000000
642.000000 384.000000 23.000000
94.000000 392.000000 21.000000
82.000000 395.000000 31.000000
414.000000 396.000000 28.000000
63.000000 397.000000 14.000000
179.000000 399.000000 34.000000
28.000000 400.000000 26.000000
42.000000 400.000000 14.000000
555.000000 400.000000 28.000000
131.000000 401.000000 28.000000
170.000000 401.000000 28.000000
215.000000 402.000000 23.000000
457.000000 402.000000 28.000000
608.000000 402.000000 28.000000
366.000000 403.000000 31.000000
463.000000 403.000000 34.000000
499.000000 404.000000 34.000000
517.000000 404.000000 38.000000
250.000000 405.000000 24.000000
1031.000000 405.000000 21.000000
640.000000 406.000000 19.000000
671.000000 406.000000 21.000000
837.000000 406.000000 21.000000
886.000000 406.000000 11.000000
1000.000000 406.000000 21.000000
1069.000000 406.000000 50.000000
289.000000 407.000000 24.000000
720.000000 407.000000 38.000000
753.000000 407.000000 24.000000
810.000000 407.000000 11.000000
922.000000 407.000000 34.000000
704.000000 408.000000 34.000000
963.000000 408.000000 31.000000
326.000000 410.000000 24.000000
790.000000 410.000000 33.000000
868.000000 410.000000 17.000000
560.000000 437.000000 11.000000
572.000000 437.000000 11.000000
588.000000 439.000000 11.000000
623.000000 439.000000 11.000000
651.000000 439.000000 13.000000
605.000000 440.000000 11.000000
637.000000 440.000000 9.000000
588.000000 464.000000 11.000000
657.000000 464.000000 14.000000
571.000000 466.000000 14.000000
604.000000 466.000000 11.000000
635.000000 467.000000 20.000000
621.000000 468.000000 11.000000
602.000000 489.000000 16.000000
592.000000 490.000000 17.000000
569.000000 491.000000 19.000000
