44
46
46
46
46
46
46
46
46
46
46
46
46
46
46
46
46
46
46
46
46
46
46
46
46
46
46
46
46
46
46
46
46
46
46
46
46
46
46
46
46
46
46
46
46
46
46
46
46
47
46
46
47
46
46
46
46
43
43
46
43
43
46
46
43
43
48
48
48
48
48
48
48
45
45
45
45
45
45
45
45
45
45
45
45
45
45
45
45
45
45
45
45
45
50
35
35
35
35
35
35
35
35
35
35
35
35
35
35
35
35
35
35
35
35
35
35
35
35
35
35
35
35
35
35
35
36
36
36
36
36
36
36
42
42
42
42
42
42
42
42
42
36
42
36
42
42
36
36
42
42
36
36
36
36
42
42
42
42
42
42
42
42
36
36
42
42
36
49
35
35
35
35
35
35
35
35
35
35
35
35
35
35
35
35
35
35
35
35
35
35
35
35
35
35
35
35
35
41
34
34
34
34
34
34
34
34
34
37
37
37
37
34
35
35
34
34
34
34
35
35
34
34
35
35
34
35
35
35
35
35
35
35
35
35
35
35
35
35
35
35
35
35
35
35
35
35
39
34
34
34
34
34
34
34
34
34
34
38
38
38
38
38
38
38
38
38
38
38
38
38
38
38
38
38
38
38
38
34
34
34
34
34
34
34
34
34
34
35
35
35
35
35
35
35
35
35
35
35
35
35
35
35
35
35
35
35
35
35
35
35
35
35
34
34
34
34
34
34
34
34
34
34
34
34
34
34
34
40
40