19
19
19
19
19
19
18
18
18
18
18
23
18
23
22
22
22
22
22
22
22
22
22
22
22
22
22
22
22
22
22
22
20
20
22
22
22
22
20
20
20
20
20
20
20
20
20
20
20
20
20
20
20
20
20
20
20
20
20
20
20
20
20
20
20
20
21
21
20
21
21
21
21
21
21
21
21
21
21
21
21
21
21
21
21
21
21
20
20
21
21
20
20
20
20
20
20
20
20
20
20
33
33
33
33
33
33
33
33
33
33
33
33
33
33
33
33
33
33
33
33
33
33
33
33
33
33
33
33
33
33
24
24
24
24
24
24
25
25
25
24
24
24
25
24
25
25
25
25
25
25
25
37
32
32
32
32
32
32
32
32
32
32
32
32
32
32
32
32
32
32
32
32
32
32
32
32
32
32
32
32
32
32
32
32
32
32
30
32
32
32
28
29
28
17
17
17
17
17
17
38
33
33
33
33
33
33
33
33
33
33
33
33
33
33
33
33
33
33
33
33
17
17
33
33
17
33
17
17
17
33
33
33
17
33
33
33
33
33
33
33
33
17
31
17
17
17
33
33
33
33
33
33
33
33
33
33
33
33
33
33
33
33
33
33
33
33
33
33
33
33
33
33
33
33
33
33
33
33
33
33
33
33
33
36
36
36
36
36
36
36
36
36
36
36
36
36
36
36
36
36
36
36
36
36
36
34
34
34
34
36
36
36
34
34
34
34
34
36
34
34
34
36
36
34
34
34
34
34
34
34
34
34
34
36
36
36
36
36
36
36
36
36
36
36
36
36
36
36
36
36
36
36
36
36
36
35
35
35
35
35
35
35
35
35
35
35
35
35
35
35
35
35