1
1
1
1
0
0
0
0
1
1
1
0
1
1
0
0
1
1
1
1
1
1
2
1
1
1
1
1
1
3
3
1
1
1
1
1
3
0
3
3
3
1
4
5
5
6
5
6
6
6
5
6
6
6
6
6
6
6
6
6
5
5
5
5
5
6
6
6
6
6
6
6
6
5
6
6
6
6
6
5
6
6
6
6
6
6
6
6
7
8
8
8
7
7
8
7
7
9
9
9
8
8
7
7
7
8
7
7
9
8
8
8
8
9
9
9
9
8
9
9
9
10
10
10
10
11
11
11
11
11
11
11
11
11
11
11
12
11
11
11
12
12
12
12
11
12
11
12
12
11
12
11
11
11
11
11
11
13
13
13
13
13
15
15
15
15
15
15
15
15
15
15
15
15
15
15
14
14
15
15
15
15
16
17
18
18
18
15
15
15
15
15
15
15
15
15
15
15
19
19
19
19
19
19
19
19
19
19
19
19
19
19
19
19
19
19
19
19
19
19
19
19
19
19
19
19
19
19
19
20
20
20
20
20
20
20
21
21
21
21
21
21
21
21
22
22
22
22
22
23
22
24
25
25
26
26
26
27
27
27
27
27
27
28
27
28
28
28
28
28
28
28
28
28
28
28
28
28
28
28
28
28
28
28
28
28
28
28
28
28
28
28
28
28
28
28
28
28
29
29
29
29
29
29
29
30
30
30
30
30
30
31
32
30
30
30
35
33
30
35
34
35
35
35
36
36
36
36
36
36
36
36
36
36
36
36
36
36
36
36
36
36
36
36
36
36
36
36
36
36
37
39
38
39
39
39
39
39
39
39
39
42
39
41
42
40
42
42
41
42
42
43
43
42
44
43
43
44
44
43
43
45
42
45
46
42
44
42
46
46
46
46
46
46
47
48
47
48
47
48
48
48
47
47
48
48
48
47
47
47
48
48
48
48
48
48
48
48
48
48
48
48
48
48
48
48
48
48
48
48
48
48
49
49
49
49
49
49
50
49
49
51
51
51
51
51
52
52
52
52
52
52
52
52
52
52
52
52
52
54
54
53
53
53
54
53
53
54
54
54
54
57
56
56
56
56
56
56
56
55
57
56
56
56
56
56
56
56
56
57
56
58
58
58
57
58
59
59
60
60
60
60
59
60
60
61
61
61
61
61
61
61
61
61
61
61
61
61
61
61
61
61
61
61
61
61
61
61
61
61
61
61
61
61
61
61
61
64
62
62
64
63
62
64
64
64
62
64
65
65
65
65
65
65
65
65
65
65
66
65
65
66
66
66
66
66
66
66
66
66
66
67
68
67
67
67
67
68
67
67
68
68
68
69
69
69
69
69
70
69
69
69
69
70
70
70
70
70
70
70
69
69
70
70
70
69
69
69
71
71
71
72
72
72
71
72
72
71
71
71
71
71
71
72
72
72
72