90.000000 63.000000 24.000000
61.000000 67.000000 21.000000
69.000000 97.000000 20.000000
92.000000 97.000000 15.000000
336.000000 143.000000 14.000000
358.000000 143.000000 14.000000
381.000000 143.000000 14.000000
401.000000 144.000000 17.000000
287.000000 146.000000 24.000000
315.000000 146.000000 14.000000
952.000000 150.000000 33.000000
970.000000 152.000000 34.000000
310.000000 197.000000 24.000000
343.000000 200.000000 31.000000
478.000000 200.000000 26.000000
569.000000 200.000000 17.000000
623.000000 200.000000 38.000000
636.000000 200.000000 28.000000
365.000000 201.000000 10.000000
406.000000 201.000000 17.000000
509.000000 201.000000 21.000000
276.000000 202.000000 45.000000
438.000000 202.000000 24.000000
542.000000 202.000000 23.000000
594.000000 202.000000 17.000000
675.000000 203.000000 28.000000
708.000000 203.000000 28.000000
944.000000 203.000000 45.000000
970.000000 203.000000 34.000000
384.000000 204.000000 16.000000
744.000000 204.000000 34.000000
764.000000 206.000000 11.000000
858.000000 206.000000 19.000000
909.000000 206.000000 17.000000
813.000000 207.000000 17.000000
929.000000 207.000000 34.000000
784.000000 208.000000 45.000000
834.000000 208.000000 14.000000
888.000000 208.000000 17.000000
513.000000 262.000000 11.000000
558.000000 262.000000 21.000000
529.000000 264.000000 28.000000
412.000000 265.000000 21.000000
277.000000 266.000000 39.000000
442.000000 266.000000 17.000000
493.000000 266.000000 34.000000
593.000000 266.000000 24.000000
653.000000 266.000000 17.000000
558.000000 267.000000 21.000000
325.000000 268.000000 31.000000
357.000000 268.000000 21.000000
383.000000 268.000000 17.000000
464.000000 268.000000 21.000000
310.000000 269.000000 34.000000
679.000000 269.000000 21.000000
957.000000 269.000000 44.000000
624.000000 270.000000 21.000000
711.000000 270.000000 31.000000
730.000000 271.000000 11.000000
984.000000 272.000000 45.000000
745.000000 273.000000 26.000000
775.000000 273.000000 28.000000
924.000000 275.000000 21.000000
889.000000 276.000000 41.000000
862.000000 277.000000 21.000000
826.000000 279.000000 28.000000
832.000000 282.000000 39.000000
644.000000 297.000000 9.000000
620.000000 299.000000 11.000000
632.000000 299.000000 7.000000
809.000000 303.000000 5.000000
369.000000 323.000000 17.000000
394.000000 324.000000 17.000000
420.000000 324.000000 21.000000
452.000000 325.000000 21.000000
507.000000 325.000000 21.000000
577.000000 325.000000 33.000000
984.000000 325.000000 26.000000
350.000000 326.000000 14.000000
539.000000 326.000000 28.000000
625.000000 326.000000 20.000000
656.000000 326.000000 26.000000
271.000000 327.000000 24.000000
477.000000 327.000000 17.000000
595.000000 327.000000 36.000000
951.000000 327.000000 21.000000
297.000000 328.000000 21.000000
673.000000 328.000000 17.000000
816.000000 328.000000 14.000000
700.000000 329.000000 24.000000
732.000000 329.000000 21.000000
758.000000 329.000000 17.000000
777.000000 329.000000 31.000000
798.000000 329.000000 31.000000
863.000000 329.000000 26.000000
884.000000 329.000000 11.000000
927.000000 331.000000 17.000000
328.000000 332.000000 17.000000
831.000000 332.000000 17.000000
903.000000 334.000000 14.000000
453.000000 352.000000 12.000000
299.000000 355.000000 7.000000
289.000000 356.000000 7.000000
328.000000 358.000000 13.000000
273.000000 359.000000 11.000000
474.000000 359.000000 6.000000
244.000000 361.000000 11.000000
257.000000 361.000000 11.000000
934.000000 377.000000 21.000000
1003.000000 377.000000 11.000000
421.000000 378.000000 21.000000
545.000000 378.000000 21.000000
960.000000 378.000000 14.000000
630.000000 379.000000 21.000000
845.000000 379.000000 14.000000
907.000000 379.000000 11.000000
977.000000 379.000000 37.000000
592.000000 380.000000 24.000000
830.000000 380.000000 38.000000
945.000000 380.000000 7.000000
366.000000 381.000000 34.000000
391.000000 381.000000 21.000000
804.000000 381.000000 21.000000
888.000000 381.000000 34.000000
516.000000 382.000000 21.000000
704.000000 382.000000 31.000000
781.000000 382.000000 38.000000
456.000000 383.000000 24.000000
565.000000 383.000000 11.000000
691.000000 383.000000 28.000000
735.000000 383.000000 38.000000
864.000000 383.000000 45.000000
988.000000 383.000000 7.000000
1025.000000 383.000000 34.000000
486.000000 384.000000 17.000000
760.000000 384.000000 41.000000
329.000000 385.000000 24.000000
660.000000 387.000000 21.000000
306.000000 388.000000 14.000000
287.000000 391.000000 28.000000
265.000000 392.000000 24.000000
646.000000 404.000000 12.000000
575.000000 409.000000 22.000000
136.000000 424.000000 17.000000
156.000000 424.000000 14.000000
62.000000 425.000000 21.000000
113.000000 425.000000 17.000000
176.000000 425.000000 24.000000
190.000000 426.000000 21.000000
243.000000 426.000000 17.000000
90.000000 427.000000 17.000000
106.000000 427.000000 21.000000
215.000000 427.000000 17.000000
266.000000 428.000000 16.000000
290.000000 429.000000 14.000000
309.000000 429.000000 17.000000
366.000000 429.000000 14.000000
387.000000 429.000000 14.000000
337.000000 430.000000 17.000000
404.000000 430.000000 11.000000
423.000000 430.000000 14.000000
455.000000 430.000000 24.000000
473.000000 430.000000 23.000000
352.000000 431.000000 7.000000
441.000000 431.000000 17.000000
963.000000 439.000000 31.000000
981.000000 439.000000 33.000000
56.000000 451.000000 16.000000
79.000000 453.000000 14.000000
93.000000 453.000000 11.000000
112.000000 453.000000 14.000000
152.000000 455.000000 14.000000
134.000000 456.000000 14.000000
178.000000 456.000000 16.000000
241.000000 457.000000 21.000000
258.000000 457.000000 14.000000
232.000000 459.000000 17.000000
298.000000 459.000000 17.000000
312.000000 459.000000 11.000000
201.000000 460.000000 19.000000
213.000000 460.000000 21.000000
278.000000 460.000000 17.000000
451.000000 460.000000 21.000000
411.000000 461.000000 21.000000
328.000000 463.000000 21.000000
350.000000 463.000000 17.000000
393.000000 463.000000 14.000000
428.000000 463.000000 21.000000
436.000000 463.000000 21.000000
375.000000 464.000000 14.000000
57.000000 483.000000 21.000000
80.000000 485.000000 21.000000
105.000000 486.000000 21.000000
119.000000 486.000000 19.000000
94.000000 487.000000 21.000000
145.000000 487.000000 21.000000
186.000000 488.000000 17.000000
160.000000 489.000000 21.000000
206.000000 490.000000 14.000000
234.000000 493.000000 19.000000
281.000000 494.000000 16.000000
306.000000 494.000000 17.000000
373.000000 495.000000 14.000000
334.000000 496.000000 17.000000
259.000000 497.000000 17.000000
359.000000 497.000000 24.000000
412.000000 498.000000 14.000000
393.000000 499.000000 14.000000
449.000000 499.000000 17.000000
432.000000 500.000000 14.000000
472.000000 501.000000 31.000000
