155
155
155
155
155
155
155
157
155
157
157
157
157
153
153
153
153
153
153
155
156
155
155
155
155
155
155
155
154
154
154
161
161
161
158
162
162
160
159
152
152
152
152
149
149
149
149
149
149
149
149
149
149
149
149
149
149
149
149
149
149
149
149
149
149
149
152
149
149
149
149
152
152
152
152
149
149
166
165
164
167
163
149
149
149
149
149
149
149
149
149
149
149
149
149
149
149
149
149
149
149
149
149
149
149
149
149
149
149
149
149
149
168
169
149
149
149
149
149
149
149
149
149
149
149
149
149
149
149
149
149
149
149
149
149
149
149
149
149
149
149
149
149
149
149
175
173
178
173
173
173
173
178
178
178
172
171
174
176
174
174
151
151
149
151
149
151
151
149
149
149
149
149
149
149
149
149
149
149
149
149
149
149
149
149
149
149
149
149
149
149
149
149
149
149
149
150
150
150
150
150
150
150
150
150
150
150
150
150
150
150
150