0
0
0
0
1
1
1
1
1
1
1
1
1
1
1
1
1
1
1
1
1
1
1
1
1
1
2
1
1
2
2
2
3
1
1
1
2
2
2
3
1
1
1
2
2
2
2
2
3
3
3
3
3
1
2
2
2
3
3
3
3
3
3
3
3
3
3
3
3
2
3
3
3
2
4
4
5
6
6
5
5
5
5
5
5
6
4
4
4
5
5
5
5
5
6
6
5
6
6
6
6
5
5
6
4
6
6
6
6
6
6
6
6
6
8
9
8
8
7
8
7
7
7
7
7
8
8
9
9
7
7
7
8
9
7
7
7
7
8
8
8
7
7
9
9
8
8
9
8
9
8
8
8
9
8
9
9
8
9
9
9
9
9
9
9
9
11
11
9
9
11
11
10
10
11
11
10
9
9
11
9
9
11
11
9
9
11
9
12
11
14
12
13
13
14
9
13
13
14
14
13
13
14
14
14
15
14
15
15
15
15
15
15
15
16
17
17
17
17
17
18
17
17
17
17
17
18
18
18
17
18
18
18
18
18
18
18
18
18
18
18
18
18
18
18
18
18
18
18
18
18
19
18
19
19
19
19
18
19
19
19
19
19
19
19
19
22
22
21
20
20
22
22
21
22
22
22
23
22
21
23
23
23
23
23
22
23
23
23
23
23
22
22
22
24
24
25
25
25
25
25
25
26
25
25
25
26
26
26
26
26
26
26
26
26
26
26
26
26
26
26
26
26
26
26
26
26
26
26
26
26
26
26
27
27
27
27
27
27
27
27
27
28
28
28
28
30
28
28
28
28
28
29
30
30
30
30
30
30
30
30
30
30
30
31
32
32
32
32
32
33
32
33
32
32
32
33
32
33
33
33
33
33
33
33
33
33
33
33
33
33
33
33
33
33
33
33
33
33
33
33
33
33
33
33
34
34
35
35
35
35
35
35
35
35
35
35
35
35
35
35
35
35
35
35
35
35
35
35
35
35
35
35
35
36
36
36
36
36
36
36
36
36
36
36
36
36
36
36
36
36
36
36
36
36
36
36
36
36
36
36
36
36
37
37
37
37
37
37
37
37
37
37
37
37
37
37
37
37
37
37
37
37
37
37
37
37
37
38
38
38
38
38
38
38
38
38
38
38
38
38
38
38
38
38
38
38
38
38
38
38
38
38
39
39
39
39
39
39
39
39
39
39
39
39
39
39