0
0
3
1
1
1
2
1
1
2
2
1
4
3
3
5
5
5
5
6
6
6
6
6
6
7
7
7
7
7
7
7
7
7
7
7
7
7
7
7
7
7
7
7
7
7
7
8
8
8
8
9
9
9
9
9
9
9
9
9
9
9
9
9
9
9
9
9
9
9
9
9
9
9
9
10
9
9
10
11
11
11
11
11
11
11
11
11
11
11
11
10
11
11
11
11
11
11
11
11
12
12
12
12
12
12
12
12
12
12
12
12
12
12
12
12
12
12
12
12
12
12
12
12
12
12
12
12
13
12
12
13
14
14
14
15
15
15
15
15
15
15
15
15
15
15
15
15
15
16
16
16
16
16
16
16
16
16
16
16
16
16
16
16
16
16
16
16
16
16
16
17
17
17
17
17
17
17
17
17
18
18
18
18
18
18
18
18
18
18
18
18
18
18
18
18
18
18
18
18
18
19
19
18
19
19
19
19
19
19
19
19
19
18
18
18
18
19
18
19
18
20
20
20
20
20
20
20
20
20
20
20
20
20
21
20
20
20
20
22
23
23
24
25
25
25
25
25
25
25
25
24
25
25
25
27
27
27
27
27
27
27
27
27
27
27
27
27
27
27
27
27
26
27
27
27
27
27
27
27
27
27
27
27
27
28
28
28
28
28
28
28
28
28
28
28
32
29
29
29
29
30
31
31
31
31
32
32
31
32
32
31
31
31
32
32
32
32
32
31
32
32
32
32
32
32
31
32
32
31
32
32
32
32
32
32
32
32
32
32
32
32
32
32
32
33
33
33
33
33
33
33
33
33
33
33
33
33
34
33
33
35
35
35
35
35
35
35
35
35
35
35
35
35
35
35
35
35
35
35
35
35
35
35
35
35
35
35
35
35
35
35
35
36
36
36
36
36
36
36
36
36
36
36
36
36
36
36
36
36
37
37
37
37
37
37
37
37
37