75.000000 34.000000 9.000000
92.000000 44.000000 6.000000
76.000000 45.000000 17.000000
56.000000 48.000000 14.000000
65.000000 48.000000 6.000000
84.000000 50.000000 15.000000
75.000000 65.000000 11.000000
63.000000 67.000000 10.000000
345.000000 133.000000 14.000000
325.000000 134.000000 13.000000
363.000000 134.000000 30.000000
306.000000 135.000000 13.000000
288.000000 138.000000 11.000000
264.000000 139.000000 21.000000
972.000000 154.000000 32.000000
992.000000 155.000000 34.000000
766.000000 167.000000 17.000000
483.000000 168.000000 17.000000
742.000000 168.000000 14.000000
705.000000 170.000000 21.000000
433.000000 174.000000 11.000000
449.000000 174.000000 13.000000
680.000000 174.000000 8.000000
466.000000 175.000000 12.000000
349.000000 199.000000 21.000000
944.000000 199.000000 31.000000
288.000000 200.000000 24.000000
319.000000 200.000000 17.000000
373.000000 201.000000 17.000000
401.000000 201.000000 24.000000
253.000000 202.000000 28.000000
773.000000 202.000000 31.000000
791.000000 203.000000 40.000000
463.000000 204.000000 21.000000
435.000000 205.000000 20.000000
494.000000 205.000000 24.000000
703.000000 205.000000 21.000000
988.000000 205.000000 32.000000
582.000000 206.000000 27.000000
615.000000 206.000000 21.000000
737.000000 206.000000 26.000000
926.000000 206.000000 14.000000
519.000000 207.000000 17.000000
545.000000 207.000000 21.000000
816.000000 207.000000 21.000000
904.000000 207.000000 14.000000
641.000000 208.000000 21.000000
672.000000 208.000000 21.000000
881.000000 209.000000 21.000000
847.000000 211.000000 21.000000
255.000000 260.000000 36.000000
281.000000 262.000000 14.000000
899.000000 263.000000 40.000000
314.000000 264.000000 24.000000
347.000000 264.000000 23.000000
922.000000 264.000000 24.000000
379.000000 265.000000 21.000000
952.000000 265.000000 17.000000
1009.000000 265.000000 28.000000
433.000000 266.000000 21.000000
463.000000 266.000000 21.000000
493.000000 266.000000 24.000000
525.000000 266.000000 21.000000
402.000000 267.000000 21.000000
558.000000 267.000000 28.000000
601.000000 267.000000 28.000000
637.000000 267.000000 34.000000
788.000000 267.000000 38.000000
807.000000 267.000000 34.000000
842.000000 267.000000 24.000000
975.000000 267.000000 21.000000
870.000000 269.000000 24.000000
662.000000 270.000000 41.000000
729.000000 270.000000 30.000000
770.000000 270.000000 31.000000
752.000000 271.000000 34.000000
760.000000 271.000000 38.000000
694.000000 272.000000 17.000000
713.000000 272.000000 31.000000
963.000000 291.000000 3.000000
387.000000 311.000000 11.000000
335.000000 320.000000 31.000000
373.000000 320.000000 11.000000
289.000000 321.000000 28.000000
860.000000 321.000000 38.000000
900.000000 321.000000 17.000000
253.000000 323.000000 28.000000
327.000000 323.000000 24.000000
357.000000 323.000000 14.000000
412.000000 326.000000 21.000000
832.000000 327.000000 28.000000
877.000000 327.000000 36.000000
922.000000 328.000000 41.000000
953.000000 328.000000 43.000000
469.000000 329.000000 14.000000
481.000000 329.000000 41.000000
534.000000 329.000000 21.000000
899.000000 329.000000 17.000000
985.000000 329.000000 45.000000
1006.000000 329.000000 41.000000
448.000000 330.000000 28.000000
793.000000 330.000000 24.000000
588.000000 331.000000 24.000000
735.000000 331.000000 21.000000
506.000000 332.000000 17.000000
615.000000 332.000000 24.000000
645.000000 332.000000 17.000000
669.000000 332.000000 17.000000
559.000000 333.000000 17.000000
784.000000 333.000000 33.000000
707.000000 334.000000 31.000000
759.000000 334.000000 38.000000
689.000000 336.000000 14.000000
238.000000 344.000000 15.000000
326.000000 382.000000 24.000000
260.000000 384.000000 48.000000
292.000000 384.000000 21.000000
367.000000 384.000000 28.000000
792.000000 387.000000 31.000000
751.000000 388.000000 35.000000
417.000000 389.000000 31.000000
662.000000 389.000000 14.000000
451.000000 390.000000 31.000000
729.000000 391.000000 17.000000
1000.000000 391.000000 38.000000
489.000000 392.000000 14.000000
877.000000 392.000000 24.000000
907.000000 392.000000 24.000000
939.000000 392.000000 24.000000
975.000000 392.000000 50.000000
470.000000 393.000000 14.000000
679.000000 393.000000 11.000000
840.000000 393.000000 31.000000
623.000000 394.000000 34.000000
584.000000 395.000000 24.000000
511.000000 396.000000 34.000000
553.000000 396.000000 28.000000
646.000000 398.000000 11.000000
701.000000 400.000000 21.000000
675.000000 403.000000 43.000000
840.000000 424.000000 20.000000
