0.455200 0.158400 0.017600
0.592000 0.158400 0.011200
0.392800 0.159200 0.008800
0.430400 0.159200 0.010400
0.447200 0.159200 0.013600
0.464000 0.159200 0.012800
0.468800 0.159200 0.008800
0.541600 0.159200 0.011200
0.577600 0.159200 0.012800
0.585600 0.159200 0.005600
0.596800 0.159200 0.005600
0.383200 0.160000 0.008800
0.403200 0.160000 0.008000
0.414400 0.160000 0.008800
0.504800 0.160000 0.015200
0.511200 0.160000 0.009600
0.516000 0.160000 0.011200
0.523200 0.160000 0.015200
0.561600 0.160000 0.013600
0.568000 0.160000 0.004000
0.604800 0.160000 0.005600
0.494400 0.160800 0.008800
0.499200 0.160800 0.003200
0.528800 0.160800 0.003200
0.533600 0.160800 0.008800
0.485600 0.161600 0.011200
0.427200 0.180000 0.011200
0.462400 0.180000 0.011200
0.421600 0.180800 0.013600
0.490400 0.180800 0.005600
0.497600 0.180800 0.005600
0.539200 0.180800 0.016800
0.545600 0.180800 0.013600
0.554400 0.180800 0.013600
0.443200 0.181600 0.009600
0.481600 0.181600 0.011200
0.505600 0.181600 0.013600
0.528800 0.181600 0.008000
0.560000 0.181600 0.012000
0.511200 0.182400 0.009600
0.566400 0.182400 0.009600
0.572000 0.209600 0.011200
0.407200 0.210400 0.011200
0.437600 0.210400 0.011200
0.584000 0.210400 0.008800
0.423200 0.211200 0.008800
0.452800 0.211200 0.011200
0.593600 0.211200 0.016000
0.602400 0.211200 0.015200
0.353600 0.213600 0.008800
0.360000 0.213600 0.003200
0.364800 0.213600 0.003200
0.374400 0.213600 0.008000
0.527200 0.213600 0.012000
0.535200 0.213600 0.005600
0.542400 0.214400 0.011200
0.512000 0.220000 0.007200
0.512000 0.233600 0.005600
0.537600 0.233600 0.012000
0.503200 0.234400 0.005600
0.521600 0.234400 0.007200
0.444000 0.235200 0.012800
0.460800 0.235200 0.010400
0.476000 0.235200 0.013600
0.486400 0.235200 0.005600
0.495200 0.235200 0.012800
0.353600 0.240000 0.008800
0.359200 0.240000 0.013600
0.365600 0.240000 0.008800
0.380800 0.240000 0.010400
0.388000 0.240000 0.005600
0.394400 0.240000 0.009600
0.499200 0.256000 0.012800
0.505600 0.256000 0.016800
0.483200 0.257600 0.011200
0.446400 0.258400 0.013600
0.518400 0.258400 0.016800
0.466400 0.259200 0.015200
0.528800 0.259200 0.005600
0.455200 0.260000 0.005600
0.395200 0.264800 0.012800
0.353600 0.265600 0.011200
0.361600 0.265600 0.005600
0.377600 0.265600 0.005600
0.369600 0.266400 0.005600
0.387200 0.266400 0.007200
0.622400 0.277600 0.005600
0.557600 0.278400 0.008800
0.571200 0.278400 0.008000
0.611200 0.278400 0.008000
0.631200 0.278400 0.013600
0.592000 0.282400 0.012800
0.572800 0.290400 0.008800
0.354400 0.292000 0.006400
0.362400 0.292000 0.003200
0.369600 0.292000 0.010400
0.520000 0.292000 0.016000
0.561600 0.292000 0.008800
0.621600 0.292000 0.008800
0.528800 0.292800 0.015200
0.539200 0.292800 0.015200
0.547200 0.292800 0.008800
0.611200 0.292800 0.008800
0.460800 0.313600 0.016800
0.423200 0.314400 0.011200
0.440800 0.314400 0.011200
0.409600 0.316000 0.008800
0.352800 0.316800 0.011200
0.369600 0.316800 0.011200
0.360800 0.317600 0.003200
0.394400 0.317600 0.020800
0.537600 0.318400 0.011200
0.520000 0.319200 0.011200
0.525600 0.319200 0.016800
0.545600 0.319200 0.013600
0.551200 0.319200 0.008800
0.555200 0.319200 0.013600
0.562400 0.319200 0.014400
