0
0
0
0
0
0
0
0
0
0
0
0
0
0
0
0
0
0
0
0
0
0
0
0
0
0
0
0
1
2
2
2
2
2
2
12
12
13
4
4
4
4
4
4
4
4
4
4
4
4
4
4
4
4
4
4
4
4
4
4
4
4
4
4
4
4
4
4
19
4
4
4
4
4
4
4
4
4
4
4
4
4
4
4
4
4
4
4
4
4
4
4
4
4
4
4
4
4
4
11
11
11
11
11
14
11
14
14
14
14
14
14
14
14
14
14
14
9
9
9
9
3
3
3
3
3
3
3
8
4
4
4
8
8
8
4
4
8
8
8
4
4
4
8
4
4
4
4
4
4
4
4
4
4
4
4
4
4
4
4
4
4
3
3
3
3
3
3
3
8
8
8
8
8
8
3
8
3
3
8
8
8
8
3
3
16
3
3
16
3
3
3
16
16
3
16
16
3
8
8
8
8
8
3
8
8
8
18
3
3
3
3
3
3
3
8
8
8
8
8
3
8
8
8
4
4
4
4
4
4
4
4
4
4
4
4
4
4
4
4
4
4
4
4
4
4
4
4
4
4
4
4
4
4
4
4
4
8
4
8
8
8
8
8
8
8
8
6
6
6
8
6
6
6
6
5
6
6
8
5
5
5
6
6
8
8
5
6
6
6
8
20
5
5
5
6
6
6
6
6
20
20
20
20
5
5
20
20
5
5
5
20
20
20
20
20
20
20
8
8
8
8
8
8
6
6
6
6
8
8
6
6
6
6
6
8
6
6
6
5
5
6
6
6
5
5
5
5
5
6
6
6
6
5
5
5
5
5
5
5
8
8
8
8
8
8
8
8
8
8
8
6
6
6
6
6
6
6
6
6
6
6
6
6
5
6
6
5
5
5
5
6
5
5
5
5
5
5
5
5
5
6
6
6
6
5
5
5
6
6
6
5
5
6
6
6
5
5
5
5
5
5
5
5
5
7
7
7
7
7
7
7
7
7
7
7
7
7
7
7
7
7
7
7
7
7
7
7
7