740.000000 47.000000 8.000000
754.000000 49.000000 12.000000
777.000000 49.000000 14.000000
812.000000 50.000000 11.000000
855.000000 50.000000 7.000000
839.000000 51.000000 11.000000
894.000000 51.000000 9.000000
798.000000 52.000000 11.000000
823.000000 52.000000 11.000000
904.000000 52.000000 16.000000
1053.000000 52.000000 13.000000
1073.000000 52.000000 11.000000
1100.000000 52.000000 11.000000
1133.000000 52.000000 7.000000
1172.000000 52.000000 11.000000
866.000000 53.000000 9.000000
993.000000 53.000000 14.000000
1122.000000 53.000000 7.000000
1183.000000 53.000000 11.000000
1195.000000 53.000000 9.000000
1208.000000 53.000000 11.000000
880.000000 54.000000 9.000000
923.000000 54.000000 11.000000
974.000000 54.000000 12.000000
1017.000000 54.000000 12.000000
1035.000000 54.000000 11.000000
1089.000000 54.000000 11.000000
1114.000000 54.000000 14.000000
1143.000000 54.000000 14.000000
1158.000000 54.000000 9.000000
942.000000 55.000000 11.000000
957.000000 55.000000 10.000000
759.000000 71.000000 12.000000
778.000000 71.000000 11.000000
820.000000 72.000000 11.000000
837.000000 72.000000 10.000000
854.000000 72.000000 11.000000
1206.000000 72.000000 11.000000
874.000000 73.000000 11.000000
1008.000000 73.000000 10.000000
1157.000000 73.000000 7.000000
1174.000000 73.000000 12.000000
1193.000000 73.000000 9.000000
890.000000 74.000000 10.000000
907.000000 74.000000 11.000000
922.000000 74.000000 9.000000
933.000000 74.000000 7.000000
990.000000 74.000000 11.000000
1135.000000 74.000000 10.000000
796.000000 75.000000 14.000000
1069.000000 75.000000 11.000000
1085.000000 75.000000 11.000000
1102.000000 75.000000 11.000000
1120.000000 75.000000 11.000000
1148.000000 75.000000 6.000000
946.000000 76.000000 10.000000
973.000000 76.000000 11.000000
1027.000000 76.000000 11.000000
1040.000000 76.000000 7.000000
1052.000000 76.000000 11.000000
960.000000 77.000000 9.000000
753.000000 93.000000 16.000000
762.000000 93.000000 17.000000
867.000000 93.000000 11.000000
777.000000 94.000000 11.000000
846.000000 94.000000 13.000000
884.000000 94.000000 12.000000
902.000000 94.000000 8.000000
913.000000 95.000000 10.000000
825.000000 96.000000 14.000000
935.000000 97.000000 13.000000
955.000000 97.000000 10.000000
1005.000000 97.000000 11.000000
801.000000 98.000000 14.000000
989.000000 98.000000 12.000000
970.000000 100.000000 11.000000
471.000000 103.000000 17.000000
401.000000 104.000000 11.000000
416.000000 104.000000 11.000000
452.000000 104.000000 14.000000
494.000000 104.000000 17.000000
367.000000 105.000000 14.000000
432.000000 105.000000 14.000000
525.000000 105.000000 23.000000
385.000000 106.000000 11.000000
298.000000 107.000000 7.000000
316.000000 107.000000 17.000000
342.000000 107.000000 17.000000
1061.000000 119.000000 26.000000
1048.000000 120.000000 26.000000
237.000000 123.000000 14.000000
256.000000 124.000000 14.000000
275.000000 124.000000 12.000000
195.000000 125.000000 20.000000
218.000000 125.000000 11.000000
292.000000 125.000000 17.000000
832.000000 130.000000 17.000000
843.000000 130.000000 9.000000
794.000000 131.000000 14.000000
769.000000 132.000000 21.000000
822.000000 132.000000 6.000000
812.000000 133.000000 17.000000
736.000000 135.000000 9.000000
753.000000 136.000000 14.000000
722.000000 152.000000 9.000000
182.000000 153.000000 11.000000
734.000000 153.000000 9.000000
1071.000000 166.000000 31.000000
1036.000000 170.000000 24.000000
707.000000 174.000000 23.000000
665.000000 175.000000 24.000000
833.000000 175.000000 31.000000
744.000000 176.000000 21.000000
782.000000 176.000000 20.000000
893.000000 177.000000 20.000000
191.000000 178.000000 41.000000
219.000000 178.000000 21.000000
646.000000 178.000000 28.000000
678.000000 178.000000 9.000000
866.000000 178.000000 21.000000
274.000000 179.000000 21.000000
927.000000 179.000000 24.000000
1000.000000 179.000000 26.000000
299.000000 180.000000 38.000000
395.000000 180.000000 28.000000
609.000000 180.000000 21.000000
962.000000 180.000000 24.000000
248.000000 181.000000 21.000000
431.000000 182.000000 21.000000
574.000000 182.000000 24.000000
335.000000 183.000000 17.000000
359.000000 183.000000 21.000000
505.000000 183.000000 24.000000
540.000000 183.000000 21.000000
318.000000 184.000000 11.000000
465.000000 186.000000 26.000000
759.000000 202.000000 11.000000
793.000000 202.000000 16.000000
713.000000 203.000000 9.000000
726.000000 203.000000 10.000000
669.000000 204.000000 8.000000
680.000000 204.000000 7.000000
689.000000 204.000000 6.000000
743.000000 204.000000 10.000000
780.000000 204.000000 12.000000
698.000000 205.000000 13.000000
952.000000 212.000000 10.000000
805.000000 218.000000 12.000000
813.000000 218.000000 12.000000
509.000000 221.000000 10.000000
775.000000 223.000000 8.000000
1072.000000 237.000000 47.000000
862.000000 238.000000 17.000000
1086.000000 238.000000 36.000000
1040.000000 239.000000 21.000000
290.000000 241.000000 31.000000
832.000000 241.000000 21.000000
882.000000 241.000000 11.000000
670.000000 242.000000 21.000000
757.000000 242.000000 28.000000
927.000000 242.000000 14.000000
604.000000 243.000000 21.000000
700.000000 243.000000 21.000000
737.000000 243.000000 28.000000
956.000000 243.000000 24.000000
405.000000 244.000000 45.000000
798.000000 244.000000 21.000000
1001.000000 244.000000 28.000000
384.000000 245.000000 14.000000
416.000000 245.000000 34.000000
632.000000 245.000000 21.000000
776.000000 245.000000 14.000000
905.000000 245.000000 14.000000
325.000000 246.000000 21.000000
571.000000 246.000000 21.000000
350.000000 247.000000 11.000000
493.000000 248.000000 26.000000
247.000000 249.000000 31.000000
364.000000 249.000000 10.000000
194.000000 250.000000 31.000000
438.000000 250.000000 17.000000
461.000000 250.000000 17.000000
538.000000 250.000000 21.000000
227.000000 251.000000 39.000000
815.000000 267.000000 10.000000
205.000000 270.000000 4.000000
210.000000 270.000000 8.000000
1036.000000 270.000000 11.000000
174.000000 271.000000 11.000000
1010.000000 271.000000 9.000000
1024.000000 271.000000 9.000000
740.000000 278.000000 7.000000
748.000000 278.000000 14.000000
755.000000 278.000000 12.000000
184.000000 279.000000 8.000000
709.000000 280.000000 10.000000
724.000000 280.000000 11.000000
230.000000 281.000000 6.000000
694.000000 281.000000 13.000000
199.000000 283.000000 14.000000
209.000000 283.000000 5.000000
217.000000 283.000000 4.000000
223.000000 283.000000 4.000000
648.000000 291.000000 12.000000
506.000000 295.000000 13.000000
1200.000000 295.000000 16.000000
1139.000000 296.000000 12.000000
1159.000000 296.000000 12.000000
1190.000000 296.000000 19.000000
522.000000 297.000000 24.000000
1116.000000 297.000000 14.000000
1178.000000 297.000000 11.000000
769.000000 308.000000 41.000000
844.000000 309.000000 11.000000
867.000000 310.000000 21.000000
952.000000 311.000000 17.000000
1028.000000 311.000000 31.000000
1049.000000 311.000000 40.000000
787.000000 312.000000 34.000000
821.000000 312.000000 21.000000
889.000000 312.000000 28.000000
926.000000 312.000000 38.000000
1077.000000 312.000000 21.000000
734.000000 313.000000 25.000000
977.000000 313.000000 17.000000
156.000000 314.000000 7.000000
1004.000000 314.000000 21.000000
144.000000 315.000000 14.000000
695.000000 315.000000 24.000000
222.000000 316.000000 27.000000
297.000000 316.000000 21.000000
613.000000 316.000000 34.000000
1162.000000 316.000000 10.000000
39.000000 317.000000 20.000000
85.000000 317.000000 13.000000
105.000000 317.000000 11.000000
264.000000 317.000000 28.000000
324.000000 317.000000 41.000000
605.000000 317.000000 29.000000
654.000000 317.000000 28.000000
52.000000 318.000000 9.000000
123.000000 318.000000 11.000000
66.000000 319.000000 11.000000
485.000000 319.000000 23.000000
561.000000 319.000000 24.000000
1206.000000 319.000000 17.000000
366.000000 320.000000 23.000000
1177.000000 320.000000 11.000000
1194.000000 321.000000 14.000000
1133.000000 322.000000 7.000000
1146.000000 322.000000 11.000000
396.000000 323.000000 14.000000
1117.000000 323.000000 11.000000
1123.000000 323.000000 16.000000
186.000000 325.000000 29.000000
412.000000 326.000000 14.000000
457.000000 326.000000 14.000000
524.000000 326.000000 27.000000
436.000000 328.000000 33.000000
155.000000 339.000000 9.000000
1083.000000 339.000000 12.000000
141.000000 340.000000 10.000000
1074.000000 340.000000 14.000000
126.000000 341.000000 9.000000
31.000000 342.000000 8.000000
44.000000 343.000000 11.000000
60.000000 343.000000 12.000000
1210.000000 343.000000 14.000000
112.000000 344.000000 11.000000
167.000000 344.000000 18.000000
1136.000000 345.000000 13.000000
1193.000000 345.000000 11.000000
79.000000 346.000000 11.000000
95.000000 346.000000 11.000000
372.000000 346.000000 11.000000
1119.000000 346.000000 15.000000
1129.000000 346.000000 16.000000
1180.000000 346.000000 11.000000
1161.000000 347.000000 14.000000
1168.000000 347.000000 14.000000
360.000000 348.000000 10.000000
1151.000000 348.000000 13.000000
1096.000000 359.000000 10.000000
725.000000 360.000000 13.000000
153.000000 363.000000 10.000000
98.000000 366.000000 12.000000
120.000000 366.000000 10.000000
138.000000 366.000000 11.000000
66.000000 367.000000 9.000000
53.000000 368.000000 7.000000
81.000000 368.000000 9.000000
1173.000000 369.000000 14.000000
40.000000 370.000000 17.000000
1123.000000 370.000000 17.000000
1134.000000 370.000000 11.000000
1148.000000 370.000000 11.000000
1183.000000 370.000000 7.000000
1195.000000 370.000000 14.000000
1116.000000 371.000000 14.000000
1159.000000 371.000000 14.000000
1212.000000 371.000000 9.000000
928.000000 374.000000 24.000000
785.000000 376.000000 27.000000
842.000000 376.000000 11.000000
866.000000 376.000000 20.000000
1070.000000 377.000000 31.000000
266.000000 378.000000 24.000000
894.000000 378.000000 21.000000
963.000000 378.000000 21.000000
305.000000 379.000000 24.000000
825.000000 379.000000 26.000000
993.000000 379.000000 21.000000
744.000000 381.000000 23.000000
233.000000 382.000000 21.000000
337.000000 382.000000 21.000000
1029.000000 382.000000 24.000000
529.000000 383.000000 24.000000
370.000000 384.000000 28.000000
456.000000 384.000000 24.000000
576.000000 384.000000 31.000000
618.000000 384.000000 24.000000
710.000000 384.000000 19.000000
145.000000 385.000000 10.000000
490.000000 385.000000 24.000000
648.000000 385.000000 28.000000
130.000000 387.000000 11.000000
184.000000 387.000000 31.000000
419.000000 387.000000 28.000000
667.000000 387.000000 14.000000
103.000000 388.000000 11.000000
120.000000 388.000000 7.000000
78.000000 389.000000 14.000000
88.000000 389.000000 11.000000
205.000000 389.000000 17.000000
686.000000 389.000000 14.000000
46.000000 390.000000 11.000000
63.000000 390.000000 11.000000
1177.000000 390.000000 14.000000
35.000000 392.000000 9.000000
1156.000000 393.000000 14.000000
1148.000000 394.000000 14.000000
1164.000000 394.000000 7.000000
1132.000000 395.000000 13.000000
159.000000 403.000000 14.000000
147.000000 405.000000 14.000000
881.000000 408.000000 14.000000
863.000000 409.000000 11.000000
891.000000 409.000000 7.000000
128.000000 410.000000 14.000000
858.000000 410.000000 4.000000
108.000000 411.000000 11.000000
118.000000 411.000000 5.000000
782.000000 412.000000 16.000000
839.000000 412.000000 6.000000
850.000000 412.000000 7.000000
72.000000 413.000000 4.000000
93.000000 413.000000 10.000000
775.000000 413.000000 14.000000
793.000000 413.000000 9.000000
815.000000 413.000000 20.000000
60.000000 414.000000 10.000000
80.000000 414.000000 7.000000
715.000000 414.000000 11.000000
729.000000 414.000000 9.000000
744.000000 414.000000 11.000000
804.000000 414.000000 7.000000
631.000000 415.000000 6.000000
646.000000 415.000000 10.000000
659.000000 415.000000 9.000000
672.000000 415.000000 7.000000
682.000000 415.000000 7.000000
703.000000 415.000000 17.000000
762.000000 415.000000 11.000000
829.000000 415.000000 19.000000
42.000000 416.000000 13.000000
640.000000 416.000000 13.000000
154.000000 431.000000 14.000000
113.000000 433.000000 11.000000
133.000000 433.000000 13.000000
61.000000 435.000000 13.000000
82.000000 435.000000 10.000000
96.000000 435.000000 9.000000
41.000000 436.000000 11.000000
53.000000 436.000000 11.000000
137.000000 455.000000 9.000000
151.000000 455.000000 20.000000
120.000000 456.000000 11.000000
71.000000 457.000000 14.000000
81.000000 457.000000 6.000000
91.000000 457.000000 7.000000
104.000000 457.000000 10.000000
56.000000 458.000000 9.000000
43.000000 459.000000 11.000000
38.000000 479.000000 17.000000
111.000000 479.000000 11.000000
125.000000 479.000000 9.000000
139.000000 479.000000 11.000000
89.000000 480.000000 14.000000
47.000000 483.000000 17.000000
64.000000 483.000000 14.000000
