0.400800 0.033600 0.013600
0.756800 0.033600 0.011200
0.789600 0.033600 0.011200
0.808000 0.033600 0.011200
0.880800 0.033600 0.011200
0.939200 0.033600 0.013600
0.771200 0.034400 0.010400
0.827200 0.034400 0.012000
0.846400 0.034400 0.009600
0.872000 0.034400 0.004000
0.894400 0.034400 0.008800
0.911200 0.034400 0.005600
0.929600 0.034400 0.005600
0.532000 0.035200 0.008800
0.665600 0.035200 0.013600
0.673600 0.035200 0.013600
0.693600 0.035200 0.010400
0.860800 0.035200 0.011200
0.904000 0.035200 0.004800
0.920000 0.035200 0.007200
0.380800 0.036000 0.011200
0.619200 0.036000 0.010400
0.736800 0.036000 0.005600
0.744800 0.036000 0.011200
0.948000 0.036000 0.004800
0.461600 0.036800 0.007200
0.481600 0.036800 0.008800
0.492800 0.036800 0.008000
0.519200 0.036800 0.008000
0.545600 0.036800 0.008800
0.603200 0.036800 0.010400
0.634400 0.036800 0.009600
0.650400 0.036800 0.011200
0.711200 0.036800 0.011200
0.953600 0.036800 0.008800
0.451200 0.037600 0.016800
0.473600 0.037600 0.006400
0.505600 0.037600 0.008800
0.560800 0.037600 0.008800
0.589600 0.037600 0.008800
0.261600 0.038400 0.011200
0.367200 0.038400 0.008800
0.728800 0.038400 0.010400
0.244800 0.039200 0.008800
0.339200 0.039200 0.008800
0.575200 0.039200 0.009600
0.296000 0.040000 0.010400
0.312000 0.040000 0.011200
0.326400 0.040000 0.008800
0.354400 0.040000 0.009600
0.275200 0.040800 0.005600
0.283200 0.041600 0.013600
0.199200 0.042400 0.008000
0.209600 0.042400 0.008000
0.233600 0.042400 0.007200
0.221600 0.043200 0.008800
0.883200 0.052800 0.008800
0.957600 0.052800 0.005600
0.965600 0.052800 0.012000
0.947200 0.053600 0.011200
0.869600 0.054400 0.008800
0.896800 0.054400 0.010400
0.914400 0.054400 0.011200
0.520000 0.055200 0.005600
0.931200 0.055200 0.011200
0.495200 0.056000 0.008800
0.508800 0.056000 0.008800
0.528000 0.056000 0.012000
0.726400 0.056000 0.011200
0.840800 0.056000 0.008800
0.855200 0.056000 0.008800
0.401600 0.056800 0.019200
0.692800 0.056800 0.011200
0.766400 0.056800 0.011200
0.789600 0.056800 0.012800
0.809600 0.056800 0.011200
0.826400 0.056800 0.010400
0.377600 0.057600 0.005600
0.676000 0.057600 0.012800
0.708800 0.057600 0.011200
0.744000 0.057600 0.012000
0.483200 0.058400 0.013600
0.579200 0.058400 0.011200
0.616000 0.058400 0.010400
0.654400 0.058400 0.013600
0.347200 0.059200 0.010400
0.543200 0.059200 0.010400
0.632000 0.059200 0.010400
0.648000 0.059200 0.013600
0.330400 0.060000 0.008000
0.339200 0.060000 0.004800
0.364000 0.060000 0.010400
0.388000 0.060000 0.008800
0.558400 0.060000 0.009600
0.597600 0.060000 0.012000
0.303200 0.061600 0.008800
0.316000 0.061600 0.008800
0.212800 0.062400 0.008800
0.228800 0.062400 0.011200
0.248800 0.062400 0.008800
0.271200 0.062400 0.008800
0.285600 0.062400 0.009600
0.261600 0.063200 0.008000
0.137600 0.066400 0.011200
0.105600 0.068000 0.008800
0.119200 0.068000 0.011200
0.152800 0.068000 0.026400
0.456800 0.068800 0.018400
0.093600 0.069600 0.008800
0.464000 0.069600 0.015200
0.076800 0.070400 0.023200
0.789600 0.074400 0.005600
0.860000 0.074400 0.010400
0.776800 0.075200 0.008800
0.804800 0.075200 0.008800
0.877600 0.075200 0.011200
0.894400 0.075200 0.008800
0.912800 0.075200 0.011200
0.928800 0.075200 0.008800
0.944800 0.075200 0.011200
0.956000 0.076000 0.013600
0.352800 0.076800 0.011200
0.384800 0.076800 0.008800
0.486400 0.076800 0.009600
0.500000 0.076800 0.008800
0.516800 0.076800 0.011200
0.531200 0.076800 0.008800
0.755200 0.076800 0.008800
0.765600 0.076800 0.007200
0.817600 0.076800 0.008800
0.833600 0.076800 0.011200
0.364000 0.077600 0.005600
0.372000 0.077600 0.008800
0.564000 0.077600 0.009600
0.743200 0.077600 0.008000
0.324000 0.078400 0.008800
0.336800 0.078400 0.008800
0.540800 0.078400 0.005600
0.548800 0.078400 0.011200
0.577600 0.079200 0.008800
0.592000 0.079200 0.008000
0.618400 0.079200 0.009600
0.686400 0.079200 0.008800
0.702400 0.079200 0.010400
0.724000 0.079200 0.012000
0.732800 0.079200 0.004800
0.227200 0.080000 0.012800
0.308000 0.080000 0.011200
0.603200 0.080000 0.008800
0.631200 0.080000 0.005600
0.640000 0.080000 0.015200
0.652000 0.080000 0.008800
0.664800 0.080000 0.008000
0.675200 0.080000 0.005600
0.291200 0.080800 0.007200
0.301600 0.080800 0.008800
0.199200 0.081600 0.016800
0.278400 0.081600 0.011200
0.194400 0.082400 0.016000
0.246400 0.082400 0.009600
0.261600 0.082400 0.010400
0.793600 0.084800 0.007200
0.782400 0.085600 0.008000
0.859200 0.094400 0.008000
0.731200 0.095200 0.008000
0.850400 0.095200 0.008800
0.720800 0.096000 0.008000
0.972800 0.096800 0.016800
0.228000 0.097600 0.008800
0.960000 0.098400 0.008800
0.906400 0.099200 0.010400
0.945600 0.099200 0.012800
0.302400 0.100000 0.008800
0.936800 0.100000 0.004800
0.314400 0.100800 0.008800
0.892800 0.100800 0.011200
0.499200 0.101600 0.008800
0.924000 0.101600 0.011200
0.492000 0.103200 0.005600
0.284000 0.104800 0.008000
0.135200 0.106400 0.008800
0.482400 0.106400 0.008000
0.168800 0.107200 0.009600
0.126400 0.108000 0.016800
0.156000 0.110400 0.007200
0.151200 0.112000 0.008000
0.684000 0.114400 0.030400
0.704000 0.115200 0.016800
0.850400 0.115200 0.016800
0.755200 0.116000 0.022400
0.376000 0.117600 0.011200
0.551200 0.117600 0.024800
0.556800 0.117600 0.024800
0.623200 0.117600 0.016000
0.726400 0.117600 0.016800
0.820000 0.117600 0.022400
0.389600 0.118400 0.023200
0.790400 0.118400 0.022400
0.870400 0.118400 0.016800
0.410400 0.119200 0.018400
0.588800 0.119200 0.024800
0.604800 0.119200 0.008800
0.660800 0.119200 0.028800
0.975200 0.119200 0.011200
0.522400 0.120000 0.019200
0.644000 0.120000 0.011200
0.946400 0.120000 0.008800
0.959200 0.120000 0.008800
0.360000 0.120800 0.008800
0.239200 0.121600 0.016800
0.268000 0.121600 0.018400
0.432800 0.121600 0.022400
0.494400 0.121600 0.016800
0.928800 0.122400 0.012000
0.299200 0.123200 0.016000
0.478400 0.123200 0.005600
0.324000 0.124000 0.015200
0.346400 0.124000 0.013600
0.908000 0.124000 0.008800
0.163200 0.124800 0.013600
0.213600 0.124800 0.015200
0.468800 0.124800 0.005600
0.189600 0.125600 0.016800
0.462400 0.125600 0.013600
0.136000 0.126400 0.015200
0.895200 0.126400 0.011200
0.447200 0.127200 0.008800
0.883200 0.140800 0.008800
0.871200 0.141600 0.008800
0.969600 0.142400 0.015200
0.856800 0.143200 0.011200
0.417600 0.144000 0.007200
0.960800 0.144000 0.005600
0.371200 0.144800 0.012000
0.389600 0.144800 0.009600
0.947200 0.144800 0.010400
0.222400 0.145600 0.011200
0.354400 0.145600 0.009600
0.405600 0.145600 0.009600
0.933600 0.146400 0.008800
0.281600 0.147200 0.011200
0.339200 0.147200 0.008800
0.522400 0.147200 0.007200
0.532000 0.147200 0.008000
0.294400 0.148000 0.008800
0.309600 0.148000 0.009600
0.325600 0.148000 0.008800
0.910400 0.148000 0.008000
0.921600 0.148000 0.008000
0.267200 0.148800 0.011200
0.484800 0.149600 0.007200
0.835200 0.149600 0.008800
0.476800 0.150400 0.007200
0.824000 0.150400 0.008800
0.591200 0.151200 0.010400
0.897600 0.153600 0.011200
0.575200 0.154400 0.008800
0.699200 0.154400 0.008800
0.689600 0.155200 0.008800
0.420000 0.156000 0.008800
0.432800 0.157600 0.015200
0.467200 0.157600 0.007200
0.665600 0.157600 0.006400
0.456800 0.158400 0.008800
0.440800 0.159200 0.013600
0.197600 0.160800 0.008800
0.252800 0.160800 0.008800
0.188000 0.161600 0.008800
0.241600 0.161600 0.008800
0.541600 0.163200 0.008000
0.206400 0.165600 0.004800
0.212800 0.166400 0.004800
0.975200 0.166400 0.011200
0.449600 0.167200 0.004800
0.961600 0.167200 0.008800
0.948800 0.168000 0.008800
0.852000 0.170400 0.016800
0.876000 0.170400 0.016800
0.933600 0.171200 0.008800
0.757600 0.172000 0.027200
0.828000 0.172000 0.016800
0.116800 0.172800 0.013600
0.557600 0.172800 0.020800
0.912800 0.172800 0.011200
0.528000 0.173600 0.021600
0.823200 0.173600 0.020800
0.923200 0.173600 0.008800
0.794400 0.174400 0.030400
0.896800 0.175200 0.008800
0.066400 0.176000 0.008800
0.076000 0.176000 0.005600
0.288800 0.176000 0.021600
0.500800 0.176000 0.016800
0.588800 0.176000 0.019200
0.617600 0.176000 0.019200
0.647200 0.176000 0.022400
0.680000 0.176000 0.018400
0.028000 0.176800 0.008800
0.088000 0.176800 0.008800
0.100000 0.176800 0.011200
0.317600 0.176800 0.016800
0.368000 0.176800 0.020800
0.496800 0.176800 0.016800
0.720000 0.176800 0.025600
0.040000 0.177600 0.008800
0.052000 0.177600 0.008800
0.396000 0.179200 0.016800
0.422400 0.179200 0.012800
0.471200 0.179200 0.016000
0.338400 0.180000 0.016800
0.280000 0.180800 0.019200
0.222400 0.181600 0.019200
0.252800 0.182400 0.016800
0.190400 0.183200 0.019200
0.440000 0.183200 0.011200
0.157600 0.184800 0.024800
0.964800 0.188000 0.010400
0.950400 0.189600 0.008800
0.979200 0.189600 0.013600
0.938400 0.190400 0.008800
0.135200 0.192000 0.015200
0.926400 0.192800 0.008800
0.898400 0.193600 0.011200
0.913600 0.193600 0.009600
0.507200 0.196000 0.009600
0.107200 0.196800 0.011200
0.494400 0.196800 0.005600
0.092000 0.197600 0.008000
0.483200 0.197600 0.007200
0.864000 0.197600 0.007200
0.871200 0.197600 0.007200
0.501600 0.198400 0.011200
0.682400 0.198400 0.007200
0.468800 0.199200 0.008800
0.854400 0.199200 0.007200
0.079200 0.200000 0.008800
0.835200 0.200000 0.004000
0.840000 0.200000 0.007200
0.844000 0.200000 0.008000
0.051200 0.200800 0.008800
0.064800 0.200800 0.008800
0.029600 0.201600 0.016000
0.040800 0.202400 0.007200
0.424000 0.202400 0.008800
0.456800 0.202400 0.008800
0.440800 0.203200 0.011200
0.409600 0.204800 0.008800
0.294400 0.207200 0.011200
0.396000 0.207200 0.010400
0.277600 0.208000 0.011200
0.752800 0.208000 0.008800
0.220000 0.209600 0.007200
0.256800 0.209600 0.013600
0.266400 0.209600 0.007200
0.970400 0.209600 0.010400
0.493600 0.210400 0.005600
0.951200 0.211200 0.005600
0.957600 0.211200 0.012000
0.380800 0.212000 0.008800
0.940000 0.212000 0.010400
0.923200 0.212800 0.008800
0.140800 0.213600 0.008800
0.151200 0.213600 0.008800
0.232800 0.213600 0.016000
0.503200 0.213600 0.006400
0.911200 0.214400 0.008000
0.115200 0.216000 0.011200
0.897600 0.216800 0.008800
0.202400 0.217600 0.011200
0.087200 0.218400 0.008800
0.100800 0.218400 0.008800
0.073600 0.219200 0.008800
0.056800 0.220000 0.011200
0.029600 0.222400 0.011200
0.040000 0.222400 0.011200
0.848000 0.224000 0.019200
0.882400 0.224000 0.023200
0.814400 0.224800 0.019200
0.870400 0.225600 0.022400
0.789600 0.226400 0.016800
0.768000 0.228000 0.016800
0.744800 0.228800 0.016800
0.650400 0.229600 0.027200
0.616000 0.230400 0.024000
0.630400 0.230400 0.013600
0.660800 0.230400 0.024800
0.686400 0.231200 0.019200
0.320800 0.232000 0.024800
0.714400 0.232000 0.019200
0.523200 0.232800 0.020800
0.584800 0.232800 0.022400
0.959200 0.235200 0.011200
0.967200 0.235200 0.013600
0.182400 0.236000 0.011200
0.288800 0.236000 0.018400
0.352800 0.236000 0.021600
0.924800 0.236000 0.011200
0.944000 0.236000 0.010400
0.124000 0.236800 0.010400
0.137600 0.236800 0.019200
0.164800 0.236800 0.016800
0.263200 0.236800 0.013600
0.422400 0.236800 0.021600
0.492000 0.236800 0.022400
0.908800 0.236800 0.008800
0.199200 0.237600 0.011200
0.213600 0.237600 0.013600
0.392800 0.237600 0.019200
0.553600 0.237600 0.016800
0.898400 0.237600 0.008800
0.231200 0.238400 0.011200
0.280000 0.238400 0.022400
0.104000 0.239200 0.011200
0.243200 0.239200 0.020000
0.456800 0.239200 0.022400
0.381600 0.240000 0.024800
0.075200 0.240800 0.007200
0.087200 0.240800 0.008800
0.247200 0.240800 0.011200
0.064000 0.241600 0.008800
0.024800 0.242400 0.005600
0.033600 0.243200 0.011200
0.049600 0.244800 0.010400
0.936000 0.254400 0.007200
0.948000 0.254400 0.008800
0.897600 0.255200 0.010400
0.911200 0.255200 0.008800
0.924800 0.255200 0.007200
0.963200 0.255200 0.011200
0.115200 0.257600 0.010400
0.100800 0.260000 0.008800
0.820000 0.260800 0.012800
0.087200 0.262400 0.009600
0.072000 0.263200 0.009600
0.031200 0.264000 0.011200
0.614400 0.264000 0.013600
0.621600 0.264000 0.013600
0.044000 0.266400 0.008800
0.056800 0.267200 0.008800
0.942400 0.272800 0.010400
0.954400 0.273600 0.007200
0.922400 0.274400 0.011200
0.907200 0.276000 0.012800
0.768000 0.278400 0.011200
0.784000 0.280800 0.011200
0.804800 0.282400 0.008800
0.820000 0.282400 0.011200
0.746400 0.283200 0.018400
0.856800 0.283200 0.028800
0.716800 0.284800 0.019200
0.101600 0.286400 0.011200
0.837600 0.286400 0.013600
0.075200 0.287200 0.011200
0.473600 0.287200 0.024800
0.685600 0.287200 0.022400
0.089600 0.288000 0.008800
0.282400 0.288000 0.024800
0.631200 0.288000 0.019200
0.032000 0.289600 0.013600
0.188800 0.289600 0.030400
0.312000 0.289600 0.019200
0.440800 0.289600 0.024800
0.514400 0.289600 0.024800
0.574400 0.289600 0.013600
0.656000 0.289600 0.019200
0.208000 0.290400 0.028800
0.409600 0.290400 0.011200
0.598400 0.290400 0.019200
0.045600 0.291200 0.008800
0.127200 0.291200 0.016000
0.163200 0.291200 0.016800
0.243200 0.291200 0.024800
0.364000 0.291200 0.016000
0.387200 0.291200 0.016800
0.059200 0.292000 0.008800
0.144000 0.292000 0.011200
0.339200 0.292000 0.016800
0.552000 0.292800 0.030400
0.958400 0.293600 0.009600
0.932000 0.294400 0.008800
0.945600 0.294400 0.008800
0.917600 0.296000 0.008800
0.905600 0.297600 0.008800
0.105600 0.308000 0.011200
0.091200 0.309600 0.008800
0.076800 0.310400 0.008800
0.958400 0.312800 0.011200
0.031200 0.313600 0.012800
0.946400 0.313600 0.008800
0.047200 0.314400 0.008800
0.062400 0.314400 0.009600
0.932800 0.314400 0.008800
0.919200 0.315200 0.011200
0.901600 0.316000 0.013600
0.911200 0.316000 0.005600
0.139200 0.321600 0.016800
0.128800 0.322400 0.016000
0.156800 0.322400 0.012800
0.178400 0.322400 0.011200
0.374400 0.322400 0.012800
0.351200 0.323200 0.013600
0.197600 0.324000 0.011200
0.333600 0.324800 0.011200
0.392800 0.325600 0.012800
0.413600 0.325600 0.012800
0.432800 0.325600 0.013600
0.216000 0.326400 0.011200
0.293600 0.326400 0.011200
0.312800 0.326400 0.013600
0.232800 0.327200 0.011200
0.272800 0.327200 0.012800
0.456800 0.327200 0.013600
0.253600 0.328000 0.012800
0.474400 0.328000 0.011200
0.103200 0.328800 0.008800
0.496800 0.328800 0.013600
0.447200 0.329600 0.005600
0.093600 0.330400 0.007200
0.517600 0.331200 0.012800
0.076000 0.332000 0.012000
0.972800 0.332800 0.015200
0.536000 0.333600 0.012800
0.960800 0.333600 0.005600
0.945600 0.334400 0.004800
0.953600 0.334400 0.012000
0.060000 0.336000 0.008800
0.555200 0.336800 0.012800
0.688000 0.336800 0.013600
0.045600 0.337600 0.011200
0.662400 0.337600 0.016800
0.738400 0.337600 0.011200
0.030400 0.338400 0.013600
0.720000 0.338400 0.011200
0.937600 0.338400 0.007200
0.705600 0.339200 0.011200
0.752000 0.339200 0.022400
0.828000 0.339200 0.012000
0.907200 0.339200 0.014400
0.916000 0.339200 0.008800
0.927200 0.339200 0.008800
0.622400 0.340000 0.016000
0.640800 0.340000 0.013600
0.787200 0.340000 0.012800
0.808000 0.340000 0.012800
0.846400 0.340000 0.011200
0.613600 0.340800 0.019200
0.768800 0.340800 0.011200
0.863200 0.341600 0.011200
0.598400 0.342400 0.013600
0.580800 0.344000 0.010400
0.136000 0.344800 0.012800
0.180000 0.345600 0.013600
0.157600 0.346400 0.011200
0.878400 0.348000 0.019200
0.200800 0.348800 0.012800
0.222400 0.350400 0.012800
0.246400 0.351200 0.013600
0.268800 0.352000 0.012800
0.332000 0.352000 0.011200
0.289600 0.352800 0.011200
0.310400 0.352800 0.013600
0.424000 0.352800 0.012000
0.350400 0.353600 0.013600
0.375200 0.353600 0.016000
0.400800 0.353600 0.013600
0.460800 0.353600 0.011200
0.441600 0.354400 0.013600
0.472800 0.355200 0.008800
0.507200 0.356000 0.011200
0.973600 0.356000 0.011200
0.487200 0.356800 0.011200
0.523200 0.358400 0.011200
0.540000 0.358400 0.011200
0.961600 0.360000 0.010400
0.554400 0.360800 0.011200
0.920000 0.360800 0.005600
0.944000 0.360800 0.011200
0.930400 0.361600 0.008800
0.797600 0.363200 0.013600
0.908800 0.363200 0.015200
0.617600 0.364800 0.016800
0.627200 0.364800 0.015200
0.777600 0.364800 0.012800
0.817600 0.365600 0.011200
0.835200 0.365600 0.011200
0.133600 0.366400 0.010400
0.647200 0.366400 0.011200
0.600800 0.367200 0.012800
0.665600 0.367200 0.012000
0.731200 0.367200 0.012800
0.757600 0.367200 0.016800
0.150400 0.368000 0.010400
0.848000 0.368000 0.008800
0.687200 0.368800 0.013600
0.170400 0.369600 0.012800
0.706400 0.369600 0.015200
0.860000 0.369600 0.008800
0.192800 0.372800 0.010400
0.207200 0.372800 0.011200
0.876000 0.372800 0.011200
0.224800 0.374400 0.011200
0.238400 0.374400 0.007200
0.252000 0.376000 0.011200
0.292000 0.376000 0.011200
0.271200 0.376800 0.011200
0.312000 0.378400 0.011200
0.349600 0.378400 0.004800
0.448800 0.379200 0.012800
0.333600 0.380000 0.013600
0.430400 0.380000 0.011200
0.471200 0.380000 0.014400
0.385600 0.380800 0.013600
0.362400 0.381600 0.016800
0.408000 0.381600 0.013600
0.493600 0.382400 0.011200
0.928000 0.382400 0.007200
0.940000 0.382400 0.008800
0.510400 0.383200 0.011200
0.548800 0.384800 0.012800
0.916000 0.384800 0.008800
0.529600 0.385600 0.012800
0.904800 0.385600 0.016800
0.133600 0.387200 0.012800
0.564800 0.388000 0.026400
0.154400 0.388800 0.012000
0.636800 0.391200 0.011200
0.174400 0.392000 0.011200
0.652800 0.392000 0.010400
0.801600 0.392000 0.011200
0.666400 0.392800 0.008800
0.817600 0.392800 0.011200
0.195200 0.393600 0.013600
0.604800 0.393600 0.022400
0.620800 0.393600 0.011200
0.726400 0.393600 0.011200
0.786400 0.393600 0.008000
0.848800 0.393600 0.011200
0.684800 0.394400 0.012000
0.757600 0.394400 0.010400
0.867200 0.394400 0.012800
0.742400 0.395200 0.010400
0.773600 0.395200 0.011200
0.832800 0.395200 0.011200
0.220000 0.396000 0.013600
0.702400 0.396000 0.015200
0.709600 0.396000 0.015200
0.244000 0.397600 0.012000
0.283200 0.397600 0.013600
0.263200 0.398400 0.011200
0.301600 0.399200 0.008800
0.315200 0.402400 0.011200
0.329600 0.404800 0.013600
0.336000 0.408800 0.016800
0.724000 0.412000 0.011200
0.743200 0.414400 0.009600
0.764000 0.417600 0.011200
0.781600 0.419200 0.013600
