242
242
242
242
242
242
242
242
242
242
242
241
241
245
241
242
241
241
241
242
242
242
242
242
242
242
242
242
242
242
242
242
242
242
242
242
242
242
242
242
242
242
242
244
244
242
242
242
242
242
242
242
242
242
242
242
242
242
242
242
242
243
210
210
210
210
210
210
210
210
210
210
210
210
210
210
210
210
210
210
210
210
210
210
210
210
210
210
210
210
210
210
210
210
210
239
237
240
240
238
210
210
210
210
210
210
210
210
210
210
210
210
210
210
210
210
210
210
210
210
210
210
210
210
210
210
210
210
210
210
210
230
232
232
232
232
232
232
234
234
234
234
234
234
234
234
234
234
231
231
233
233
235
210
210
210
210
210
210
210
210
210
210
210
210
210
210
210
210
210
210
210
210
210
210
210
210
210
210
210
210
210
210
210
210
210
210
210
210
210
210
210
210
210
210
210
210
210
210
210
210
210
210
210
210
210
210
210
210
210
210
219
219
219
219
219
226
226
219
224
224
224
224
224
224
224
224
224
225
225
225
225
216
216
216
222
218
216
223
218
223
222
218
216
223
227
218
218
227
218
217
210
210
210
228
210
210
210
228
228
228
210
210
215
228
210
210
215
228
210
210
215
215
210
210
210
210
210
210
210
210
210
210
210
210
210
210
210
210
210
210
215
215
229
215
236
214
214
211
211
214
214
214
211
211
211
213
214
211
211
211
213
213
211
213
213
213
213
213
213
212
212
212
212
214
214
214
211
211
211
211
211
211
211
211
211
213
213
213
213
213
213
211
213
211
211
211
211
211
211