0.232000 0.086400 0.011200
0.248000 0.086400 0.025600
0.195200 0.087200 0.011200
0.214400 0.087200 0.011200
0.158400 0.088000 0.028800
0.178400 0.088000 0.011200
0.233600 0.121600 0.011200
0.141600 0.141600 0.022400
0.168000 0.141600 0.022400
0.184000 0.141600 0.035200
0.209600 0.142400 0.036000
0.344800 0.144000 0.030400
0.379200 0.144000 0.008800
0.268800 0.144800 0.008800
0.332800 0.144800 0.024800
0.339200 0.145600 0.022400
0.364800 0.145600 0.030400
0.436000 0.146400 0.027200
0.231200 0.147200 0.016800
0.254400 0.147200 0.022400
0.308000 0.147200 0.016800
0.285600 0.148000 0.013600
0.397600 0.148000 0.027200
0.473600 0.149600 0.019200
0.574400 0.150400 0.030400
0.772000 0.150400 0.028000
0.791200 0.150400 0.011200
0.504800 0.151200 0.019200
0.538400 0.151200 0.024800
0.596000 0.151200 0.011200
0.652000 0.152000 0.011200
0.614400 0.152800 0.013600
0.635200 0.152800 0.013600
0.676000 0.152800 0.019200
0.808800 0.152800 0.011200
0.842400 0.153600 0.015200
0.413600 0.154400 0.008800
0.708800 0.154400 0.022400
0.824000 0.154400 0.008800
0.740000 0.155200 0.019200
0.869600 0.156800 0.016800
0.894400 0.159200 0.038400
0.848000 0.172000 0.003200
0.156000 0.181600 0.005600
0.282400 0.192000 0.016800
0.308000 0.192800 0.017600
0.169600 0.193600 0.019200
0.348800 0.195200 0.024800
0.244800 0.196000 0.027200
0.260000 0.196000 0.011200
0.801600 0.196000 0.013600
0.142400 0.197600 0.037600
0.783200 0.197600 0.008800
0.816000 0.197600 0.013600
0.378400 0.198400 0.024800
0.391200 0.198400 0.024800
0.193600 0.199200 0.016800
0.219200 0.199200 0.016800
0.496800 0.199200 0.013600
0.842400 0.199200 0.020800
0.418400 0.200000 0.019200
0.516000 0.200000 0.013600
0.442400 0.200800 0.016800
0.543200 0.200800 0.020800
0.565600 0.200800 0.007200
0.767200 0.200800 0.024800
0.801600 0.200800 0.012800
0.806400 0.200800 0.022400
0.474400 0.201600 0.030400
0.712800 0.201600 0.016800
0.584000 0.202400 0.024000
0.647200 0.202400 0.016800
0.741600 0.202400 0.016800
0.872000 0.202400 0.016800
0.672000 0.203200 0.013600
0.689600 0.203200 0.011200
0.897600 0.203200 0.017600
0.619200 0.210400 0.022400
0.190400 0.250400 0.019200
0.164000 0.251200 0.013600
0.293600 0.252000 0.011200
0.312000 0.252800 0.013600
0.254400 0.253600 0.016800
0.332000 0.253600 0.013600
0.359200 0.253600 0.019200
0.141600 0.254400 0.036000
0.221600 0.254400 0.022400
0.276800 0.254400 0.013600
0.502400 0.254400 0.011200
0.520000 0.254400 0.011200
0.580000 0.254400 0.022400
0.386400 0.255200 0.022400
0.423200 0.255200 0.019200
0.541600 0.255200 0.019200
0.714400 0.255200 0.016800
0.455200 0.256800 0.019200
0.483200 0.256800 0.013600
0.614400 0.256800 0.022400
0.683200 0.256800 0.022400
0.650400 0.257600 0.022400
0.784800 0.257600 0.034400
0.811200 0.257600 0.022400
0.882400 0.257600 0.011200
0.898400 0.257600 0.027200
0.736800 0.258400 0.016800
0.766400 0.258400 0.024800
0.836800 0.259200 0.024800
0.864000 0.259200 0.013600
0.830400 0.277600 0.003200
0.388000 0.291200 0.010400
0.571200 0.309600 0.013600
0.800000 0.310400 0.022400
0.716000 0.311200 0.019200
0.743200 0.311200 0.019200
0.766400 0.311200 0.019200
0.908800 0.311200 0.031200
0.688000 0.312000 0.030400
0.524000 0.312800 0.019200
0.552000 0.312800 0.016800
0.596000 0.312800 0.018400
0.336800 0.314400 0.031200
0.352800 0.314400 0.027200
0.292800 0.315200 0.016800
0.315200 0.315200 0.016800
0.412800 0.315200 0.032000
0.892800 0.315200 0.032800
0.233600 0.316000 0.027200
0.382400 0.316000 0.018400
0.404800 0.316000 0.019200
0.470400 0.316000 0.013600
0.494400 0.316000 0.019200
0.644800 0.316000 0.019200
0.672000 0.316000 0.030400
0.864000 0.316000 0.022400
0.218400 0.316800 0.028800
0.265600 0.316800 0.022400
0.433600 0.316800 0.013600
0.832800 0.316800 0.016800
0.452000 0.317600 0.013600
0.620800 0.317600 0.011200
0.186400 0.318400 0.022400
0.152800 0.320000 0.022400
0.824000 0.336800 0.009600
0.125600 0.340800 0.010400
0.146400 0.352000 0.013600
0.168800 0.352800 0.013600
0.184800 0.353600 0.008800
0.199200 0.353600 0.011200
0.212000 0.353600 0.008800
0.691200 0.354400 0.016000
0.792000 0.354400 0.013600
0.226400 0.355200 0.011200
0.265600 0.355200 0.011200
0.285600 0.355200 0.012800
0.304000 0.355200 0.018400
0.315200 0.355200 0.019200
0.748800 0.355200 0.012800
0.769600 0.355200 0.013600
0.816000 0.355200 0.014400
0.240800 0.356000 0.005600
0.250400 0.356000 0.011200
0.904000 0.356000 0.014400
0.332800 0.356800 0.012800
0.729600 0.356800 0.011200
0.664800 0.357600 0.016000
0.712000 0.357600 0.012800
0.350400 0.358400 0.011200
0.366400 0.358400 0.013600
0.596000 0.358400 0.015200
0.619200 0.358400 0.012800
0.640000 0.358400 0.013600
0.374400 0.359200 0.015200
0.392000 0.359200 0.012000
0.448000 0.359200 0.016800
0.842400 0.359200 0.016000
0.883200 0.359200 0.012800
0.412800 0.360000 0.011200
0.436800 0.360000 0.008800
0.468800 0.360000 0.013600
0.490400 0.360000 0.015200
0.512800 0.360000 0.011200
0.530400 0.360000 0.011200
0.550400 0.360000 0.013600
0.572800 0.360000 0.015200
0.866400 0.360000 0.013600
0.425600 0.360800 0.008800
0.147200 0.376800 0.013600
0.168800 0.379200 0.013600
0.191200 0.381600 0.013600
0.271200 0.381600 0.012800
0.213600 0.382400 0.013600
0.252800 0.382400 0.011200
0.286400 0.382400 0.011200
0.301600 0.382400 0.008800
0.318400 0.382400 0.011200
0.233600 0.383200 0.012800
0.341600 0.383200 0.014400
0.391200 0.383200 0.013600
0.411200 0.384000 0.012800
0.896000 0.384000 0.015200
0.365600 0.384800 0.012800
0.435200 0.384800 0.012000
0.456800 0.385600 0.012800
0.677600 0.385600 0.011200
0.708800 0.385600 0.011200
0.811200 0.385600 0.013600
0.722400 0.386400 0.007200
0.775200 0.386400 0.013600
0.834400 0.386400 0.015200
0.854400 0.386400 0.012800
0.497600 0.387200 0.011200
0.516800 0.387200 0.012800
0.608800 0.387200 0.012800
0.662400 0.387200 0.006400
0.692000 0.387200 0.008000
0.796800 0.387200 0.013600
0.478400 0.388000 0.012000
0.538400 0.388000 0.013600
0.647200 0.388000 0.012000
0.756000 0.388000 0.011200
0.563200 0.388800 0.013600
0.740000 0.388800 0.012800
0.874400 0.388800 0.013600
0.628800 0.389600 0.011200
0.586400 0.390400 0.013600
0.164000 0.402400 0.011200
0.176800 0.402400 0.008800
0.145600 0.404000 0.013600
0.191200 0.404800 0.011200
0.253600 0.404800 0.011200
0.208000 0.405600 0.008800
0.219200 0.406400 0.008000
0.234400 0.406400 0.011200
0.272000 0.406400 0.011200
0.313600 0.406400 0.011200
0.293600 0.407200 0.013600
0.381600 0.407200 0.011200
0.432800 0.407200 0.015200
0.332000 0.408000 0.011200
0.362400 0.408000 0.011200
0.404000 0.408000 0.014400
0.348000 0.408800 0.008800
0.452800 0.408800 0.011200
0.468000 0.408800 0.008800
0.774400 0.408800 0.011200
0.477600 0.409600 0.013600
0.496000 0.410400 0.011200
0.516000 0.410400 0.011200
0.684800 0.410400 0.016800
0.756800 0.410400 0.008000
0.556000 0.411200 0.008800
0.646400 0.411200 0.011200
0.740000 0.411200 0.013600
0.792800 0.411200 0.013600
0.540800 0.412000 0.016800
0.574400 0.412000 0.012800
0.613600 0.412000 0.005600
0.664000 0.412000 0.012800
0.697600 0.412000 0.008800
0.599200 0.412800 0.016000
0.627200 0.412800 0.013600
0.804000 0.412800 0.008800
0.712800 0.413600 0.019200
0.824000 0.413600 0.015200
0.844800 0.414400 0.013600
0.901600 0.414400 0.019200
0.866400 0.416000 0.013600
0.881600 0.416800 0.013600
