59.000000 57.000000 31.000000
79.000000 57.000000 50.000000
347.000000 134.000000 14.000000
303.000000 135.000000 14.000000
325.000000 135.000000 14.000000
366.000000 136.000000 31.000000
259.000000 137.000000 21.000000
283.000000 138.000000 13.000000
963.000000 166.000000 21.000000
987.000000 167.000000 21.000000
1021.000000 191.000000 11.000000
245.000000 194.000000 38.000000
283.000000 194.000000 38.000000
336.000000 194.000000 24.000000
375.000000 195.000000 28.000000
444.000000 196.000000 27.000000
305.000000 198.000000 17.000000
407.000000 198.000000 24.000000
490.000000 198.000000 28.000000
559.000000 200.000000 31.000000
525.000000 201.000000 21.000000
753.000000 201.000000 31.000000
614.000000 203.000000 24.000000
627.000000 203.000000 38.000000
580.000000 204.000000 17.000000
645.000000 204.000000 31.000000
806.000000 206.000000 45.000000
714.000000 207.000000 24.000000
1005.000000 207.000000 34.000000
659.000000 209.000000 41.000000
985.000000 209.000000 17.000000
832.000000 210.000000 28.000000
677.000000 213.000000 48.000000
960.000000 213.000000 31.000000
880.000000 215.000000 31.000000
920.000000 216.000000 28.000000
637.000000 246.000000 16.000000
249.000000 259.000000 34.000000
361.000000 261.000000 24.000000
402.000000 261.000000 31.000000
447.000000 261.000000 31.000000
497.000000 261.000000 36.000000
283.000000 262.000000 24.000000
322.000000 262.000000 27.000000
472.000000 262.000000 13.000000
537.000000 263.000000 28.000000
570.000000 265.000000 24.000000
605.000000 266.000000 24.000000
641.000000 273.000000 24.000000
676.000000 274.000000 31.000000
839.000000 276.000000 41.000000
984.000000 277.000000 45.000000
683.000000 278.000000 28.000000
889.000000 278.000000 38.000000
725.000000 280.000000 28.000000
784.000000 280.000000 21.000000
812.000000 280.000000 24.000000
944.000000 280.000000 31.000000
761.000000 282.000000 34.000000
862.000000 282.000000 21.000000
906.000000 283.000000 41.000000
243.000000 316.000000 36.000000
292.000000 321.000000 34.000000
345.000000 321.000000 31.000000
265.000000 322.000000 45.000000
246.000000 323.000000 36.000000
383.000000 324.000000 24.000000
411.000000 325.000000 21.000000
440.000000 327.000000 31.000000
456.000000 329.000000 36.000000
560.000000 331.000000 34.000000
485.000000 332.000000 24.000000
519.000000 332.000000 21.000000
552.000000 334.000000 24.000000
581.000000 334.000000 45.000000
652.000000 334.000000 17.000000
608.000000 339.000000 17.000000
631.000000 341.000000 14.000000
678.000000 341.000000 21.000000
712.000000 342.000000 28.000000
754.000000 345.000000 24.000000
816.000000 347.000000 24.000000
859.000000 347.000000 26.000000
784.000000 348.000000 21.000000
270.000000 350.000000 4.000000
898.000000 351.000000 28.000000
908.000000 352.000000 28.000000
934.000000 352.000000 17.000000
945.000000 355.000000 7.000000
367.000000 382.000000 38.000000
396.000000 382.000000 23.000000
410.000000 382.000000 34.000000
317.000000 384.000000 21.000000
349.000000 384.000000 30.000000
254.000000 385.000000 47.000000
289.000000 385.000000 21.000000
435.000000 389.000000 24.000000
468.000000 389.000000 28.000000
483.000000 391.000000 34.000000
510.000000 393.000000 38.000000
632.000000 393.000000 34.000000
538.000000 395.000000 45.000000
668.000000 395.000000 28.000000
592.000000 396.000000 21.000000
793.000000 396.000000 14.000000
564.000000 397.000000 21.000000
772.000000 398.000000 14.000000
824.000000 398.000000 24.000000
712.000000 399.000000 24.000000
743.000000 400.000000 21.000000
853.000000 401.000000 21.000000
876.000000 401.000000 11.000000
894.000000 403.000000 31.000000
945.000000 404.000000 41.000000
965.000000 404.000000 38.000000
973.000000 404.000000 24.000000
922.000000 405.000000 38.000000
375.000000 412.000000 13.000000
415.000000 423.000000 4.000000
404.000000 425.000000 11.000000
474.000000 425.000000 14.000000
389.000000 426.000000 14.000000
425.000000 427.000000 13.000000
441.000000 427.000000 11.000000
456.000000 427.000000 11.000000
527.000000 433.000000 17.000000
412.000000 447.000000 16.000000
452.000000 448.000000 9.000000
464.000000 448.000000 7.000000
392.000000 449.000000 13.000000
423.000000 450.000000 7.000000
437.000000 450.000000 10.000000
481.000000 450.000000 13.000000
1208.000000 525.000000 32.000000
1219.000000 526.000000 6.000000
