352.000000 130.000000 14.000000
307.000000 131.000000 14.000000
329.000000 131.000000 14.000000
372.000000 131.000000 17.000000
260.000000 135.000000 24.000000
285.000000 135.000000 14.000000
954.000000 146.000000 29.000000
971.000000 149.000000 34.000000
510.000000 166.000000 14.000000
496.000000 172.000000 27.000000
297.000000 192.000000 31.000000
270.000000 193.000000 21.000000
349.000000 193.000000 34.000000
471.000000 193.000000 41.000000
244.000000 194.000000 34.000000
282.000000 194.000000 11.000000
373.000000 194.000000 14.000000
437.000000 194.000000 14.000000
651.000000 194.000000 31.000000
392.000000 195.000000 34.000000
455.000000 195.000000 14.000000
532.000000 195.000000 32.000000
744.000000 195.000000 41.000000
422.000000 196.000000 28.000000
489.000000 196.000000 31.000000
613.000000 196.000000 17.000000
685.000000 196.000000 45.000000
710.000000 196.000000 14.000000
880.000000 197.000000 41.000000
935.000000 197.000000 11.000000
970.000000 197.000000 14.000000
583.000000 198.000000 28.000000
636.000000 200.000000 38.000000
906.000000 200.000000 24.000000
861.000000 201.000000 38.000000
926.000000 201.000000 7.000000
952.000000 202.000000 13.000000
969.000000 202.000000 14.000000
1002.000000 202.000000 28.000000
793.000000 204.000000 34.000000
823.000000 204.000000 31.000000
990.000000 204.000000 34.000000
971.000000 230.000000 14.000000
727.000000 250.000000 21.000000
736.000000 250.000000 21.000000
854.000000 250.000000 12.000000
915.000000 250.000000 17.000000
411.000000 260.000000 11.000000
329.000000 261.000000 25.000000
391.000000 261.000000 17.000000
513.000000 262.000000 11.000000
432.000000 263.000000 14.000000
236.000000 264.000000 45.000000
244.000000 264.000000 41.000000
363.000000 264.000000 21.000000
451.000000 264.000000 14.000000
296.000000 265.000000 21.000000
270.000000 266.000000 17.000000
471.000000 266.000000 14.000000
491.000000 266.000000 34.000000
537.000000 267.000000 21.000000
603.000000 272.000000 24.000000
630.000000 272.000000 45.000000
665.000000 272.000000 31.000000
570.000000 273.000000 17.000000
697.000000 274.000000 21.000000
970.000000 274.000000 17.000000
726.000000 275.000000 45.000000
742.000000 275.000000 14.000000
930.000000 275.000000 15.000000
952.000000 275.000000 13.000000
994.000000 275.000000 38.000000
1004.000000 275.000000 31.000000
773.000000 276.000000 34.000000
654.000000 277.000000 38.000000
795.000000 277.000000 14.000000
870.000000 277.000000 27.000000
908.000000 277.000000 17.000000
831.000000 279.000000 27.000000
893.000000 300.000000 10.000000
265.000000 329.000000 45.000000
402.000000 329.000000 21.000000
333.000000 330.000000 24.000000
370.000000 330.000000 21.000000
237.000000 331.000000 41.000000
298.000000 331.000000 21.000000
432.000000 331.000000 21.000000
461.000000 331.000000 21.000000
855.000000 331.000000 28.000000
490.000000 332.000000 21.000000
520.000000 332.000000 24.000000
810.000000 332.000000 28.000000
1021.000000 332.000000 9.000000
551.000000 333.000000 24.000000
584.000000 333.000000 28.000000
717.000000 333.000000 38.000000
778.000000 333.000000 28.000000
1033.000000 333.000000 24.000000
576.000000 334.000000 21.000000
620.000000 334.000000 28.000000
641.000000 334.000000 34.000000
704.000000 334.000000 38.000000
987.000000 334.000000 11.000000
1004.000000 334.000000 14.000000
745.000000 335.000000 38.000000
896.000000 336.000000 24.000000
969.000000 336.000000 28.000000
601.000000 337.000000 38.000000
652.000000 337.000000 28.000000
683.000000 337.000000 28.000000
889.000000 338.000000 21.000000
924.000000 338.000000 34.000000
704.000000 339.000000 38.000000
591.000000 367.000000 9.000000
614.000000 369.000000 12.000000
352.000000 381.000000 14.000000
321.000000 384.000000 38.000000
370.000000 384.000000 41.000000
399.000000 384.000000 21.000000
431.000000 384.000000 24.000000
240.000000 385.000000 34.000000
297.000000 385.000000 44.000000
266.000000 388.000000 44.000000
278.000000 388.000000 31.000000
469.000000 388.000000 24.000000
550.000000 388.000000 40.000000
497.000000 390.000000 14.000000
520.000000 390.000000 17.000000
571.000000 392.000000 17.000000
540.000000 393.000000 41.000000
598.000000 393.000000 21.000000
736.000000 394.000000 28.000000
698.000000 395.000000 21.000000
636.000000 397.000000 24.000000
808.000000 397.000000 45.000000
668.000000 398.000000 21.000000
774.000000 398.000000 28.000000
840.000000 400.000000 41.000000
795.000000 401.000000 45.000000
864.000000 405.000000 34.000000
887.000000 405.000000 14.000000
902.000000 406.000000 11.000000
951.000000 407.000000 14.000000
922.000000 408.000000 31.000000
935.000000 408.000000 11.000000
973.000000 408.000000 34.000000
1012.000000 408.000000 48.000000
