1061.000000 51.000000 13.000000
1061.000000 67.000000 28.000000
1027.000000 74.000000 28.000000
380.000000 75.000000 16.000000
332.000000 77.000000 14.000000
401.000000 77.000000 17.000000
356.000000 78.000000 14.000000
1060.000000 79.000000 19.000000
286.000000 80.000000 21.000000
310.000000 80.000000 13.000000
911.000000 81.000000 31.000000
932.000000 84.000000 37.000000
1059.000000 86.000000 16.000000
1027.000000 90.000000 21.000000
1059.000000 102.000000 24.000000
1057.000000 115.000000 20.000000
854.000000 120.000000 17.000000
879.000000 120.000000 20.000000
695.000000 121.000000 14.000000
806.000000 121.000000 41.000000
820.000000 121.000000 28.000000
679.000000 122.000000 7.000000
777.000000 122.000000 24.000000
906.000000 122.000000 24.000000
1024.000000 122.000000 21.000000
665.000000 123.000000 12.000000
722.000000 123.000000 21.000000
745.000000 123.000000 17.000000
529.000000 124.000000 21.000000
646.000000 124.000000 14.000000
501.000000 125.000000 19.000000
405.000000 126.000000 38.000000
461.000000 126.000000 28.000000
475.000000 126.000000 24.000000
564.000000 126.000000 24.000000
600.000000 126.000000 21.000000
625.000000 126.000000 17.000000
914.000000 126.000000 28.000000
330.000000 127.000000 21.000000
440.000000 127.000000 28.000000
381.000000 128.000000 17.000000
939.000000 128.000000 21.000000
354.000000 129.000000 17.000000
268.000000 130.000000 24.000000
301.000000 130.000000 17.000000
277.000000 131.000000 36.000000
1027.000000 138.000000 21.000000
1057.000000 139.000000 17.000000
1058.000000 149.000000 19.000000
1028.000000 150.000000 21.000000
1057.000000 160.000000 17.000000
1033.000000 169.000000 14.000000
1057.000000 175.000000 17.000000
1034.000000 194.000000 17.000000
303.000000 202.000000 44.000000
1062.000000 203.000000 17.000000
292.000000 206.000000 36.000000
434.000000 206.000000 11.000000
1034.000000 206.000000 21.000000
415.000000 208.000000 45.000000
356.000000 209.000000 38.000000
721.000000 210.000000 34.000000
338.000000 211.000000 34.000000
628.000000 211.000000 38.000000
386.000000 212.000000 21.000000
461.000000 212.000000 21.000000
609.000000 212.000000 38.000000
652.000000 212.000000 17.000000
733.000000 212.000000 28.000000
511.000000 213.000000 11.000000
529.000000 213.000000 14.000000
581.000000 213.000000 24.000000
490.000000 214.000000 16.000000
680.000000 214.000000 41.000000
549.000000 215.000000 34.000000
700.000000 216.000000 11.000000
1034.000000 216.000000 17.000000
803.000000 217.000000 28.000000
847.000000 217.000000 24.000000
772.000000 218.000000 26.000000
928.000000 218.000000 34.000000
885.000000 219.000000 24.000000
921.000000 219.000000 28.000000
969.000000 219.000000 38.000000
960.000000 221.000000 28.000000
1064.000000 223.000000 21.000000
994.000000 224.000000 31.000000
1035.000000 227.000000 17.000000
1065.000000 240.000000 21.000000
1036.000000 242.000000 17.000000
1004.000000 250.000000 12.000000
1065.000000 250.000000 19.000000
900.000000 251.000000 11.000000
1036.000000 251.000000 17.000000
628.000000 255.000000 16.000000
261.000000 270.000000 31.000000
1034.000000 271.000000 15.000000
1066.000000 271.000000 21.000000
305.000000 273.000000 21.000000
497.000000 273.000000 27.000000
343.000000 274.000000 34.000000
444.000000 275.000000 11.000000
462.000000 275.000000 14.000000
367.000000 276.000000 45.000000
378.000000 276.000000 38.000000
481.000000 276.000000 11.000000
399.000000 277.000000 41.000000
539.000000 277.000000 30.000000
429.000000 278.000000 24.000000
591.000000 278.000000 24.000000
657.000000 278.000000 41.000000
681.000000 279.000000 17.000000
758.000000 279.000000 24.000000
825.000000 279.000000 45.000000
555.000000 280.000000 28.000000
621.000000 280.000000 17.000000
728.000000 280.000000 17.000000
921.000000 280.000000 23.000000
949.000000 280.000000 14.000000
969.000000 280.000000 17.000000
705.000000 281.000000 17.000000
856.000000 281.000000 21.000000
891.000000 281.000000 24.000000
643.000000 282.000000 34.000000
999.000000 283.000000 23.000000
785.000000 284.000000 17.000000
1066.000000 289.000000 17.000000
1035.000000 299.000000 17.000000
1066.000000 299.000000 17.000000
1066.000000 313.000000 19.000000
1037.000000 319.000000 15.000000
259.000000 333.000000 30.000000
279.000000 333.000000 11.000000
302.000000 333.000000 28.000000
336.000000 333.000000 17.000000
354.000000 333.000000 31.000000
396.000000 335.000000 31.000000
419.000000 335.000000 14.000000
437.000000 335.000000 31.000000
563.000000 335.000000 11.000000
459.000000 336.000000 34.000000
479.000000 336.000000 17.000000
585.000000 336.000000 31.000000
657.000000 336.000000 28.000000
739.000000 336.000000 11.000000
498.000000 337.000000 14.000000
516.000000 337.000000 11.000000
609.000000 337.000000 31.000000
647.000000 337.000000 28.000000
532.000000 338.000000 11.000000
623.000000 338.000000 30.000000
691.000000 338.000000 28.000000
722.000000 339.000000 14.000000
760.000000 339.000000 31.000000
549.000000 340.000000 11.000000
994.000000 341.000000 14.000000
929.000000 342.000000 36.000000
953.000000 342.000000 14.000000
971.000000 342.000000 11.000000
1040.000000 342.000000 20.000000
1068.000000 342.000000 16.000000
791.000000 343.000000 34.000000
836.000000 343.000000 17.000000
896.000000 343.000000 31.000000
813.000000 344.000000 17.000000
859.000000 346.000000 36.000000
914.000000 346.000000 11.000000
1009.000000 347.000000 17.000000
745.000000 362.000000 12.000000
500.000000 390.000000 11.000000
481.000000 391.000000 16.000000
558.000000 391.000000 5.000000
542.000000 392.000000 36.000000
349.000000 394.000000 14.000000
418.000000 394.000000 41.000000
521.000000 394.000000 16.000000
322.000000 395.000000 38.000000
392.000000 395.000000 20.000000
435.000000 395.000000 14.000000
567.000000 395.000000 41.000000
595.000000 395.000000 34.000000
276.000000 396.000000 34.000000
304.000000 396.000000 11.000000
369.000000 396.000000 14.000000
458.000000 396.000000 17.000000
633.000000 396.000000 38.000000
658.000000 397.000000 24.000000
737.000000 397.000000 34.000000
758.000000 397.000000 28.000000
726.000000 400.000000 24.000000
691.000000 401.000000 24.000000
930.000000 401.000000 11.000000
986.000000 402.000000 14.000000
788.000000 403.000000 28.000000
827.000000 403.000000 28.000000
889.000000 403.000000 17.000000
861.000000 404.000000 21.000000
1004.000000 405.000000 31.000000
914.000000 406.000000 14.000000
954.000000 406.000000 34.000000
337.000000 426.000000 12.000000
867.000000 446.000000 17.000000
891.000000 448.000000 14.000000
908.000000 449.000000 11.000000
931.000000 450.000000 20.000000
833.000000 456.000000 16.000000
