0.065600 0.028000 0.019200
0.109600 0.028000 0.025600
0.042400 0.028800 0.016000
0.052000 0.028800 0.008800
0.095200 0.029600 0.013600
0.250400 0.043200 0.011200
0.217600 0.044800 0.012800
0.234400 0.044800 0.011200
0.266400 0.044800 0.013600
0.832000 0.045600 0.011200
0.816800 0.046400 0.032000
0.181600 0.047200 0.016800
0.199200 0.048000 0.008800
0.445600 0.067200 0.011200
0.433600 0.068000 0.005600
0.303200 0.068800 0.013600
0.407200 0.068800 0.013600
0.424000 0.068800 0.012800
0.295200 0.069600 0.005600
0.344000 0.069600 0.016800
0.376000 0.069600 0.008800
0.398400 0.069600 0.008800
0.284800 0.070400 0.008800
0.312800 0.070400 0.013600
0.353600 0.070400 0.005600
0.364800 0.070400 0.008800
0.387200 0.070400 0.008000
0.272000 0.071200 0.008800
0.329600 0.071200 0.008800
0.240800 0.073600 0.014400
0.250400 0.073600 0.013600
0.259200 0.073600 0.005600
0.200800 0.074400 0.008800
0.214400 0.074400 0.011200
0.232800 0.074400 0.012800
0.141600 0.075200 0.008800
0.169600 0.075200 0.011200
0.186400 0.075200 0.011200
0.127200 0.076000 0.011200
0.155200 0.076000 0.011200
0.099200 0.076800 0.011200
0.114400 0.076800 0.008800
0.064800 0.077600 0.008800
0.081600 0.077600 0.011200
0.053600 0.080800 0.008800
0.040800 0.081600 0.008800
0.030400 0.082400 0.016800
0.383200 0.088800 0.005600
0.391200 0.088800 0.007200
0.441600 0.088800 0.011200
0.400000 0.089600 0.005600
0.366400 0.090400 0.008800
0.376800 0.090400 0.005600
0.453600 0.090400 0.011200
0.272000 0.091200 0.014400
0.300800 0.091200 0.008800
0.335200 0.091200 0.011200
0.352000 0.091200 0.011200
0.284000 0.092000 0.011200
0.289600 0.092000 0.016800
0.410400 0.092000 0.008800
0.311200 0.092800 0.005600
0.319200 0.092800 0.005600
0.424000 0.092800 0.011200
0.235200 0.093600 0.009600
0.252000 0.093600 0.012800
0.260800 0.093600 0.003200
0.328000 0.093600 0.005600
0.219200 0.094400 0.012800
0.198400 0.095200 0.010400
0.124800 0.096800 0.012000
0.150400 0.097600 0.011200
0.184000 0.097600 0.009600
0.164800 0.098400 0.012800
0.107200 0.099200 0.011200
0.067200 0.100800 0.012000
0.089600 0.100800 0.012800
0.049600 0.104000 0.011200
0.035200 0.105600 0.013600
0.442400 0.106400 0.011200
0.395200 0.107200 0.008000
0.406400 0.107200 0.007200
0.424000 0.107200 0.008800
0.456000 0.107200 0.008800
0.592000 0.107200 0.008800
0.648000 0.107200 0.005600
0.656000 0.107200 0.013600
0.677600 0.107200 0.011200
0.384000 0.108000 0.008800
0.469600 0.108000 0.008800
0.499200 0.108000 0.010400
0.505600 0.108000 0.005600
0.513600 0.108000 0.011200
0.553600 0.108000 0.005600
0.571200 0.108000 0.013600
0.578400 0.108000 0.011200
0.604800 0.108000 0.008800
0.632800 0.108000 0.012000
0.640800 0.108000 0.005600
0.692800 0.108000 0.011200
0.711200 0.108000 0.011200
0.770400 0.108000 0.013600
0.783200 0.108000 0.005600
0.792000 0.108000 0.016800
0.486400 0.108800 0.011200
0.524000 0.108800 0.008800
0.562400 0.108800 0.013600
0.616800 0.108800 0.008800
0.665600 0.108800 0.008800
0.724800 0.108800 0.013600
0.536800 0.109600 0.013600
0.732000 0.109600 0.013600
0.964800 0.109600 0.013600
0.544800 0.110400 0.013600
0.750400 0.110400 0.013600
0.932800 0.110400 0.008800
0.949600 0.110400 0.009600
0.898400 0.111200 0.013600
0.917600 0.112000 0.011200
0.880800 0.112800 0.011200
0.143200 0.113600 0.011200
0.180800 0.114400 0.008800
0.867200 0.114400 0.011200
0.159200 0.115200 0.006400
0.169600 0.115200 0.006400
0.126400 0.120800 0.008800
0.385600 0.120800 0.003200
0.088000 0.121600 0.011200
0.116000 0.121600 0.005600
0.069600 0.122400 0.011200
0.106400 0.123200 0.013600
0.035200 0.124800 0.012800
0.052800 0.125600 0.008800
0.254400 0.127200 0.022400
0.240800 0.128800 0.020800
0.282400 0.129600 0.022400
0.364000 0.130400 0.024800
0.391200 0.130400 0.011200
0.383200 0.131200 0.013600
0.215200 0.132000 0.022400
0.268800 0.132000 0.024800
0.296000 0.132000 0.031200
0.312800 0.132000 0.033600
0.404800 0.132000 0.016800
0.935200 0.132800 0.012800
0.953600 0.132800 0.013600
0.200800 0.134400 0.013600
0.336800 0.134400 0.016800
0.436000 0.134400 0.019200
0.656000 0.134400 0.022400
0.917600 0.134400 0.011200
0.166400 0.135200 0.016000
0.363200 0.135200 0.025600
0.460800 0.135200 0.016800
0.481600 0.135200 0.014400
0.586400 0.135200 0.019200
0.966400 0.135200 0.011200
0.184000 0.136000 0.013600
0.501600 0.136000 0.013600
0.537600 0.136800 0.013600
0.556800 0.136800 0.013600
0.611200 0.136800 0.019200
0.721600 0.136800 0.016800
0.761600 0.136800 0.008800
0.864800 0.136800 0.016000
0.877600 0.136800 0.005600
0.900000 0.136800 0.013600
0.440800 0.137600 0.024800
0.522400 0.137600 0.012800
0.566400 0.137600 0.013600
0.642400 0.137600 0.022400
0.692000 0.137600 0.018400
0.743200 0.137600 0.016800
0.774400 0.137600 0.020000
0.885600 0.137600 0.011200
0.790400 0.139200 0.013600
0.110400 0.143200 0.005600
0.117600 0.143200 0.010400
0.129600 0.143200 0.013600
0.100800 0.144000 0.008800
0.084800 0.145600 0.010400
0.072000 0.147200 0.008800
0.038400 0.148000 0.013600
0.053600 0.148000 0.012800
0.059200 0.148000 0.011200
0.966400 0.151200 0.007200
0.477600 0.153600 0.004000
0.164000 0.155200 0.010400
0.249600 0.155200 0.012800
0.290400 0.155200 0.008800
0.482400 0.155200 0.009600
0.536000 0.155200 0.005600
0.179200 0.156000 0.008000
0.196000 0.156000 0.008800
0.211200 0.156000 0.010400
0.240000 0.156000 0.007200
0.488800 0.156000 0.009600
0.526400 0.156000 0.008800
0.552000 0.156000 0.011200
0.228800 0.156800 0.008800
0.500800 0.156800 0.011200
0.516000 0.156800 0.008800
0.266400 0.157600 0.008800
0.321600 0.157600 0.008800
0.565600 0.157600 0.011200
0.336000 0.158400 0.013600
0.120000 0.163200 0.011200
0.136000 0.163200 0.012000
0.827200 0.164000 0.016800
0.878400 0.164000 0.013600
0.842400 0.164800 0.013600
0.903200 0.164800 0.013600
0.921600 0.164800 0.008800
0.966400 0.164800 0.014400
0.775200 0.165600 0.011200
0.860000 0.165600 0.011200
0.934400 0.165600 0.008800
0.946400 0.165600 0.008800
0.661600 0.166400 0.011200
0.680800 0.166400 0.015200
0.690400 0.166400 0.011200
0.888000 0.166400 0.013600
0.956000 0.166400 0.005600
0.103200 0.167200 0.008800
0.644800 0.167200 0.008800
0.755200 0.167200 0.011200
0.805600 0.167200 0.011200
0.059200 0.168000 0.011200
0.091200 0.168000 0.008800
0.590400 0.168000 0.013600
0.742400 0.168000 0.008800
0.792000 0.168000 0.011200
0.079200 0.168800 0.008800
0.276800 0.168800 0.009600
0.605600 0.168800 0.008800
0.619200 0.168800 0.011200
0.630400 0.168800 0.008800
0.716000 0.169600 0.011200
0.729600 0.169600 0.008800
0.046400 0.170400 0.008800
0.226400 0.170400 0.011200
0.188800 0.171200 0.008800
0.215200 0.171200 0.005600
0.243200 0.171200 0.004800
0.156800 0.172000 0.008800
0.168000 0.172000 0.007200
0.177600 0.172000 0.005600
0.291200 0.172000 0.009600
0.303200 0.172000 0.007200
0.034400 0.172800 0.008800
0.337600 0.172800 0.007200
0.126400 0.185600 0.015200
0.106400 0.186400 0.011200
0.876000 0.187200 0.013600
0.894400 0.188000 0.010400
0.919200 0.188000 0.005600
0.932800 0.188000 0.011200
0.945600 0.188000 0.011200
0.959200 0.188000 0.020800
0.966400 0.188000 0.013600
0.908800 0.188800 0.008800
0.927200 0.188800 0.012800
0.051200 0.189600 0.011200
0.066400 0.189600 0.009600
0.080800 0.189600 0.008800
0.092800 0.189600 0.008800
0.525600 0.191200 0.021600
0.033600 0.192000 0.016000
0.247200 0.193600 0.022400
0.276000 0.193600 0.019200
0.308800 0.194400 0.019200
0.376800 0.194400 0.019200
0.627200 0.194400 0.016800
0.235200 0.195200 0.032800
0.280800 0.195200 0.021600
0.346400 0.195200 0.018400
0.579200 0.195200 0.016800
0.602400 0.195200 0.014400
0.648800 0.195200 0.011200
0.750400 0.195200 0.016800
0.434400 0.196000 0.016800
0.457600 0.196000 0.016800
0.834400 0.196000 0.020800
0.191200 0.196800 0.016800
0.216000 0.196800 0.016800
0.401600 0.196800 0.016800
0.500800 0.196800 0.011200
0.708000 0.196800 0.020800
0.724000 0.196800 0.015200
0.805600 0.196800 0.016800
0.468800 0.197600 0.016800
0.486400 0.197600 0.013600
0.540000 0.197600 0.008800
0.788000 0.197600 0.024000
0.165600 0.198400 0.019200
0.696800 0.198400 0.019200
0.775200 0.198400 0.019200
0.553600 0.199200 0.019200
0.675200 0.199200 0.019200
0.808000 0.215200 0.009600
0.906400 0.216800 0.016000
0.491200 0.219200 0.008800
0.471200 0.220000 0.013600
0.526400 0.220000 0.012800
0.609600 0.220000 0.011200
0.621600 0.220000 0.008800
0.878400 0.220000 0.022400
0.451200 0.220800 0.013600
0.504000 0.220800 0.010400
0.592800 0.220800 0.011200
0.732800 0.220800 0.005600
0.740800 0.220800 0.011200
0.776000 0.220800 0.011200
0.328000 0.221600 0.018400
0.359200 0.221600 0.012800
0.434400 0.221600 0.005600
0.441600 0.221600 0.005600
0.518400 0.221600 0.013600
0.724800 0.221600 0.005600
0.752000 0.221600 0.008800
0.763200 0.221600 0.008800
0.343200 0.222400 0.011200
0.379200 0.222400 0.011200
0.400800 0.222400 0.016000
0.423200 0.222400 0.015200
0.544000 0.222400 0.012000
0.576800 0.222400 0.011200
0.683200 0.222400 0.011200
0.412000 0.223200 0.008800
0.560800 0.223200 0.011200
0.391200 0.224000 0.016800
0.700800 0.224800 0.010400
0.716000 0.224800 0.008800
0.534400 0.235200 0.008000
0.796000 0.249600 0.021600
0.825600 0.250400 0.016800
0.293600 0.252000 0.036000
0.624800 0.252000 0.019200
0.652000 0.252800 0.019200
0.751200 0.252800 0.019200
0.681600 0.253600 0.019200
0.713600 0.253600 0.018400
0.844800 0.253600 0.016800
0.515200 0.254400 0.016800
0.774400 0.254400 0.016800
0.407200 0.255200 0.022400
0.573600 0.255200 0.019200
0.595200 0.255200 0.019200
0.275200 0.256000 0.036000
0.453600 0.256000 0.022400
0.489600 0.256000 0.016800
0.317600 0.256800 0.016800
0.464800 0.256800 0.024800
0.536000 0.257600 0.015200
0.557600 0.257600 0.013600
0.345600 0.258400 0.018400
0.428800 0.258400 0.019200
0.169600 0.260800 0.039200
0.197600 0.260800 0.019200
0.372800 0.260800 0.017600
0.224800 0.262400 0.019200
0.251200 0.262400 0.016800
0.921600 0.268800 0.014400
0.913600 0.271200 0.016000
0.904000 0.272800 0.005600
0.893600 0.275200 0.024800
0.877600 0.276000 0.005600
0.886400 0.276000 0.014400
0.824000 0.276800 0.011200
0.865600 0.276800 0.011200
0.696800 0.277600 0.011200
0.715200 0.277600 0.011200
0.733600 0.277600 0.010400
0.748000 0.277600 0.008800
0.761600 0.278400 0.008800
0.774400 0.278400 0.008800
0.790400 0.278400 0.011200
0.838400 0.278400 0.008800
0.805600 0.279200 0.011200
0.848000 0.279200 0.013600
0.679200 0.280800 0.011200
0.605600 0.281600 0.005600
0.636000 0.281600 0.010400
0.652000 0.281600 0.010400
0.584800 0.282400 0.008800
0.596800 0.282400 0.008000
0.614400 0.282400 0.005600
0.620800 0.282400 0.011200
0.663200 0.282400 0.004000
0.527200 0.284000 0.011200
0.542400 0.284000 0.008800
0.392000 0.284800 0.009600
0.398400 0.284800 0.005600
0.406400 0.284800 0.005600
0.412800 0.284800 0.011200
0.425600 0.284800 0.008800
0.449600 0.284800 0.008000
0.556800 0.284800 0.008800
0.572000 0.284800 0.009600
0.438400 0.285600 0.007200
0.357600 0.287200 0.008800
0.369600 0.287200 0.005600
0.377600 0.287200 0.011200
0.506400 0.287200 0.013600
0.344000 0.288000 0.011200
0.499200 0.288000 0.015200
0.469600 0.290400 0.016000
0.480000 0.291200 0.006400
0.845600 0.308800 0.024000
0.713600 0.310400 0.011200
0.827200 0.310400 0.024800
0.695200 0.311200 0.022400
0.732000 0.311200 0.016000
0.664000 0.312000 0.021600
0.794400 0.312000 0.016800
0.814400 0.312000 0.022400
0.524800 0.312800 0.022400
0.752000 0.312800 0.011200
0.509600 0.314400 0.022400
0.640800 0.314400 0.007200
0.286400 0.315200 0.036000
0.432800 0.315200 0.013600
0.499200 0.315200 0.019200
0.563200 0.315200 0.019200
0.651200 0.315200 0.029600
0.453600 0.316000 0.016800
0.480000 0.316000 0.016800
0.589600 0.316000 0.016800
0.612000 0.316000 0.013600
0.629600 0.316000 0.011200
0.768000 0.316000 0.022400
0.354400 0.316800 0.019200
0.538400 0.316800 0.011200
0.256000 0.318400 0.022400
0.306400 0.318400 0.034400
0.411200 0.319200 0.016800
0.325600 0.320800 0.030400
0.384800 0.320800 0.024800
0.228000 0.321600 0.019200
0.170400 0.324800 0.022400
0.196800 0.324800 0.019200
0.816000 0.340000 0.016000
0.835200 0.340000 0.016000
0.804800 0.340800 0.013600
0.824000 0.340800 0.013600
0.789600 0.342400 0.012000
0.721600 0.344000 0.015200
0.772800 0.344000 0.013600
0.733600 0.344800 0.016800
0.764800 0.344800 0.005600
0.690400 0.345600 0.011200
0.753600 0.345600 0.008800
0.740800 0.346400 0.019200
0.703200 0.347200 0.008800
0.672000 0.348000 0.011200
0.655200 0.349600 0.016800
0.662400 0.349600 0.005600
