561
561
561
561
561
561
561
561
561
561
561
561
561
561
561
561
561
561
561
561
561
561
561
561
561
561
561
561
561
561
561
561
561
561
561
561
561
561
561
561
561
561
561
561
561
561
561
561
561
561
561
561
561
561
561
561
561
561
561
561
561
561
561
561
561
561
561
561
561
561
561
561
561
561
561
561
540
540
540
540
540
540
540
540
540
540
540
540
560
560
541
541
541
541
541
541
562
562
562
562
562
562
562
562
563
542
563
539
539
539
539
539
539
539
539
539
539
539
539
539
539
539
539
539
539
539
539
539
539
539
539
539
539
539
539
539
556
556
556
556
556
556
556
556
556
556
559
558
558
555
557
539
539
539
539
539
539
539
539
539
539
539
539
539
539
539
539
539
539
539
539
539
539
539
539
539
539
539
539
539
539
539
539
539
564
544
544
550
544
550
550
551
551
551
544
551
551
544
551
544
544
544
544
552
554
566
566
566
566
554
566
566
539
539
539
539
539
539
539
539
539
539
539
539
539
543
539
543
539
539
539
539
566
543
543
543
539
539
539
539
543
543
543
539
539
566
539
566
566
566
566
539
566
566
539
539
539
539
539
543
548
543
548
543
543
543
543
566
543
543
566
566
543
543
545
566
566
566
566
566
545
566
549
553
543
543
543
543
543
543
543
566
543
566
566
566
566
566
566
566
566
539
539
539
539
539
539
539
539
539
539
539
539
539
539
539
539
539
539
539
539
539
543
539
539
543
539
539
539
543
543
543
543
539
539
543
543
566
543
566
566
566
566
543
543
546
546
546
543
546
543
543
546
546
546
543
543
546
546
546
543
543
546
546
546
546
546
546
546
546
546
546
546
546
543
546
543
543
543
543
543
543
543
543
543
543
543
543
543
543
543
543
543
543
543
543
543
543
543
543