0.220000 0.027200 0.011200
0.237600 0.027200 0.011200
0.254400 0.027200 0.011200
0.184000 0.028000 0.016000
0.272000 0.028000 0.012800
0.203200 0.028800 0.008000
0.076000 0.030400 0.004000
0.050400 0.032000 0.011200
0.057600 0.033600 0.004800
0.066400 0.033600 0.008800
0.084800 0.034400 0.013600
0.832800 0.034400 0.040000
0.093600 0.035200 0.007200
0.814400 0.035200 0.040000
0.676000 0.045600 0.024800
0.660000 0.046400 0.024800
0.520800 0.047200 0.005600
0.644800 0.048000 0.022400
0.462400 0.048800 0.013600
0.504000 0.048800 0.013600
0.512000 0.048800 0.005600
0.531200 0.048800 0.007200
0.540800 0.048800 0.024800
0.479200 0.049600 0.013600
0.488000 0.049600 0.019200
0.496000 0.049600 0.013600
0.556000 0.049600 0.011200
0.574400 0.049600 0.011200
0.402400 0.050400 0.016800
0.420000 0.050400 0.016800
0.444000 0.050400 0.011200
0.692800 0.050400 0.013600
0.304800 0.051200 0.013600
0.335200 0.051200 0.019200
0.592000 0.051200 0.011200
0.604000 0.051200 0.005600
0.616000 0.051200 0.011200
0.632000 0.051200 0.011200
0.320800 0.052000 0.011200
0.284000 0.052800 0.012800
0.357600 0.053600 0.008800
0.368000 0.053600 0.015200
0.264000 0.054400 0.015200
0.206400 0.055200 0.005600
0.216800 0.055200 0.016000
0.252800 0.055200 0.005600
0.345600 0.055200 0.008800
0.172800 0.056000 0.019200
0.198400 0.056000 0.005600
0.244000 0.056000 0.013600
0.187200 0.056800 0.016000
0.231200 0.056800 0.011200
0.385600 0.066400 0.009600
0.376800 0.070400 0.005600
0.297600 0.076800 0.013600
0.304800 0.076800 0.016800
0.344800 0.076800 0.016800
0.244800 0.077600 0.011200
0.317600 0.077600 0.016800
0.259200 0.079200 0.011200
0.276000 0.079200 0.011200
0.207200 0.080000 0.010400
0.219200 0.080000 0.008800
0.231200 0.080000 0.008800
0.335200 0.080000 0.016800
0.188000 0.080800 0.012000
0.396800 0.080800 0.011200
0.482400 0.080800 0.011200
0.169600 0.081600 0.013600
0.412000 0.081600 0.008800
0.427200 0.082400 0.008800
0.440800 0.082400 0.010400
0.456800 0.082400 0.008800
0.470400 0.082400 0.008800
0.378400 0.083200 0.008800
0.387200 0.084000 0.004800
0.368000 0.084800 0.008800
0.357600 0.085600 0.008800
0.497600 0.098400 0.010400
0.436000 0.099200 0.008800
0.483200 0.099200 0.008000
0.424000 0.100000 0.008800
0.416000 0.100800 0.011200
0.449600 0.100800 0.008800
0.396800 0.101600 0.011200
0.460000 0.101600 0.005600
0.469600 0.101600 0.008800
0.236000 0.103200 0.016800
0.318400 0.103200 0.011200
0.364800 0.103200 0.008800
0.380000 0.104000 0.010400
0.248000 0.104800 0.011200
0.262400 0.104800 0.013600
0.336000 0.104800 0.011200
0.163200 0.105600 0.014400
0.210400 0.105600 0.016800
0.284000 0.105600 0.019200
0.298400 0.105600 0.011200
0.195200 0.106400 0.011200
0.350400 0.107200 0.011200
0.181600 0.108800 0.021600
0.515200 0.144800 0.024800
0.255200 0.145600 0.019200
0.175200 0.147200 0.030400
0.199200 0.147200 0.016800
0.228000 0.147200 0.022400
0.304000 0.147200 0.013600
0.320800 0.147200 0.013600
0.281600 0.148000 0.016800
0.340800 0.150400 0.030400
0.356000 0.150400 0.026400
0.373600 0.150400 0.024800
0.475200 0.151200 0.022400
0.385600 0.152800 0.022400
0.415200 0.152800 0.021600
0.455200 0.152800 0.040000
0.440800 0.153600 0.022400
0.513600 0.154400 0.004800
0.615200 0.156000 0.035200
0.654400 0.156000 0.024800
0.708000 0.156800 0.016800
0.640000 0.157600 0.024800
0.512800 0.159200 0.012800
0.685600 0.159200 0.019200
0.732000 0.160800 0.015200
0.833600 0.160800 0.036000
0.754400 0.162400 0.022400
0.768800 0.162400 0.011200
0.838400 0.162400 0.024800
0.788000 0.163200 0.016800
0.808000 0.163200 0.016800
0.416800 0.180800 0.013600
0.430400 0.180800 0.010400
0.457600 0.180800 0.016800
0.474400 0.180800 0.019200
0.376800 0.181600 0.011200
0.445600 0.182400 0.008800
0.696000 0.182400 0.005600
0.704800 0.182400 0.008800
0.722400 0.182400 0.010400
0.345600 0.183200 0.013600
0.356000 0.183200 0.008800
0.362400 0.183200 0.012800
0.736800 0.183200 0.008800
0.396800 0.184000 0.013600
0.683200 0.184000 0.003200
0.688800 0.184000 0.011200
0.666400 0.184800 0.008000
0.676800 0.184800 0.008800
0.655200 0.185600 0.005600
0.646400 0.186400 0.012800
0.748000 0.186400 0.008800
0.708800 0.204000 0.007200
0.217600 0.205600 0.027200
0.247200 0.205600 0.019200
0.183200 0.206400 0.038400
0.269600 0.207200 0.013600
0.285600 0.207200 0.011200
0.167200 0.208000 0.028800
0.298400 0.208000 0.024800
0.317600 0.208800 0.027200
0.326400 0.209600 0.022400
0.357600 0.213600 0.024800
0.376000 0.213600 0.013600
0.394400 0.213600 0.022400
0.470400 0.214400 0.016800
0.834400 0.214400 0.030400
0.408800 0.215200 0.011200
0.439200 0.215200 0.008800
0.823200 0.215200 0.022400
0.423200 0.216000 0.011200
0.698400 0.216000 0.024800
0.846400 0.216000 0.030400
0.452800 0.216800 0.011200
0.498400 0.216800 0.020000
0.797600 0.216800 0.030400
0.530400 0.217600 0.030400
0.772000 0.217600 0.032800
0.791200 0.217600 0.030400
0.606400 0.219200 0.028000
0.590400 0.220000 0.011200
0.617600 0.220000 0.008000
0.627200 0.220000 0.008000
0.638400 0.220000 0.008800
0.726400 0.220000 0.021600
0.758400 0.220000 0.027200
0.810400 0.220000 0.030400
0.338400 0.220800 0.008800
0.570400 0.220800 0.030400
0.659200 0.220800 0.019200
0.686400 0.221600 0.024800
0.320800 0.243200 0.009600
0.447200 0.243200 0.004800
0.300800 0.244000 0.005600
0.036000 0.249600 0.021600
0.095200 0.249600 0.013600
0.104800 0.250400 0.019200
0.049600 0.251200 0.011200
0.079200 0.252000 0.008800
0.066400 0.252800 0.008800
0.820000 0.252800 0.007200
0.213600 0.263200 0.019200
0.264800 0.263200 0.036000
0.164800 0.264000 0.027200
0.237600 0.264000 0.019200
0.184000 0.265600 0.016800
0.282400 0.266400 0.013600
0.320000 0.268800 0.015200
0.364000 0.268800 0.033600
0.383200 0.268800 0.036000
0.343200 0.269600 0.016800
0.408000 0.269600 0.019200
0.300800 0.270400 0.011200
0.474400 0.270400 0.004000
0.444000 0.271200 0.027200
0.467200 0.271200 0.030400
0.480000 0.271200 0.011200
0.785600 0.271200 0.026400
0.438400 0.272000 0.022400
0.496800 0.272800 0.013600
0.752800 0.272800 0.024800
0.040800 0.273600 0.013600
0.111200 0.273600 0.013600
0.516800 0.273600 0.013600
0.768800 0.273600 0.008800
0.068000 0.274400 0.011200
0.797600 0.274400 0.034400
0.033600 0.275200 0.012800
0.052000 0.275200 0.013600
0.083200 0.275200 0.011200
0.726400 0.275200 0.016800
0.819200 0.275200 0.013600
0.839200 0.276000 0.032800
0.102400 0.276800 0.012800
0.701600 0.276800 0.019200
0.536800 0.277600 0.016800
0.600800 0.277600 0.011200
0.616800 0.277600 0.011200
0.672000 0.277600 0.024800
0.584000 0.278400 0.032800
0.636000 0.278400 0.030400
0.560800 0.279200 0.013600
0.032000 0.296800 0.008800
0.169600 0.296800 0.015200
0.044000 0.297600 0.008800
0.058400 0.298400 0.011200
0.070400 0.298400 0.016800
0.236800 0.315200 0.030400
0.506400 0.315200 0.011200
0.188000 0.316000 0.022400
0.299200 0.316000 0.008800
0.167200 0.316800 0.024800
0.316800 0.316800 0.016800
0.364800 0.316800 0.013600
0.340000 0.317600 0.016800
0.719200 0.317600 0.019200
0.215200 0.318400 0.019200
0.387200 0.319200 0.016800
0.256800 0.320000 0.016800
0.280800 0.320000 0.024800
0.410400 0.320800 0.016800
0.459200 0.323200 0.019200
0.479200 0.323200 0.019200
0.435200 0.324000 0.016800
0.778400 0.324800 0.011200
0.715200 0.325600 0.022400
0.749600 0.325600 0.021600
0.548000 0.326400 0.016800
0.595200 0.326400 0.016800
0.652800 0.326400 0.019200
0.708000 0.326400 0.023200
0.720000 0.326400 0.019200
0.524800 0.327200 0.016000
0.564000 0.327200 0.030400
0.578400 0.327200 0.020800
0.794400 0.327200 0.013600
0.504000 0.328000 0.008800
0.678400 0.328000 0.016800
0.813600 0.328000 0.016800
0.618400 0.328800 0.016000
0.698400 0.329600 0.016800
0.488800 0.330400 0.010400
0.596000 0.331200 0.013600
0.842400 0.332000 0.024800
0.230400 0.345600 0.012000
0.208800 0.346400 0.011200
0.223200 0.346400 0.005600
0.342400 0.346400 0.004800
0.349600 0.346400 0.005600
0.181600 0.347200 0.009600
0.195200 0.347200 0.010400
0.214400 0.347200 0.011200
0.263200 0.347200 0.008800
0.334400 0.347200 0.013600
0.166400 0.348800 0.011200
0.247200 0.348800 0.012000
0.324000 0.348800 0.008800
0.296800 0.349600 0.007200
0.360800 0.349600 0.008800
0.380000 0.349600 0.004800
0.275200 0.350400 0.008000
0.309600 0.350400 0.010400
0.388000 0.350400 0.011200
0.402400 0.350400 0.010400
0.418400 0.350400 0.008800
0.434400 0.350400 0.009600
0.524000 0.350400 0.008800
0.536800 0.350400 0.010400
0.563200 0.350400 0.008800
0.597600 0.350400 0.009600
0.286400 0.351200 0.007200
0.371200 0.351200 0.008800
0.448000 0.351200 0.008000
0.513600 0.351200 0.014400
0.550400 0.351200 0.010400
0.580800 0.351200 0.011200
0.613600 0.351200 0.011200
0.650400 0.351200 0.012000
0.460000 0.352000 0.008800
0.631200 0.352000 0.011200
0.670400 0.352000 0.012800
0.679200 0.352800 0.016800
0.474400 0.353600 0.008800
0.488000 0.353600 0.011200
0.733600 0.353600 0.015200
0.691200 0.355200 0.011200
0.771200 0.355200 0.008800
0.787200 0.355200 0.011200
0.748000 0.356000 0.011200
0.799200 0.356000 0.022400
0.712000 0.356800 0.013600
0.758400 0.356800 0.018400
0.829600 0.359200 0.008800
0.816000 0.360800 0.022400
0.265600 0.369600 0.011200
0.284800 0.369600 0.009600
0.337600 0.369600 0.015200
0.162400 0.370400 0.016800
0.173600 0.370400 0.011200
0.217600 0.370400 0.011200
0.188000 0.371200 0.008800
0.233600 0.371200 0.011200
0.300800 0.371200 0.010400
0.352800 0.371200 0.011200
0.366400 0.371200 0.008800
0.378400 0.371200 0.008800
0.408000 0.371200 0.012000
0.445600 0.371200 0.011200
0.459200 0.371200 0.007200
0.203200 0.372000 0.011200
0.249600 0.372000 0.008800
0.314400 0.372000 0.011200
0.388800 0.372000 0.013600
0.425600 0.372000 0.011200
0.488000 0.372000 0.006400
0.476800 0.373600 0.008800
0.668000 0.380000 0.008000
0.652000 0.380800 0.018400
0.682400 0.381600 0.019200
0.606400 0.384800 0.013600
0.564000 0.385600 0.013600
0.582400 0.385600 0.028800
0.544800 0.386400 0.013600
0.627200 0.386400 0.016800
0.499200 0.388800 0.019200
0.528000 0.388800 0.016800
0.508800 0.389600 0.019200
0.477600 0.390400 0.016800
0.428800 0.392800 0.013600
0.451200 0.393600 0.016000
0.459200 0.393600 0.016000
0.398400 0.395200 0.016800
0.412800 0.395200 0.012800
