438
438
438
438
438
438
438
438
438
466
466
438
438
438
466
466
438
466
466
466
466
466
466
466
472
472
472
472
472
472
438
438
466
472
472
472
472
438
466
472
472
472
472
472
461
472
472
472
438
438
438
466
438
438
466
466
466
466
466
466
472
472
472
472
438
438
438
466
466
472
472
472
472
472
472
438
438
438
438
466
472
472
472
438
438
438
472
472
440
440
440
440
440
440
440
471
471
472
472
466
472
466
466
472
472
472
472
472
466
466
472
472
466
472
472
439
439
439
439
439
472
472
472
439
440
440
440
440
440
467
467
467
467
467
467
467
463
460
462
465
464
469
470
468
437
437
437
437
437
437
437
437
437
437
437
437
437
437
437
437
437
437
437
437
437
437
437
437
437
437
437
437
437
437
437
437
437
437
437
437
444
444
444
444
443
447
447
447
447
447
447
442
442
445
445
446
441
441
441
437
441
437
437
437
437
441
437
437
437
437
437
437
441
437
437
437
437
437
437
437
437
437
437
437
437
437
437
437
437
437
437
437
437
437
437
437
441
441
441
441
441
441
448
448
451
459
451
448
448
459
451
448
459
459
451
448
459
451
451
451
451
451
451
451
451
451
451
449
448
459
451
451
451
449
450
441
441
441
457
452
441
458
441
441
437
437
437
437
437
437
437
437
437
437
437
437
437
437
437
437
437
437
437
437
437
437
437
437
437
437
441
437
437
437
441
437
437
441
441
453
453
453
453
453
453
453
453
453
454
453
455
456
437
437
437
437
437
437
437
437
437
437
437
437
437
437
437
437
437
437
437
437
437
437
437
437
437
437
437
437
437