0
5
1
1
1
1
1
1
10
1
1
1
12
1
1
1
1
1
1
13
5
1
1
1
1
1
1
1
1
1
1
1
1
1
1
1
1
1
1
1
1
1
1
1
1
1
1
1
1
2
2
2
2
2
2
2
2
2
2
2
2
2
2
2
2
2
2
2
2
2
2
2
2
2
2
2
2
2
2
2
10
2
2
2
2
2
2
2
2
2
2
12
10
3
3
3
3
3
3
10
3
3
3
3
3
3
3
3
3
3
3
3
3
3
3
3
3
3
3
3
3
3
3
3
12
13
3
3
3
3
3
3
3
3
3
3
3
3
3
5
12
4
13
4
4
4
4
10
4
4
4
4
5
13
12
6
6
6
6
6
6
6
6
6
6
16
6
6
6
6
6
6
6
6
10
9
7
7
13
8
8
8
12
5
10
5
13
12
11
11
11
11
11
11
16
11
11
11
11
12
13
11
11
11
11
9
11
5
11
11
11
11
11
11
11
11
10
11
11
11
11
11
11
11
11
12
13
11
14
12
13
10
5
15
15
15
15
15
15
15
15
12
15
10
15
15
15
13
15
15
15
15
15
15
15
15
15
15
15
15
15
15
15
15
15
10
12
13
13
17
17
17
17
12
18
19
10
13
20
21
13
22
22
16
12
22
22
22
22
22
22
22
22
22
22
10
22
22
22
22
22
21
22
22
22
22
22
22
22
22
22
22
22
22
22
16
12
22
22
10
13
12
16
23
24
25
25
25
25
25
25
26
26
26
26
26
26
26
26
26
26
26
26
26
26
26
26
26
26
26
26
27
26
27
26
27
28
28
28
28
29
28
30
30
30
28
28
28
30
30
30
30
30
29
29
29
28
28
28
28
28
30
30
30
28
28
28
30
28
30
30
30
29
30
30
30
32
31
31
31
31
31
31
32
32
31
31
32
32
32
33
33
34
34
34
34
35
34
35
34
35
35
35
35
35
35
35
35
36
36
36
36
36
36
36
36