0.440800 0.040800 0.012800
0.362400 0.042400 0.011200
0.380000 0.042400 0.011200
0.400800 0.042400 0.012800
0.420800 0.042400 0.012800
0.458400 0.043200 0.011200
0.350400 0.046400 0.005600
0.696000 0.048000 0.011200
0.337600 0.048800 0.020000
0.708000 0.049600 0.007200
0.664000 0.050400 0.024000
0.678400 0.050400 0.011200
0.719200 0.051200 0.016800
0.148000 0.054400 0.011200
0.181600 0.055200 0.011200
0.196800 0.055200 0.024800
0.164000 0.056000 0.011200
0.112000 0.056800 0.016800
0.131200 0.058400 0.009600
0.467200 0.058400 0.022400
0.827200 0.059200 0.026400
0.397600 0.061600 0.012800
0.440000 0.061600 0.008800
0.422400 0.063200 0.013600
0.352000 0.064000 0.008000
0.363200 0.065600 0.007200
0.374400 0.065600 0.016800
0.341600 0.067200 0.007200
0.129600 0.088000 0.011200
0.099200 0.091200 0.024800
0.116800 0.091200 0.011200
0.242400 0.092000 0.016800
0.224000 0.093600 0.016000
0.201600 0.095200 0.016800
0.718400 0.113600 0.012800
0.121600 0.116000 0.011200
0.131200 0.116800 0.016800
0.284000 0.119200 0.005600
0.669600 0.120000 0.027200
0.039200 0.129600 0.008800
0.049600 0.129600 0.008800
0.033600 0.130400 0.009600
0.022400 0.131200 0.008800
0.223200 0.132800 0.011200
0.168000 0.133600 0.024800
0.134400 0.135200 0.018400
0.236800 0.135200 0.024800
0.204000 0.136000 0.027200
0.107200 0.137600 0.038400
0.265600 0.139200 0.019200
0.333600 0.140000 0.022400
0.300000 0.140800 0.024800
0.372000 0.141600 0.032800
0.667200 0.141600 0.019200
0.704000 0.141600 0.024800
0.732000 0.141600 0.016800
0.416000 0.142400 0.019200
0.629600 0.142400 0.007200
0.618400 0.143200 0.019200
0.640800 0.143200 0.016800
0.751200 0.143200 0.011200
0.858400 0.143200 0.024800
0.397600 0.144000 0.013600
0.441600 0.144000 0.024800
0.585600 0.144000 0.024800
0.825600 0.144000 0.024800
0.051200 0.144800 0.012800
0.452800 0.144800 0.024800
0.551200 0.144800 0.024800
0.770400 0.144800 0.013600
0.790400 0.144800 0.016800
0.020800 0.146400 0.010400
0.043200 0.146400 0.005600
0.060000 0.146400 0.005600
0.036000 0.147200 0.011200
0.479200 0.147200 0.022400
0.515200 0.147200 0.022400
0.319200 0.175200 0.012000
0.253600 0.176000 0.009600
0.193600 0.179200 0.013600
0.268800 0.180000 0.010400
0.160000 0.181600 0.008000
0.298400 0.198400 0.019200
0.389600 0.198400 0.016800
0.557600 0.198400 0.026400
0.563200 0.198400 0.027200
0.240800 0.199200 0.016800
0.327200 0.199200 0.019200
0.524000 0.199200 0.022400
0.600800 0.199200 0.024800
0.666400 0.199200 0.024800
0.216800 0.200000 0.016800
0.409600 0.200000 0.011200
0.447200 0.200000 0.011200
0.681600 0.200000 0.008800
0.189600 0.200800 0.016800
0.267200 0.200800 0.016800
0.168800 0.201600 0.013600
0.359200 0.201600 0.022400
0.428800 0.201600 0.012800
0.492800 0.201600 0.019200
0.635200 0.201600 0.021600
0.704000 0.201600 0.018400
0.751200 0.201600 0.013600
0.469600 0.202400 0.014400
0.108000 0.203200 0.027200
0.844000 0.203200 0.019200
0.772000 0.204000 0.016800
0.865600 0.204000 0.038400
0.140000 0.204800 0.022400
0.731200 0.204800 0.016800
0.803200 0.204800 0.024800
0.131200 0.236800 0.008800
0.340000 0.241600 0.009600
0.289600 0.256000 0.005600
0.182400 0.256800 0.027200
0.310400 0.256800 0.004000
0.823200 0.257600 0.008000
0.144000 0.258400 0.019200
0.217600 0.258400 0.021600
0.371200 0.258400 0.011200
0.643200 0.258400 0.016800
0.248000 0.259200 0.016800
0.395200 0.259200 0.016800
0.661600 0.259200 0.013600
0.275200 0.260000 0.019200
0.116000 0.260800 0.038400
0.296800 0.260800 0.005600
0.324800 0.260800 0.024000
0.355200 0.260800 0.024800
0.428800 0.261600 0.024000
0.468800 0.261600 0.022400
0.530400 0.261600 0.019200
0.836000 0.261600 0.011200
0.499200 0.262400 0.019200
0.854400 0.262400 0.028800
0.562400 0.263200 0.019200
0.684800 0.263200 0.018400
0.712000 0.263200 0.019200
0.741600 0.263200 0.019200
0.775200 0.263200 0.022400
0.806400 0.263200 0.022400
0.866400 0.263200 0.024800
0.591200 0.265600 0.016800
0.616000 0.265600 0.018400
0.628000 0.281600 0.009600
0.408000 0.282400 0.007200
0.265600 0.283200 0.020000
0.368800 0.284000 0.008800
0.396000 0.284000 0.008000
0.416800 0.284000 0.014400
0.382400 0.284800 0.008800
0.226400 0.287200 0.011200
0.239200 0.287200 0.008800
0.253600 0.288000 0.011200
0.106400 0.292000 0.008800
0.171200 0.301600 0.011200
0.464800 0.302400 0.009600
0.800000 0.302400 0.013600
0.500000 0.305600 0.007200
0.513600 0.307200 0.018400
0.075200 0.313600 0.016800
0.065600 0.316000 0.024800
0.331200 0.316800 0.022400
0.050400 0.317600 0.011200
0.143200 0.319200 0.027200
0.022400 0.320000 0.020800
0.033600 0.320000 0.011200
0.444000 0.320000 0.022400
0.104800 0.320800 0.022400
0.136000 0.320800 0.022400
0.172000 0.321600 0.018400
0.365600 0.321600 0.022400
0.486400 0.321600 0.022400
0.292800 0.322400 0.024800
0.370400 0.322400 0.027200
0.399200 0.323200 0.027200
0.413600 0.323200 0.030400
0.200000 0.324000 0.019200
0.824800 0.324000 0.016800
0.512000 0.324800 0.015200
0.536800 0.324800 0.016800
0.669600 0.324800 0.016800
0.708800 0.324800 0.008800
0.800000 0.324800 0.016800
0.855200 0.324800 0.040000
0.231200 0.325600 0.019200
0.576000 0.325600 0.030400
0.602400 0.325600 0.019200
0.648000 0.325600 0.008800
0.737600 0.325600 0.027200
0.563200 0.326400 0.027200
0.770400 0.326400 0.024800
0.260800 0.328000 0.019200
0.632000 0.328000 0.026400
0.694400 0.328000 0.013600
0.448000 0.349600 0.008800
0.457600 0.349600 0.008800
0.470400 0.351200 0.008800
0.498400 0.351200 0.008800
0.520800 0.351200 0.010400
0.484000 0.352000 0.008800
0.509600 0.352000 0.007200
0.470400 0.371200 0.008800
0.525600 0.371200 0.011200
0.456800 0.372800 0.011200
0.483200 0.372800 0.008800
0.508000 0.373600 0.016000
0.496800 0.374400 0.008800
0.481600 0.391200 0.012800
0.473600 0.392000 0.013600
0.455200 0.392800 0.015200
