0.760800 0.056800 0.024000
0.776000 0.057600 0.024800
0.307200 0.065600 0.013600
0.323200 0.066400 0.013600
0.287200 0.067200 0.011200
0.269600 0.068000 0.013600
0.230400 0.072000 0.019200
0.251200 0.072000 0.010400
0.756800 0.086400 0.016800
0.740800 0.088800 0.011200
0.774400 0.088800 0.016800
0.780000 0.088800 0.016800
0.668800 0.089600 0.019200
0.682400 0.089600 0.016800
0.706400 0.089600 0.013600
0.656800 0.090400 0.016800
0.724000 0.090400 0.011200
0.641600 0.092000 0.013600
0.619200 0.092800 0.013600
0.599200 0.093600 0.015200
0.558400 0.095200 0.016800
0.576800 0.095200 0.013600
0.464000 0.096000 0.016800
0.484000 0.096000 0.015200
0.532800 0.096000 0.011200
0.548800 0.096000 0.016800
0.508000 0.096800 0.015200
0.440000 0.100000 0.011200
0.424800 0.100800 0.013600
0.417600 0.102400 0.016000
0.380800 0.103200 0.013600
0.336000 0.104000 0.013600
0.402400 0.104000 0.013600
0.314400 0.104800 0.013600
0.358400 0.104800 0.013600
0.276800 0.108000 0.016800
0.295200 0.108000 0.011200
0.705600 0.113600 0.022400
0.746400 0.113600 0.016800
0.684800 0.114400 0.015200
0.717600 0.114400 0.019200
0.739200 0.115200 0.016800
0.768000 0.116000 0.016000
0.541600 0.116800 0.013600
0.664800 0.116800 0.013600
0.582400 0.117600 0.016800
0.641600 0.117600 0.015200
0.562400 0.118400 0.013600
0.621600 0.118400 0.012800
0.603200 0.119200 0.011200
0.476000 0.120000 0.013600
0.500800 0.120000 0.016800
0.527200 0.120000 0.019200
0.455200 0.120800 0.012800
0.438400 0.121600 0.016800
0.429600 0.123200 0.013600
0.404800 0.124800 0.013600
0.378400 0.125600 0.008800
0.364800 0.126400 0.011200
0.352000 0.127200 0.011200
0.338400 0.128000 0.011200
0.322400 0.128800 0.011200
0.276000 0.131200 0.018400
0.302400 0.131200 0.011200
0.287200 0.132000 0.008800
0.816000 0.154400 0.026400
0.649600 0.156000 0.024800
0.635200 0.157600 0.027200
0.684800 0.157600 0.024800
0.220800 0.158400 0.011200
0.265600 0.158400 0.019200
0.708800 0.158400 0.019200
0.202400 0.160000 0.028800
0.421600 0.160000 0.016800
0.560800 0.160000 0.024800
0.588000 0.160000 0.027200
0.784800 0.160000 0.013600
0.802400 0.160000 0.008800
0.239200 0.160800 0.013600
0.766400 0.160800 0.030400
0.479200 0.161600 0.024800
0.365600 0.162400 0.022400
0.445600 0.162400 0.016800
0.548000 0.162400 0.029600
0.572000 0.162400 0.027200
0.602400 0.162400 0.011200
0.736800 0.162400 0.019200
0.396800 0.163200 0.019200
0.470400 0.163200 0.022400
0.620000 0.163200 0.011200
0.343200 0.164000 0.020800
0.505600 0.164000 0.019200
0.529600 0.164000 0.013600
0.297600 0.164800 0.022400
0.314400 0.164800 0.019200
0.680800 0.185600 0.006400
0.648800 0.210400 0.019200
0.537600 0.211200 0.011200
0.556800 0.211200 0.016800
0.772000 0.211200 0.023200
0.668000 0.212000 0.016800
0.700000 0.212000 0.024800
0.717600 0.212000 0.032800
0.804000 0.212000 0.029600
0.348800 0.212800 0.026400
0.522400 0.212800 0.011200
0.589600 0.212800 0.024800
0.359200 0.213600 0.024800
0.621600 0.213600 0.019200
0.495200 0.214400 0.019200
0.506400 0.214400 0.008800
0.756000 0.214400 0.024800
0.294400 0.215200 0.024800
0.316800 0.215200 0.019200
0.474400 0.215200 0.027200
0.200000 0.216000 0.022400
0.262400 0.216000 0.016800
0.744000 0.216000 0.024000
0.215200 0.216800 0.011200
0.232000 0.216800 0.022400
0.390400 0.216800 0.018400
0.460000 0.216800 0.011200
0.244000 0.217600 0.011200
0.284800 0.217600 0.019200
0.436000 0.217600 0.022400
0.793600 0.239200 0.012800
0.784800 0.240000 0.016800
0.239200 0.240800 0.011200
0.247200 0.240800 0.012000
0.207200 0.242400 0.011200
0.222400 0.243200 0.010400
0.772800 0.243200 0.011200
0.252000 0.244000 0.009600
0.180000 0.254400 0.013600
0.159200 0.255200 0.016800
0.088800 0.256000 0.013600
0.109600 0.256000 0.011200
0.144800 0.256000 0.028800
0.071200 0.256800 0.011200
0.080000 0.256800 0.016800
0.126400 0.256800 0.013600
0.682400 0.256800 0.008800
0.038400 0.258400 0.013600
0.052000 0.258400 0.012800
0.094400 0.258400 0.011200
0.390400 0.258400 0.019200
0.436000 0.258400 0.016800
0.519200 0.258400 0.024800
0.532000 0.258400 0.011200
0.714400 0.259200 0.011200
0.286400 0.260000 0.024800
0.636800 0.260000 0.011200
0.731200 0.260000 0.011200
0.300800 0.260800 0.008800
0.672000 0.260800 0.030400
0.700800 0.260800 0.024800
0.416000 0.261600 0.016800
0.605600 0.261600 0.008800
0.652000 0.261600 0.027200
0.620000 0.262400 0.011200
0.359200 0.263200 0.022400
0.554400 0.263200 0.016800
0.574400 0.263200 0.011200
0.712800 0.263200 0.027200
0.497600 0.264000 0.019200
0.744000 0.264000 0.008800
0.767200 0.264000 0.016800
0.167200 0.264800 0.002400
0.263200 0.264800 0.016800
0.323200 0.264800 0.022400
0.468000 0.264800 0.022400
0.238400 0.265600 0.016800
0.588800 0.265600 0.013600
0.788000 0.265600 0.013600
0.807200 0.265600 0.029600
0.179200 0.268000 0.012800
0.208800 0.268800 0.020800
0.132800 0.269600 0.016000
0.229600 0.269600 0.021600
0.160800 0.270400 0.010400
0.142400 0.271200 0.012800
0.165600 0.272000 0.012800
0.079200 0.275200 0.012800
0.821600 0.275200 0.008800
0.086400 0.276000 0.011200
0.068000 0.276800 0.008800
0.099200 0.276800 0.008800
0.111200 0.276800 0.011200
0.041600 0.280000 0.011200
0.056000 0.280000 0.008800
0.655200 0.287200 0.012800
0.659200 0.292000 0.013600
0.088800 0.295200 0.008800
0.144800 0.295200 0.011200
0.163200 0.295200 0.011200
0.180800 0.295200 0.011200
0.064800 0.296000 0.007200
0.075200 0.296000 0.007200
0.108000 0.296000 0.011200
0.126400 0.296000 0.011200
0.052800 0.297600 0.008000
0.040800 0.298400 0.011200
0.536000 0.308800 0.013600
0.555200 0.308800 0.008800
0.516000 0.309600 0.027200
0.566400 0.310400 0.019200
0.591200 0.310400 0.021600
0.238400 0.312000 0.013600
0.506400 0.312000 0.021600
0.259200 0.312800 0.013600
0.422400 0.312800 0.038400
0.480800 0.312800 0.022400
0.122400 0.313600 0.011200
0.287200 0.313600 0.030400
0.340000 0.313600 0.016800
0.451200 0.313600 0.024800
0.627200 0.313600 0.030400
0.142400 0.314400 0.012800
0.220000 0.314400 0.013600
0.307200 0.314400 0.011200
0.321600 0.314400 0.008800
0.362400 0.314400 0.035200
0.376000 0.314400 0.030400
0.401600 0.314400 0.036000
0.657600 0.314400 0.022400
0.088000 0.315200 0.013600
0.106400 0.315200 0.011200
0.068800 0.316000 0.013600
0.203200 0.316000 0.025600
0.465600 0.316000 0.008800
0.685600 0.316000 0.040000
0.048800 0.317600 0.013600
0.748800 0.317600 0.040000
0.781600 0.317600 0.040000
0.812000 0.317600 0.024800
0.717600 0.322400 0.022400
