22
22
22
22
22
22
22
22
22
22
22
22
22
22
22
22
22
22
22
22
22
22
22
22
22
22
22
22
22
22
22
22
22
22
22
22
22
22
22
22
22
22
22
22
22
22
22
22
22
22
22
22
22
22
22
22
22
22
22
22
22
22
22
22
22
22
22
22
18
22
18
18
18
22
22
22
22
22
22
22
20
20
22
22
22
20
20
20
22
20
20
20
20
20
22
20
20
20
20
20
16
16
20
16
16
20
20
16
16
20
20
20
20
20
21
21
20
20
20
20
20
17
17
17
17
17
17
20
17
17
20
5
0
0
0
0
0
0
0
5
5
5
5
5
5
5
5
5
5
5
5
5
5
5
5
5
5
5
5
5
5
5
5
5
5
5
5
5
5
5
5
5
0
0
0
0
0
0
0
0
0
11
11
11
11
11
11
0
0
0
0
0
0
0
0
11
11
11
11
11
0
12
14
15
13
1
1
1
1
1
1
5
5
5
5
5
5
5
5
5
5
5
5
5
5
5
5
5
5
5
5
5
5
5
5
5
5
5
5
5
5
5
5
1
1
1
1
1
9
9
9
9
9
8
9
8
8
8
8
9
9
8
8
8
9
9
8
9
8
9
8
10
6
6
1
1
1
1
1
7
7
1
1
7
1
5
5
5
5
5
5
5
5
5
5
5
5
5
5
5
5
5
5
5
5
5
5
1
5
5
5
5
5
5
5
5
5
5
1
1
1
5
5
5
5
5
5
5
5
5
5
5
5
5
5
5
5
5
5
5
5
5
5
5
5
5
5
5
5
5
5
5
5
5
5
5
3