274.000000 62.000000 14.000000
294.000000 62.000000 13.000000
313.000000 62.000000 11.000000
331.000000 63.000000 28.000000
255.000000 66.000000 11.000000
233.000000 67.000000 31.000000
1073.000000 67.000000 31.000000
1091.000000 67.000000 34.000000
683.000000 105.000000 7.000000
707.000000 105.000000 11.000000
726.000000 105.000000 14.000000
746.000000 105.000000 16.000000
670.000000 106.000000 21.000000
694.000000 106.000000 21.000000
1139.000000 107.000000 38.000000
1155.000000 107.000000 28.000000
1115.000000 108.000000 17.000000
985.000000 109.000000 16.000000
1009.000000 109.000000 17.000000
1084.000000 109.000000 21.000000
649.000000 110.000000 17.000000
1042.000000 110.000000 21.000000
1056.000000 110.000000 11.000000
1186.000000 110.000000 28.000000
612.000000 111.000000 17.000000
1022.000000 111.000000 29.000000
631.000000 112.000000 29.000000
892.000000 112.000000 21.000000
957.000000 112.000000 19.000000
770.000000 113.000000 17.000000
866.000000 113.000000 20.000000
811.000000 114.000000 17.000000
876.000000 114.000000 17.000000
838.000000 115.000000 21.000000
851.000000 115.000000 21.000000
903.000000 115.000000 17.000000
789.000000 116.000000 15.000000
935.000000 116.000000 14.000000
1019.000000 138.000000 17.000000
1042.000000 140.000000 17.000000
1094.000000 140.000000 21.000000
831.000000 141.000000 17.000000
922.000000 141.000000 17.000000
965.000000 141.000000 17.000000
1070.000000 141.000000 19.000000
788.000000 142.000000 17.000000
892.000000 142.000000 17.000000
940.000000 142.000000 16.000000
991.000000 142.000000 21.000000
778.000000 143.000000 14.000000
810.000000 143.000000 14.000000
868.000000 143.000000 17.000000
730.000000 146.000000 23.000000
654.000000 147.000000 17.000000
699.000000 147.000000 9.000000
712.000000 147.000000 23.000000
757.000000 147.000000 14.000000
634.000000 148.000000 14.000000
683.000000 148.000000 21.000000
743.000000 148.000000 11.000000
615.000000 151.000000 26.000000
809.000000 167.000000 8.000000
480.000000 179.000000 14.000000
464.000000 180.000000 14.000000
444.000000 182.000000 41.000000
220.000000 183.000000 48.000000
417.000000 183.000000 17.000000
500.000000 183.000000 11.000000
564.000000 183.000000 35.000000
519.000000 184.000000 14.000000
543.000000 185.000000 14.000000
282.000000 186.000000 34.000000
737.000000 186.000000 21.000000
743.000000 186.000000 28.000000
255.000000 187.000000 24.000000
361.000000 187.000000 24.000000
396.000000 187.000000 17.000000
605.000000 187.000000 21.000000
714.000000 187.000000 14.000000
577.000000 188.000000 28.000000
326.000000 189.000000 25.000000
693.000000 189.000000 30.000000
768.000000 189.000000 38.000000
939.000000 189.000000 31.000000
791.000000 190.000000 34.000000
857.000000 190.000000 38.000000
896.000000 190.000000 21.000000
639.000000 191.000000 24.000000
831.000000 191.000000 28.000000
677.000000 192.000000 26.000000
940.000000 194.000000 34.000000
972.000000 195.000000 24.000000
1007.000000 195.000000 34.000000
681.000000 229.000000 12.000000
670.000000 234.000000 8.000000
657.000000 250.000000 28.000000
219.000000 252.000000 34.000000
240.000000 252.000000 14.000000
295.000000 252.000000 28.000000
317.000000 252.000000 7.000000
333.000000 252.000000 34.000000
447.000000 252.000000 28.000000
568.000000 252.000000 28.000000
638.000000 252.000000 21.000000
262.000000 253.000000 21.000000
340.000000 253.000000 31.000000
349.000000 253.000000 38.000000
489.000000 253.000000 21.000000
560.000000 253.000000 24.000000
604.000000 253.000000 24.000000
376.000000 254.000000 17.000000
417.000000 254.000000 17.000000
521.000000 255.000000 21.000000
397.000000 256.000000 14.000000
699.000000 256.000000 23.000000
726.000000 256.000000 21.000000
940.000000 257.000000 30.000000
605.000000 258.000000 24.000000
767.000000 258.000000 39.000000
787.000000 258.000000 21.000000
884.000000 258.000000 21.000000
925.000000 258.000000 30.000000
964.000000 260.000000 24.000000
899.000000 262.000000 24.000000
1008.000000 262.000000 28.000000
820.000000 263.000000 20.000000
893.000000 264.000000 25.000000
913.000000 264.000000 6.000000
973.000000 265.000000 21.000000
853.000000 266.000000 21.000000
757.000000 280.000000 17.000000
734.000000 281.000000 11.000000
684.000000 282.000000 7.000000
694.000000 282.000000 14.000000
718.000000 282.000000 14.000000
673.000000 283.000000 9.000000
783.000000 284.000000 11.000000
525.000000 285.000000 10.000000
536.000000 285.000000 17.000000
561.000000 285.000000 12.000000
623.000000 285.000000 11.000000
484.000000 286.000000 14.000000
581.000000 286.000000 11.000000
800.000000 286.000000 13.000000
612.000000 287.000000 11.000000
642.000000 287.000000 14.000000
658.000000 287.000000 11.000000
819.000000 287.000000 12.000000
597.000000 288.000000 9.000000
504.000000 289.000000 14.000000
838.000000 289.000000 11.000000
879.000000 289.000000 14.000000
896.000000 291.000000 11.000000
1059.000000 291.000000 17.000000
857.000000 292.000000 13.000000
953.000000 292.000000 11.000000
973.000000 292.000000 14.000000
989.000000 292.000000 11.000000
1048.000000 292.000000 17.000000
1079.000000 292.000000 14.000000
915.000000 293.000000 11.000000
933.000000 293.000000 11.000000
1007.000000 294.000000 14.000000
1099.000000 294.000000 13.000000
1116.000000 294.000000 11.000000
1132.000000 294.000000 11.000000
1147.000000 294.000000 21.000000
1157.000000 294.000000 16.000000
1027.000000 295.000000 14.000000
1194.000000 296.000000 10.000000
1180.000000 297.000000 17.000000
1180.000000 302.000000 50.000000
1083.000000 317.000000 11.000000
1094.000000 318.000000 19.000000
1106.000000 318.000000 7.000000
1159.000000 318.000000 14.000000
1174.000000 318.000000 26.000000
1068.000000 319.000000 14.000000
1209.000000 319.000000 19.000000
1042.000000 320.000000 17.000000
606.000000 321.000000 23.000000
698.000000 321.000000 31.000000
1118.000000 321.000000 17.000000
1137.000000 321.000000 14.000000
509.000000 322.000000 17.000000
452.000000 323.000000 21.000000
733.000000 323.000000 28.000000
489.000000 324.000000 24.000000
575.000000 324.000000 31.000000
677.000000 324.000000 34.000000
716.000000 324.000000 38.000000
368.000000 325.000000 28.000000
428.000000 325.000000 14.000000
640.000000 325.000000 23.000000
400.000000 326.000000 21.000000
559.000000 326.000000 31.000000
305.000000 327.000000 36.000000
324.000000 327.000000 41.000000
810.000000 327.000000 14.000000
265.000000 328.000000 50.000000
528.000000 328.000000 31.000000
746.000000 328.000000 14.000000
232.000000 331.000000 47.000000
764.000000 331.000000 14.000000
788.000000 331.000000 17.000000
997.000000 331.000000 24.000000
226.000000 332.000000 48.000000
735.000000 332.000000 40.000000
828.000000 332.000000 34.000000
854.000000 332.000000 17.000000
911.000000 332.000000 24.000000
921.000000 332.000000 28.000000
878.000000 333.000000 21.000000
952.000000 334.000000 28.000000
203.000000 343.000000 35.000000
391.000000 363.000000 11.000000
373.000000 381.000000 28.000000
365.000000 383.000000 21.000000
389.000000 385.000000 11.000000
338.000000 386.000000 21.000000
621.000000 386.000000 34.000000
312.000000 388.000000 28.000000
536.000000 388.000000 28.000000
414.000000 389.000000 21.000000
456.000000 389.000000 17.000000
569.000000 389.000000 28.000000
218.000000 390.000000 38.000000
274.000000 390.000000 24.000000
434.000000 390.000000 14.000000
481.000000 391.000000 17.000000
605.000000 391.000000 34.000000
659.000000 391.000000 28.000000
236.000000 392.000000 38.000000
504.000000 392.000000 17.000000
526.000000 392.000000 38.000000
695.000000 392.000000 24.000000
844.000000 392.000000 34.000000
724.000000 395.000000 31.000000
873.000000 395.000000 24.000000
737.000000 396.000000 28.000000
768.000000 396.000000 24.000000
803.000000 396.000000 24.000000
832.000000 396.000000 34.000000
796.000000 397.000000 31.000000
880.000000 397.000000 31.000000
910.000000 398.000000 21.000000
998.000000 400.000000 31.000000
986.000000 402.000000 43.000000
958.000000 404.000000 19.000000
936.000000 405.000000 14.000000
495.000000 416.000000 8.000000
581.000000 437.000000 11.000000
555.000000 439.000000 20.000000
