0.266400 0.034400 0.015200
0.362400 0.035200 0.016000
0.240000 0.036000 0.013600
0.261600 0.036000 0.013600
0.355200 0.036800 0.022400
0.440800 0.036800 0.006400
0.383200 0.037600 0.015200
0.476000 0.037600 0.016800
0.624000 0.037600 0.013600
0.140800 0.038400 0.011200
0.153600 0.038400 0.008800
0.222400 0.038400 0.012800
0.340800 0.038400 0.011200
0.553600 0.038400 0.013600
0.165600 0.039200 0.009600
0.201600 0.039200 0.011200
0.216000 0.039200 0.013600
0.283200 0.039200 0.011200
0.321600 0.039200 0.013600
0.500800 0.039200 0.011200
0.514400 0.039200 0.011200
0.619200 0.039200 0.008800
0.129600 0.040000 0.008800
0.431200 0.040000 0.005600
0.529600 0.040000 0.016000
0.569600 0.040000 0.011200
0.587200 0.040000 0.011200
0.605600 0.040000 0.011200
0.093600 0.040800 0.011200
0.119200 0.040800 0.016800
0.182400 0.040800 0.011200
0.488800 0.040800 0.008800
0.110400 0.041600 0.008800
0.300800 0.041600 0.015200
0.312800 0.041600 0.021600
0.458400 0.041600 0.008800
0.421600 0.052000 0.004000
0.429600 0.054400 0.012800
0.433600 0.054400 0.004000
0.456800 0.054400 0.005600
0.583200 0.057600 0.005600
0.352800 0.058400 0.013600
0.629600 0.058400 0.011200
0.132800 0.059200 0.010400
0.147200 0.059200 0.008800
0.158400 0.059200 0.013600
0.255200 0.059200 0.011200
0.574400 0.059200 0.013600
0.688000 0.059200 0.032000
0.235200 0.060000 0.012800
0.277600 0.060000 0.013600
0.432000 0.060000 0.016800
0.592000 0.060000 0.008800
0.604800 0.060000 0.008800
0.614400 0.060000 0.016800
0.647200 0.060000 0.013600
0.662400 0.060000 0.022400
0.678400 0.060000 0.022400
0.116000 0.060800 0.013600
0.179200 0.060800 0.011200
0.214400 0.060800 0.011200
0.295200 0.060800 0.011200
0.368800 0.060800 0.013600
0.384000 0.060800 0.016800
0.784800 0.060800 0.012800
0.312800 0.061600 0.011200
0.332000 0.061600 0.013600
0.499200 0.061600 0.013600
0.546400 0.061600 0.013600
0.560000 0.061600 0.011200
0.804000 0.061600 0.009600
0.820000 0.061600 0.009600
0.196000 0.062400 0.011200
0.393600 0.062400 0.019200
0.409600 0.062400 0.022400
0.472800 0.062400 0.016800
0.481600 0.062400 0.016800
0.522400 0.062400 0.016000
0.706400 0.062400 0.013600
0.745600 0.062400 0.013600
0.836800 0.062400 0.009600
0.854400 0.062400 0.011200
0.724800 0.063200 0.013600
0.765600 0.064000 0.013600
0.176000 0.084000 0.011200
0.128800 0.084800 0.015200
0.160800 0.084800 0.011200
0.192800 0.084800 0.010400
0.206400 0.085600 0.011200
0.147200 0.086400 0.008800
0.808800 0.087200 0.020000
0.819200 0.088000 0.018400
0.475200 0.096000 0.005600
0.524000 0.096000 0.008800
0.536000 0.096000 0.007200
0.544000 0.096000 0.005600
0.551200 0.096000 0.010400
0.483200 0.096800 0.005600
0.508800 0.096800 0.010400
0.465600 0.097600 0.005600
0.492800 0.097600 0.015200
0.457600 0.098400 0.013600
0.840800 0.108000 0.012800
0.260800 0.108800 0.012800
0.252800 0.110400 0.013600
0.233600 0.112800 0.010400
0.376000 0.114400 0.010400
0.650400 0.114400 0.011200
0.467200 0.118400 0.011200
0.843200 0.129600 0.022400
0.874400 0.130400 0.026400
0.147200 0.131200 0.038400
0.684800 0.131200 0.024800
0.721600 0.131200 0.019200
0.342400 0.132800 0.011200
0.761600 0.132800 0.032800
0.784000 0.132800 0.019200
0.744000 0.133600 0.032800
0.282400 0.134400 0.011200
0.323200 0.134400 0.027200
0.359200 0.134400 0.013600
0.813600 0.134400 0.019200
0.182400 0.135200 0.024800
0.256800 0.136000 0.019200
0.265600 0.136000 0.023200
0.381600 0.136000 0.015200
0.648000 0.136000 0.022400
0.122400 0.136800 0.019200
0.221600 0.136800 0.024800
0.227200 0.136800 0.027200
0.295200 0.136800 0.039200
0.404000 0.137600 0.022400
0.467200 0.137600 0.016800
0.519200 0.137600 0.016800
0.599200 0.137600 0.028800
0.620800 0.137600 0.015200
0.494400 0.138400 0.016800
0.544000 0.138400 0.016800
0.566400 0.138400 0.016800
0.436000 0.140000 0.024800
0.584000 0.140000 0.013600
0.576000 0.141600 0.005600
0.808800 0.160800 0.007200
0.817600 0.160800 0.008800
0.851200 0.164000 0.014400
0.843200 0.168000 0.008800
0.831200 0.168800 0.008000
0.731200 0.173600 0.012800
0.721600 0.175200 0.008800
0.612000 0.176000 0.007200
0.376000 0.176800 0.010400
0.603200 0.177600 0.015200
0.360000 0.180000 0.008800
0.352000 0.180800 0.014400
0.420800 0.180800 0.010400
0.129600 0.182400 0.010400
0.224800 0.182400 0.008800
0.774400 0.188000 0.030400
0.813600 0.188800 0.020800
0.864800 0.188800 0.036000
0.876000 0.189600 0.023200
0.843200 0.192000 0.016800
0.671200 0.192800 0.010400
0.754400 0.192800 0.011200
0.738400 0.194400 0.011200
0.628000 0.195200 0.019200
0.657600 0.195200 0.024800
0.561600 0.196000 0.011200
0.691200 0.196800 0.016000
0.601600 0.197600 0.016800
0.718400 0.197600 0.016800
0.509600 0.198400 0.022400
0.576000 0.198400 0.013600
0.308000 0.199200 0.016800
0.416000 0.199200 0.016000
0.332800 0.200000 0.016000
0.358400 0.200000 0.016000
0.388000 0.200000 0.016000
0.280800 0.200800 0.016800
0.540000 0.200800 0.016800
0.478400 0.201600 0.027200
0.246400 0.202400 0.019200
0.181600 0.204000 0.019200
0.152800 0.204800 0.022400
0.217600 0.204800 0.022400
0.442400 0.205600 0.016800
0.121600 0.208000 0.019200
0.463200 0.209600 0.011200
0.825600 0.218400 0.008800
0.380800 0.221600 0.007200
0.390400 0.221600 0.007200
0.404800 0.221600 0.008800
0.420000 0.221600 0.008800
0.432000 0.221600 0.005600
0.316800 0.223200 0.008800
0.332000 0.223200 0.009600
0.368800 0.223200 0.008800
0.301600 0.224000 0.008800
0.346400 0.224000 0.008800
0.356000 0.224000 0.008800
0.265600 0.224800 0.011200
0.282400 0.224800 0.008000
0.292800 0.224800 0.005600
0.248800 0.227200 0.008000
0.236800 0.229600 0.008000
0.500800 0.233600 0.011200
0.125600 0.236000 0.008000
0.135200 0.236000 0.008800
0.252800 0.240800 0.008000
0.853600 0.241600 0.032800
0.794400 0.244800 0.016800
0.820000 0.245600 0.022400
0.776800 0.246400 0.013600
0.804000 0.246400 0.004800
0.756000 0.248800 0.013600
0.702400 0.249600 0.016800
0.624000 0.250400 0.022400
0.650400 0.251200 0.016800
0.728000 0.251200 0.021600
0.542400 0.252000 0.030400
0.592800 0.252000 0.016800
0.568800 0.252800 0.016800
0.678400 0.252800 0.018400
0.524800 0.253600 0.016800
0.468000 0.254400 0.019200
0.500800 0.254400 0.016000
0.438400 0.256000 0.016800
0.376000 0.258400 0.019200
0.409600 0.258400 0.018400
0.280800 0.259200 0.022400
0.198400 0.260000 0.028800
0.343200 0.260000 0.019200
0.312800 0.261600 0.019200
0.180800 0.263200 0.011200
0.161600 0.264000 0.016800
0.200000 0.264000 0.029600
0.212800 0.264000 0.011200
0.236000 0.264000 0.025600
0.132000 0.264800 0.024800
0.485600 0.277600 0.023200
0.490400 0.277600 0.013600
0.456000 0.280000 0.008800
0.471200 0.280000 0.011200
0.441600 0.281600 0.010400
0.399200 0.282400 0.011200
0.412800 0.282400 0.008800
0.427200 0.282400 0.009600
0.273600 0.306400 0.008000
0.207200 0.309600 0.010400
0.879200 0.312800 0.022400
0.850400 0.316000 0.016800
0.828000 0.316800 0.040000
0.735200 0.320000 0.030400
0.776000 0.320000 0.011200
0.818400 0.320000 0.022400
0.759200 0.320800 0.027200
0.720000 0.322400 0.029600
0.794400 0.322400 0.016800
0.139200 0.323200 0.025600
0.259200 0.323200 0.018400
0.175200 0.324000 0.013600
0.338400 0.324000 0.032000
0.194400 0.324800 0.016000
0.298400 0.324800 0.022400
0.324800 0.324800 0.019200
0.155200 0.325600 0.013600
0.382400 0.325600 0.016800
0.527200 0.325600 0.016800
0.231200 0.326400 0.013600
0.358400 0.326400 0.015200
0.217600 0.327200 0.012800
0.404000 0.327200 0.019200
0.503200 0.327200 0.024800
0.551200 0.327200 0.016800
0.576800 0.327200 0.019200
0.604800 0.330400 0.019200
0.704800 0.330400 0.013600
0.432800 0.331200 0.019200
0.468000 0.331200 0.020800
0.490400 0.331200 0.021600
0.665600 0.332000 0.016800
0.640000 0.332800 0.022400
0.684000 0.333600 0.011200
0.697600 0.333600 0.005600
0.654400 0.334400 0.004000
0.100800 0.350400 0.012000
0.215200 0.351200 0.008800
0.239200 0.351200 0.011200
0.256000 0.351200 0.012800
0.275200 0.351200 0.013600
0.352800 0.351200 0.011200
0.312000 0.352000 0.013600
0.332000 0.352000 0.013600
0.123200 0.352800 0.013600
0.295200 0.352800 0.011200
0.225600 0.353600 0.016000
0.140000 0.354400 0.011200
0.180000 0.354400 0.011200
0.370400 0.355200 0.012800
0.393600 0.355200 0.011200
0.167200 0.356000 0.008800
0.202400 0.356000 0.014400
0.156800 0.356800 0.016800
0.498400 0.360800 0.008800
0.512000 0.360800 0.008800
0.526400 0.360800 0.008800
0.536800 0.360800 0.003200
0.545600 0.360800 0.012800
0.476800 0.361600 0.008800
0.488000 0.361600 0.005600
0.564000 0.361600 0.012000
0.461600 0.362400 0.010400
0.584800 0.362400 0.011200
0.602400 0.362400 0.010400
0.618400 0.362400 0.011200
0.447200 0.363200 0.008800
0.432800 0.364000 0.009600
0.419200 0.365600 0.008000
0.266400 0.367200 0.005600
0.227200 0.374400 0.011200
0.123200 0.375200 0.016000
0.366400 0.375200 0.013600
0.396800 0.375200 0.012800
0.130400 0.376000 0.016800
0.249600 0.376000 0.013600
0.344800 0.376000 0.012800
0.168000 0.376800 0.008800
0.180800 0.376800 0.008800
0.296800 0.376800 0.012800
0.321600 0.376800 0.013600
0.380000 0.376800 0.011200
0.634400 0.376800 0.012800
0.281600 0.377600 0.013600
0.625600 0.378400 0.005600
0.617600 0.379200 0.004800
0.146400 0.380000 0.011200
0.196800 0.380000 0.011200
0.207200 0.380800 0.008000
0.576000 0.380800 0.004800
0.583200 0.380800 0.011200
0.596800 0.380800 0.008800
0.609600 0.381600 0.011200
0.560000 0.382400 0.005600
0.550400 0.383200 0.007200
0.568000 0.383200 0.005600
0.502400 0.384000 0.008800
0.535200 0.384000 0.010400
0.519200 0.384800 0.011200
0.484000 0.385600 0.008800
0.493600 0.385600 0.004800
0.452800 0.387200 0.009600
0.468000 0.387200 0.008800
0.437600 0.388800 0.011200
0.240000 0.395200 0.022400
0.249600 0.396000 0.005600
0.211200 0.396800 0.032800
0.227200 0.397600 0.011200
0.327200 0.397600 0.013600
0.259200 0.398400 0.013600
0.274400 0.398400 0.013600
0.309600 0.398400 0.013600
0.201600 0.400000 0.019200
0.352000 0.400000 0.016800
0.176800 0.400800 0.016800
0.290400 0.400800 0.013600
0.380000 0.400800 0.016800
0.399200 0.400800 0.013600
0.140800 0.401600 0.013600
0.188000 0.401600 0.019200
0.160000 0.402400 0.012800
0.368800 0.402400 0.020000
0.424000 0.402400 0.027200
0.128000 0.403200 0.019200
0.576000 0.403200 0.011200
0.493600 0.405600 0.012000
0.538400 0.405600 0.012800
0.516000 0.406400 0.013600
0.554400 0.406400 0.011200
0.472800 0.407200 0.014400
0.448800 0.409600 0.013600
