85.000000 53.000000 17.000000
59.000000 54.000000 21.000000
102.000000 54.000000 10.000000
1017.000000 68.000000 29.000000
1188.000000 76.000000 9.000000
209.000000 77.000000 14.000000
1167.000000 77.000000 27.000000
232.000000 78.000000 14.000000
254.000000 79.000000 14.000000
273.000000 79.000000 31.000000
1125.000000 79.000000 11.000000
1178.000000 79.000000 5.000000
1150.000000 80.000000 11.000000
163.000000 81.000000 24.000000
188.000000 81.000000 14.000000
1137.000000 81.000000 7.000000
1201.000000 81.000000 19.000000
1091.000000 84.000000 14.000000
1110.000000 84.000000 11.000000
1072.000000 86.000000 16.000000
43.000000 87.000000 19.000000
1045.000000 109.000000 10.000000
1057.000000 109.000000 9.000000
642.000000 110.000000 7.000000
1071.000000 113.000000 9.000000
197.000000 115.000000 13.000000
155.000000 121.000000 10.000000
142.000000 123.000000 50.000000
977.000000 134.000000 34.000000
717.000000 135.000000 31.000000
877.000000 135.000000 14.000000
1015.000000 136.000000 28.000000
760.000000 139.000000 38.000000
955.000000 139.000000 11.000000
859.000000 140.000000 11.000000
903.000000 140.000000 21.000000
567.000000 141.000000 43.000000
677.000000 141.000000 24.000000
785.000000 141.000000 14.000000
936.000000 141.000000 28.000000
141.000000 142.000000 50.000000
1058.000000 142.000000 28.000000
513.000000 143.000000 14.000000
815.000000 143.000000 24.000000
845.000000 143.000000 24.000000
171.000000 144.000000 24.000000
359.000000 144.000000 28.000000
496.000000 144.000000 8.000000
642.000000 144.000000 22.000000
207.000000 145.000000 17.000000
538.000000 145.000000 17.000000
263.000000 146.000000 28.000000
314.000000 146.000000 31.000000
480.000000 146.000000 24.000000
257.000000 147.000000 38.000000
270.000000 147.000000 31.000000
401.000000 147.000000 34.000000
419.000000 147.000000 45.000000
616.000000 147.000000 14.000000
450.000000 148.000000 21.000000
600.000000 148.000000 11.000000
229.000000 151.000000 14.000000
628.000000 168.000000 6.000000
637.000000 169.000000 4.000000
1033.000000 169.000000 14.000000
1004.000000 193.000000 13.000000
32.000000 200.000000 21.000000
43.000000 200.000000 24.000000
60.000000 201.000000 11.000000
73.000000 201.000000 9.000000
758.000000 213.000000 17.000000
782.000000 213.000000 14.000000
559.000000 215.000000 28.000000
677.000000 215.000000 28.000000
981.000000 216.000000 24.000000
297.000000 217.000000 21.000000
589.000000 217.000000 21.000000
639.000000 217.000000 37.000000
717.000000 217.000000 31.000000
1015.000000 218.000000 21.000000
806.000000 219.000000 21.000000
253.000000 220.000000 31.000000
473.000000 220.000000 28.000000
894.000000 220.000000 38.000000
943.000000 220.000000 34.000000
517.000000 221.000000 28.000000
1047.000000 221.000000 24.000000
323.000000 222.000000 17.000000
354.000000 222.000000 24.000000
396.000000 222.000000 27.000000
1076.000000 223.000000 21.000000
432.000000 224.000000 28.000000
844.000000 224.000000 28.000000
880.000000 225.000000 48.000000
213.000000 227.000000 24.000000
179.000000 230.000000 24.000000
848.000000 230.000000 31.000000
137.000000 231.000000 34.000000
763.000000 260.000000 13.000000
744.000000 261.000000 13.000000
753.000000 261.000000 5.000000
778.000000 261.000000 11.000000
1014.000000 265.000000 14.000000
1006.000000 268.000000 17.000000
770.000000 291.000000 24.000000
1062.000000 291.000000 21.000000
747.000000 292.000000 26.000000
808.000000 292.000000 31.000000
885.000000 293.000000 14.000000
1005.000000 293.000000 34.000000
706.000000 294.000000 31.000000
1032.000000 294.000000 21.000000
209.000000 295.000000 30.000000
959.000000 295.000000 21.000000
991.000000 295.000000 28.000000
596.000000 296.000000 27.000000
857.000000 296.000000 24.000000
934.000000 296.000000 14.000000
664.000000 297.000000 24.000000
912.000000 297.000000 21.000000
284.000000 298.000000 34.000000
533.000000 298.000000 21.000000
633.000000 298.000000 17.000000
248.000000 299.000000 24.000000
561.000000 299.000000 21.000000
1087.000000 299.000000 16.000000
454.000000 300.000000 41.000000
499.000000 300.000000 28.000000
329.000000 301.000000 24.000000
425.000000 301.000000 21.000000
361.000000 302.000000 21.000000
391.000000 302.000000 21.000000
175.000000 303.000000 11.000000
156.000000 304.000000 14.000000
134.000000 307.000000 34.000000
187.000000 308.000000 9.000000
1184.000000 329.000000 7.000000
1195.000000 329.000000 20.000000
1000.000000 330.000000 16.000000
1031.000000 330.000000 7.000000
1093.000000 330.000000 21.000000
1138.000000 330.000000 17.000000
1168.000000 330.000000 21.000000
990.000000 331.000000 13.000000
1021.000000 331.000000 7.000000
1040.000000 331.000000 17.000000
1065.000000 331.000000 11.000000
1081.000000 331.000000 11.000000
794.000000 332.000000 8.000000
872.000000 332.000000 14.000000
878.000000 332.000000 14.000000
891.000000 332.000000 7.000000
945.000000 332.000000 7.000000
957.000000 332.000000 7.000000
982.000000 332.000000 16.000000
1009.000000 332.000000 14.000000
1053.000000 332.000000 17.000000
1111.000000 332.000000 14.000000
1124.000000 332.000000 7.000000
1159.000000 332.000000 31.000000
812.000000 333.000000 11.000000
825.000000 333.000000 11.000000
843.000000 333.000000 11.000000
858.000000 333.000000 10.000000
902.000000 333.000000 7.000000
911.000000 333.000000 16.000000
935.000000 333.000000 16.000000
968.000000 333.000000 10.000000
925.000000 334.000000 17.000000
267.000000 340.000000 13.000000
258.000000 344.000000 6.000000
369.000000 345.000000 12.000000
254.000000 352.000000 5.000000
325.000000 358.000000 11.000000
150.000000 367.000000 41.000000
485.000000 368.000000 38.000000
632.000000 370.000000 38.000000
197.000000 371.000000 28.000000
434.000000 371.000000 28.000000
260.000000 373.000000 21.000000
393.000000 373.000000 24.000000
229.000000 374.000000 17.000000
709.000000 374.000000 14.000000
1086.000000 374.000000 33.000000
504.000000 375.000000 50.000000
542.000000 375.000000 50.000000
583.000000 375.000000 28.000000
679.000000 375.000000 28.000000
1041.000000 375.000000 35.000000
1065.000000 375.000000 14.000000
791.000000 377.000000 21.000000
897.000000 377.000000 37.000000
915.000000 377.000000 41.000000
302.000000 378.000000 34.000000
352.000000 378.000000 36.000000
737.000000 378.000000 11.000000
840.000000 378.000000 34.000000
726.000000 379.000000 8.000000
814.000000 379.000000 16.000000
910.000000 379.000000 50.000000
763.000000 380.000000 21.000000
984.000000 383.000000 38.000000
944.000000 384.000000 24.000000
28.000000 413.000000 30.000000
526.000000 445.000000 34.000000
984.000000 446.000000 16.000000
548.000000 447.000000 16.000000
576.000000 447.000000 19.000000
644.000000 447.000000 16.000000
960.000000 447.000000 14.000000
615.000000 448.000000 18.000000
668.000000 448.000000 17.000000
713.000000 448.000000 17.000000
756.000000 448.000000 17.000000
840.000000 448.000000 14.000000
1008.000000 448.000000 14.000000
512.000000 449.000000 25.000000
693.000000 449.000000 14.000000
779.000000 449.000000 21.000000
814.000000 449.000000 19.000000
869.000000 449.000000 18.000000
933.000000 449.000000 17.000000
1034.000000 449.000000 17.000000
916.000000 450.000000 11.000000
1062.000000 450.000000 14.000000
732.000000 451.000000 14.000000
898.000000 452.000000 17.000000
1084.000000 452.000000 35.000000
1101.000000 457.000000 7.000000
549.000000 475.000000 19.000000
588.000000 476.000000 20.000000
986.000000 476.000000 14.000000
960.000000 477.000000 21.000000
1003.000000 478.000000 11.000000
657.000000 479.000000 17.000000
623.000000 480.000000 18.000000
690.000000 480.000000 17.000000
725.000000 481.000000 20.000000
731.000000 481.000000 19.000000
761.000000 481.000000 14.000000
843.000000 481.000000 11.000000
931.000000 481.000000 11.000000
822.000000 482.000000 14.000000
1026.000000 482.000000 21.000000
1041.000000 482.000000 11.000000
786.000000 483.000000 14.000000
804.000000 483.000000 11.000000
861.000000 485.000000 14.000000
886.000000 485.000000 17.000000
1161.000000 485.000000 28.000000
914.000000 486.000000 16.000000
1062.000000 486.000000 17.000000
1089.000000 492.000000 17.000000
582.000000 504.000000 15.000000
557.000000 505.000000 24.000000
608.000000 506.000000 16.000000
634.000000 507.000000 17.000000
669.000000 507.000000 14.000000
548.000000 509.000000 22.000000
748.000000 511.000000 17.000000
986.000000 511.000000 14.000000
653.000000 512.000000 7.000000
691.000000 512.000000 17.000000
1013.000000 512.000000 21.000000
719.000000 513.000000 17.000000
826.000000 513.000000 17.000000
968.000000 513.000000 11.000000
774.000000 514.000000 14.000000
798.000000 514.000000 16.000000
921.000000 515.000000 14.000000
947.000000 515.000000 17.000000
851.000000 516.000000 16.000000
875.000000 516.000000 14.000000
1031.000000 516.000000 11.000000
1045.000000 517.000000 11.000000
1064.000000 517.000000 14.000000
897.000000 518.000000 16.000000
1083.000000 518.000000 14.000000
1100.000000 522.000000 21.000000
1114.000000 522.000000 9.000000
1129.000000 527.000000 17.000000
1138.000000 528.000000 7.000000
1151.000000 528.000000 31.000000
