0.065600 0.044000 0.019200
0.040000 0.044800 0.017600
0.047200 0.054400 0.007200
0.052000 0.064800 0.008800
0.065600 0.072000 0.021600
0.313600 0.122400 0.011200
0.328000 0.122400 0.024000
0.279200 0.124000 0.011200
0.296000 0.124000 0.011200
0.263200 0.127200 0.009600
0.242400 0.128800 0.018400
0.785600 0.130400 0.026400
0.801600 0.130400 0.030400
0.249600 0.168800 0.022400
0.771200 0.169600 0.011200
0.284000 0.170400 0.030400
0.224800 0.171200 0.022400
0.525600 0.171200 0.022400
0.448000 0.172000 0.013600
0.481600 0.172000 0.007200
0.550400 0.172800 0.040000
0.786400 0.172800 0.011200
0.304800 0.173600 0.012800
0.325600 0.173600 0.032800
0.354400 0.173600 0.016800
0.377600 0.173600 0.022400
0.428000 0.173600 0.013600
0.496800 0.173600 0.011200
0.565600 0.173600 0.006400
0.626400 0.173600 0.036000
0.742400 0.173600 0.024800
0.751200 0.173600 0.030400
0.469600 0.174400 0.019200
0.512800 0.174400 0.011200
0.577600 0.174400 0.040000
0.714400 0.174400 0.020800
0.801600 0.174400 0.024000
0.698400 0.175200 0.022400
0.725600 0.175200 0.024800
0.407200 0.176000 0.016800
0.598400 0.176000 0.038400
0.642400 0.176000 0.013600
0.689600 0.176000 0.016800
0.382400 0.177600 0.022400
0.664800 0.178400 0.016800
0.761600 0.188800 0.010400
0.780000 0.196800 0.008000
0.778400 0.201600 0.008000
0.784800 0.201600 0.003200
0.346400 0.220000 0.022400
0.800000 0.220000 0.032800
0.371200 0.220800 0.019200
0.393600 0.220800 0.016800
0.256000 0.221600 0.022400
0.267200 0.221600 0.024800
0.308800 0.221600 0.021600
0.444000 0.221600 0.013600
0.493600 0.221600 0.022400
0.280000 0.222400 0.016800
0.419200 0.222400 0.018400
0.680000 0.222400 0.027200
0.236000 0.224000 0.030400
0.508000 0.224000 0.019200
0.702400 0.224000 0.016000
0.721600 0.224000 0.024800
0.732800 0.224000 0.024800
0.752800 0.224000 0.016800
0.776000 0.224000 0.013600
0.224800 0.224800 0.024800
0.231200 0.224800 0.024800
0.464800 0.224800 0.016000
0.337600 0.225600 0.019200
0.580000 0.228000 0.017600
0.542400 0.228800 0.020000
0.602400 0.228800 0.013600
0.620800 0.228800 0.011200
0.636000 0.228800 0.022400
0.644000 0.230400 0.016800
0.346400 0.244000 0.004000
0.279200 0.244800 0.008800
0.342400 0.249600 0.003200
0.601600 0.252000 0.008800
0.648800 0.252000 0.008800
0.659200 0.252000 0.008800
0.383200 0.264000 0.022400
0.432800 0.264000 0.022400
0.529600 0.264000 0.016800
0.308000 0.265600 0.008800
0.407200 0.265600 0.016800
0.230400 0.266400 0.026400
0.299200 0.266400 0.006400
0.445600 0.267200 0.016800
0.477600 0.267200 0.021600
0.273600 0.268800 0.022400
0.289600 0.268800 0.027200
0.504800 0.268800 0.016800
0.610400 0.268800 0.022400
0.623200 0.268800 0.024800
0.673600 0.268800 0.021600
0.321600 0.269600 0.008800
0.556000 0.269600 0.016800
0.642400 0.270400 0.026400
0.340000 0.271200 0.011200
0.364000 0.271200 0.019200
0.585600 0.271200 0.018400
0.706400 0.272000 0.019200
0.769600 0.272000 0.013600
0.649600 0.272800 0.016800
0.731200 0.274400 0.013600
0.768000 0.276800 0.013600
0.749600 0.278400 0.011200
0.790400 0.278400 0.031200
0.314400 0.284800 0.005600
0.596800 0.288800 0.004800
0.458400 0.289600 0.009600
0.443200 0.290400 0.008800
0.430400 0.292000 0.008800
0.599200 0.293600 0.008800
0.259200 0.308000 0.030400
0.401600 0.312800 0.019200
0.279200 0.313600 0.016800
0.302400 0.313600 0.030400
0.336800 0.315200 0.019200
0.375200 0.315200 0.022400
0.660000 0.316000 0.030400
0.664800 0.316000 0.016800
0.227200 0.316800 0.024800
0.563200 0.316800 0.027200
0.696000 0.316800 0.008800
0.435200 0.317600 0.019200
0.456800 0.317600 0.040000
0.643200 0.317600 0.012800
0.484000 0.318400 0.012800
0.544800 0.318400 0.011200
0.624000 0.318400 0.013600
0.531200 0.319200 0.030400
0.780800 0.319200 0.011200
0.467200 0.320000 0.030400
0.605600 0.320000 0.035200
0.684000 0.320000 0.032800
0.719200 0.320000 0.030400
0.509600 0.320800 0.019200
0.597600 0.320800 0.038400
0.756800 0.320800 0.019200
0.766400 0.321600 0.022400
0.796000 0.321600 0.024800
0.580000 0.323200 0.011200
0.739200 0.323200 0.016800
0.500800 0.348000 0.015200
0.524000 0.352800 0.011200
0.508800 0.355200 0.022400
