42
42
42
42
42
42
42
42
42
42
42
42
55
55
55
55
55
55
55
55
81
57
42
55
55
55
42
42
42
42
42
42
42
42
42
82
56
82
82
82
82
82
43
43
43
43
43
43
42
42
42
42
42
42
42
42
42
42
61
59
59
59
83
83
83
83
83
83
83
83
64
54
60
54
54
54
63
54
62
54
54
53
41
41
41
41
41
41
41
41
41
41
41
41
41
41
41
41
41
53
41
41
41
41
41
41
41
41
41
41
41
41
80
65
65
65
65
65
65
65
49
65
49
49
49
49
49
49
49
49
65
66
49
41
41
41
41
41
41
41
41
41
41
41
41
41
41
41
41
41
41
48
41
41
41
41
48
48
41
48
41
41
41
41
41
48
48
48
79
67
67
67
67
67
68
69
41
41
41
41
41
41
41
41
41
41
41
41
41
41
41
41
41
41
41
41
41
41
41
41
41
41
41
41
41
41
41
50
50
50
50
50
50
50
52
75
75
75
73
73
73
73
73
73
50
50
50
50
50
76
50
50
76
72
77
78
51
70
70
70
74
71
70
50
50
50
50
50
50
50
50
41
41
41
41
41
41
41
41
41
41
41
41
41
41
41
41
41
41
41
41
41
41
41
41
41
50
41
50
50
50
50
50
50
50
50
46
45
45
45
45
45
45
50
45
45
45
45
45
45
45
45
45
45
50
45
50
50
45
50
50
50
50
50
50
45
45
45
45
45
45
45
45
45
45
45
45
45
45
45
45
45
45
45
45
45
50
50
50
50
50
45
45
45
45
45
45
45
45
45
45
45
45
45
45
45
45
45
45
45
45
45
45
45
45
45
45