0.676800 0.040800 0.008800
0.664000 0.043200 0.008800
0.651200 0.044000 0.008800
0.636800 0.046400 0.009600
0.558400 0.047200 0.010400
0.608800 0.047200 0.010400
0.623200 0.048000 0.008800
0.571200 0.048800 0.007200
0.543200 0.049600 0.011200
0.579200 0.049600 0.013600
0.592800 0.050400 0.008800
0.189600 0.057600 0.011200
0.205600 0.058400 0.011200
0.077600 0.059200 0.028000
0.224000 0.059200 0.011200
0.756000 0.059200 0.008800
0.152000 0.060000 0.019200
0.172000 0.060000 0.011200
0.238400 0.060000 0.024800
0.768000 0.060000 0.007200
0.778400 0.060800 0.007200
0.791200 0.060800 0.008800
0.808800 0.060800 0.011200
0.728000 0.061600 0.008800
0.741600 0.061600 0.009600
0.837600 0.061600 0.013600
0.697600 0.062400 0.011200
0.821600 0.062400 0.008800
0.716000 0.063200 0.011200
0.853600 0.063200 0.008800
0.864800 0.063200 0.019200
0.686400 0.064000 0.005600
0.671200 0.064800 0.011200
0.645600 0.065600 0.005600
0.634400 0.066400 0.008800
0.654400 0.066400 0.008800
0.610400 0.068800 0.005600
0.620800 0.068800 0.008800
0.557600 0.070400 0.008800
0.601600 0.070400 0.013600
0.543200 0.071200 0.011200
0.571200 0.071200 0.009600
0.586400 0.072000 0.010400
0.888000 0.073600 0.008800
0.899200 0.073600 0.023200
0.796000 0.079200 0.007200
0.808800 0.079200 0.011200
0.764800 0.080800 0.010400
0.718400 0.081600 0.011200
0.738400 0.081600 0.016800
0.777600 0.081600 0.005600
0.654400 0.082400 0.008000
0.674400 0.082400 0.008800
0.731200 0.082400 0.012800
0.749600 0.082400 0.008800
0.664800 0.083200 0.005600
0.686400 0.083200 0.007200
0.697600 0.083200 0.011200
0.786400 0.084000 0.014400
0.642400 0.084800 0.016800
0.634400 0.087200 0.013600
0.615200 0.098400 0.008800
0.139200 0.101600 0.024000
0.154400 0.102400 0.011200
0.228000 0.103200 0.020800
0.174400 0.104000 0.013600
0.196000 0.104800 0.019200
0.257600 0.104800 0.013600
0.276800 0.106400 0.013600
0.358400 0.106400 0.022400
0.299200 0.108000 0.019200
0.310400 0.108000 0.030400
0.332000 0.108800 0.019200
0.407200 0.108800 0.013600
0.521600 0.108800 0.019200
0.386400 0.109600 0.013600
0.447200 0.109600 0.032000
0.460000 0.110400 0.024800
0.423200 0.111200 0.016800
0.487200 0.111200 0.019200
0.692000 0.112000 0.022400
0.548000 0.112800 0.013600
0.567200 0.113600 0.013600
0.831200 0.113600 0.019200
0.616000 0.114400 0.021600
0.660000 0.114400 0.020800
0.724800 0.114400 0.013600
0.858400 0.114400 0.019200
0.587200 0.115200 0.016800
0.746400 0.116000 0.016800
0.884000 0.116000 0.016800
0.903200 0.116000 0.032000
0.778400 0.117600 0.021600
0.805600 0.117600 0.022400
0.790400 0.118400 0.027200
0.669600 0.152000 0.011200
0.754400 0.152000 0.010400
0.536000 0.153600 0.008800
0.550400 0.153600 0.008800
0.708000 0.155200 0.022400
0.151200 0.163200 0.040000
0.218400 0.164800 0.022400
0.389600 0.165600 0.013600
0.180800 0.167200 0.022400
0.251200 0.168000 0.015200
0.375200 0.168000 0.027200
0.410400 0.168000 0.013600
0.901600 0.168800 0.038400
0.348800 0.169600 0.030400
0.430400 0.169600 0.013600
0.276000 0.170400 0.015200
0.452000 0.170400 0.013600
0.650400 0.170400 0.020800
0.308800 0.171200 0.027200
0.787200 0.171200 0.005600
0.521600 0.172000 0.003200
0.607200 0.172000 0.030400
0.491200 0.172800 0.013600
0.624800 0.172800 0.011200
0.807200 0.172800 0.027200
0.884000 0.172800 0.030400
0.469600 0.173600 0.013600
0.511200 0.173600 0.016800
0.566400 0.173600 0.019200
0.704800 0.173600 0.018400
0.840800 0.173600 0.022400
0.540800 0.174400 0.011200
0.676800 0.174400 0.016800
0.738400 0.174400 0.016800
0.768000 0.175200 0.017600
0.528800 0.176000 0.028800
0.135200 0.184000 0.010400
0.290400 0.185600 0.007200
0.234400 0.187200 0.008000
0.276800 0.187200 0.009600
0.244800 0.188800 0.007200
0.255200 0.189600 0.015200
0.261600 0.189600 0.011200
0.715200 0.197600 0.005600
0.756000 0.197600 0.008800
0.708000 0.198400 0.004800
0.743200 0.198400 0.008800
0.764800 0.198400 0.015200
0.727200 0.199200 0.009600
0.698400 0.200000 0.007200
0.652000 0.201600 0.011200
0.668800 0.201600 0.011200
0.685600 0.201600 0.010400
0.230400 0.207200 0.011200
0.245600 0.208800 0.009600
0.637600 0.209600 0.008000
0.629600 0.211200 0.008800
0.903200 0.220000 0.033600
0.145600 0.227200 0.036000
0.224000 0.228800 0.022400
0.828800 0.229600 0.019200
0.188800 0.230400 0.032800
0.592800 0.230400 0.027200
0.626400 0.232000 0.022400
0.255200 0.232800 0.016800
0.282400 0.232800 0.019200
0.312000 0.232800 0.019200
0.888800 0.232800 0.027200
0.548000 0.233600 0.024800
0.352800 0.234400 0.026400
0.357600 0.234400 0.020800
0.423200 0.234400 0.019200
0.454400 0.234400 0.019200
0.511200 0.234400 0.019200
0.666400 0.234400 0.021600
0.732800 0.234400 0.023200
0.857600 0.234400 0.021600
0.333600 0.235200 0.011200
0.484000 0.235200 0.019200
0.672000 0.235200 0.022400
0.698400 0.235200 0.019200
0.389600 0.236000 0.022400
0.772000 0.236800 0.019200
0.800800 0.236800 0.019200
0.551200 0.287200 0.024800
0.497600 0.288800 0.022400
0.590400 0.289600 0.019200
0.777600 0.290400 0.024800
0.630400 0.291200 0.032800
0.135200 0.292000 0.011200
0.244000 0.292000 0.022400
0.654400 0.292000 0.016800
0.684800 0.292000 0.015200
0.152000 0.292800 0.012800
0.524000 0.292800 0.016800
0.712800 0.292800 0.016000
0.738400 0.292800 0.019200
0.812800 0.292800 0.022400
0.616800 0.293600 0.030400
0.467200 0.294400 0.019200
0.172000 0.295200 0.011200
0.216000 0.295200 0.016800
0.902400 0.295200 0.011200
0.304000 0.296000 0.016800
0.390400 0.296000 0.016000
0.420800 0.296000 0.016000
0.447200 0.296000 0.016800
0.842400 0.296000 0.019200
0.872000 0.296000 0.022400
0.889600 0.296000 0.005600
0.897600 0.296000 0.019200
0.187200 0.296800 0.008800
0.196800 0.296800 0.008800
0.275200 0.296800 0.019200
0.362400 0.296800 0.018400
0.329600 0.297600 0.016800
0.716800 0.312000 0.007200
0.667200 0.312800 0.008800
0.680000 0.312800 0.008000
0.708800 0.312800 0.004800
0.695200 0.313600 0.010400
0.135200 0.314400 0.016800
0.148000 0.314400 0.010400
0.651200 0.314400 0.008800
0.410400 0.316800 0.008800
0.361600 0.318400 0.010400
0.376800 0.318400 0.009600
0.393600 0.318400 0.010400
0.420800 0.318400 0.005600
0.430400 0.318400 0.012000
0.447200 0.318400 0.008800
0.439200 0.319200 0.003200
0.458400 0.319200 0.007200
0.321600 0.320800 0.011200
0.304800 0.321600 0.008800
0.314400 0.321600 0.004800
0.294400 0.322400 0.008800
0.785600 0.327200 0.016000
0.775200 0.328800 0.006400
0.825600 0.331200 0.011200
0.581600 0.332000 0.008800
0.657600 0.332000 0.008800
0.765600 0.332000 0.007200
0.441600 0.332800 0.008000
0.722400 0.332800 0.015200
0.461600 0.333600 0.008000
0.612000 0.333600 0.010400
0.712800 0.333600 0.008800
0.813600 0.333600 0.011200
0.475200 0.334400 0.009600
0.133600 0.337600 0.007200
0.671200 0.337600 0.013600
0.695200 0.337600 0.011200
0.143200 0.338400 0.008800
0.686400 0.340000 0.005600
0.900000 0.344800 0.010400
0.545600 0.346400 0.016800
0.599200 0.347200 0.016800
0.626400 0.349600 0.016800
0.104800 0.351200 0.022400
0.170400 0.351200 0.022400
0.517600 0.351200 0.019200
0.649600 0.351200 0.013600
0.040000 0.352000 0.008800
0.091200 0.352000 0.011200
0.113600 0.352000 0.016000
0.200800 0.352000 0.016800
0.394400 0.352000 0.020800
0.955200 0.352000 0.008800
0.059200 0.352800 0.013600
0.436000 0.352800 0.027200
0.572000 0.352800 0.016800
0.943200 0.352800 0.016800
0.075200 0.353600 0.011200
0.486400 0.353600 0.016800
0.422400 0.354400 0.021600
0.912000 0.354400 0.008800
0.924800 0.354400 0.008800
0.460000 0.355200 0.015200
0.260800 0.356800 0.019200
0.350400 0.356800 0.019200
0.364000 0.356800 0.019200
0.674400 0.356800 0.015200
0.809600 0.356800 0.017600
0.146400 0.357600 0.030400
0.230400 0.357600 0.020800
0.694400 0.357600 0.011200
0.776000 0.357600 0.019200
0.325600 0.358400 0.024000
0.716000 0.358400 0.016000
0.287200 0.359200 0.019200
0.294400 0.359200 0.022400
0.141600 0.360000 0.018400
0.742400 0.360000 0.019200
0.840800 0.360800 0.022400
0.876000 0.364000 0.027200
0.934400 0.371200 0.013600
0.925600 0.372800 0.008800
0.189600 0.373600 0.009600
0.914400 0.373600 0.016000
0.556800 0.376800 0.012000
0.761600 0.378400 0.010400
0.816800 0.380800 0.007200
0.412800 0.382400 0.012000
0.467200 0.382400 0.007200
0.784000 0.382400 0.005600
0.793600 0.382400 0.008800
0.804000 0.382400 0.011200
0.351200 0.383200 0.011200
0.442400 0.383200 0.008800
0.456000 0.383200 0.008800
0.602400 0.383200 0.008800
0.775200 0.383200 0.007200
0.364000 0.384000 0.008800
0.394400 0.384000 0.009600
0.430400 0.384000 0.008800
0.612800 0.384000 0.008800
0.676000 0.384000 0.016000
0.379200 0.384800 0.011200
0.626400 0.384800 0.009600
0.640800 0.384800 0.008800
0.654400 0.385600 0.011200
0.684000 0.386400 0.013600
0.700800 0.386400 0.008800
0.715200 0.388000 0.011200
0.208800 0.388800 0.008800
0.188800 0.390400 0.008800
0.198400 0.390400 0.007200
0.220800 0.390400 0.017600
0.783200 0.400000 0.008800
0.794400 0.400000 0.007200
0.804800 0.400000 0.016800
0.464000 0.400800 0.008800
0.408000 0.403200 0.011200
0.451200 0.403200 0.008800
0.426400 0.404000 0.008800
0.438400 0.404000 0.008800
0.386400 0.404800 0.008800
0.396800 0.404800 0.005600
0.354400 0.405600 0.012800
0.364000 0.405600 0.005600
0.612800 0.405600 0.011200
0.625600 0.405600 0.008800
0.664000 0.405600 0.013600
0.680800 0.405600 0.008000
0.640800 0.406400 0.010400
0.692800 0.406400 0.008800
0.372000 0.407200 0.012000
0.654400 0.407200 0.008800
0.359200 0.424000 0.011200
0.406400 0.424000 0.013600
0.387200 0.424800 0.008800
0.374400 0.425600 0.008000
0.417600 0.425600 0.022400
0.425600 0.425600 0.011200
