0.281600 0.104000 0.011200
0.245600 0.104800 0.011200
0.263200 0.104800 0.011200
0.297600 0.104800 0.013600
0.208000 0.108000 0.019200
0.228000 0.108000 0.011200
0.763200 0.116800 0.023200
0.776800 0.119200 0.027200
0.408000 0.132800 0.011200
0.396800 0.137600 0.021600
0.237600 0.153600 0.024800
0.216000 0.154400 0.016800
0.279200 0.154400 0.027200
0.376800 0.154400 0.032800
0.195200 0.155200 0.027200
0.225600 0.155200 0.008800
0.298400 0.155200 0.011200
0.349600 0.155200 0.011200
0.520800 0.155200 0.024800
0.313600 0.156000 0.027200
0.364000 0.156000 0.011200
0.425600 0.156000 0.025600
0.595200 0.156000 0.032800
0.337600 0.156800 0.022400
0.391200 0.156800 0.024800
0.490400 0.156800 0.013600
0.548000 0.156800 0.036000
0.568000 0.156800 0.011200
0.704000 0.157600 0.032800
0.748000 0.157600 0.008800
0.776000 0.157600 0.011200
0.466400 0.158400 0.022400
0.508800 0.160000 0.030400
0.724800 0.160000 0.019200
0.688800 0.160800 0.030400
0.740800 0.160800 0.005600
0.761600 0.161600 0.010400
0.775200 0.161600 0.011200
0.801600 0.161600 0.022400
0.634400 0.163200 0.027200
0.658400 0.163200 0.024800
0.792000 0.163200 0.027200
0.776800 0.184000 0.011200
0.581600 0.200000 0.016800
0.588800 0.200000 0.016800
0.683200 0.200000 0.009600
0.732000 0.200000 0.013600
0.328800 0.208000 0.008800
0.263200 0.208800 0.020000
0.312800 0.208800 0.013600
0.410400 0.209600 0.008800
0.345600 0.210400 0.011200
0.188800 0.211200 0.036000
0.195200 0.211200 0.032800
0.290400 0.211200 0.016800
0.360800 0.211200 0.011200
0.236800 0.212000 0.016800
0.216000 0.212800 0.013600
0.376800 0.212800 0.011200
0.392800 0.212800 0.027200
0.429600 0.213600 0.016800
0.482400 0.217600 0.019200
0.504000 0.217600 0.036000
0.532000 0.217600 0.024800
0.456000 0.218400 0.013600
0.557600 0.219200 0.016800
0.776000 0.219200 0.013600
0.580800 0.220000 0.036000
0.593600 0.220000 0.011200
0.744000 0.220000 0.012000
0.761600 0.220000 0.010400
0.795200 0.220000 0.030400
0.803200 0.220000 0.024800
0.618400 0.220800 0.027200
0.523200 0.221600 0.030400
0.636000 0.221600 0.011200
0.696000 0.221600 0.021600
0.726400 0.221600 0.013600
0.664800 0.223200 0.021600
0.714400 0.240000 0.008000
0.212000 0.263200 0.036000
0.321600 0.263200 0.016800
0.266400 0.264000 0.019200
0.296000 0.264000 0.016800
0.189600 0.264800 0.032800
0.238400 0.264800 0.016800
0.345600 0.264800 0.016800
0.368800 0.264800 0.016800
0.684000 0.264800 0.022400
0.392000 0.265600 0.016800
0.416000 0.265600 0.019200
0.648000 0.265600 0.022400
0.816800 0.265600 0.007200
0.440800 0.266400 0.019200
0.467200 0.266400 0.022400
0.573600 0.266400 0.030400
0.622400 0.266400 0.022400
0.826400 0.266400 0.019200
0.460800 0.267200 0.016800
0.496000 0.267200 0.022400
0.512800 0.267200 0.027200
0.563200 0.267200 0.030400
0.789600 0.267200 0.008800
0.803200 0.267200 0.011200
0.596000 0.268000 0.030400
0.716800 0.268800 0.019200
0.775200 0.268800 0.022400
0.480800 0.269600 0.030400
0.521600 0.269600 0.022400
0.546400 0.269600 0.022400
0.711200 0.270400 0.016800
0.739200 0.270400 0.027200
0.563200 0.271200 0.030400
0.472800 0.293600 0.007200
0.491200 0.295200 0.009600
0.281600 0.304800 0.011200
0.256800 0.307200 0.030400
0.296000 0.307200 0.032800
0.319200 0.307200 0.016800
0.344800 0.307200 0.019200
0.192000 0.308000 0.027200
0.237600 0.308000 0.035200
0.212800 0.310400 0.035200
0.222400 0.310400 0.024800
0.375200 0.310400 0.019200
0.440000 0.310400 0.032000
0.397600 0.312000 0.011200
0.416000 0.312000 0.013600
0.456800 0.313600 0.013600
0.432000 0.314400 0.032800
0.478400 0.314400 0.016800
0.588800 0.315200 0.022400
0.558400 0.316000 0.016800
0.508800 0.317600 0.019200
0.646400 0.317600 0.036000
0.534400 0.318400 0.016800
0.619200 0.318400 0.022400
0.672000 0.320000 0.032800
0.636000 0.320800 0.036000
0.691200 0.324000 0.027200
0.709600 0.324000 0.011200
0.721600 0.324800 0.008800
0.760800 0.325600 0.011200
0.737600 0.326400 0.024800
0.748000 0.326400 0.008800
0.778400 0.326400 0.027200
0.809600 0.326400 0.038400
