0.298400 0.102400 0.011200
0.314400 0.103200 0.013600
0.263200 0.104800 0.013600
0.280800 0.104800 0.011200
0.222400 0.107200 0.019200
0.244000 0.107200 0.011200
0.798400 0.120800 0.034400
0.780800 0.122400 0.028000
0.599200 0.130400 0.010400
0.612000 0.132000 0.003200
0.576000 0.132800 0.008800
0.588800 0.132800 0.008800
0.243200 0.155200 0.019200
0.376800 0.155200 0.015200
0.216800 0.156000 0.038400
0.337600 0.156000 0.030400
0.359200 0.156800 0.008800
0.488000 0.156800 0.007200
0.497600 0.156800 0.005600
0.477600 0.157600 0.026400
0.545600 0.157600 0.027200
0.615200 0.157600 0.019200
0.422400 0.158400 0.016800
0.463200 0.158400 0.013600
0.506400 0.158400 0.015200
0.346400 0.159200 0.008800
0.446400 0.159200 0.013600
0.647200 0.159200 0.022400
0.282400 0.160000 0.011200
0.304000 0.160000 0.016800
0.326400 0.160000 0.028800
0.400000 0.160000 0.013600
0.570400 0.160000 0.008800
0.587200 0.160000 0.022400
0.710400 0.161600 0.022400
0.267200 0.162400 0.032800
0.679200 0.162400 0.022400
0.736000 0.162400 0.019200
0.760000 0.162400 0.040000
0.781600 0.169600 0.032000
0.827200 0.172800 0.023200
0.468000 0.181600 0.008800
0.524800 0.188000 0.011200
0.506400 0.188800 0.012800
0.514400 0.190400 0.017600
0.330400 0.196800 0.013600
0.351200 0.213600 0.035200
0.375200 0.213600 0.036000
0.368000 0.216800 0.030400
0.400000 0.216800 0.032800
0.435200 0.216800 0.027200
0.420800 0.218400 0.030400
0.463200 0.218400 0.019200
0.605600 0.218400 0.027200
0.236800 0.219200 0.040000
0.242400 0.220000 0.019200
0.269600 0.220000 0.019200
0.332000 0.220000 0.016800
0.518400 0.220000 0.022400
0.553600 0.220000 0.030400
0.569600 0.220000 0.030400
0.598400 0.220000 0.034400
0.620000 0.220000 0.038400
0.213600 0.220800 0.027200
0.588000 0.220800 0.024800
0.306400 0.221600 0.022400
0.488800 0.222400 0.019200
0.644000 0.224000 0.019200
0.704000 0.225600 0.019200
0.674400 0.227200 0.019200
0.725600 0.227200 0.019200
0.750400 0.228000 0.013600
0.764800 0.228000 0.008800
0.832800 0.229600 0.024800
0.788000 0.230400 0.028800
0.803200 0.231200 0.032800
0.311200 0.273600 0.024800
0.476000 0.274400 0.022400
0.527200 0.274400 0.013600
0.345600 0.275200 0.018400
0.400800 0.275200 0.019200
0.504000 0.275200 0.016800
0.576800 0.275200 0.016800
0.322400 0.276000 0.022400
0.376800 0.276000 0.019200
0.442400 0.276000 0.027200
0.470400 0.276000 0.022400
0.550400 0.276000 0.016800
0.277600 0.276800 0.032000
0.296000 0.276800 0.030400
0.599200 0.276800 0.016800
0.259200 0.277600 0.027200
0.619200 0.277600 0.011200
0.287200 0.278400 0.019200
0.654400 0.278400 0.030400
0.632000 0.279200 0.024800
0.223200 0.280800 0.027200
0.668000 0.280800 0.028800
0.716800 0.282400 0.022400
0.692000 0.283200 0.016800
0.785600 0.284800 0.022400
0.808000 0.284800 0.024800
0.820800 0.284800 0.024800
0.751200 0.286400 0.016800
0.847200 0.286400 0.022400
0.317600 0.322400 0.019200
0.345600 0.324000 0.022400
0.262400 0.325600 0.022400
0.416000 0.325600 0.019200
0.292000 0.326400 0.016800
0.317600 0.326400 0.019200
0.228800 0.327200 0.022400
0.550400 0.327200 0.013600
0.390400 0.328000 0.030400
0.443200 0.328000 0.016800
0.572000 0.328800 0.032800
0.683200 0.329600 0.008800
0.584000 0.330400 0.008800
0.616800 0.330400 0.022400
0.493600 0.331200 0.022400
0.549600 0.332000 0.015200
0.646400 0.332000 0.016800
0.526400 0.332800 0.019200
0.668800 0.332800 0.038400
0.464800 0.333600 0.016800
0.700800 0.333600 0.013600
0.761600 0.335200 0.019200
0.786400 0.335200 0.016800
0.812000 0.335200 0.040000
0.716800 0.338400 0.011200
0.827200 0.338400 0.031200
0.736000 0.339200 0.013600
