160.000000 48.000000 8.000000
174.000000 48.000000 21.000000
233.000000 50.000000 28.000000
252.000000 50.000000 14.000000
307.000000 52.000000 11.000000
323.000000 52.000000 11.000000
272.000000 53.000000 14.000000
293.000000 53.000000 11.000000
81.000000 54.000000 23.000000
340.000000 54.000000 11.000000
1038.000000 54.000000 18.000000
359.000000 55.000000 12.000000
112.000000 56.000000 21.000000
374.000000 56.000000 11.000000
406.000000 56.000000 11.000000
390.000000 57.000000 12.000000
1027.000000 57.000000 7.000000
462.000000 58.000000 14.000000
994.000000 58.000000 16.000000
143.000000 59.000000 14.000000
171.000000 59.000000 4.000000
422.000000 59.000000 14.000000
480.000000 59.000000 31.000000
573.000000 59.000000 16.000000
926.000000 59.000000 14.000000
1014.000000 59.000000 17.000000
446.000000 60.000000 14.000000
548.000000 60.000000 14.000000
941.000000 60.000000 9.000000
964.000000 60.000000 16.000000
906.000000 61.000000 14.000000
490.000000 62.000000 20.000000
596.000000 62.000000 14.000000
630.000000 62.000000 5.000000
667.000000 62.000000 14.000000
704.000000 62.000000 14.000000
729.000000 62.000000 14.000000
836.000000 62.000000 14.000000
858.000000 62.000000 14.000000
516.000000 63.000000 11.000000
617.000000 63.000000 14.000000
642.000000 63.000000 16.000000
686.000000 63.000000 11.000000
883.000000 63.000000 14.000000
748.000000 64.000000 14.000000
787.000000 64.000000 11.000000
770.000000 66.000000 14.000000
806.000000 66.000000 14.000000
531.000000 67.000000 9.000000
503.000000 73.000000 4.000000
222.000000 80.000000 14.000000
262.000000 80.000000 13.000000
283.000000 80.000000 14.000000
358.000000 80.000000 14.000000
382.000000 80.000000 14.000000
415.000000 80.000000 13.000000
504.000000 80.000000 19.000000
304.000000 81.000000 14.000000
399.000000 81.000000 7.000000
476.000000 81.000000 11.000000
241.000000 82.000000 14.000000
442.000000 82.000000 14.000000
325.000000 83.000000 14.000000
461.000000 83.000000 10.000000
881.000000 83.000000 14.000000
950.000000 83.000000 16.000000
546.000000 84.000000 13.000000
567.000000 85.000000 14.000000
596.000000 85.000000 14.000000
617.000000 85.000000 11.000000
903.000000 85.000000 12.000000
923.000000 85.000000 13.000000
1015.000000 85.000000 13.000000
673.000000 86.000000 13.000000
842.000000 86.000000 13.000000
858.000000 86.000000 11.000000
974.000000 86.000000 14.000000
648.000000 87.000000 14.000000
693.000000 87.000000 11.000000
994.000000 87.000000 14.000000
76.000000 88.000000 17.000000
1033.000000 88.000000 17.000000
627.000000 89.000000 11.000000
733.000000 89.000000 9.000000
785.000000 89.000000 13.000000
806.000000 89.000000 10.000000
821.000000 89.000000 11.000000
719.000000 90.000000 17.000000
744.000000 90.000000 11.000000
760.000000 90.000000 13.000000
769.000000 91.000000 9.000000
105.000000 95.000000 20.000000
76.000000 100.000000 21.000000
361.000000 105.000000 13.000000
381.000000 105.000000 14.000000
393.000000 105.000000 14.000000
415.000000 105.000000 16.000000
442.000000 105.000000 12.000000
460.000000 106.000000 13.000000
77.000000 107.000000 21.000000
318.000000 107.000000 14.000000
344.000000 107.000000 17.000000
478.000000 107.000000 11.000000
279.000000 109.000000 14.000000
299.000000 109.000000 13.000000
513.000000 109.000000 17.000000
598.000000 109.000000 11.000000
615.000000 109.000000 14.000000
250.000000 110.000000 16.000000
258.000000 110.000000 14.000000
496.000000 110.000000 14.000000
536.000000 110.000000 11.000000
583.000000 110.000000 11.000000
270.000000 111.000000 7.000000
641.000000 111.000000 17.000000
660.000000 111.000000 17.000000
686.000000 111.000000 16.000000
234.000000 112.000000 14.000000
551.000000 112.000000 7.000000
564.000000 112.000000 11.000000
722.000000 112.000000 14.000000
743.000000 114.000000 14.000000
828.000000 114.000000 17.000000
987.000000 114.000000 16.000000
107.000000 115.000000 17.000000
143.000000 115.000000 21.000000
767.000000 115.000000 17.000000
858.000000 115.000000 20.000000
902.000000 115.000000 11.000000
795.000000 116.000000 19.000000
887.000000 116.000000 21.000000
916.000000 116.000000 11.000000
1011.000000 116.000000 14.000000
931.000000 117.000000 11.000000
964.000000 117.000000 14.000000
1030.000000 117.000000 28.000000
809.000000 118.000000 7.000000
874.000000 118.000000 24.000000
947.000000 118.000000 11.000000
173.000000 128.000000 14.000000
106.000000 129.000000 17.000000
368.000000 133.000000 14.000000
140.000000 135.000000 24.000000
253.000000 135.000000 16.000000
400.000000 135.000000 14.000000
344.000000 136.000000 14.000000
421.000000 136.000000 16.000000
78.000000 138.000000 20.000000
225.000000 139.000000 17.000000
276.000000 139.000000 16.000000
300.000000 139.000000 14.000000
320.000000 139.000000 16.000000
171.000000 143.000000 17.000000
140.000000 151.000000 20.000000
109.000000 152.000000 16.000000
576.000000 153.000000 17.000000
616.000000 154.000000 17.000000
638.000000 155.000000 14.000000
528.000000 156.000000 11.000000
548.000000 156.000000 17.000000
595.000000 156.000000 17.000000
511.000000 157.000000 14.000000
491.000000 159.000000 17.000000
464.000000 160.000000 17.000000
374.000000 161.000000 17.000000
47.000000 162.000000 18.000000
333.000000 162.000000 9.000000
345.000000 162.000000 11.000000
396.000000 162.000000 13.000000
417.000000 162.000000 12.000000
439.000000 162.000000 14.000000
276.000000 163.000000 13.000000
299.000000 163.000000 11.000000
319.000000 164.000000 11.000000
79.000000 165.000000 17.000000
198.000000 166.000000 11.000000
252.000000 171.000000 15.000000
242.000000 172.000000 19.000000
143.000000 175.000000 17.000000
532.000000 177.000000 7.000000
522.000000 178.000000 7.000000
547.000000 178.000000 3.000000
109.000000 179.000000 17.000000
172.000000 184.000000 14.000000
79.000000 187.000000 17.000000
173.000000 189.000000 17.000000
142.000000 192.000000 17.000000
112.000000 193.000000 17.000000
267.000000 194.000000 43.000000
283.000000 195.000000 26.000000
445.000000 195.000000 23.000000
246.000000 196.000000 21.000000
320.000000 196.000000 25.000000
410.000000 196.000000 24.000000
46.000000 197.000000 17.000000
306.000000 197.000000 26.000000
397.000000 197.000000 28.000000
373.000000 198.000000 17.000000
911.000000 198.000000 38.000000
111.000000 199.000000 17.000000
144.000000 199.000000 16.000000
460.000000 199.000000 11.000000
348.000000 200.000000 24.000000
993.000000 200.000000 50.000000
957.000000 201.000000 34.000000
198.000000 202.000000 16.000000
1019.000000 202.000000 45.000000
171.000000 203.000000 17.000000
559.000000 203.000000 24.000000
592.000000 203.000000 24.000000
888.000000 203.000000 21.000000
481.000000 204.000000 33.000000
504.000000 204.000000 36.000000
623.000000 204.000000 17.000000
649.000000 204.000000 17.000000
708.000000 204.000000 17.000000
79.000000 205.000000 21.000000
534.000000 206.000000 17.000000
782.000000 206.000000 21.000000
807.000000 206.000000 14.000000
825.000000 206.000000 28.000000
753.000000 207.000000 14.000000
861.000000 207.000000 24.000000
671.000000 210.000000 14.000000
688.000000 210.000000 12.000000
111.000000 213.000000 17.000000
141.000000 215.000000 11.000000
732.000000 215.000000 17.000000
1010.000000 228.000000 5.000000
108.000000 232.000000 9.000000
138.000000 240.000000 14.000000
80.000000 245.000000 21.000000
172.000000 251.000000 23.000000
300.000000 253.000000 24.000000
327.000000 255.000000 21.000000
268.000000 256.000000 21.000000
420.000000 256.000000 21.000000
238.000000 257.000000 41.000000
392.000000 257.000000 21.000000
353.000000 258.000000 31.000000
524.000000 258.000000 34.000000
113.000000 261.000000 14.000000
448.000000 261.000000 24.000000
80.000000 262.000000 21.000000
503.000000 262.000000 34.000000
545.000000 263.000000 31.000000
481.000000 264.000000 28.000000
141.000000 266.000000 11.000000
582.000000 266.000000 28.000000
656.000000 269.000000 24.000000
623.000000 270.000000 24.000000
687.000000 270.000000 17.000000
736.000000 270.000000 14.000000
913.000000 270.000000 38.000000
713.000000 271.000000 17.000000
756.000000 271.000000 34.000000
844.000000 271.000000 41.000000
864.000000 272.000000 36.000000
985.000000 272.000000 21.000000
1014.000000 272.000000 34.000000
783.000000 273.000000 38.000000
818.000000 273.000000 28.000000
956.000000 273.000000 31.000000
940.000000 274.000000 14.000000
880.000000 276.000000 48.000000
78.000000 280.000000 24.000000
111.000000 282.000000 21.000000
141.000000 284.000000 13.000000
143.000000 290.000000 17.000000
367.000000 294.000000 12.000000
387.000000 294.000000 11.000000
401.000000 295.000000 11.000000
412.000000 295.000000 7.000000
113.000000 296.000000 17.000000
537.000000 296.000000 5.000000
823.000000 297.000000 7.000000
79.000000 301.000000 15.000000
143.000000 301.000000 21.000000
936.000000 306.000000 11.000000
208.000000 311.000000 10.000000
146.000000 315.000000 21.000000
240.000000 315.000000 31.000000
282.000000 318.000000 24.000000
53.000000 319.000000 22.000000
113.000000 320.000000 20.000000
313.000000 320.000000 34.000000
463.000000 320.000000 38.000000
568.000000 321.000000 11.000000
330.000000 323.000000 17.000000
369.000000 323.000000 33.000000
394.000000 324.000000 14.000000
435.000000 324.000000 14.000000
485.000000 324.000000 36.000000
510.000000 324.000000 14.000000
548.000000 324.000000 14.000000
82.000000 325.000000 17.000000
415.000000 325.000000 14.000000
528.000000 325.000000 11.000000
983.000000 325.000000 31.000000
586.000000 326.000000 34.000000
633.000000 328.000000 17.000000
205.000000 329.000000 17.000000
610.000000 329.000000 14.000000
653.000000 329.000000 34.000000
773.000000 330.000000 38.000000
885.000000 330.000000 31.000000
918.000000 330.000000 21.000000
757.000000 331.000000 31.000000
846.000000 331.000000 34.000000
961.000000 331.000000 34.000000
684.000000 332.000000 28.000000
801.000000 332.000000 21.000000
877.000000 332.000000 28.000000
830.000000 333.000000 31.000000
950.000000 333.000000 28.000000
52.000000 334.000000 21.000000
113.000000 334.000000 17.000000
717.000000 335.000000 28.000000
1009.000000 335.000000 38.000000
82.000000 341.000000 17.000000
147.000000 341.000000 18.000000
114.000000 350.000000 14.000000
53.000000 353.000000 12.000000
711.000000 362.000000 9.000000
626.000000 363.000000 13.000000
167.000000 369.000000 16.000000
66.000000 370.000000 14.000000
189.000000 372.000000 16.000000
122.000000 373.000000 16.000000
142.000000 373.000000 14.000000
49.000000 374.000000 17.000000
234.000000 374.000000 31.000000
273.000000 377.000000 28.000000
303.000000 377.000000 21.000000
403.000000 379.000000 34.000000
496.000000 379.000000 17.000000
329.000000 380.000000 21.000000
359.000000 380.000000 21.000000
454.000000 380.000000 31.000000
475.000000 380.000000 14.000000
389.000000 381.000000 34.000000
424.000000 381.000000 34.000000
520.000000 382.000000 17.000000
545.000000 382.000000 17.000000
568.000000 383.000000 14.000000
588.000000 384.000000 14.000000
612.000000 388.000000 21.000000
649.000000 389.000000 28.000000
695.000000 391.000000 30.000000
744.000000 391.000000 34.000000
766.000000 394.000000 14.000000
194.000000 397.000000 17.000000
799.000000 397.000000 24.000000
168.000000 399.000000 16.000000
827.000000 400.000000 21.000000
134.000000 404.000000 15.000000
270.000000 423.000000 14.000000
243.000000 424.000000 17.000000
296.000000 424.000000 18.000000
540.000000 424.000000 21.000000
212.000000 425.000000 14.000000
564.000000 425.000000 21.000000
792.000000 425.000000 14.000000
1090.000000 425.000000 9.000000
1176.000000 425.000000 21.000000
325.000000 426.000000 17.000000
514.000000 426.000000 21.000000
628.000000 426.000000 14.000000
858.000000 426.000000 21.000000
1079.000000 426.000000 7.000000
1102.000000 426.000000 11.000000
1119.000000 426.000000 21.000000
1145.000000 426.000000 17.000000
123.000000 427.000000 20.000000
170.000000 427.000000 14.000000
191.000000 427.000000 14.000000
356.000000 427.000000 20.000000
444.000000 427.000000 14.000000
464.000000 427.000000 21.000000
477.000000 427.000000 9.000000
491.000000 427.000000 21.000000
810.000000 427.000000 14.000000
830.000000 427.000000 13.000000
943.000000 427.000000 28.000000
384.000000 428.000000 15.000000
404.000000 428.000000 14.000000
605.000000 428.000000 21.000000
928.000000 428.000000 37.000000
424.000000 429.000000 14.000000
952.000000 429.000000 21.000000
975.000000 429.000000 17.000000
1062.000000 429.000000 12.000000
141.000000 430.000000 14.000000
1044.000000 430.000000 21.000000
1001.000000 432.000000 14.000000
1019.000000 434.000000 24.000000
209.000000 452.000000 17.000000
1090.000000 452.000000 17.000000
1180.000000 453.000000 24.000000
1192.000000 453.000000 18.000000
1115.000000 454.000000 20.000000
1166.000000 454.000000 14.000000
1066.000000 455.000000 16.000000
161.000000 456.000000 14.000000
191.000000 456.000000 21.000000
1125.000000 456.000000 24.000000
1147.000000 456.000000 17.000000
109.000000 461.000000 19.000000
83.000000 462.000000 14.000000
137.000000 462.000000 14.000000
964.000000 474.000000 35.000000
986.000000 475.000000 38.000000
334.000000 478.000000 14.000000
355.000000 478.000000 14.000000
314.000000 479.000000 14.000000
374.000000 479.000000 17.000000
204.000000 480.000000 16.000000
268.000000 480.000000 20.000000
193.000000 481.000000 17.000000
293.000000 481.000000 13.000000
169.000000 483.000000 14.000000
143.000000 484.000000 13.000000
57.000000 486.000000 11.000000
81.000000 486.000000 16.000000
71.000000 487.000000 11.000000
104.000000 487.000000 11.000000
114.000000 488.000000 9.000000
126.000000 488.000000 7.000000
228.000000 506.000000 28.000000
186.000000 508.000000 16.000000
208.000000 508.000000 13.000000
164.000000 510.000000 16.000000
85.000000 513.000000 16.000000
111.000000 513.000000 19.000000
141.000000 513.000000 17.000000
62.000000 514.000000 21.000000
