2
2
2
2
1
1
1
1
2
2
2
1
2
2
1
1
2
2
2
2
2
2
-1
2
2
2
2
2
2
0
0
2
2
2
2
2
0
1
0
0
0
2
-1
1
1
2
1
2
2
2
1
2
2
2
2
2
2
2
2
2
1
1
1
1
1
2
2
2
2
2
2
2
2
1
2
2
2
2
2
1
2
2
2
2
2
2
2
2
1
3
3
3
1
1
3
1
1
2
2
2
3
3
1
1
1
3
1
1
2
3
3
3
3
2
2
2
2
3
2
2
2
4
4
4
4
13
13
13
13
13
13
13
13
13
13
13
3
13
13
13
3
3
3
3
13
3
13
3
3
13
3
13
13
13
13
13
13
5
5
5
5
5
13
13
13
13
13
13
13
13
13
13
13
13
13
13
12
12
13
13
13
13
6
6
7
7
7
13
13
13
13
13
13
13
13
13
13
13
38
38
38
38
38
38
38
38
38
38
38
38
38
38
38
38
38
38
38
38
38
38
38
38
38
38
38
38
38
38
38
14
14
14
14
14
14
14
39
39
39
39
39
39
39
39
42
42
42
42
42
52
42
43
41
41
40
40
40
15
15
15
15
15
15
38
15
38
38
38
38
38
38
38
38
38
38
38
38
38
38
38
38
38
38
38
38
38
38
38
38
38
38
38
38
38
38
38
38
38
15
15
15
15
15
15
15
55
55
55
55
55
55
47
48
55
55
55
15
46
55
15
45
15
15
15
38
38
38
38
38
38
38
38
38
38
38
38
38
38
38
38
38
38
38
38
38
38
38
38
38
38
27
24
51
24
24
24
24
24
24
24
24
26
24
35
26
34
26
26
35
26
26
32
32
26
21
32
32
21
21
32
32
36
26
36
25
26
21
26
25
25
25
25
25
25
33
38
33
38
33
38
38
38
33
33
38
38
38
33
33
33
38
38
38
38
38
38
38
38
38
38
38
38
38
38
38
38
38
38
38
38
38
38
33
33
33
33
33
33
31
33
33
50
50
50
50
50
28
28
28
28
28
28
28
28
28
28
28
28
28
33
33
29
29
29
33
29
29
33
33
33
33
30
28
28
28
28
28
28
28
53
30
28
28
28
28
28
28
28
28
30
28
49
49
49
30
49
19
19
33
33
33
33
19
33
33
38
38
38
38
38
38
38
38
38
38
38
38
38
38
38
38
38
38
38
38
38
38
38
38
38
38
38
38
38
38
38
38
33
19
19
33
54
19
33
33
33
19
33
17
17
17
17
17
17
17
17
17
17
18
17
17
18
18
18
18
18
18
18
18
18
18
33
19
33
33
33
33
19
33
33
19
19
19
17
17
17
17
17
18
17
17
17
17
18
18
18
18
18
18
18
17
17
18
18
18
17
17
17
18
18
18
17
17
17
18
17
17
18
18
18
18
18
18
17
17
17
17