82.000000 55.000000 24.000000
50.000000 56.000000 22.000000
59.000000 68.000000 9.000000
65.000000 81.000000 11.000000
82.000000 90.000000 27.000000
392.000000 153.000000 14.000000
410.000000 153.000000 30.000000
349.000000 155.000000 14.000000
370.000000 155.000000 14.000000
329.000000 159.000000 12.000000
303.000000 161.000000 23.000000
982.000000 163.000000 33.000000
1002.000000 163.000000 38.000000
312.000000 211.000000 28.000000
964.000000 212.000000 14.000000
355.000000 213.000000 38.000000
281.000000 214.000000 28.000000
657.000000 214.000000 28.000000
560.000000 215.000000 17.000000
602.000000 215.000000 9.000000
688.000000 216.000000 50.000000
983.000000 216.000000 14.000000
381.000000 217.000000 16.000000
407.000000 217.000000 41.000000
443.000000 217.000000 21.000000
472.000000 217.000000 28.000000
535.000000 217.000000 17.000000
621.000000 217.000000 14.000000
707.000000 217.000000 8.000000
783.000000 217.000000 45.000000
928.000000 217.000000 31.000000
939.000000 217.000000 38.000000
587.000000 218.000000 24.000000
641.000000 218.000000 14.000000
722.000000 218.000000 50.000000
893.000000 218.000000 26.000000
1002.000000 218.000000 30.000000
873.000000 219.000000 28.000000
907.000000 219.000000 31.000000
509.000000 220.000000 21.000000
748.000000 220.000000 48.000000
803.000000 220.000000 17.000000
862.000000 220.000000 21.000000
478.000000 222.000000 28.000000
831.000000 223.000000 21.000000
952.000000 236.000000 13.000000
975.000000 246.000000 10.000000
973.000000 252.000000 10.000000
981.000000 252.000000 4.000000
433.000000 275.000000 28.000000
1000.000000 275.000000 41.000000
464.000000 276.000000 24.000000
492.000000 276.000000 21.000000
320.000000 277.000000 28.000000
334.000000 277.000000 31.000000
386.000000 277.000000 27.000000
555.000000 277.000000 17.000000
617.000000 277.000000 28.000000
350.000000 278.000000 21.000000
524.000000 278.000000 23.000000
850.000000 278.000000 34.000000
295.000000 280.000000 38.000000
635.000000 280.000000 24.000000
878.000000 280.000000 20.000000
902.000000 280.000000 31.000000
916.000000 280.000000 31.000000
941.000000 280.000000 21.000000
970.000000 280.000000 17.000000
281.000000 281.000000 31.000000
289.000000 281.000000 31.000000
581.000000 281.000000 20.000000
422.000000 282.000000 24.000000
725.000000 285.000000 22.000000
678.000000 286.000000 25.000000
753.000000 286.000000 17.000000
776.000000 286.000000 14.000000
795.000000 286.000000 28.000000
805.000000 288.000000 21.000000
433.000000 305.000000 5.000000
349.000000 306.000000 11.000000
428.000000 312.000000 4.000000
752.000000 315.000000 11.000000
811.000000 315.000000 11.000000
824.000000 315.000000 11.000000
479.000000 330.000000 28.000000
541.000000 330.000000 28.000000
662.000000 330.000000 21.000000
385.000000 332.000000 11.000000
509.000000 332.000000 21.000000
288.000000 333.000000 33.000000
374.000000 333.000000 8.000000
557.000000 334.000000 21.000000
597.000000 334.000000 27.000000
342.000000 336.000000 28.000000
362.000000 336.000000 34.000000
631.000000 336.000000 21.000000
763.000000 336.000000 28.000000
779.000000 336.000000 31.000000
842.000000 336.000000 27.000000
402.000000 337.000000 11.000000
695.000000 337.000000 21.000000
803.000000 338.000000 33.000000
425.000000 339.000000 14.000000
455.000000 339.000000 24.000000
732.000000 339.000000 23.000000
883.000000 340.000000 24.000000
962.000000 340.000000 17.000000
812.000000 341.000000 21.000000
914.000000 343.000000 17.000000
960.000000 346.000000 17.000000
937.000000 348.000000 14.000000
988.000000 348.000000 39.000000
393.000000 356.000000 7.000000
746.000000 361.000000 6.000000
573.000000 362.000000 12.000000
554.000000 363.000000 11.000000
538.000000 365.000000 11.000000
749.000000 367.000000 11.000000
324.000000 385.000000 38.000000
502.000000 391.000000 24.000000
349.000000 392.000000 21.000000
378.000000 392.000000 38.000000
421.000000 394.000000 24.000000
469.000000 394.000000 28.000000
825.000000 395.000000 38.000000
831.000000 395.000000 21.000000
284.000000 396.000000 31.000000
704.000000 396.000000 34.000000
870.000000 396.000000 11.000000
544.000000 397.000000 24.000000
571.000000 397.000000 50.000000
804.000000 397.000000 16.000000
605.000000 398.000000 16.000000
681.000000 398.000000 14.000000
780.000000 398.000000 17.000000
664.000000 399.000000 38.000000
976.000000 399.000000 14.000000
584.000000 400.000000 38.000000
757.000000 400.000000 44.000000
855.000000 400.000000 41.000000
899.000000 400.000000 38.000000
637.000000 401.000000 24.000000
747.000000 401.000000 48.000000
946.000000 401.000000 24.000000
958.000000 402.000000 28.000000
995.000000 402.000000 31.000000
725.000000 404.000000 14.000000
924.000000 404.000000 21.000000
626.000000 435.000000 19.000000
655.000000 441.000000 14.000000
636.000000 444.000000 28.000000
