0.776000 0.035200 0.008800
0.786400 0.036000 0.008800
0.799200 0.036000 0.019200
0.763200 0.036800 0.008800
0.732800 0.037600 0.012800
0.749600 0.037600 0.011200
0.806400 0.037600 0.015200
0.828800 0.038400 0.011200
0.884000 0.038400 0.012800
0.900800 0.038400 0.011200
0.926400 0.038400 0.013600
0.816800 0.039200 0.005600
0.848000 0.039200 0.011200
0.865600 0.039200 0.012800
0.908800 0.039200 0.005600
0.919200 0.039200 0.013600
0.910400 0.057600 0.008800
0.928800 0.057600 0.013600
0.384000 0.058400 0.003200
0.896800 0.058400 0.010400
0.940800 0.058400 0.008800
0.363200 0.059200 0.011200
0.376800 0.059200 0.011200
0.748800 0.059200 0.008800
0.332000 0.060000 0.008800
0.346400 0.060000 0.011200
0.391200 0.060000 0.010400
0.810400 0.060000 0.011200
0.817600 0.060000 0.005600
0.861600 0.060000 0.010400
0.298400 0.060800 0.008800
0.738400 0.060800 0.015200
0.764000 0.060800 0.011200
0.783200 0.060800 0.011200
0.880000 0.060800 0.011200
0.798400 0.061600 0.008800
0.828800 0.061600 0.008800
0.252000 0.062400 0.007200
0.270400 0.062400 0.009600
0.283200 0.062400 0.011200
0.308800 0.062400 0.007200
0.320000 0.062400 0.008800
0.844800 0.062400 0.009600
0.402400 0.063200 0.016800
0.712000 0.079200 0.021600
0.867200 0.080800 0.008000
0.852800 0.081600 0.011200
0.218400 0.082400 0.011200
0.251200 0.082400 0.011200
0.820800 0.082400 0.011200
0.836800 0.082400 0.009600
0.234400 0.083200 0.011200
0.185600 0.084000 0.016800
0.748800 0.084000 0.013600
0.769600 0.084000 0.012800
0.204000 0.084800 0.008800
0.265600 0.084800 0.022400
0.789600 0.084800 0.011200
0.804000 0.084800 0.008800
0.638400 0.100000 0.012800
0.629600 0.100800 0.013600
0.612000 0.101600 0.023200
0.623200 0.101600 0.024800
0.740000 0.108800 0.008800
0.729600 0.112000 0.009600
0.854400 0.114400 0.012000
0.316800 0.115200 0.015200
0.308800 0.116000 0.012800
0.616000 0.116800 0.003200
0.583200 0.117600 0.022400
0.636000 0.120000 0.007200
0.613600 0.120800 0.010400
0.977600 0.122400 0.024000
0.962400 0.123200 0.011200
0.281600 0.124000 0.013600
0.945600 0.124000 0.013600
0.929600 0.127200 0.007200
0.902400 0.128000 0.011200
0.916000 0.128000 0.011200
0.832800 0.129600 0.019200
0.804000 0.132800 0.017600
0.740000 0.134400 0.019200
0.768000 0.134400 0.024800
0.782400 0.134400 0.011200
0.860800 0.136800 0.019200
0.480800 0.137600 0.022400
0.546400 0.137600 0.021600
0.439200 0.138400 0.024800
0.456800 0.138400 0.036000
0.515200 0.138400 0.019200
0.580800 0.138400 0.027200
0.684800 0.138400 0.024800
0.699200 0.138400 0.011200
0.712800 0.138400 0.016800
0.411200 0.139200 0.013600
0.256800 0.140000 0.022400
0.384800 0.140800 0.019200
0.618400 0.140800 0.019200
0.640000 0.140800 0.013600
0.282400 0.141600 0.024800
0.586400 0.141600 0.030400
0.656800 0.141600 0.027200
0.202400 0.142400 0.016800
0.294400 0.142400 0.024000
0.224800 0.143200 0.016800
0.356000 0.143200 0.019200
0.320800 0.144800 0.022400
0.178400 0.145600 0.019200
0.176800 0.172000 0.015200
0.765600 0.174400 0.019200
0.719200 0.175200 0.008800
0.753600 0.175200 0.015200
0.962400 0.187200 0.011200
0.979200 0.187200 0.012800
0.384800 0.189600 0.024800
0.946400 0.189600 0.011200
0.413600 0.190400 0.019200
0.929600 0.190400 0.011200
0.248800 0.191200 0.030400
0.352000 0.191200 0.011200
0.914400 0.191200 0.008800
0.234400 0.192000 0.029600
0.334400 0.192000 0.016800
0.439200 0.192000 0.016800
0.783200 0.192000 0.007200
0.902400 0.192000 0.019200
0.273600 0.192800 0.016800
0.305600 0.192800 0.021600
0.620800 0.192800 0.030400
0.811200 0.192800 0.032800
0.208800 0.193600 0.019200
0.522400 0.193600 0.011200
0.682400 0.193600 0.015200
0.497600 0.194400 0.019200
0.566400 0.194400 0.019200
0.627200 0.195200 0.038400
0.655200 0.195200 0.016800
0.704800 0.195200 0.015200
0.732800 0.195200 0.015200
0.468000 0.196000 0.019200
0.542400 0.196000 0.016000
0.767200 0.196000 0.022400
0.868000 0.196800 0.022400
0.179200 0.197600 0.018400
0.795200 0.197600 0.011200
0.841600 0.200000 0.019200
0.976000 0.211200 0.019200
0.950400 0.212000 0.007200
0.962400 0.212000 0.008800
0.938400 0.213600 0.008800
0.665600 0.214400 0.013600
0.924800 0.214400 0.008800
0.744800 0.215200 0.008800
0.916000 0.215200 0.005600
0.730400 0.216000 0.008800
0.906400 0.216000 0.014400
0.673600 0.216800 0.008800
0.684000 0.217600 0.008800
0.716800 0.217600 0.008800
0.696800 0.223200 0.010400
0.781600 0.223200 0.010400
0.183200 0.224800 0.005600
0.175200 0.227200 0.012800
0.223200 0.227200 0.010400
0.796800 0.241600 0.016800
0.820000 0.242400 0.016000
0.499200 0.243200 0.028800
0.876800 0.243200 0.023200
0.457600 0.244000 0.016800
0.648800 0.244000 0.016800
0.771200 0.244000 0.016800
0.592000 0.244800 0.018400
0.694400 0.244800 0.013600
0.716800 0.244800 0.015200
0.743200 0.244800 0.016800
0.344800 0.245600 0.011200
0.434400 0.245600 0.011200
0.668800 0.245600 0.015200
0.320800 0.246400 0.019200
0.364000 0.246400 0.013600
0.676000 0.246400 0.016800
0.845600 0.246400 0.016800
0.864000 0.246400 0.013600
0.285600 0.247200 0.022400
0.356800 0.247200 0.005600
0.398400 0.247200 0.016800
0.405600 0.248000 0.019200
0.531200 0.248000 0.024800
0.618400 0.248000 0.018400
0.177600 0.248800 0.032000
0.189600 0.248800 0.020800
0.255200 0.249600 0.024000
0.382400 0.249600 0.013600
0.420000 0.249600 0.008800
0.564800 0.249600 0.019200
0.218400 0.251200 0.020800
0.470400 0.256000 0.007200
0.173600 0.270400 0.012000
0.365600 0.270400 0.007200
0.463200 0.270400 0.008000
0.450400 0.272000 0.016800
0.440800 0.272800 0.008800
0.426400 0.273600 0.016000
0.417600 0.274400 0.007200
0.392000 0.275200 0.008800
0.405600 0.275200 0.008800
0.640800 0.275200 0.013600
0.377600 0.276000 0.011200
0.668800 0.276000 0.008800
0.656800 0.276800 0.008800
0.865600 0.281600 0.010400
0.355200 0.284800 0.008800
0.345600 0.287200 0.007200
0.512800 0.287200 0.014400
0.518400 0.289600 0.003200
0.160000 0.296800 0.011200
0.132000 0.297600 0.011200
0.145600 0.297600 0.008800
0.961600 0.297600 0.012800
0.116000 0.299200 0.009600
0.918400 0.299200 0.008800
0.051200 0.300000 0.005600
0.062400 0.300000 0.008000
0.905600 0.300000 0.011200
0.932800 0.300000 0.008800
0.946400 0.300000 0.011200
0.037600 0.300800 0.018400
0.075200 0.300800 0.008800
0.101600 0.300800 0.008800
0.026400 0.301600 0.007200
0.088800 0.302400 0.008800
0.744800 0.302400 0.019200
0.304800 0.303200 0.019200
0.613600 0.303200 0.024800
0.681600 0.303200 0.018400
0.827200 0.303200 0.019200
0.476800 0.304000 0.019200
0.712000 0.304000 0.019200
0.251200 0.304800 0.020000
0.800000 0.304800 0.016800
0.871200 0.304800 0.027200
0.278400 0.305600 0.016800
0.366400 0.305600 0.018400
0.653600 0.305600 0.016800
0.770400 0.305600 0.019200
0.852000 0.305600 0.012800
0.219200 0.306400 0.019200
0.332000 0.306400 0.018400
0.410400 0.306400 0.018400
0.585600 0.306400 0.032800
0.445600 0.307200 0.019200
0.544800 0.307200 0.016800
0.524000 0.308000 0.013600
0.573600 0.308000 0.022400
0.635200 0.308800 0.013600
0.392800 0.309600 0.013600
0.503200 0.310400 0.015200
0.190400 0.311200 0.019200
0.114400 0.320800 0.008800
0.924800 0.320800 0.008800
0.937600 0.320800 0.008800
0.904800 0.321600 0.013600
0.044800 0.322400 0.011200
0.058400 0.322400 0.012800
0.102400 0.322400 0.007200
0.949600 0.322400 0.017600
0.076000 0.325600 0.008800
0.088800 0.325600 0.008800
0.359200 0.334400 0.005600
0.671200 0.334400 0.012800
0.368000 0.335200 0.013600
0.531200 0.335200 0.011200
0.548000 0.335200 0.012800
0.605600 0.335200 0.015200
0.178400 0.336000 0.008800
0.189600 0.336000 0.008800
0.345600 0.336000 0.011200
0.400800 0.336000 0.011200
0.465600 0.336000 0.011200
0.512800 0.336000 0.011200
0.202400 0.336800 0.007200
0.384000 0.336800 0.011200
0.416000 0.336800 0.008800
0.614400 0.336800 0.013600
0.689600 0.336800 0.011200
0.246400 0.337600 0.012000
0.296000 0.337600 0.010400
0.312800 0.337600 0.011200
0.328800 0.337600 0.011200
0.432000 0.337600 0.011200
0.448800 0.337600 0.011200
0.480800 0.337600 0.008800
0.494400 0.337600 0.011200
0.632800 0.337600 0.012000
0.704800 0.337600 0.009600
0.721600 0.337600 0.012800
0.212000 0.338400 0.008800
0.227200 0.338400 0.010400
0.264800 0.338400 0.011200
0.280800 0.338400 0.010400
0.651200 0.338400 0.012000
0.752800 0.352800 0.016000
0.743200 0.355200 0.007200
0.729600 0.356800 0.011200
0.614400 0.357600 0.014400
0.623200 0.357600 0.015200
0.640800 0.357600 0.012000
0.688000 0.357600 0.011200
0.656800 0.358400 0.010400
0.672000 0.358400 0.008800
0.179200 0.359200 0.015200
0.708800 0.359200 0.012000
0.325600 0.361600 0.005600
0.352800 0.361600 0.012000
0.372800 0.361600 0.011200
0.186400 0.362400 0.019200
0.201600 0.362400 0.010400
0.216800 0.362400 0.011200
0.232800 0.362400 0.008800
0.335200 0.362400 0.008800
0.536000 0.362400 0.010400
0.552800 0.362400 0.012800
0.296800 0.363200 0.011200
0.390400 0.363200 0.011200
0.247200 0.364000 0.008800
0.261600 0.364000 0.010400
0.312800 0.364000 0.009600
0.410400 0.364000 0.011200
0.428000 0.364000 0.011200
0.488000 0.364000 0.011200
0.280000 0.364800 0.012800
0.443200 0.364800 0.008800
0.520800 0.364800 0.008800
0.457600 0.365600 0.009600
0.472000 0.365600 0.008800
0.503200 0.365600 0.012800
0.573600 0.384800 0.015200
0.551200 0.385600 0.011200
0.564000 0.385600 0.005600
0.331200 0.386400 0.010400
0.260800 0.387200 0.007200
0.270400 0.387200 0.008800
0.285600 0.387200 0.009600
0.316000 0.387200 0.008800
0.352000 0.387200 0.011200
0.372000 0.388000 0.012800
0.532800 0.388000 0.011200
0.200000 0.388800 0.011200
0.216800 0.388800 0.008800
0.300800 0.388800 0.010400
0.392800 0.388800 0.012800
0.410400 0.388800 0.011200
0.517600 0.388800 0.008800
0.385600 0.389600 0.005600
0.484000 0.389600 0.011200
0.499200 0.389600 0.012800
0.184000 0.390400 0.024800
0.231200 0.390400 0.008800
0.247200 0.390400 0.011200
0.431200 0.390400 0.012800
0.466400 0.390400 0.012800
0.447200 0.392000 0.011200
0.338400 0.404000 0.008000
0.352000 0.404000 0.007200
0.361600 0.404800 0.008800
0.326400 0.405600 0.008800
0.367200 0.405600 0.010400
