0.087200 0.026400 0.005600
0.073600 0.031200 0.019200
0.035200 0.034400 0.008800
0.051200 0.034400 0.016000
0.259200 0.080800 0.011200
0.276000 0.081600 0.026400
0.221600 0.082400 0.012800
0.183200 0.083200 0.016800
0.240800 0.083200 0.012800
0.203200 0.084000 0.011200
0.785600 0.095200 0.026400
0.800800 0.095200 0.029600
0.211200 0.121600 0.024800
0.182400 0.123200 0.011200
0.197600 0.124000 0.008800
0.160800 0.125600 0.032000
0.229600 0.126400 0.030400
0.258400 0.128000 0.019200
0.308800 0.129600 0.022400
0.281600 0.130400 0.013600
0.300000 0.130400 0.030400
0.321600 0.130400 0.011200
0.363200 0.130400 0.036000
0.338400 0.131200 0.024000
0.349600 0.131200 0.024800
0.387200 0.132000 0.022400
0.450400 0.132000 0.024800
0.477600 0.132800 0.008800
0.503200 0.133600 0.007200
0.492000 0.134400 0.008800
0.541600 0.135200 0.022400
0.575200 0.135200 0.022400
0.416800 0.136000 0.027200
0.515200 0.136000 0.008800
0.528800 0.136000 0.011200
0.452800 0.136800 0.020800
0.551200 0.136800 0.040000
0.602400 0.137600 0.016800
0.704000 0.138400 0.030400
0.760800 0.138400 0.011200
0.653600 0.139200 0.022400
0.683200 0.139200 0.022400
0.779200 0.139200 0.030400
0.795200 0.139200 0.011200
0.743200 0.140000 0.013600
0.808800 0.140000 0.032800
0.627200 0.140800 0.016800
0.717600 0.140800 0.024800
0.821600 0.142400 0.032800
0.240800 0.188000 0.036000
0.394400 0.188000 0.008800
0.265600 0.188800 0.032800
0.164800 0.189600 0.040000
0.196000 0.189600 0.022400
0.359200 0.189600 0.036000
0.408800 0.190400 0.011200
0.314400 0.191200 0.008800
0.332000 0.191200 0.013600
0.379200 0.191200 0.027200
0.426400 0.191200 0.027200
0.525600 0.191200 0.038400
0.350400 0.192000 0.038400
0.825600 0.192000 0.036000
0.285600 0.192800 0.011200
0.301600 0.192800 0.027200
0.438400 0.192800 0.024800
0.463200 0.192800 0.008800
0.476800 0.192800 0.011200
0.817600 0.192800 0.006400
0.221600 0.193600 0.016800
0.721600 0.193600 0.030400
0.452800 0.194400 0.008800
0.596000 0.194400 0.013600
0.799200 0.194400 0.016800
0.493600 0.195200 0.013600
0.574400 0.195200 0.016800
0.714400 0.195200 0.024800
0.752000 0.195200 0.022400
0.549600 0.196000 0.016800
0.612800 0.196000 0.008000
0.700800 0.196000 0.012800
0.776800 0.196000 0.016800
0.627200 0.198400 0.024800
0.680000 0.198400 0.019200
0.653600 0.200000 0.019200
0.691200 0.228800 0.010400
0.684000 0.229600 0.011200
0.270400 0.248800 0.022400
0.301600 0.248800 0.016800
0.236000 0.249600 0.022400
0.341600 0.249600 0.013600
0.187200 0.250400 0.016800
0.324000 0.250400 0.011200
0.373600 0.250400 0.022400
0.161600 0.251200 0.036000
0.209600 0.251200 0.016800
0.756000 0.252000 0.024800
0.403200 0.252800 0.032800
0.532800 0.252800 0.024800
0.420000 0.253600 0.036000
0.696800 0.253600 0.022400
0.821600 0.253600 0.027200
0.475200 0.254400 0.016800
0.500800 0.254400 0.016800
0.444800 0.255200 0.022400
0.564800 0.255200 0.022400
0.624800 0.255200 0.016800
0.647200 0.255200 0.016800
0.811200 0.255200 0.036000
0.456000 0.256800 0.008800
0.596800 0.256800 0.020000
0.666400 0.256800 0.013600
0.728000 0.256800 0.022400
0.768000 0.256800 0.032800
0.788800 0.256800 0.016800
0.184000 0.304000 0.016800
0.221600 0.307200 0.013600
0.204800 0.308800 0.011200
0.272000 0.308800 0.016800
0.160800 0.309600 0.037600
0.376000 0.309600 0.036000
0.407200 0.309600 0.019200
0.294400 0.310400 0.011200
0.331200 0.311200 0.016800
0.355200 0.311200 0.015200
0.433600 0.311200 0.019200
0.461600 0.311200 0.022400
0.244000 0.312000 0.019200
0.312000 0.312000 0.011200
0.544000 0.313600 0.011200
0.492800 0.314400 0.022400
0.562400 0.314400 0.027200
0.593600 0.314400 0.013600
0.721600 0.314400 0.022400
0.812000 0.314400 0.028800
0.616000 0.315200 0.036000
0.649600 0.315200 0.030400
0.688800 0.315200 0.022400
0.793600 0.315200 0.011200
0.525600 0.316000 0.030400
0.576000 0.316000 0.008800
0.748000 0.316000 0.018400
0.774400 0.316000 0.016800
0.631200 0.317600 0.008800
0.675200 0.317600 0.008800
