228.000000 40.000000 11.000000
312.000000 41.000000 13.000000
385.000000 41.000000 9.000000
240.000000 42.000000 5.000000
249.000000 42.000000 14.000000
268.000000 42.000000 13.000000
285.000000 42.000000 7.000000
333.000000 42.000000 14.000000
398.000000 42.000000 21.000000
675.000000 42.000000 15.000000
695.000000 42.000000 14.000000
296.000000 43.000000 17.000000
352.000000 43.000000 13.000000
369.000000 43.000000 11.000000
647.000000 43.000000 14.000000
743.000000 43.000000 6.000000
212.000000 44.000000 11.000000
632.000000 44.000000 10.000000
664.000000 44.000000 7.000000
715.000000 44.000000 13.000000
753.000000 44.000000 14.000000
773.000000 44.000000 12.000000
618.000000 45.000000 9.000000
733.000000 45.000000 14.000000
1017.000000 45.000000 7.000000
1026.000000 45.000000 15.000000
1066.000000 45.000000 14.000000
1153.000000 45.000000 15.000000
1174.000000 45.000000 11.000000
1190.000000 45.000000 13.000000
180.000000 46.000000 11.000000
195.000000 46.000000 11.000000
604.000000 46.000000 14.000000
996.000000 46.000000 16.000000
1110.000000 46.000000 14.000000
1132.000000 46.000000 14.000000
1206.000000 46.000000 11.000000
164.000000 47.000000 11.000000
791.000000 47.000000 17.000000
962.000000 47.000000 11.000000
980.000000 47.000000 12.000000
1005.000000 47.000000 16.000000
1046.000000 47.000000 12.000000
1088.000000 47.000000 12.000000
66.000000 48.000000 28.000000
951.000000 48.000000 9.000000
937.000000 49.000000 9.000000
923.000000 50.000000 11.000000
262.000000 66.000000 7.000000
370.000000 66.000000 8.000000
384.000000 66.000000 14.000000
664.000000 67.000000 11.000000
251.000000 68.000000 16.000000
357.000000 68.000000 9.000000
608.000000 68.000000 12.000000
644.000000 68.000000 12.000000
681.000000 68.000000 11.000000
702.000000 68.000000 12.000000
722.000000 68.000000 14.000000
766.000000 68.000000 11.000000
935.000000 68.000000 9.000000
1071.000000 68.000000 12.000000
1091.000000 68.000000 11.000000
1105.000000 68.000000 6.000000
193.000000 69.000000 12.000000
223.000000 69.000000 19.000000
280.000000 69.000000 13.000000
625.000000 69.000000 10.000000
784.000000 69.000000 12.000000
990.000000 69.000000 13.000000
1010.000000 69.000000 13.000000
1121.000000 69.000000 12.000000
1140.000000 69.000000 11.000000
1161.000000 69.000000 13.000000
1186.000000 69.000000 14.000000
211.000000 70.000000 11.000000
230.000000 70.000000 15.000000
242.000000 70.000000 4.000000
297.000000 70.000000 11.000000
746.000000 70.000000 14.000000
946.000000 70.000000 14.000000
1051.000000 70.000000 11.000000
1205.000000 70.000000 17.000000
313.000000 71.000000 11.000000
327.000000 71.000000 9.000000
342.000000 71.000000 11.000000
1032.000000 71.000000 13.000000
967.000000 72.000000 13.000000
480.000000 74.000000 11.000000
554.000000 74.000000 28.000000
448.000000 75.000000 14.000000
465.000000 75.000000 10.000000
499.000000 75.000000 14.000000
535.000000 77.000000 11.000000
517.000000 78.000000 12.000000
902.000000 88.000000 24.000000
915.000000 88.000000 22.000000
1099.000000 89.000000 17.000000
1107.000000 89.000000 14.000000
658.000000 91.000000 17.000000
1083.000000 91.000000 11.000000
665.000000 92.000000 14.000000
680.000000 92.000000 10.000000
1059.000000 92.000000 7.000000
1069.000000 92.000000 9.000000
1123.000000 92.000000 11.000000
1158.000000 92.000000 7.000000
1173.000000 92.000000 11.000000
611.000000 93.000000 14.000000
644.000000 93.000000 11.000000
1045.000000 93.000000 11.000000
1142.000000 93.000000 12.000000
629.000000 94.000000 11.000000
988.000000 94.000000 11.000000
1006.000000 94.000000 11.000000
187.000000 95.000000 17.000000
227.000000 95.000000 12.000000
209.000000 96.000000 11.000000
246.000000 96.000000 12.000000
265.000000 96.000000 11.000000
971.000000 96.000000 11.000000
954.000000 97.000000 17.000000
1025.000000 97.000000 12.000000
282.000000 98.000000 14.000000
452.000000 99.000000 14.000000
468.000000 100.000000 11.000000
484.000000 102.000000 11.000000
500.000000 102.000000 9.000000
515.000000 104.000000 14.000000
825.000000 119.000000 25.000000
866.000000 119.000000 16.000000
841.000000 120.000000 11.000000
885.000000 120.000000 11.000000
900.000000 122.000000 11.000000
916.000000 122.000000 11.000000
929.000000 123.000000 21.000000
579.000000 127.000000 12.000000
272.000000 132.000000 12.000000
483.000000 134.000000 11.000000
669.000000 137.000000 11.000000
617.000000 138.000000 14.000000
793.000000 140.000000 17.000000
939.000000 140.000000 10.000000
843.000000 141.000000 9.000000
364.000000 152.000000 41.000000
166.000000 155.000000 11.000000
178.000000 155.000000 11.000000
227.000000 155.000000 10.000000
305.000000 155.000000 20.000000
199.000000 156.000000 40.000000
336.000000 156.000000 21.000000
383.000000 156.000000 34.000000
444.000000 156.000000 17.000000
214.000000 157.000000 9.000000
281.000000 157.000000 14.000000
469.000000 157.000000 20.000000
258.000000 158.000000 27.000000
421.000000 158.000000 31.000000
494.000000 158.000000 14.000000
512.000000 159.000000 31.000000
580.000000 160.000000 50.000000
544.000000 161.000000 24.000000
863.000000 161.000000 21.000000
626.000000 163.000000 48.000000
798.000000 164.000000 31.000000
761.000000 165.000000 21.000000
960.000000 165.000000 45.000000
688.000000 166.000000 21.000000
721.000000 166.000000 28.000000
739.000000 166.000000 14.000000
891.000000 166.000000 20.000000
920.000000 166.000000 21.000000
991.000000 166.000000 21.000000
1012.000000 166.000000 11.000000
1027.000000 166.000000 11.000000
1087.000000 166.000000 23.000000
655.000000 168.000000 24.000000
1074.000000 168.000000 14.000000
831.000000 169.000000 21.000000
1054.000000 169.000000 24.000000
308.000000 185.000000 10.000000
320.000000 186.000000 19.000000
293.000000 187.000000 11.000000
277.000000 188.000000 14.000000
240.000000 199.000000 14.000000
1075.000000 199.000000 11.000000
1090.000000 199.000000 9.000000
1103.000000 200.000000 10.000000
1132.000000 200.000000 11.000000
1145.000000 200.000000 11.000000
1118.000000 201.000000 7.000000
174.000000 204.000000 11.000000
189.000000 205.000000 10.000000
543.000000 207.000000 10.000000
559.000000 207.000000 11.000000
1051.000000 209.000000 11.000000
117.000000 225.000000 14.000000
144.000000 225.000000 18.000000
98.000000 227.000000 14.000000
268.000000 227.000000 21.000000
77.000000 228.000000 14.000000
311.000000 228.000000 34.000000
504.000000 228.000000 21.000000
293.000000 229.000000 14.000000
530.000000 229.000000 14.000000
57.000000 230.000000 11.000000
242.000000 230.000000 17.000000
471.000000 230.000000 31.000000
588.000000 230.000000 21.000000
667.000000 230.000000 22.000000
934.000000 230.000000 17.000000
1000.000000 230.000000 21.000000
41.000000 231.000000 11.000000
180.000000 231.000000 21.000000
450.000000 231.000000 11.000000
824.000000 231.000000 26.000000
832.000000 231.000000 24.000000
979.000000 231.000000 21.000000
1011.000000 231.000000 17.000000
219.000000 232.000000 34.000000
421.000000 232.000000 34.000000
555.000000 232.000000 19.000000
625.000000 232.000000 22.000000
704.000000 232.000000 24.000000
867.000000 232.000000 21.000000
910.000000 232.000000 21.000000
334.000000 233.000000 36.000000
376.000000 233.000000 31.000000
898.000000 233.000000 21.000000
783.000000 234.000000 28.000000
1089.000000 234.000000 27.000000
817.000000 235.000000 21.000000
1037.000000 235.000000 21.000000
1072.000000 235.000000 21.000000
957.000000 236.000000 13.000000
739.000000 237.000000 31.000000
153.000000 247.000000 14.000000
131.000000 251.000000 13.000000
72.000000 252.000000 12.000000
110.000000 252.000000 11.000000
93.000000 253.000000 11.000000
51.000000 254.000000 14.000000
1177.000000 254.000000 10.000000
1191.000000 254.000000 22.000000
1028.000000 255.000000 11.000000
658.000000 256.000000 9.000000
1019.000000 256.000000 7.000000
1106.000000 256.000000 14.000000
1162.000000 256.000000 11.000000
644.000000 257.000000 11.000000
1006.000000 257.000000 11.000000
1121.000000 257.000000 7.000000
579.000000 258.000000 7.000000
629.000000 258.000000 10.000000
871.000000 258.000000 7.000000
1146.000000 258.000000 7.000000
612.000000 259.000000 11.000000
859.000000 259.000000 7.000000
881.000000 259.000000 7.000000
895.000000 259.000000 10.000000
910.000000 259.000000 9.000000
926.000000 259.000000 12.000000
945.000000 259.000000 10.000000
844.000000 260.000000 11.000000
959.000000 260.000000 9.000000
973.000000 260.000000 10.000000
989.000000 260.000000 11.000000
1055.000000 260.000000 13.000000
1134.000000 260.000000 21.000000
596.000000 262.000000 13.000000
799.000000 262.000000 9.000000
810.000000 262.000000 10.000000
825.000000 263.000000 11.000000
1067.000000 263.000000 11.000000
1040.000000 274.000000 11.000000
147.000000 276.000000 14.000000
126.000000 278.000000 14.000000
105.000000 282.000000 14.000000
524.000000 282.000000 13.000000
812.000000 282.000000 8.000000
53.000000 284.000000 24.000000
623.000000 284.000000 13.000000
70.000000 285.000000 11.000000
88.000000 285.000000 11.000000
332.000000 296.000000 14.000000
688.000000 299.000000 24.000000
724.000000 300.000000 24.000000
1077.000000 300.000000 41.000000
190.000000 302.000000 45.000000
359.000000 302.000000 38.000000
1007.000000 302.000000 19.000000
265.000000 303.000000 28.000000
313.000000 303.000000 34.000000
560.000000 303.000000 31.000000
606.000000 303.000000 31.000000
889.000000 303.000000 26.000000
1035.000000 303.000000 24.000000
376.000000 304.000000 38.000000
649.000000 304.000000 24.000000
757.000000 304.000000 28.000000
227.000000 305.000000 24.000000
412.000000 305.000000 24.000000
499.000000 305.000000 14.000000
515.000000 305.000000 28.000000
997.000000 305.000000 24.000000
950.000000 306.000000 17.000000
976.000000 306.000000 31.000000
481.000000 307.000000 38.000000
927.000000 307.000000 19.000000
941.000000 307.000000 7.000000
87.000000 308.000000 8.000000
457.000000 308.000000 34.000000
835.000000 308.000000 24.000000
850.000000 308.000000 21.000000
103.000000 309.000000 14.000000
440.000000 310.000000 14.000000
795.000000 310.000000 27.000000
71.000000 312.000000 11.000000
54.000000 313.000000 14.000000
947.000000 330.000000 10.000000
936.000000 332.000000 7.000000
825.000000 333.000000 7.000000
865.000000 333.000000 11.000000
878.000000 334.000000 9.000000
892.000000 334.000000 10.000000
920.000000 334.000000 13.000000
906.000000 335.000000 9.000000
845.000000 336.000000 13.000000
777.000000 343.000000 10.000000
832.000000 347.000000 12.000000
362.000000 354.000000 12.000000
230.000000 358.000000 5.000000
777.000000 368.000000 28.000000
1046.000000 370.000000 28.000000
740.000000 371.000000 24.000000
1090.000000 372.000000 29.000000
1077.000000 373.000000 47.000000
616.000000 374.000000 36.000000
654.000000 375.000000 24.000000
702.000000 375.000000 38.000000
948.000000 375.000000 31.000000
991.000000 375.000000 17.000000
1024.000000 375.000000 7.000000
917.000000 376.000000 28.000000
865.000000 377.000000 28.000000
964.000000 377.000000 41.000000
1012.000000 377.000000 9.000000
566.000000 378.000000 24.000000
873.000000 378.000000 31.000000
528.000000 379.000000 34.000000
822.000000 379.000000 27.000000
337.000000 380.000000 21.000000
374.000000 380.000000 24.000000
272.000000 381.000000 14.000000
412.000000 381.000000 21.000000
302.000000 382.000000 23.000000
438.000000 382.000000 21.000000
255.000000 383.000000 31.000000
471.000000 383.000000 28.000000
184.000000 384.000000 28.000000
219.000000 389.000000 24.000000
