119.000000 38.000000 6.000000
88.000000 44.000000 19.000000
102.000000 45.000000 4.000000
109.000000 45.000000 17.000000
60.000000 47.000000 17.000000
72.000000 48.000000 7.000000
36.000000 50.000000 17.000000
976.000000 50.000000 17.000000
956.000000 51.000000 14.000000
933.000000 52.000000 14.000000
1005.000000 52.000000 14.000000
1021.000000 52.000000 11.000000
1039.000000 52.000000 14.000000
1059.000000 52.000000 14.000000
911.000000 53.000000 16.000000
1053.000000 53.000000 24.000000
994.000000 83.000000 21.000000
933.000000 84.000000 11.000000
970.000000 84.000000 19.000000
1007.000000 84.000000 17.000000
1031.000000 84.000000 16.000000
904.000000 85.000000 14.000000
919.000000 85.000000 11.000000
981.000000 85.000000 19.000000
868.000000 86.000000 11.000000
883.000000 86.000000 14.000000
948.000000 86.000000 21.000000
957.000000 86.000000 17.000000
815.000000 87.000000 17.000000
846.000000 87.000000 17.000000
793.000000 89.000000 21.000000
830.000000 89.000000 17.000000
777.000000 90.000000 21.000000
752.000000 92.000000 11.000000
765.000000 92.000000 9.000000
735.000000 93.000000 26.000000
340.000000 96.000000 14.000000
359.000000 96.000000 17.000000
292.000000 97.000000 17.000000
317.000000 97.000000 16.000000
242.000000 99.000000 24.000000
269.000000 99.000000 14.000000
932.000000 110.000000 14.000000
1010.000000 110.000000 10.000000
956.000000 111.000000 14.000000
972.000000 112.000000 14.000000
915.000000 113.000000 14.000000
990.000000 113.000000 14.000000
900.000000 114.000000 17.000000
876.000000 115.000000 17.000000
824.000000 116.000000 17.000000
847.000000 116.000000 17.000000
800.000000 117.000000 14.000000
742.000000 118.000000 15.000000
763.000000 118.000000 17.000000
775.000000 118.000000 17.000000
786.000000 118.000000 17.000000
1027.000000 127.000000 29.000000
1044.000000 128.000000 31.000000
605.000000 129.000000 21.000000
618.000000 132.000000 20.000000
978.000000 136.000000 11.000000
983.000000 139.000000 12.000000
853.000000 143.000000 10.000000
350.000000 154.000000 11.000000
316.000000 155.000000 14.000000
389.000000 155.000000 14.000000
264.000000 156.000000 17.000000
293.000000 156.000000 21.000000
336.000000 156.000000 31.000000
213.000000 157.000000 40.000000
241.000000 157.000000 17.000000
369.000000 157.000000 14.000000
407.000000 158.000000 14.000000
532.000000 159.000000 31.000000
550.000000 159.000000 11.000000
725.000000 160.000000 21.000000
432.000000 162.000000 21.000000
469.000000 162.000000 45.000000
494.000000 162.000000 21.000000
574.000000 162.000000 21.000000
677.000000 165.000000 17.000000
697.000000 165.000000 50.000000
655.000000 166.000000 17.000000
768.000000 167.000000 38.000000
601.000000 168.000000 17.000000
630.000000 168.000000 21.000000
798.000000 169.000000 34.000000
841.000000 171.000000 24.000000
875.000000 171.000000 28.000000
892.000000 171.000000 14.000000
918.000000 171.000000 21.000000
946.000000 171.000000 17.000000
967.000000 172.000000 34.000000
990.000000 172.000000 38.000000
1010.000000 173.000000 14.000000
1025.000000 174.000000 11.000000
1043.000000 175.000000 28.000000
671.000000 205.000000 7.000000
662.000000 206.000000 12.000000
237.000000 230.000000 9.000000
249.000000 231.000000 21.000000
271.000000 231.000000 17.000000
458.000000 231.000000 21.000000
486.000000 231.000000 21.000000
221.000000 232.000000 14.000000
297.000000 233.000000 21.000000
413.000000 233.000000 41.000000
433.000000 233.000000 14.000000
561.000000 233.000000 21.000000
203.000000 234.000000 30.000000
385.000000 234.000000 17.000000
582.000000 234.000000 14.000000
510.000000 235.000000 14.000000
333.000000 236.000000 24.000000
359.000000 236.000000 17.000000
532.000000 236.000000 17.000000
607.000000 236.000000 21.000000
769.000000 238.000000 45.000000
631.000000 239.000000 6.000000
664.000000 240.000000 24.000000
801.000000 240.000000 23.000000
639.000000 241.000000 7.000000
717.000000 241.000000 38.000000
830.000000 241.000000 21.000000
696.000000 243.000000 41.000000
866.000000 243.000000 31.000000
916.000000 247.000000 28.000000
957.000000 247.000000 24.000000
875.000000 248.000000 36.000000
1012.000000 248.000000 17.000000
988.000000 249.000000 48.000000
1036.000000 255.000000 38.000000
635.000000 284.000000 17.000000
359.000000 303.000000 34.000000
317.000000 306.000000 28.000000
398.000000 306.000000 17.000000
426.000000 309.000000 21.000000
213.000000 310.000000 50.000000
462.000000 311.000000 24.000000
533.000000 311.000000 21.000000
620.000000 312.000000 14.000000
250.000000 313.000000 21.000000
564.000000 313.000000 28.000000
849.000000 313.000000 34.000000
510.000000 314.000000 11.000000
640.000000 314.000000 17.000000
493.000000 315.000000 28.000000
597.000000 315.000000 17.000000
732.000000 315.000000 14.000000
280.000000 316.000000 21.000000
664.000000 316.000000 17.000000
692.000000 316.000000 17.000000
751.000000 316.000000 14.000000
798.000000 316.000000 23.000000
711.000000 318.000000 11.000000
768.000000 318.000000 17.000000
827.000000 318.000000 14.000000
861.000000 318.000000 43.000000
887.000000 320.000000 21.000000
962.000000 321.000000 11.000000
1017.000000 322.000000 47.000000
913.000000 323.000000 21.000000
944.000000 324.000000 48.000000
985.000000 327.000000 21.000000
215.000000 381.000000 31.000000
286.000000 385.000000 50.000000
301.000000 386.000000 38.000000
325.000000 386.000000 41.000000
255.000000 387.000000 38.000000
353.000000 387.000000 40.000000
730.000000 388.000000 50.000000
760.000000 388.000000 21.000000
377.000000 389.000000 21.000000
407.000000 389.000000 21.000000
711.000000 389.000000 11.000000
434.000000 392.000000 17.000000
457.000000 392.000000 17.000000
692.000000 392.000000 31.000000
819.000000 392.000000 24.000000
855.000000 392.000000 24.000000
481.000000 393.000000 31.000000
625.000000 393.000000 24.000000
793.000000 393.000000 24.000000
891.000000 394.000000 24.000000
526.000000 395.000000 24.000000
656.000000 395.000000 23.000000
499.000000 396.000000 14.000000
568.000000 396.000000 21.000000
594.000000 396.000000 21.000000
923.000000 396.000000 24.000000
957.000000 397.000000 14.000000
1032.000000 397.000000 46.000000
1001.000000 398.000000 21.000000
976.000000 402.000000 14.000000
643.000000 425.000000 16.000000
612.000000 426.000000 16.000000
388.000000 427.000000 11.000000
405.000000 427.000000 11.000000
441.000000 427.000000 14.000000
465.000000 427.000000 14.000000
635.000000 427.000000 17.000000
371.000000 428.000000 13.000000
417.000000 428.000000 11.000000
430.000000 428.000000 7.000000
492.000000 428.000000 16.000000
513.000000 428.000000 14.000000
482.000000 429.000000 11.000000
540.000000 429.000000 13.000000
556.000000 429.000000 14.000000
580.000000 429.000000 14.000000
643.000000 451.000000 16.000000
652.000000 451.000000 7.000000
663.000000 451.000000 17.000000
627.000000 452.000000 11.000000
517.000000 453.000000 7.000000
530.000000 453.000000 11.000000
407.000000 454.000000 21.000000
506.000000 454.000000 19.000000
604.000000 454.000000 14.000000
395.000000 455.000000 21.000000
423.000000 455.000000 14.000000
491.000000 455.000000 11.000000
548.000000 455.000000 12.000000
570.000000 455.000000 14.000000
588.000000 455.000000 11.000000
376.000000 456.000000 15.000000
441.000000 456.000000 14.000000
462.000000 456.000000 11.000000
476.000000 456.000000 11.000000
1011.000000 525.000000 11.000000
