0
0
0
0
0
1
1
1
1
2
2
1
1
3
3
3
3
3
3
3
3
3
3
3
3
3
3
3
3
3
3
3
3
3
3
3
3
3
3
3
3
3
3
3
3
3
3
3
3
3
3
3
3
3
3
3
3
3
3
3
3
3
3
3
3
3
3
3
3
3
3
3
3
3
3
3
3
3
3
4
4
4
4
4
4
4
4
4
4
4
4
4
4
4
4
4
4
4
4
4
4
4
4
4
4
4
4
4
4
4
4
4
5
4
4
5
5
5
5
5
3
3
5
3
3
3
12
3
3
3
3
3
3
12
12
12
12
12
12
12
12
12
12
12
5
5
12
12
12
12
5
12
12
12
12
12
5
12
12
12
12
12
12
12
5
5
5
12
12
12
12
12
12
12
5
12
3
3
3
3
3
3
3
3
3
5
14
13
13
13
14
14
13
13
13
13
14
14
14
13
14
14
13
13
14
13
3
3
6
6
6
6
6
6
6
6
6
6
15
15
15
6
6
3
15
6
6
3
3
15
6
6
3
13
15
15
15
6
6
3
13
13
13
13
13
13
13
13
13
3
13
3
3
6
6
6
6
6
6
6
6
6
3
3
3
3
12
3
12
12
12
12
12
12
12
12
12
12
12
12
12
12
12
12
12
12
12
12
12
12
12
12
12
12
12
12
12
12
12
7
7
17
17
17
17
17
7
17
17
17
7
7
7
17
17
17
17
17
7
7
7
17
17
17
17
17
17
7
17
17
17
7
7
16
12
12
12
12
12
12
12
12
12
12
12
12
12
12
12
12
12
12
12
12
12
12
12
12
12
12
12
12
10
10
10
10
10
10
10
10
10
10
10
10
10
10
10
10
10
10
10
10
10
10
10
10
10
10
10
10
10
8
8
8
8
8
8
10
10
8
8
8
8
10
8
10
9
9
12
12
12
12
12
12
12
12
12
12
12
12
12
12
12
12
12
12
12
12
12
12
12
12
12
12
12
12
12
12
12
12
12
11
11
11
11
11
11
11
11
11
11
11
11
11
11
11
11