0.687200 0.024000 0.011200
0.702400 0.024800 0.008800
0.660000 0.025600 0.005600
0.677600 0.025600 0.008800
0.268000 0.026400 0.008800
0.289600 0.026400 0.008800
0.302400 0.026400 0.005600
0.310400 0.026400 0.012800
0.384800 0.026400 0.007200
0.551200 0.026400 0.015200
0.651200 0.026400 0.008800
0.280000 0.027200 0.005600
0.543200 0.027200 0.011200
0.557600 0.027200 0.005600
0.237600 0.028000 0.011200
0.255200 0.028000 0.011200
0.420000 0.028000 0.006400
0.428800 0.028000 0.005600
0.439200 0.028000 0.007200
0.457600 0.028000 0.012800
0.605600 0.028000 0.008800
0.634400 0.028000 0.010400
0.191200 0.028800 0.010400
0.397600 0.028800 0.007200
0.448800 0.028800 0.005600
0.531200 0.028800 0.013600
0.595200 0.028800 0.007200
0.619200 0.028800 0.011200
0.628000 0.028800 0.005600
0.104800 0.029600 0.008800
0.120000 0.029600 0.011200
0.411200 0.029600 0.008000
0.494400 0.029600 0.011200
0.512000 0.029600 0.008800
0.522400 0.029600 0.005600
0.586400 0.029600 0.008800
0.094400 0.031200 0.011200
0.226400 0.032000 0.008000
0.064800 0.032800 0.009600
0.081600 0.032800 0.004800
0.070400 0.034400 0.013600
0.559200 0.034400 0.008800
0.387200 0.038400 0.006400
0.283200 0.043200 0.011200
0.302400 0.043200 0.011200
0.704800 0.045600 0.013600
0.266400 0.046400 0.008800
0.394400 0.046400 0.012000
0.674400 0.046400 0.011200
0.691200 0.046400 0.009600
0.147200 0.047200 0.011200
0.414400 0.047200 0.011200
0.427200 0.047200 0.008800
0.448800 0.047200 0.008800
0.460800 0.047200 0.008800
0.473600 0.047200 0.008800
0.596800 0.047200 0.011200
0.612800 0.047200 0.010400
0.816800 0.047200 0.005600
0.826400 0.047200 0.007200
0.162400 0.048000 0.008800
0.221600 0.048000 0.011200
0.240000 0.048000 0.008800
0.250400 0.048000 0.004800
0.256800 0.048000 0.005600
0.560000 0.048000 0.008800
0.627200 0.048000 0.008800
0.660000 0.048000 0.008800
0.759200 0.048000 0.008000
0.770400 0.048000 0.007200
0.779200 0.048000 0.005600
0.800000 0.048000 0.005600
0.808800 0.048000 0.005600
0.196000 0.048800 0.008800
0.488800 0.048800 0.009600
0.573600 0.048800 0.008800
0.583200 0.048800 0.005600
0.747200 0.048800 0.008800
0.789600 0.048800 0.008000
0.177600 0.049600 0.012000
0.503200 0.049600 0.007200
0.542400 0.049600 0.012000
0.639200 0.049600 0.016800
0.645600 0.050400 0.020800
0.512000 0.051200 0.013600
0.525600 0.051200 0.008800
0.838400 0.052000 0.009600
0.714400 0.053600 0.005600
0.140800 0.066400 0.015200
0.714400 0.066400 0.007200
0.728000 0.066400 0.008800
0.750400 0.066400 0.007200
0.198400 0.067200 0.012000
0.253600 0.067200 0.007200
0.740000 0.067200 0.007200
0.215200 0.068000 0.008800
0.265600 0.068000 0.008800
0.416800 0.068000 0.007200
0.430400 0.068000 0.010400
0.450400 0.068000 0.011200
0.692000 0.068000 0.011200
0.704000 0.068000 0.008800
0.150400 0.068800 0.008800
0.228800 0.068800 0.008800
0.241600 0.068800 0.008800
0.848800 0.068800 0.010400
0.164800 0.069600 0.010400
0.180800 0.069600 0.008800
0.462400 0.069600 0.008800
0.764800 0.069600 0.011200
0.780800 0.069600 0.008800
0.796800 0.069600 0.011200
0.832000 0.069600 0.011200
0.399200 0.070400 0.013600
0.523200 0.070400 0.008800
0.405600 0.071200 0.017600
0.475200 0.071200 0.008800
0.815200 0.071200 0.010400
0.512800 0.072000 0.008800
0.493600 0.072800 0.013600
0.497600 0.072800 0.016800
0.672800 0.080800 0.012800
0.636000 0.081600 0.014400
0.642400 0.081600 0.020800
0.656000 0.081600 0.011200
0.284000 0.082400 0.008800
0.333600 0.082400 0.011200
0.274400 0.083200 0.004800
0.298400 0.083200 0.008800
0.317600 0.083200 0.011200
0.322400 0.083200 0.008800
0.252000 0.084000 0.008000
0.265600 0.084000 0.007200
0.308800 0.084000 0.005600
0.216800 0.086400 0.008000
0.227200 0.086400 0.007200
0.736800 0.086400 0.008800
0.185600 0.087200 0.008800
0.203200 0.087200 0.008800
0.239200 0.087200 0.007200
0.708800 0.087200 0.010400
0.723200 0.087200 0.008800
0.749600 0.087200 0.008800
0.807200 0.088000 0.008800
0.168800 0.088800 0.008800
0.792800 0.088800 0.008000
0.155200 0.089600 0.008800
0.764800 0.089600 0.008800
0.779200 0.089600 0.008800
0.140000 0.090400 0.009600
0.816000 0.090400 0.015200
0.093600 0.091200 0.011200
0.043200 0.092000 0.011200
0.114400 0.092000 0.008000
0.125600 0.092000 0.008000
0.060800 0.092800 0.008800
0.073600 0.092800 0.008800
0.540800 0.093600 0.008800
0.576000 0.095200 0.005600
0.552800 0.096000 0.008800
0.566400 0.096000 0.008800
0.584000 0.096000 0.012800
0.346400 0.097600 0.012800
0.316800 0.098400 0.012800
0.325600 0.098400 0.008800
0.337600 0.098400 0.008000
0.247200 0.099200 0.008000
0.265600 0.099200 0.008800
0.297600 0.099200 0.008000
0.220000 0.100000 0.007200
0.234400 0.100000 0.007200
0.256800 0.100000 0.005600
0.280000 0.100000 0.010400
0.308800 0.100000 0.007200
0.195200 0.100800 0.008800
0.209600 0.100800 0.008000
0.416000 0.101600 0.008800
0.426400 0.101600 0.008800
0.160000 0.102400 0.004800
0.172000 0.102400 0.008000
0.182400 0.102400 0.004800
0.165600 0.103200 0.008000
0.640000 0.104000 0.008800
0.650400 0.104000 0.007200
0.698400 0.104000 0.008800
0.709600 0.104000 0.008000
0.723200 0.104000 0.006400
0.136800 0.105600 0.008000
0.148800 0.105600 0.008000
0.093600 0.106400 0.007200
0.110400 0.106400 0.010400
0.083200 0.107200 0.007200
0.103200 0.107200 0.005600
0.121600 0.107200 0.008800
0.072800 0.108000 0.007200
0.064000 0.108800 0.007200
0.040000 0.109600 0.009600
0.053600 0.109600 0.008000
0.136800 0.120000 0.008800
0.855200 0.120000 0.039200
0.168000 0.120800 0.013600
0.275200 0.120800 0.016800
0.172800 0.121600 0.016000
0.212000 0.121600 0.015200
0.301600 0.121600 0.016000
0.458400 0.121600 0.016800
0.542400 0.121600 0.016800
0.833600 0.121600 0.019200
0.152000 0.122400 0.011200
0.237600 0.122400 0.016000
0.262400 0.122400 0.019200
0.352000 0.122400 0.013600
0.483200 0.122400 0.016000
0.512800 0.122400 0.014400
0.604800 0.122400 0.022400
0.327200 0.123200 0.016000
0.407200 0.123200 0.015200
0.636000 0.123200 0.015200
0.800000 0.123200 0.019200
0.370400 0.124000 0.011200
0.384800 0.124000 0.012800
0.428000 0.124000 0.016800
0.657600 0.124000 0.013600
0.677600 0.124800 0.013600
0.573600 0.125600 0.019200
0.697600 0.126400 0.013600
0.722400 0.126400 0.019200
0.740000 0.126400 0.030400
0.769600 0.127200 0.022400
0.098400 0.128000 0.008800
0.073600 0.128800 0.008800
0.085600 0.128800 0.008800
0.109600 0.129600 0.017600
0.044800 0.131200 0.015200
0.053600 0.131200 0.016000
0.064000 0.131200 0.005600
0.508800 0.140800 0.008800
0.480000 0.141600 0.007200
0.521600 0.141600 0.007200
0.534400 0.141600 0.010400
0.465600 0.142400 0.006400
0.495200 0.142400 0.008800
0.542400 0.142400 0.008800
0.461600 0.143200 0.003200
0.644800 0.143200 0.008000
0.658400 0.143200 0.008800
0.674400 0.143200 0.007200
0.683200 0.143200 0.004800
0.631200 0.144800 0.008800
0.429600 0.145600 0.003200
0.692800 0.145600 0.007200
0.823200 0.148000 0.014400
0.380800 0.150400 0.008000
0.371200 0.151200 0.007200
0.448800 0.152000 0.008000
0.460000 0.152800 0.008000
0.476000 0.156000 0.008000
0.068800 0.163200 0.008800
0.087200 0.163200 0.011200
0.101600 0.163200 0.013600
0.108000 0.163200 0.012800
0.052800 0.164000 0.009600
0.033600 0.165600 0.011200
0.140800 0.165600 0.024800
0.040800 0.166400 0.004800
0.155200 0.166400 0.030400
0.329600 0.167200 0.016800
0.352800 0.168000 0.024800
0.183200 0.169600 0.021600
0.305600 0.169600 0.016800
0.365600 0.169600 0.008800
0.382400 0.169600 0.024800
0.213600 0.170400 0.020000
0.549600 0.170400 0.022400
0.242400 0.171200 0.016800
0.269600 0.171200 0.022400
0.409600 0.171200 0.013600
0.444000 0.172000 0.016800
0.448800 0.172000 0.016000
0.496000 0.172000 0.016800
0.636000 0.172000 0.019200
0.695200 0.172000 0.019200
0.428800 0.172800 0.011200
0.520800 0.172800 0.019200
0.393600 0.173600 0.008800
0.595200 0.173600 0.016800
0.727200 0.173600 0.020800
0.834400 0.173600 0.016800
0.472000 0.174400 0.016800
0.564800 0.174400 0.008800
0.576000 0.174400 0.008800
0.660800 0.174400 0.022400
0.674400 0.174400 0.008800
0.761600 0.174400 0.016800
0.800000 0.174400 0.016000
0.784800 0.176000 0.013600
0.613600 0.176800 0.013600
0.860000 0.176800 0.024000
0.083200 0.180000 0.011200
0.097600 0.180800 0.008800
0.044800 0.182400 0.010400
0.056800 0.182400 0.005600
0.064000 0.182400 0.011200
0.112000 0.182400 0.011200
0.030400 0.184000 0.008800
0.850400 0.192800 0.008000
0.839200 0.193600 0.005600
0.802400 0.194400 0.004800
0.795200 0.195200 0.005600
0.814400 0.195200 0.008800
0.829600 0.195200 0.008800
0.231200 0.196800 0.008000
0.140000 0.197600 0.008000
0.769600 0.197600 0.008800
0.784000 0.197600 0.008000
0.754400 0.198400 0.009600
0.107200 0.200800 0.011200
0.294400 0.200800 0.008000
0.736800 0.200800 0.008000
0.092800 0.201600 0.009600
0.623200 0.201600 0.008000
0.060000 0.202400 0.011200
0.076800 0.202400 0.009600
0.041600 0.203200 0.011200
0.852000 0.213600 0.021600
0.435200 0.215200 0.026400
0.140800 0.216000 0.015200
0.244000 0.216000 0.024800
0.319200 0.216000 0.024800
0.572800 0.216000 0.022400
0.218400 0.216800 0.019200
0.468000 0.216800 0.022400
0.165600 0.217600 0.019200
0.191200 0.217600 0.019200
0.281600 0.217600 0.024800
0.356000 0.217600 0.019200
0.376800 0.217600 0.016800
0.473600 0.217600 0.026400
0.669600 0.217600 0.016800
0.532000 0.218400 0.022400
0.609600 0.218400 0.019200
0.400000 0.219200 0.022400
0.416800 0.219200 0.001600
0.755200 0.219200 0.014400
0.784000 0.219200 0.016000
0.816800 0.219200 0.016800
0.642400 0.220000 0.019200
0.690400 0.220000 0.013600
0.727200 0.220000 0.026400
0.504000 0.221600 0.019200
0.551200 0.240800 0.009600
0.778400 0.240800 0.008800
0.866400 0.240800 0.006400
0.763200 0.241600 0.008800
0.769600 0.241600 0.003200
0.793600 0.242400 0.008800
0.751200 0.244000 0.011200
0.832800 0.244000 0.007200
0.843200 0.244000 0.013600
0.808000 0.244800 0.008800
0.823200 0.244800 0.008800
0.468000 0.251200 0.008000
0.859200 0.251200 0.006400
0.419200 0.252800 0.008800
0.585600 0.252800 0.005600
0.277600 0.253600 0.011200
0.561600 0.254400 0.011200
0.575200 0.254400 0.016800
0.413600 0.255200 0.012000
0.544000 0.255200 0.008800
0.530400 0.256000 0.008800
0.138400 0.256800 0.008800
0.182400 0.256800 0.012800
0.516000 0.256800 0.009600
0.947200 0.256800 0.024000
0.133600 0.257600 0.010400
0.173600 0.257600 0.008800
0.911200 0.257600 0.012800
0.939200 0.257600 0.020800
0.152000 0.258400 0.008800
0.163200 0.258400 0.008000
0.325600 0.258400 0.006400
0.502400 0.258400 0.011200
0.336000 0.259200 0.008000
0.777600 0.259200 0.011200
0.484800 0.260000 0.010400
0.903200 0.260000 0.013600
0.476000 0.260800 0.007200
0.796800 0.260800 0.010400
0.816800 0.260800 0.010400
0.835200 0.260800 0.008800
0.756800 0.261600 0.008000
0.851200 0.261600 0.007200
0.744800 0.264000 0.008000
0.120000 0.272800 0.009600
0.255200 0.273600 0.019200
0.108800 0.275200 0.008000
0.228800 0.275200 0.016800
0.065600 0.276000 0.011200
0.314400 0.276000 0.024800
0.372800 0.276000 0.022400
0.880000 0.276000 0.016800
0.033600 0.276800 0.013600
0.097600 0.276800 0.008800
0.140800 0.276800 0.015200
0.344800 0.276800 0.017600
0.407200 0.276800 0.019200
0.044800 0.277600 0.013600
0.052800 0.277600 0.013600
0.081600 0.278400 0.011200
0.188000 0.278400 0.011200
0.438400 0.278400 0.022400
0.468000 0.278400 0.021600
0.173600 0.279200 0.008800
0.908000 0.279200 0.016000
0.157600 0.280000 0.012800
0.206400 0.280000 0.013600
0.280800 0.280000 0.016800
0.473600 0.280000 0.019200
0.852800 0.280000 0.016800
0.602400 0.280800 0.016800
0.630400 0.280800 0.016800
0.684000 0.280800 0.016800
0.712000 0.280800 0.020000
0.742400 0.280800 0.016000
0.768800 0.280800 0.014400
0.509600 0.281600 0.021600
0.820000 0.281600 0.016800
0.543200 0.282400 0.016000
0.658400 0.282400 0.016800
0.572800 0.283200 0.016800
0.793600 0.283200 0.015200
0.122400 0.294400 0.012800
0.024000 0.295200 0.011200
0.114400 0.295200 0.011200
0.051200 0.296000 0.008800
0.032800 0.296800 0.012800
0.067200 0.296800 0.008800
0.276000 0.296800 0.019200
0.080800 0.297600 0.008800
0.096000 0.297600 0.008800
0.943200 0.298400 0.011200
0.884000 0.300800 0.011200
0.931200 0.300800 0.008800
0.900800 0.301600 0.011200
0.917600 0.301600 0.009600
0.534400 0.303200 0.012000
0.647200 0.304000 0.008000
0.541600 0.304800 0.015200
0.552000 0.304800 0.007200
0.607200 0.304800 0.010400
0.657600 0.304800 0.005600
0.664000 0.304800 0.010400
0.566400 0.305600 0.008800
0.573600 0.305600 0.004800
0.620000 0.305600 0.008800
0.633600 0.305600 0.008800
0.581600 0.307200 0.005600
0.590400 0.307200 0.008800
0.111200 0.314400 0.011200
0.095200 0.315200 0.010400
0.408000 0.315200 0.012800
0.424000 0.315200 0.011200
0.441600 0.315200 0.011200
0.057600 0.316000 0.011200
0.457600 0.316000 0.011200
0.472800 0.316000 0.013600
0.028800 0.316800 0.011200
0.040800 0.316800 0.008800
0.051200 0.316800 0.005600
0.073600 0.316800 0.011200
0.351200 0.319200 0.022400
0.552800 0.320000 0.008000
0.572000 0.320000 0.007200
0.562400 0.320800 0.005600
0.668800 0.320800 0.007200
0.642400 0.321600 0.005600
0.650400 0.321600 0.004800
0.658400 0.321600 0.007200
0.811200 0.321600 0.008800
0.336000 0.322400 0.011200
0.583200 0.322400 0.007200
0.608000 0.322400 0.008800
0.624800 0.322400 0.004800
0.593600 0.323200 0.007200
0.632000 0.323200 0.005600
0.620000 0.324000 0.004000
0.692000 0.324000 0.010400
0.524000 0.324800 0.010400
0.312000 0.327200 0.014400
0.538400 0.327200 0.008000
0.187200 0.328000 0.008800
0.164800 0.328800 0.008800
0.177600 0.328800 0.007200
0.303200 0.329600 0.008800
0.153600 0.332000 0.005600
0.936800 0.336000 0.013600
0.952800 0.336800 0.011200
0.031200 0.338400 0.011200
0.056800 0.338400 0.008800
0.071200 0.338400 0.009600
0.101600 0.338400 0.012800
0.966400 0.338400 0.008800
0.044800 0.339200 0.008800
0.086400 0.339200 0.008800
0.868800 0.339200 0.024800
0.902400 0.340800 0.022400
0.255200 0.341600 0.021600
0.768000 0.342400 0.022400
0.492000 0.344000 0.026400
0.508800 0.344000 0.011200
0.524800 0.344000 0.016800
0.140000 0.344800 0.018400
0.168000 0.344800 0.013600
0.535200 0.344800 0.016800
0.731200 0.344800 0.022400
0.216000 0.345600 0.016800
0.429600 0.345600 0.019200
0.568800 0.345600 0.019200
0.181600 0.346400 0.011200
0.632800 0.346400 0.019200
0.700800 0.346400 0.022400
0.826400 0.346400 0.024800
0.200000 0.347200 0.013600
0.289600 0.347200 0.017600
0.599200 0.347200 0.018400
0.795200 0.347200 0.040000
0.409600 0.348000 0.016800
0.440800 0.348000 0.008000
0.664000 0.348000 0.019200
0.455200 0.348800 0.013600
0.471200 0.348800 0.007200
0.480800 0.349600 0.007200
0.317600 0.350400 0.016000
0.332000 0.350400 0.013600
0.381600 0.351200 0.016800
0.356000 0.353600 0.016800
0.112000 0.358400 0.015200
0.932000 0.359200 0.011200
0.965600 0.359200 0.013600
0.040000 0.360000 0.008800
0.808000 0.360000 0.009600
0.957600 0.360000 0.008800
0.082400 0.360800 0.012000
0.095200 0.360800 0.008800
0.028800 0.361600 0.008800
0.944000 0.361600 0.010400
0.059200 0.363200 0.012800
0.216800 0.370400 0.010400
0.247200 0.370400 0.008800
0.258400 0.370400 0.016000
0.199200 0.371200 0.012000
0.233600 0.371200 0.011200
0.277600 0.371200 0.012800
0.180000 0.372000 0.014400
0.191200 0.372000 0.004800
0.294400 0.373600 0.011200
0.314400 0.373600 0.010400
0.528000 0.374400 0.011200
0.329600 0.376000 0.008800
0.342400 0.376000 0.010400
0.521600 0.376000 0.005600
0.400000 0.376800 0.011200
0.413600 0.376800 0.009600
0.426400 0.376800 0.008000
0.436800 0.376800 0.007200
0.512000 0.376800 0.007200
0.448800 0.377600 0.013600
0.468000 0.377600 0.008800
0.484800 0.377600 0.011200
0.499200 0.377600 0.008800
0.128000 0.380000 0.014400
0.967200 0.380000 0.019200
0.109600 0.380800 0.005600
0.044800 0.381600 0.011200
0.085600 0.381600 0.008000
0.099200 0.381600 0.008800
0.943200 0.381600 0.006400
0.073600 0.383200 0.008800
0.059200 0.384800 0.008800
0.956000 0.384800 0.011200
0.931200 0.386400 0.018400
0.943200 0.389600 0.007200
0.200000 0.392000 0.011200
0.219200 0.392000 0.010400
0.234400 0.392000 0.008800
0.181600 0.393600 0.012800
0.248800 0.393600 0.008800
0.515200 0.393600 0.008800
0.260800 0.394400 0.005600
0.270400 0.394400 0.008800
0.292000 0.395200 0.011200
0.362400 0.395200 0.008800
0.403200 0.395200 0.011200
0.427200 0.395200 0.011200
0.501600 0.395200 0.008800
0.440800 0.396000 0.005600
0.448800 0.396000 0.005600
0.478400 0.396000 0.008000
0.492000 0.396000 0.008000
0.280800 0.396800 0.005600
0.351200 0.396800 0.008000
0.456800 0.396800 0.007200
0.467200 0.396800 0.007200
0.531200 0.396800 0.013600
0.313600 0.397600 0.011200
0.340800 0.397600 0.005600
0.329600 0.400800 0.008800
0.492000 0.412000 0.008000
0.510400 0.412000 0.011200
0.502400 0.412800 0.005600
0.206400 0.413600 0.011200
0.224800 0.413600 0.010400
0.238400 0.413600 0.014400
0.408800 0.413600 0.005600
0.188000 0.414400 0.011200
0.246400 0.414400 0.013600
0.421600 0.414400 0.011200
0.480800 0.414400 0.005600
0.400800 0.415200 0.012800
0.444800 0.415200 0.012800
0.460000 0.415200 0.005600
0.469600 0.415200 0.008800
0.301600 0.417600 0.008800
0.289600 0.418400 0.008800
0.275200 0.419200 0.008800
0.260800 0.420000 0.011200
