0.072000 0.050400 0.019200
0.048800 0.053600 0.016800
0.055200 0.077600 0.016000
0.073600 0.077600 0.012000
0.268800 0.114400 0.011200
0.286400 0.114400 0.011200
0.304800 0.114400 0.011200
0.320800 0.115200 0.013600
0.229600 0.116800 0.019200
0.252000 0.116800 0.011200
0.761600 0.120000 0.026400
0.776000 0.121600 0.027200
0.248000 0.157600 0.019200
0.274400 0.160000 0.024800
0.382400 0.160000 0.020800
0.455200 0.160000 0.013600
0.498400 0.160000 0.030400
0.508800 0.160000 0.022400
0.292000 0.160800 0.008000
0.324800 0.160800 0.013600
0.407200 0.160800 0.016800
0.220800 0.161600 0.036000
0.350400 0.161600 0.019200
0.433600 0.161600 0.018400
0.475200 0.161600 0.013600
0.540000 0.162400 0.022400
0.566400 0.162400 0.022400
0.755200 0.162400 0.036000
0.776000 0.162400 0.027200
0.307200 0.163200 0.012800
0.595200 0.163200 0.027200
0.611200 0.164800 0.008800
0.686400 0.164800 0.015200
0.727200 0.164800 0.013600
0.650400 0.165600 0.013600
0.743200 0.165600 0.027200
0.627200 0.166400 0.036000
0.667200 0.166400 0.011200
0.710400 0.166400 0.013600
0.410400 0.209600 0.008800
0.446400 0.209600 0.016800
0.423200 0.211200 0.022400
0.329600 0.212000 0.016800
0.221600 0.212800 0.031200
0.353600 0.212800 0.013600
0.394400 0.212800 0.027200
0.474400 0.212800 0.019200
0.522400 0.212800 0.013600
0.446400 0.213600 0.016800
0.260000 0.214400 0.024800
0.285600 0.214400 0.016800
0.306400 0.214400 0.013600
0.371200 0.214400 0.016800
0.248000 0.215200 0.027200
0.543200 0.215200 0.016800
0.765600 0.215200 0.035200
0.499200 0.216000 0.016800
0.568800 0.216000 0.024800
0.584000 0.216800 0.008800
0.787200 0.217600 0.036000
0.596000 0.218400 0.020800
0.620000 0.218400 0.022400
0.739200 0.220000 0.016800
0.711200 0.220800 0.032800
0.689600 0.221600 0.016800
0.660800 0.223200 0.022400
0.665600 0.225600 0.031200
0.515200 0.237600 0.007200
0.496000 0.239200 0.008800
0.505600 0.239200 0.005600
0.647200 0.242400 0.004000
0.295200 0.258400 0.013600
0.315200 0.259200 0.013600
0.336000 0.259200 0.016800
0.361600 0.260000 0.016800
0.405600 0.260000 0.016800
0.461600 0.260000 0.026400
0.787200 0.260000 0.020800
0.280000 0.260800 0.011200
0.431200 0.260800 0.022400
0.500000 0.260800 0.016000
0.524800 0.260800 0.020800
0.216800 0.261600 0.019200
0.381600 0.261600 0.013600
0.476000 0.261600 0.028800
0.760800 0.261600 0.016800
0.237600 0.262400 0.016800
0.538400 0.262400 0.013600
0.652800 0.262400 0.011200
0.560000 0.263200 0.019200
0.585600 0.263200 0.016800
0.606400 0.263200 0.013600
0.621600 0.263200 0.024800
0.638400 0.263200 0.024800
0.690400 0.263200 0.020800
0.707200 0.263200 0.008800
0.741600 0.264800 0.013600
0.262400 0.265600 0.013600
0.664800 0.265600 0.013600
0.722400 0.267200 0.011200
0.362400 0.281600 0.009600
0.239200 0.284000 0.005600
0.231200 0.284800 0.005600
0.262400 0.286400 0.010400
0.218400 0.287200 0.008800
0.379200 0.287200 0.004800
0.195200 0.288800 0.008800
0.205600 0.288800 0.008800
0.747200 0.301600 0.016800
0.802400 0.301600 0.008800
0.336800 0.302400 0.016800
0.436000 0.302400 0.016800
0.768000 0.302400 0.011200
0.504000 0.303200 0.016800
0.676000 0.303200 0.011200
0.725600 0.303200 0.008800
0.781600 0.303200 0.029600
0.473600 0.304000 0.019200
0.664000 0.304000 0.030400
0.756000 0.304000 0.005600
0.292800 0.304800 0.027200
0.312800 0.304800 0.016800
0.643200 0.304800 0.016800
0.710400 0.304800 0.027200
0.412800 0.305600 0.016800
0.563200 0.305600 0.024800
0.624800 0.305600 0.030400
0.364800 0.306400 0.019200
0.452000 0.306400 0.008800
0.552800 0.306400 0.022400
0.588000 0.306400 0.030400
0.691200 0.306400 0.036000
0.790400 0.306400 0.005600
0.820000 0.306400 0.027200
0.388800 0.307200 0.013600
0.608000 0.307200 0.032800
0.263200 0.308000 0.019200
0.528000 0.309600 0.016800
0.244800 0.310400 0.011200
0.229600 0.312800 0.022400
0.212000 0.313600 0.019200
0.516800 0.323200 0.009600
0.460000 0.327200 0.017600
0.108800 0.339200 0.013600
0.124800 0.339200 0.011200
0.049600 0.340000 0.016800
0.090400 0.340000 0.013600
0.140800 0.340000 0.019200
0.152000 0.340800 0.016800
0.194400 0.340800 0.013600
0.072000 0.341600 0.013600
0.084800 0.341600 0.016800
0.172000 0.341600 0.013600
0.212800 0.342400 0.012800
0.232000 0.343200 0.011200
0.247200 0.343200 0.013600
0.292800 0.343200 0.011200
0.309600 0.343200 0.011200
0.269600 0.344000 0.013600
0.323200 0.344000 0.008800
0.338400 0.344000 0.011200
0.364000 0.344000 0.019200
0.378400 0.344000 0.018400
0.281600 0.344800 0.005600
0.352800 0.344800 0.013600
0.770400 0.351200 0.024800
0.784800 0.351200 0.026400
0.044800 0.360800 0.012800
0.063200 0.362400 0.011200
0.074400 0.362400 0.008800
0.089600 0.362400 0.011200
0.121600 0.364000 0.011200
0.107200 0.364800 0.011200
0.142400 0.364800 0.012800
0.192800 0.365600 0.016800
0.206400 0.365600 0.011200
0.185600 0.367200 0.013600
0.238400 0.367200 0.013600
0.249600 0.367200 0.008800
0.160800 0.368000 0.015200
0.170400 0.368000 0.016800
0.222400 0.368000 0.013600
0.360800 0.368000 0.016800
0.328800 0.368800 0.016800
0.262400 0.370400 0.016800
0.280000 0.370400 0.013600
0.314400 0.370400 0.011200
0.342400 0.370400 0.016800
0.348800 0.370400 0.016800
0.300000 0.371200 0.011200
0.045600 0.386400 0.016800
0.064000 0.388000 0.016800
0.084000 0.388800 0.016800
0.095200 0.388800 0.015200
0.075200 0.389600 0.016800
0.116000 0.389600 0.016800
0.148800 0.390400 0.013600
0.128000 0.391200 0.016800
0.164800 0.392000 0.011200
0.187200 0.394400 0.015200
0.224800 0.395200 0.012800
0.244800 0.395200 0.013600
0.298400 0.396000 0.011200
0.267200 0.396800 0.013600
0.207200 0.397600 0.013600
0.287200 0.397600 0.019200
0.329600 0.398400 0.011200
0.314400 0.399200 0.011200
0.359200 0.399200 0.013600
0.345600 0.400000 0.011200
0.377600 0.400800 0.024800
