0.682400 0.030400 0.005600
0.689600 0.031200 0.005600
0.538400 0.032000 0.005600
0.544800 0.032000 0.011200
0.631200 0.032000 0.011200
0.661600 0.032000 0.008800
0.700000 0.032000 0.008000
0.496000 0.032800 0.008800
0.511200 0.032800 0.010400
0.527200 0.032800 0.008800
0.568000 0.032800 0.005600
0.616000 0.032800 0.008800
0.644800 0.032800 0.011200
0.672800 0.032800 0.007200
0.452800 0.033600 0.009600
0.557600 0.033600 0.008000
0.400800 0.034400 0.011200
0.468000 0.034400 0.008000
0.576000 0.034400 0.019200
0.601600 0.034400 0.008800
0.360000 0.035200 0.008800
0.384000 0.035200 0.010400
0.425600 0.035200 0.008000
0.438400 0.035200 0.008800
0.481600 0.035200 0.011200
0.588000 0.035200 0.008000
0.414400 0.036000 0.008800
0.371200 0.036800 0.007200
0.532800 0.045600 0.008000
0.209600 0.072800 0.011200
0.242400 0.072800 0.011200
0.257600 0.072800 0.023200
0.171200 0.073600 0.016800
0.227200 0.073600 0.011200
0.191200 0.074400 0.011200
0.808800 0.080800 0.029600
0.827200 0.082400 0.016800
0.367200 0.106400 0.008800
0.157600 0.117600 0.027200
0.172800 0.120800 0.013600
0.600000 0.124000 0.036000
0.811200 0.124000 0.027200
0.198400 0.124800 0.019200
0.288000 0.125600 0.027200
0.714400 0.125600 0.016800
0.295200 0.126400 0.028800
0.353600 0.126400 0.016800
0.564000 0.126400 0.016800
0.733600 0.126400 0.013600
0.824000 0.126400 0.032800
0.380800 0.127200 0.018400
0.625600 0.127200 0.016800
0.660800 0.127200 0.024800
0.750400 0.127200 0.012800
0.768800 0.127200 0.011200
0.255200 0.128000 0.019200
0.312800 0.128000 0.009600
0.327200 0.128000 0.024800
0.786400 0.128000 0.016800
0.844800 0.128000 0.016800
0.225600 0.128800 0.019200
0.492000 0.128800 0.016800
0.515200 0.128800 0.016000
0.687200 0.128800 0.016800
0.436000 0.129600 0.016800
0.460800 0.130400 0.022400
0.537600 0.130400 0.016800
0.408800 0.132000 0.019200
0.570400 0.146400 0.009600
0.339200 0.175200 0.005600
0.297600 0.176800 0.015200
0.348000 0.176800 0.030400
0.391200 0.176800 0.019200
0.602400 0.176800 0.019200
0.324800 0.177600 0.020800
0.364000 0.177600 0.013600
0.699200 0.177600 0.032800
0.724000 0.177600 0.022400
0.200000 0.178400 0.016000
0.251200 0.178400 0.016800
0.421600 0.178400 0.019200
0.450400 0.178400 0.019200
0.772800 0.178400 0.016800
0.824000 0.178400 0.019200
0.621600 0.179200 0.032800
0.752000 0.179200 0.030400
0.839200 0.179200 0.015200
0.276000 0.180000 0.013600
0.476000 0.180000 0.016800
0.506400 0.180000 0.022400
0.657600 0.180000 0.024800
0.793600 0.180000 0.016800
0.225600 0.180800 0.015200
0.686400 0.180800 0.022400
0.156800 0.181600 0.019200
0.179200 0.181600 0.013600
0.538400 0.181600 0.022400
0.569600 0.181600 0.021600
0.578400 0.181600 0.022400
0.836000 0.199200 0.008800
0.825600 0.200000 0.007200
0.816000 0.200800 0.008800
0.842400 0.201600 0.003200
0.847200 0.201600 0.008800
0.268000 0.203200 0.011200
0.792000 0.203200 0.012800
0.300800 0.204000 0.013600
0.287200 0.204800 0.010400
0.224800 0.206400 0.008800
0.240000 0.206400 0.010400
0.253600 0.206400 0.008800
0.308800 0.206400 0.015200
0.210400 0.208000 0.011200
0.159200 0.208800 0.013600
0.195200 0.208800 0.013600
0.147200 0.209600 0.013600
0.176800 0.209600 0.012800
0.932000 0.216000 0.010400
0.908800 0.217600 0.012800
0.916800 0.217600 0.012800
0.925600 0.217600 0.005600
0.094400 0.227200 0.008800
0.121600 0.227200 0.009600
0.108000 0.228000 0.010400
0.081600 0.228800 0.011200
0.056800 0.229600 0.013600
0.064800 0.229600 0.013600
0.041600 0.231200 0.011200
0.870400 0.232000 0.008800
0.612000 0.232800 0.032800
0.625600 0.232800 0.030400
0.654400 0.232800 0.032800
0.881600 0.232800 0.008800
0.888800 0.232800 0.011200
0.905600 0.232800 0.008800
0.673600 0.233600 0.019200
0.704000 0.233600 0.016800
0.924000 0.233600 0.009600
0.960800 0.233600 0.008800
0.949600 0.234400 0.008800
0.794400 0.235200 0.024800
0.730400 0.236000 0.016800
0.827200 0.236000 0.024800
0.938400 0.236000 0.008800
0.518400 0.237600 0.024800
0.557600 0.237600 0.024800
0.586400 0.237600 0.015200
0.756000 0.237600 0.019200
0.299200 0.238400 0.019200
0.372000 0.238400 0.011200
0.422400 0.238400 0.016800
0.354400 0.239200 0.024800
0.395200 0.239200 0.032800
0.267200 0.240000 0.022400
0.447200 0.240000 0.020000
0.141600 0.240800 0.017600
0.223200 0.240800 0.022400
0.325600 0.240800 0.015200
0.481600 0.240800 0.022400
0.151200 0.242400 0.024800
0.170400 0.243200 0.013600
0.191200 0.243200 0.015200
0.104800 0.246400 0.008800
0.110400 0.246400 0.003200
0.098400 0.247200 0.003200
0.116000 0.247200 0.010400
0.092000 0.248000 0.008800
0.068000 0.249600 0.007200
0.082400 0.249600 0.008800
0.868800 0.249600 0.011200
0.881600 0.249600 0.011200
0.942400 0.249600 0.004800
0.949600 0.249600 0.005600
0.956800 0.249600 0.012000
0.964000 0.249600 0.010400
0.047200 0.250400 0.005600
0.935200 0.250400 0.005600
0.036800 0.251200 0.008800
0.056800 0.251200 0.007200
0.888800 0.251200 0.011200
0.902400 0.251200 0.008800
0.916800 0.252000 0.008800
0.926400 0.252000 0.005600
0.088800 0.264000 0.007200
0.100000 0.264000 0.007200
0.195200 0.264000 0.003200
0.109600 0.264800 0.015200
0.116000 0.264800 0.011200
0.180000 0.264800 0.008800
0.060800 0.265600 0.008800
0.072000 0.265600 0.010400
0.080000 0.265600 0.004000
0.168800 0.265600 0.008000
0.187200 0.265600 0.010400
0.053600 0.266400 0.008800
0.200000 0.266400 0.003200
0.204800 0.266400 0.003200
0.041600 0.268000 0.011200
0.879200 0.268800 0.010400
0.909600 0.268800 0.008800
0.924800 0.268800 0.010400
0.941600 0.268800 0.010400
0.957600 0.268800 0.012800
0.036000 0.269600 0.011200
0.868800 0.269600 0.008800
0.885600 0.269600 0.011200
0.894400 0.269600 0.011200
0.516000 0.273600 0.008000
0.120000 0.280800 0.007200
0.108000 0.281600 0.010400
0.092800 0.283200 0.010400
0.100000 0.283200 0.004000
0.069600 0.284000 0.004800
0.077600 0.284000 0.011200
0.057600 0.285600 0.009600
0.940800 0.285600 0.008800
0.956800 0.285600 0.009600
0.872000 0.286400 0.009600
0.928000 0.286400 0.008800
0.887200 0.287200 0.008800
0.041600 0.288000 0.012000
0.899200 0.288000 0.008800
0.907200 0.288000 0.008800
0.918400 0.288800 0.008800
0.762400 0.290400 0.024800
0.464800 0.292000 0.027200
0.800800 0.292000 0.022400
0.409600 0.292800 0.013600
0.549600 0.292800 0.023200
0.836800 0.292800 0.022400
0.732800 0.293600 0.022400
0.154400 0.294400 0.027200
0.249600 0.294400 0.026400
0.534400 0.294400 0.024000
0.672000 0.294400 0.035200
0.689600 0.294400 0.016800
0.186400 0.295200 0.022400
0.434400 0.295200 0.024800
0.715200 0.295200 0.020800
0.176000 0.296000 0.022400
0.388800 0.296000 0.016800
0.429600 0.296000 0.024800
0.145600 0.296800 0.023200
0.232000 0.296800 0.013600
0.357600 0.296800 0.020800
0.651200 0.296800 0.016800
0.524000 0.297600 0.019200
0.210400 0.298400 0.017600
0.260800 0.298400 0.020000
0.288000 0.298400 0.020800
0.324000 0.299200 0.019200
0.486400 0.299200 0.016800
0.564800 0.299200 0.008800
0.587200 0.299200 0.018400
0.504800 0.300000 0.016800
0.601600 0.300800 0.013600
0.627200 0.300800 0.016800
0.950400 0.302400 0.008000
0.607200 0.303200 0.012800
0.919200 0.303200 0.008800
0.935200 0.303200 0.009600
0.959200 0.303200 0.008800
0.880800 0.304000 0.008800
0.893600 0.304000 0.008800
0.970400 0.305600 0.011200
0.963200 0.319200 0.008000
0.948800 0.320000 0.009600
0.684800 0.321600 0.011200
0.700800 0.321600 0.008800
0.740000 0.321600 0.007200
0.937600 0.321600 0.008000
0.674400 0.322400 0.003200
0.712000 0.322400 0.008800
0.728000 0.322400 0.011200
0.750400 0.322400 0.008800
0.549600 0.323200 0.011200
0.665600 0.323200 0.008800
0.785600 0.323200 0.008800
0.921600 0.323200 0.011200
0.560800 0.324000 0.013600
0.567200 0.324000 0.011200
0.580800 0.324000 0.009600
0.652800 0.324000 0.008800
0.801600 0.324000 0.011200
0.872800 0.324000 0.012800
0.893600 0.324000 0.011200
0.532800 0.324800 0.011200
0.762400 0.324800 0.008800
0.774400 0.324800 0.008000
0.812000 0.324800 0.005600
0.880800 0.324800 0.008800
0.422400 0.325600 0.008800
0.496000 0.325600 0.012800
0.514400 0.325600 0.011200
0.596000 0.325600 0.011200
0.628000 0.325600 0.011200
0.638400 0.325600 0.008800
0.820800 0.325600 0.007200
0.831200 0.325600 0.007200
0.841600 0.325600 0.011200
0.223200 0.326400 0.016800
0.247200 0.326400 0.016800
0.344000 0.326400 0.011200
0.362400 0.326400 0.016800
0.472000 0.326400 0.005600
0.480000 0.326400 0.011200
0.372000 0.327200 0.021600
0.409600 0.327200 0.016800
0.434400 0.327200 0.005600
0.444000 0.327200 0.013600
0.460000 0.327200 0.009600
0.172800 0.328800 0.013600
0.275200 0.328800 0.016800
0.299200 0.328800 0.013600
0.318400 0.328800 0.013600
0.388800 0.328800 0.011200
0.402400 0.328800 0.016800
0.189600 0.329600 0.013600
0.928800 0.338400 0.011200
0.936800 0.338400 0.005600
0.945600 0.338400 0.007200
0.915200 0.339200 0.008800
0.959200 0.339200 0.009600
0.904800 0.340000 0.008800
0.766400 0.340800 0.010400
0.787200 0.340800 0.011200
0.798400 0.340800 0.011200
0.838400 0.340800 0.010400
0.872800 0.340800 0.009600
0.888000 0.340800 0.010400
0.748800 0.341600 0.011200
0.781600 0.341600 0.010400
0.804800 0.341600 0.011200
0.812800 0.341600 0.008800
0.824800 0.341600 0.009600
0.860800 0.341600 0.011200
0.757600 0.342400 0.004800
0.666400 0.343200 0.011200
0.684800 0.343200 0.008000
0.520000 0.344000 0.004800
0.604000 0.344000 0.011200
0.652800 0.344000 0.011200
0.694400 0.344000 0.008800
0.735200 0.344000 0.009600
0.528800 0.344800 0.011200
0.540800 0.344800 0.008800
0.511200 0.345600 0.012800
0.553600 0.345600 0.011200
0.587200 0.345600 0.010400
0.630400 0.345600 0.011200
0.646400 0.345600 0.011200
0.709600 0.345600 0.010400
0.720800 0.345600 0.008800
0.478400 0.346400 0.010400
0.492000 0.346400 0.008800
0.503200 0.346400 0.005600
0.572000 0.346400 0.010400
0.456800 0.347200 0.012800
0.463200 0.347200 0.011200
0.444800 0.348000 0.009600
0.964800 0.355200 0.013600
0.888000 0.356800 0.008800
0.956000 0.356800 0.030400
0.870400 0.357600 0.012000
0.879200 0.357600 0.005600
0.898400 0.357600 0.006400
0.907200 0.357600 0.008800
0.920000 0.357600 0.011200
0.928000 0.357600 0.013600
0.945600 0.357600 0.013600
0.934400 0.358400 0.011200
0.801600 0.360000 0.010400
0.816800 0.360000 0.011200
0.839200 0.360800 0.011200
0.678400 0.361600 0.008800
0.779200 0.361600 0.013600
0.783200 0.361600 0.012800
0.788000 0.361600 0.013600
0.697600 0.362400 0.011200
0.852000 0.362400 0.010400
0.634400 0.363200 0.012000
0.714400 0.363200 0.010400
0.653600 0.364000 0.008800
0.760800 0.364000 0.011200
0.608800 0.364800 0.013600
0.663200 0.364800 0.011200
0.733600 0.364800 0.011200
0.514400 0.365600 0.011200
0.533600 0.365600 0.008800
0.544000 0.365600 0.008800
0.559200 0.365600 0.009600
0.745600 0.365600 0.008000
0.580800 0.366400 0.013600
0.589600 0.366400 0.005600
0.600000 0.366400 0.013600
0.500800 0.367200 0.008800
0.468800 0.368000 0.011200
0.487200 0.368000 0.008800
0.476800 0.368800 0.008800
0.444000 0.369600 0.015200
0.454400 0.369600 0.011200
0.660000 0.381600 0.011200
0.676800 0.382400 0.011200
0.779200 0.382400 0.011200
0.755200 0.383200 0.010400
0.552800 0.384000 0.011200
0.571200 0.384000 0.008800
0.583200 0.384000 0.006400
0.687200 0.384000 0.011200
0.740000 0.384000 0.009600
0.768800 0.384000 0.020800
0.536000 0.384800 0.008800
0.595200 0.384800 0.010400
0.632000 0.384800 0.013600
0.704800 0.384800 0.011200
0.724000 0.384800 0.011200
0.476800 0.386400 0.008800
0.490400 0.386400 0.008000
0.500800 0.386400 0.005600
0.518400 0.387200 0.005600
0.524800 0.387200 0.011200
0.509600 0.388000 0.005600
0.459200 0.389600 0.003200
0.466400 0.389600 0.011200
0.452000 0.390400 0.011200
0.647200 0.402400 0.008800
0.736000 0.402400 0.008800
0.748000 0.402400 0.009600
0.659200 0.403200 0.008000
0.669600 0.403200 0.015200
0.676800 0.403200 0.012800
0.692000 0.403200 0.011200
0.621600 0.404000 0.010400
0.636000 0.404000 0.008000
0.706400 0.404000 0.011200
0.716800 0.404000 0.014400
0.726400 0.404000 0.008800
0.608000 0.404800 0.019200
0.585600 0.405600 0.011200
0.595200 0.405600 0.019200
0.570400 0.407200 0.013600
0.454400 0.408800 0.013600
0.468000 0.409600 0.008800
0.507200 0.409600 0.013600
0.535200 0.409600 0.016800
0.550400 0.409600 0.011200
0.481600 0.410400 0.017600
0.492000 0.410400 0.019200
0.525600 0.410400 0.016800
