0.276800 0.113600 0.011200
0.259200 0.115200 0.011200
0.241600 0.116000 0.011200
0.292000 0.116000 0.024800
0.206400 0.118400 0.019200
0.225600 0.118400 0.010400
0.769600 0.132800 0.025600
0.784000 0.135200 0.024800
0.232800 0.156800 0.030400
0.222400 0.158400 0.008000
0.212800 0.160800 0.032800
0.192800 0.161600 0.030400
0.256000 0.161600 0.019200
0.369600 0.162400 0.032800
0.382400 0.163200 0.011200
0.277600 0.164000 0.013600
0.298400 0.164800 0.019200
0.488800 0.164800 0.016800
0.324000 0.165600 0.036000
0.404800 0.165600 0.019200
0.428000 0.165600 0.016800
0.449600 0.165600 0.016800
0.348800 0.166400 0.019200
0.468000 0.166400 0.032800
0.505600 0.167200 0.013600
0.746400 0.169600 0.011200
0.531200 0.170400 0.020800
0.642400 0.170400 0.016800
0.767200 0.171200 0.013600
0.791200 0.171200 0.019200
0.547200 0.172000 0.028800
0.560800 0.172000 0.028800
0.633600 0.172000 0.005600
0.728000 0.172000 0.016800
0.580000 0.172800 0.013600
0.620000 0.172800 0.019200
0.674400 0.172800 0.022400
0.701600 0.172800 0.019200
0.599200 0.173600 0.013600
0.326400 0.217600 0.011200
0.454400 0.217600 0.036000
0.353600 0.218400 0.032800
0.302400 0.219200 0.022400
0.314400 0.219200 0.008000
0.435200 0.219200 0.028000
0.222400 0.220000 0.019200
0.342400 0.220000 0.009600
0.425600 0.220000 0.022400
0.278400 0.220800 0.019200
0.404000 0.220800 0.022400
0.472000 0.220800 0.030400
0.484000 0.220800 0.022400
0.495200 0.220800 0.008800
0.711200 0.220800 0.022400
0.196000 0.221600 0.038400
0.252000 0.221600 0.019200
0.373600 0.221600 0.013600
0.735200 0.221600 0.036000
0.508000 0.223200 0.008800
0.702400 0.223200 0.032800
0.796000 0.223200 0.027200
0.546400 0.224000 0.032800
0.564800 0.224000 0.030400
0.682400 0.224000 0.016800
0.523200 0.224800 0.011200
0.578400 0.224800 0.024800
0.783200 0.225600 0.030400
0.644800 0.226400 0.027200
0.749600 0.226400 0.008800
0.761600 0.226400 0.040000
0.659200 0.227200 0.032000
0.611200 0.228800 0.023200
0.410400 0.246400 0.008800
0.398400 0.248800 0.009600
0.283200 0.267200 0.027200
0.304000 0.267200 0.030400
0.248800 0.268000 0.026400
0.265600 0.268000 0.027200
0.318400 0.268800 0.023200
0.232000 0.269600 0.013600
0.194400 0.272000 0.022400
0.358400 0.272000 0.024800
0.364000 0.272000 0.030400
0.388000 0.272000 0.016800
0.419200 0.272000 0.022400
0.216800 0.272800 0.027200
0.454400 0.274400 0.018400
0.676800 0.274400 0.020800
0.608800 0.276000 0.030400
0.647200 0.276000 0.016800
0.480800 0.276800 0.016800
0.595200 0.276800 0.011200
0.652800 0.276800 0.016800
0.794400 0.276800 0.030400
0.544000 0.277600 0.027200
0.627200 0.277600 0.016800
0.747200 0.277600 0.024800
0.508000 0.278400 0.019200
0.529600 0.278400 0.027200
0.773600 0.278400 0.030400
0.565600 0.281600 0.013600
0.710400 0.281600 0.019200
0.583200 0.282400 0.030400
0.464800 0.300000 0.010400
0.317600 0.312800 0.022400
0.308800 0.314400 0.024800
0.804800 0.314400 0.020800
0.193600 0.316000 0.027200
0.261600 0.316000 0.019200
0.288800 0.316000 0.027200
0.376800 0.316000 0.027200
0.416800 0.316000 0.008000
0.360000 0.316800 0.013600
0.340800 0.317600 0.016800
0.486400 0.317600 0.024800
0.794400 0.317600 0.024800
0.212000 0.318400 0.008800
0.235200 0.318400 0.019200
0.402400 0.318400 0.022400
0.504800 0.318400 0.032800
0.617600 0.319200 0.013600
0.760800 0.319200 0.016800
0.528000 0.320000 0.027200
0.599200 0.320000 0.016800
0.636800 0.320000 0.013600
0.697600 0.320000 0.008800
0.736000 0.320000 0.016800
0.780000 0.320000 0.011200
0.460800 0.320800 0.022400
0.560000 0.320800 0.024800
0.418400 0.321600 0.005600
0.578400 0.321600 0.030400
0.659200 0.321600 0.016800
0.681600 0.321600 0.013600
0.711200 0.322400 0.022400
0.431200 0.324000 0.019200
