0.573600 0.041600 0.008800
0.583200 0.041600 0.005600
0.592000 0.041600 0.008800
0.602400 0.042400 0.014400
0.609600 0.043200 0.016000
0.621600 0.043200 0.015200
0.648800 0.043200 0.008800
0.632800 0.044000 0.009600
0.639200 0.044000 0.003200
0.657600 0.044000 0.005600
0.665600 0.044800 0.005600
0.673600 0.044800 0.005600
0.682400 0.044800 0.005600
0.690400 0.044800 0.012800
0.696000 0.046400 0.013600
0.704000 0.047200 0.007200
0.713600 0.047200 0.014400
0.165600 0.054400 0.019200
0.185600 0.056000 0.011200
0.199200 0.056000 0.008800
0.212800 0.056000 0.008800
0.237600 0.056000 0.019200
0.227200 0.056800 0.008800
0.836000 0.072000 0.009600
0.849600 0.072000 0.022400
0.822400 0.072800 0.011200
0.316000 0.088800 0.008800
0.308000 0.089600 0.006400
0.279200 0.090400 0.011200
0.299200 0.090400 0.005600
0.321600 0.090400 0.008800
0.287200 0.091200 0.008800
0.292800 0.091200 0.003200
0.484800 0.093600 0.010400
0.456000 0.095200 0.008800
0.468000 0.095200 0.008000
0.479200 0.095200 0.005600
0.531200 0.096000 0.009600
0.536800 0.096800 0.012800
0.544800 0.096800 0.005600
0.552800 0.096800 0.005600
0.561600 0.096800 0.008800
0.149600 0.107200 0.021600
0.629600 0.107200 0.011200
0.164000 0.108000 0.024800
0.174400 0.108000 0.016800
0.194400 0.108000 0.024800
0.210400 0.108000 0.011200
0.331200 0.108000 0.008800
0.227200 0.108800 0.013600
0.342400 0.108800 0.005600
0.236000 0.109600 0.005600
0.244000 0.109600 0.005600
0.253600 0.109600 0.015200
0.317600 0.109600 0.011200
0.286400 0.110400 0.008800
0.299200 0.111200 0.013600
0.348800 0.111200 0.004800
0.355200 0.111200 0.011200
0.361600 0.111200 0.016000
0.469600 0.111200 0.011200
0.272000 0.112000 0.011200
0.370400 0.112000 0.019200
0.380000 0.112000 0.008800
0.415200 0.112000 0.011200
0.428800 0.112000 0.011200
0.457600 0.112000 0.008800
0.392800 0.112800 0.017600
0.446400 0.112800 0.011200
0.485600 0.114400 0.011200
0.510400 0.114400 0.013600
0.613600 0.114400 0.013600
0.757600 0.114400 0.022400
0.499200 0.115200 0.008800
0.526400 0.115200 0.008800
0.536800 0.116000 0.007200
0.548800 0.116000 0.011200
0.595200 0.116000 0.012800
0.744800 0.116000 0.008800
0.776800 0.116000 0.013600
0.795200 0.116000 0.011200
0.810400 0.116000 0.011200
0.645600 0.116800 0.016800
0.711200 0.116800 0.013600
0.730400 0.116800 0.011200
0.565600 0.117600 0.011200
0.577600 0.117600 0.008800
0.631200 0.117600 0.011200
0.831200 0.117600 0.013600
0.858400 0.117600 0.019200
0.655200 0.118400 0.008800
0.669600 0.118400 0.015200
0.680800 0.118400 0.005600
0.850400 0.118400 0.032000
0.692000 0.119200 0.008800
0.492000 0.132000 0.010400
0.524800 0.132000 0.005600
0.497600 0.132800 0.013600
0.507200 0.133600 0.007200
0.516800 0.133600 0.005600
0.532000 0.134400 0.011200
0.650400 0.137600 0.008000
0.687200 0.137600 0.008800
0.640800 0.138400 0.008800
0.355200 0.139200 0.008800
0.634400 0.139200 0.005600
0.663200 0.139200 0.008800
0.669600 0.139200 0.004000
0.675200 0.139200 0.008000
0.148800 0.146400 0.016800
0.173600 0.146400 0.013600
0.195200 0.146400 0.013600
0.214400 0.148000 0.011200
0.231200 0.148000 0.011200
0.243200 0.148000 0.005600
0.273600 0.148000 0.020800
0.250400 0.148800 0.004800
0.259200 0.148800 0.013600
0.308000 0.149600 0.016800
0.296000 0.150400 0.007200
0.325600 0.151200 0.012800
0.343200 0.151200 0.029600
0.364000 0.151200 0.027200
0.282400 0.152000 0.003200
0.288000 0.152000 0.011200
0.379200 0.152000 0.011200
0.396800 0.152800 0.011200
0.412000 0.154400 0.008800
0.424800 0.154400 0.008800
0.583200 0.154400 0.011200
0.440800 0.155200 0.011200
0.454400 0.155200 0.013600
0.460800 0.155200 0.016800
0.472000 0.155200 0.007200
0.480800 0.155200 0.005600
0.489600 0.156000 0.005600
0.508800 0.156000 0.015200
0.616000 0.156000 0.013600
0.498400 0.156800 0.005600
0.542400 0.156800 0.009600
0.570400 0.156800 0.011200
0.597600 0.156800 0.011200
0.518400 0.157600 0.005600
0.527200 0.157600 0.013600
0.557600 0.157600 0.011200
0.648000 0.157600 0.011200
0.664800 0.157600 0.015200
0.690400 0.157600 0.012000
0.632800 0.158400 0.011200
0.672000 0.158400 0.013600
0.724800 0.158400 0.019200
0.707200 0.159200 0.011200
0.718400 0.159200 0.005600
0.735200 0.159200 0.008800
0.762400 0.159200 0.011200
0.749600 0.160000 0.008800
0.779200 0.160800 0.008800
0.818400 0.161600 0.013600
0.800000 0.162400 0.016000
0.837600 0.164000 0.013600
0.857600 0.164000 0.016800
0.288000 0.172000 0.010400
0.562400 0.182400 0.006400
0.151200 0.187200 0.019200
0.215200 0.188000 0.008800
0.177600 0.188800 0.016800
0.188800 0.188800 0.005600
0.200800 0.188800 0.021600
0.226400 0.189600 0.008800
0.243200 0.189600 0.013600
0.264000 0.191200 0.013600
0.284000 0.192000 0.013600
0.304000 0.194400 0.013600
0.323200 0.194400 0.016800
0.628800 0.195200 0.011200
0.348000 0.196000 0.016800
0.435200 0.196000 0.016800
0.367200 0.196800 0.013600
0.416000 0.196800 0.013600
0.397600 0.197600 0.024800
0.469600 0.197600 0.019200
0.504000 0.197600 0.008800
0.515200 0.197600 0.007200
0.529600 0.197600 0.012000
0.565600 0.197600 0.008800
0.576800 0.197600 0.024800
0.593600 0.197600 0.011200
0.612000 0.197600 0.012800
0.492800 0.198400 0.008800
0.544800 0.198400 0.016800
0.555200 0.198400 0.005600
0.456800 0.199200 0.008800
0.478400 0.199200 0.020800
0.483200 0.199200 0.003200
0.646400 0.199200 0.011200
0.384000 0.200000 0.022400
0.668000 0.200800 0.015200
0.676800 0.200800 0.004800
0.684800 0.200800 0.005600
0.724800 0.200800 0.008800
0.736000 0.200800 0.005600
0.695200 0.202400 0.015200
0.712000 0.202400 0.011200
0.863200 0.202400 0.026400
0.847200 0.203200 0.013600
0.744800 0.204000 0.005600
0.752800 0.204000 0.013600
0.787200 0.204000 0.013600
0.821600 0.204000 0.016000
0.767200 0.204800 0.027200
0.801600 0.204800 0.011200
0.890400 0.214400 0.012000
0.897600 0.215200 0.005600
0.905600 0.215200 0.011200
0.940000 0.215200 0.013600
0.971200 0.215200 0.011200
0.916800 0.216000 0.008800
0.931200 0.216000 0.013600
0.963200 0.216000 0.016800
0.925600 0.216800 0.011200
0.950400 0.216800 0.010400
0.956800 0.216800 0.004000
0.599200 0.217600 0.008000
0.611200 0.217600 0.008800
0.620000 0.217600 0.008800
0.625600 0.218400 0.009600
0.195200 0.220000 0.010400
0.682400 0.223200 0.008800
0.676000 0.224000 0.008800
0.693600 0.224000 0.005600
0.711200 0.224000 0.005600
0.718400 0.224000 0.005600
0.724800 0.224000 0.009600
0.702400 0.224800 0.005600
0.171200 0.229600 0.030400
0.156000 0.231200 0.026400
0.249600 0.231200 0.023200
0.238400 0.232000 0.019200
0.264800 0.232000 0.011200
0.880000 0.232000 0.008800
0.217600 0.232800 0.016800
0.387200 0.232800 0.022400
0.516000 0.232800 0.005600
0.889600 0.232800 0.007200
0.905600 0.232800 0.003200
0.911200 0.232800 0.008800
0.922400 0.232800 0.008000
0.932000 0.232800 0.005600
0.969600 0.232800 0.011200
0.189600 0.233600 0.024800
0.899200 0.233600 0.008800
0.943200 0.233600 0.007200
0.952800 0.233600 0.005600
0.961600 0.233600 0.005600
0.280000 0.234400 0.011200
0.291200 0.234400 0.008800
0.324000 0.234400 0.015200
0.358400 0.234400 0.022400
0.454400 0.234400 0.016000
0.506400 0.234400 0.016800
0.305600 0.235200 0.016800
0.370400 0.235200 0.024800
0.447200 0.235200 0.015200
0.464000 0.235200 0.022400
0.524000 0.235200 0.004800
0.572800 0.235200 0.024000
0.340800 0.236000 0.013600
0.476800 0.236000 0.011200
0.492800 0.236000 0.016800
0.532000 0.236000 0.005600
0.415200 0.236800 0.019200
0.430400 0.236800 0.013600
0.544000 0.236800 0.009600
0.559200 0.236800 0.009600
0.403200 0.237600 0.024000
0.580800 0.237600 0.005600
0.590400 0.237600 0.008800
0.436800 0.238400 0.005600
0.604800 0.239200 0.008800
0.620000 0.240000 0.011200
0.637600 0.240800 0.013600
0.681600 0.241600 0.011200
0.660000 0.242400 0.014400
0.751200 0.242400 0.005600
0.796800 0.242400 0.011200
0.697600 0.243200 0.011200
0.735200 0.243200 0.013600
0.761600 0.243200 0.015200
0.781600 0.243200 0.011200
0.713600 0.244000 0.013600
0.723200 0.244000 0.016800
0.744000 0.244000 0.003200
0.815200 0.244800 0.013600
0.850400 0.244800 0.019200
0.836000 0.245600 0.011200
0.857600 0.246400 0.013600
0.878400 0.246400 0.008800
0.887200 0.246400 0.005600
0.895200 0.246400 0.005600
0.903200 0.247200 0.005600
0.910400 0.247200 0.008800
0.921600 0.248000 0.007200
0.929600 0.248000 0.002400
0.934400 0.248000 0.007200
0.944800 0.248000 0.008000
0.954400 0.248000 0.007200
0.972800 0.248000 0.009600
0.965600 0.248800 0.011200
0.340000 0.254400 0.008000
0.331200 0.255200 0.005600
0.308000 0.256000 0.008800
0.314400 0.256000 0.005600
0.322400 0.256000 0.005600
0.513600 0.257600 0.007200
0.524000 0.257600 0.008800
0.490400 0.258400 0.008800
0.503200 0.258400 0.007200
0.876800 0.261600 0.008800
0.886400 0.263200 0.005600
0.904800 0.263200 0.007200
0.913600 0.263200 0.005600
0.925600 0.263200 0.008000
0.955200 0.263200 0.011200
0.716800 0.264000 0.008800
0.736000 0.264000 0.012800
0.895200 0.264000 0.005600
0.939200 0.264000 0.008000
0.948800 0.264000 0.005600
0.965600 0.264000 0.008800
0.703200 0.264800 0.008800
0.728000 0.264800 0.005600
0.972800 0.264800 0.010400
0.848800 0.270400 0.011200
0.176800 0.272800 0.016000
0.152800 0.273600 0.016800
0.200800 0.273600 0.016800
0.239200 0.276000 0.011200
0.254400 0.276000 0.011200
0.223200 0.276800 0.013600
0.339200 0.276800 0.019200
0.876800 0.276800 0.008000
0.265600 0.277600 0.011200
0.280000 0.277600 0.011200
0.312800 0.277600 0.013600
0.352000 0.277600 0.008800
0.364000 0.277600 0.008800
0.886400 0.277600 0.005600
0.294400 0.278400 0.011200
0.327200 0.278400 0.008800
0.383200 0.278400 0.027200
0.395200 0.278400 0.008800
0.408000 0.278400 0.007200
0.895200 0.278400 0.006400
0.375200 0.279200 0.007200
0.904800 0.279200 0.006400
0.912800 0.279200 0.005600
0.928800 0.279200 0.005600
0.948000 0.279200 0.007200
0.419200 0.280000 0.027200
0.470400 0.280000 0.019200
0.510400 0.280000 0.013600
0.528000 0.280000 0.011200
0.545600 0.280000 0.013600
0.920000 0.280000 0.005600
0.938400 0.280000 0.005600
0.956800 0.280000 0.005600
0.965600 0.280000 0.008800
0.434400 0.280800 0.011200
0.458400 0.280800 0.008800
0.491200 0.280800 0.013600
0.564800 0.280800 0.022400
0.577600 0.281600 0.022400
0.592000 0.281600 0.019200
0.612800 0.281600 0.016800
0.448800 0.282400 0.005600
0.635200 0.282400 0.013600
0.602400 0.283200 0.007200
0.653600 0.283200 0.011200
0.667200 0.283200 0.008800
0.688800 0.284000 0.008800
0.676800 0.284800 0.008800
0.698400 0.284800 0.005600
0.782400 0.284800 0.019200
0.709600 0.285600 0.015200
0.726400 0.285600 0.011200
0.804800 0.285600 0.016800
0.739200 0.286400 0.022400
0.752000 0.286400 0.018400
0.775200 0.286400 0.016800
0.832800 0.288000 0.016800
0.823200 0.288800 0.013600
0.855200 0.288800 0.013600
0.878400 0.292000 0.008800
0.891200 0.292000 0.008000
0.900800 0.292800 0.006400
0.910400 0.292800 0.008800
0.916800 0.293600 0.005600
0.924800 0.294400 0.007200
0.935200 0.295200 0.007200
0.944000 0.295200 0.011200
0.957600 0.295200 0.008800
0.965600 0.295200 0.005600
0.972800 0.295200 0.011200
0.249600 0.296000 0.008800
0.261600 0.296000 0.008000
0.530400 0.300000 0.008000
0.681600 0.305600 0.008800
0.694400 0.305600 0.008800
0.842400 0.306400 0.012800
0.878400 0.307200 0.008800
0.824800 0.308000 0.005600
0.833600 0.308000 0.005600
0.889600 0.308800 0.008800
0.900000 0.309600 0.008800
0.907200 0.309600 0.003200
0.912000 0.309600 0.008000
0.922400 0.310400 0.007200
0.932000 0.310400 0.008800
0.940800 0.311200 0.005600
0.202400 0.313600 0.008800
0.213600 0.315200 0.030400
0.150400 0.316000 0.013600
0.230400 0.316000 0.022400
0.169600 0.316800 0.013600
0.190400 0.316800 0.019200
0.256800 0.319200 0.016800
0.275200 0.319200 0.013600
0.472000 0.319200 0.019200
0.494400 0.319200 0.011200
0.452000 0.320000 0.016800
0.478400 0.320000 0.013600
0.512000 0.320000 0.009600
0.524800 0.320800 0.007200
0.536800 0.320800 0.011200
0.290400 0.321600 0.011200
0.387200 0.321600 0.015200
0.555200 0.321600 0.011200
0.568000 0.321600 0.005600
0.800000 0.321600 0.022400
0.418400 0.322400 0.008800
0.432000 0.322400 0.010400
0.444000 0.322400 0.004800
0.574400 0.322400 0.005600
0.304800 0.323200 0.013600
0.324800 0.323200 0.011200
0.340000 0.323200 0.019200
0.348000 0.323200 0.019200
0.379200 0.323200 0.022400
0.396800 0.323200 0.004800
0.583200 0.323200 0.004800
0.592800 0.323200 0.008800
0.611200 0.323200 0.024800
0.622400 0.323200 0.007200
0.857600 0.323200 0.005600
0.364000 0.324000 0.011200
0.404000 0.324000 0.011200
0.771200 0.324000 0.008800
0.785600 0.324000 0.011200
0.808800 0.324000 0.019200
0.826400 0.324000 0.011200
0.637600 0.324800 0.012800
0.660800 0.324800 0.016800
0.688800 0.324800 0.004800
0.728800 0.324800 0.011200
0.757600 0.324800 0.021600
0.841600 0.324800 0.012800
0.865600 0.324800 0.013600
0.697600 0.325600 0.012800
0.712800 0.325600 0.011200
0.677600 0.326400 0.013600
0.742400 0.326400 0.022400
0.276000 0.340800 0.007200
0.260800 0.341600 0.009600
0.266400 0.341600 0.008800
0.287200 0.342400 0.005600
0.292800 0.342400 0.010400
0.301600 0.343200 0.008800
0.314400 0.343200 0.007200
0.326400 0.343200 0.008000
0.970400 0.350400 0.012800
0.966400 0.351200 0.016000
0.895200 0.352000 0.008800
0.946400 0.352000 0.008800
0.955200 0.352000 0.008800
0.907200 0.352800 0.013600
0.935200 0.352800 0.005600
0.916000 0.353600 0.015200
0.924000 0.353600 0.015200
0.149600 0.358400 0.022400
0.177600 0.358400 0.024800
0.232800 0.358400 0.016800
0.164800 0.359200 0.011200
0.212000 0.359200 0.012800
0.244800 0.359200 0.005600
0.252000 0.359200 0.004800
0.260800 0.359200 0.012800
0.194400 0.360800 0.011200
0.326400 0.360800 0.005600
0.336000 0.360800 0.014400
0.420000 0.360800 0.005600
0.280000 0.361600 0.012800
0.294400 0.361600 0.011200
0.309600 0.361600 0.013600
0.318400 0.361600 0.005600
0.386400 0.362400 0.018400
0.409600 0.362400 0.007200
0.427200 0.362400 0.012800
0.564000 0.362400 0.005600
0.352000 0.363200 0.020800
0.364800 0.363200 0.008800
0.374400 0.363200 0.018400
0.465600 0.363200 0.011200
0.556000 0.363200 0.004000
0.396000 0.364000 0.020800
0.400800 0.364000 0.003200
0.444000 0.364000 0.015200
0.480800 0.364000 0.008800
0.497600 0.364000 0.011200
0.549600 0.364000 0.004800
0.673600 0.364000 0.012800
0.512000 0.364800 0.009600
0.539200 0.364800 0.008000
0.641600 0.364800 0.012000
0.656000 0.364800 0.011200
0.707200 0.364800 0.013600
0.716000 0.364800 0.004800
0.743200 0.364800 0.013600
0.760000 0.364800 0.013600
0.526400 0.365600 0.008800
0.575200 0.365600 0.022400
0.692800 0.365600 0.011200
0.722400 0.365600 0.003200
0.780800 0.365600 0.011200
0.601600 0.366400 0.007200
0.611200 0.366400 0.005600
0.624000 0.366400 0.008800
0.634400 0.366400 0.004800
0.727200 0.366400 0.003200
0.735200 0.366400 0.006400
0.797600 0.366400 0.013600
0.939200 0.366400 0.008800
0.590400 0.367200 0.008800
0.822400 0.368000 0.013600
0.837600 0.368000 0.008800
0.847200 0.368800 0.005600
0.956800 0.368800 0.010400
0.861600 0.372000 0.019200
