0.166400 0.058400 0.025600
0.200800 0.058400 0.021600
0.211200 0.058400 0.008800
0.183200 0.059200 0.008800
0.225600 0.059200 0.020800
0.234400 0.059200 0.005600
0.831200 0.074400 0.008800
0.842400 0.075200 0.008800
0.853600 0.075200 0.019200
0.216000 0.092000 0.007200
0.228800 0.092000 0.010400
0.244000 0.092000 0.008800
0.257600 0.092000 0.008800
0.205600 0.092800 0.005600
0.186400 0.093600 0.008000
0.196000 0.093600 0.007200
0.140000 0.109600 0.024800
0.172800 0.109600 0.013600
0.156000 0.110400 0.011200
0.200800 0.110400 0.008000
0.251200 0.110400 0.011200
0.267200 0.110400 0.013600
0.376000 0.110400 0.016800
0.385600 0.110400 0.019200
0.187200 0.111200 0.008800
0.225600 0.111200 0.007200
0.237600 0.111200 0.011200
0.213600 0.112000 0.008800
0.285600 0.112000 0.016800
0.337600 0.112000 0.008800
0.352800 0.112000 0.016800
0.305600 0.112800 0.015200
0.395200 0.112800 0.005600
0.406400 0.112800 0.011200
0.476800 0.112800 0.013600
0.572800 0.112800 0.012800
0.326400 0.113600 0.008800
0.439200 0.113600 0.011200
0.456000 0.113600 0.013600
0.591200 0.113600 0.011200
0.423200 0.114400 0.011200
0.492800 0.114400 0.012800
0.540000 0.114400 0.013600
0.512800 0.115200 0.016800
0.556800 0.115200 0.008800
0.609600 0.115200 0.012800
0.522400 0.116000 0.016800
0.625600 0.116000 0.013600
0.640000 0.116800 0.011200
0.669600 0.116800 0.008800
0.714400 0.116800 0.005600
0.739200 0.116800 0.008800
0.655200 0.117600 0.011200
0.679200 0.117600 0.016800
0.692800 0.117600 0.008800
0.704800 0.117600 0.008800
0.723200 0.117600 0.013600
0.754400 0.118400 0.011200
0.860000 0.118400 0.016800
0.771200 0.119200 0.011200
0.804000 0.120000 0.011200
0.825600 0.120000 0.016800
0.842400 0.120000 0.011200
0.786400 0.121600 0.011200
0.184800 0.132000 0.008800
0.199200 0.132000 0.009600
0.337600 0.133600 0.013600
0.172000 0.134400 0.010400
0.345600 0.134400 0.012800
0.681600 0.135200 0.007200
0.707200 0.135200 0.010400
0.422400 0.136000 0.008800
0.497600 0.136000 0.011200
0.634400 0.136000 0.011200
0.641600 0.136000 0.013600
0.650400 0.136000 0.005600
0.660000 0.136000 0.005600
0.673600 0.136000 0.004800
0.693600 0.136000 0.008800
0.392800 0.136800 0.008800
0.417600 0.136800 0.003200
0.445600 0.136800 0.008000
0.449600 0.136800 0.010400
0.460000 0.136800 0.011200
0.503200 0.136800 0.010400
0.532000 0.136800 0.007200
0.544000 0.136800 0.005600
0.552800 0.136800 0.005600
0.564800 0.136800 0.008800
0.573600 0.136800 0.008800
0.667200 0.136800 0.011200
0.403200 0.137600 0.005600
0.410400 0.137600 0.005600
0.436000 0.137600 0.008000
0.468000 0.137600 0.005600
0.474400 0.137600 0.010400
0.489600 0.137600 0.010400
0.510400 0.137600 0.005600
0.516800 0.137600 0.009600
0.521600 0.137600 0.008800
0.844800 0.141600 0.011200
0.854400 0.141600 0.011200
0.124000 0.152000 0.008000
0.136800 0.152800 0.011200
0.150400 0.152800 0.008800
0.160800 0.152800 0.013600
0.177600 0.153600 0.011200
0.205600 0.153600 0.019200
0.216000 0.153600 0.005600
0.254400 0.153600 0.005600
0.191200 0.154400 0.013600
0.225600 0.154400 0.024800
0.280800 0.154400 0.011200
0.265600 0.155200 0.011200
0.241600 0.156000 0.022400
0.296000 0.156000 0.011200
0.312000 0.156800 0.011200
0.329600 0.157600 0.013600
0.344800 0.158400 0.011200
0.376000 0.158400 0.011200
0.389600 0.158400 0.011200
0.407200 0.158400 0.011200
0.358400 0.159200 0.021600
0.422400 0.159200 0.011200
0.442400 0.159200 0.013600
0.494400 0.159200 0.013600
0.511200 0.159200 0.013600
0.460800 0.160000 0.011200
0.532800 0.160000 0.011200
0.548000 0.160000 0.011200
0.563200 0.160000 0.011200
0.727200 0.160000 0.011200
0.740800 0.160000 0.032800
0.577600 0.161600 0.013600
0.602400 0.161600 0.024800
0.636800 0.161600 0.012800
0.656800 0.161600 0.011200
0.691200 0.161600 0.013600
0.711200 0.161600 0.011200
0.752800 0.161600 0.013600
0.473600 0.162400 0.008800
0.595200 0.162400 0.016800
0.674400 0.162400 0.012800
0.774400 0.162400 0.016800
0.781600 0.162400 0.019200
0.792800 0.162400 0.008800
0.804000 0.162400 0.005600
0.829600 0.162400 0.013600
0.836800 0.162400 0.016800
0.854400 0.162400 0.015200
0.618400 0.163200 0.022400
0.813600 0.163200 0.015200
0.134400 0.172000 0.007200
0.142400 0.172000 0.005600
0.148000 0.172000 0.010400
0.156800 0.172800 0.007200
0.167200 0.172800 0.008800
0.179200 0.172800 0.008800
0.491200 0.177600 0.008000
0.503200 0.177600 0.005600
0.513600 0.177600 0.008000
0.525600 0.177600 0.005600
0.640000 0.180000 0.008800
0.648800 0.180000 0.005600
0.656000 0.180000 0.005600
0.667200 0.180000 0.007200
0.536800 0.180800 0.008000
0.680800 0.180800 0.006400
0.735200 0.180800 0.007200
0.745600 0.180800 0.007200
0.756000 0.180800 0.008000
0.690400 0.181600 0.007200
0.722400 0.181600 0.008800
0.578400 0.182400 0.009600
0.701600 0.182400 0.006400
0.572000 0.183200 0.005600
0.563200 0.184000 0.006400
0.552800 0.184800 0.008800
0.137600 0.192000 0.016800
0.149600 0.192800 0.016800
0.176000 0.192800 0.013600
0.192800 0.192800 0.016800
0.164800 0.193600 0.013600
0.202400 0.193600 0.005600
0.232000 0.193600 0.016000
0.242400 0.193600 0.005600
0.225600 0.194400 0.020800
0.259200 0.194400 0.013600
0.309600 0.194400 0.013600
0.340000 0.194400 0.011200
0.352000 0.194400 0.008800
0.362400 0.194400 0.007200
0.373600 0.194400 0.016800
0.416800 0.194400 0.020800
0.213600 0.195200 0.008800
0.275200 0.195200 0.024800
0.391200 0.195200 0.011200
0.406400 0.195200 0.024000
0.432800 0.195200 0.013600
0.442400 0.195200 0.005600
0.450400 0.195200 0.005600
0.288000 0.196000 0.019200
0.325600 0.196000 0.024000
0.460800 0.196800 0.016800
0.475200 0.196800 0.007200
0.484800 0.196800 0.015200
0.493600 0.196800 0.004800
0.512800 0.197600 0.013600
0.533600 0.199200 0.012800
0.572800 0.199200 0.011200
0.638400 0.199200 0.015200
0.552000 0.200000 0.012800
0.594400 0.200000 0.012800
0.614400 0.200000 0.013600
0.663200 0.200000 0.016800
0.783200 0.200800 0.011200
0.673600 0.201600 0.016800
0.706400 0.201600 0.013600
0.720800 0.201600 0.016800
0.799200 0.201600 0.013600
0.691200 0.202400 0.011200
0.731200 0.202400 0.013600
0.748000 0.202400 0.011200
0.764000 0.202400 0.011200
0.817600 0.202400 0.013600
0.832800 0.202400 0.008800
0.845600 0.202400 0.011200
0.860800 0.202400 0.008800
0.872000 0.204800 0.018400
0.594400 0.218400 0.011200
0.608800 0.218400 0.005600
0.614400 0.218400 0.008800
0.627200 0.218400 0.005600
0.601600 0.219200 0.005600
0.712000 0.228000 0.011200
0.695200 0.228800 0.007200
0.704800 0.228800 0.013600
0.167200 0.236800 0.019200
0.360800 0.236800 0.016800
0.449600 0.236800 0.012800
0.180800 0.237600 0.007200
0.214400 0.237600 0.013600
0.233600 0.237600 0.011200
0.288000 0.237600 0.011200
0.442400 0.237600 0.005600
0.144000 0.238400 0.019200
0.194400 0.238400 0.011200
0.250400 0.238400 0.011200
0.267200 0.238400 0.013600
0.301600 0.238400 0.008800
0.323200 0.238400 0.013600
0.340000 0.238400 0.012800
0.478400 0.238400 0.005600
0.501600 0.238400 0.008800
0.312800 0.239200 0.005600
0.377600 0.239200 0.013600
0.394400 0.239200 0.011200
0.433600 0.239200 0.013600
0.468000 0.239200 0.012800
0.488000 0.239200 0.015200
0.522400 0.239200 0.016800
0.565600 0.239200 0.022400
0.411200 0.240000 0.011200
0.423200 0.240000 0.008800
0.512000 0.240000 0.008800
0.528800 0.240000 0.012800
0.582400 0.240000 0.024000
0.575200 0.240800 0.005600
0.630400 0.240800 0.012800
0.549600 0.241600 0.019200
0.596000 0.241600 0.011200
0.612800 0.241600 0.011200
0.648000 0.242400 0.011200
0.676800 0.242400 0.011200
0.782400 0.243200 0.005600
0.806400 0.243200 0.011200
0.851200 0.243200 0.027200
0.660000 0.244000 0.011200
0.693600 0.244000 0.011200
0.730400 0.244000 0.012000
0.792800 0.244000 0.008800
0.818400 0.244000 0.008000
0.830400 0.244000 0.019200
0.864000 0.244000 0.022400
0.752800 0.244800 0.012800
0.771200 0.244800 0.016800
0.711200 0.245600 0.010400
0.201600 0.254400 0.008000
0.181600 0.255200 0.008000
0.241600 0.255200 0.009600
0.192800 0.256000 0.006400
0.227200 0.256000 0.008800
0.312800 0.256000 0.010400
0.236000 0.256800 0.012800
0.283200 0.256800 0.008800
0.319200 0.256800 0.005600
0.328800 0.256800 0.006400
0.339200 0.256800 0.007200
0.427200 0.256800 0.006400
0.440800 0.256800 0.008000
0.453600 0.256800 0.008800
0.480000 0.256800 0.008800
0.497600 0.256800 0.008000
0.274400 0.257600 0.008800
0.384000 0.257600 0.008800
0.398400 0.257600 0.005600
0.408000 0.257600 0.005600
0.417600 0.257600 0.006400
0.466400 0.258400 0.008000
0.644000 0.260000 0.005600
0.652000 0.260000 0.008800
0.664000 0.260800 0.007200
0.734400 0.260800 0.007200
0.748000 0.260800 0.007200
0.675200 0.261600 0.007200
0.685600 0.262400 0.008800
0.700000 0.262400 0.006400
0.710400 0.262400 0.006400
0.722400 0.262400 0.007200
0.142400 0.273600 0.016800
0.214400 0.274400 0.011200
0.230400 0.276000 0.011200
0.523200 0.276000 0.011200
0.164800 0.276800 0.022400
0.184800 0.276800 0.016800
0.198400 0.276800 0.011200
0.267200 0.276800 0.005600
0.280800 0.276800 0.011200
0.556800 0.276800 0.005600
0.247200 0.277600 0.016800
0.259200 0.277600 0.005600
0.295200 0.277600 0.013600
0.318400 0.277600 0.013600
0.336000 0.277600 0.012800
0.412800 0.277600 0.008800
0.496000 0.277600 0.013600
0.510400 0.277600 0.011200
0.536800 0.277600 0.008000
0.565600 0.277600 0.016800
0.581600 0.277600 0.013600
0.601600 0.277600 0.011200
0.435200 0.278400 0.016800
0.460800 0.278400 0.011200
0.475200 0.278400 0.013600
0.547200 0.278400 0.008000
0.612800 0.278400 0.005600
0.623200 0.278400 0.013600
0.644000 0.278400 0.015200
0.725600 0.278400 0.005600
0.739200 0.278400 0.012800
0.760000 0.278400 0.008800
0.385600 0.279200 0.011200
0.424000 0.279200 0.005600
0.445600 0.279200 0.016800
0.480800 0.279200 0.012000
0.704000 0.279200 0.009600
0.715200 0.279200 0.008800
0.778400 0.279200 0.004800
0.802400 0.279200 0.011200
0.859200 0.279200 0.019200
0.399200 0.280000 0.011200
0.668000 0.280000 0.011200
0.686400 0.280000 0.010400
0.771200 0.280000 0.005600
0.788000 0.280000 0.013600
0.826400 0.280000 0.008800
0.841600 0.280000 0.011200
0.352800 0.280800 0.011200
0.369600 0.280800 0.011200
0.816000 0.281600 0.007200
0.293600 0.296800 0.008800
0.340800 0.296800 0.008000
0.303200 0.297600 0.005600
0.311200 0.297600 0.005600
0.319200 0.297600 0.005600
0.325600 0.297600 0.010400
0.355200 0.298400 0.007200
0.365600 0.298400 0.005600
0.482400 0.298400 0.008800
0.493600 0.298400 0.011200
0.499200 0.298400 0.009600
0.682400 0.298400 0.012800
0.373600 0.299200 0.008800
0.188800 0.312800 0.016800
0.141600 0.314400 0.019200
0.220000 0.314400 0.011200
0.236800 0.314400 0.011200
0.164000 0.315200 0.016800
0.173600 0.315200 0.020800
0.207200 0.315200 0.005600
0.252000 0.315200 0.008800
0.264800 0.316000 0.008800
0.339200 0.316000 0.011200
0.356800 0.316000 0.011200
0.320000 0.316800 0.013600
0.387200 0.316800 0.013600
0.417600 0.316800 0.011200
0.438400 0.316800 0.015200
0.279200 0.317600 0.013600
0.372000 0.317600 0.011200
0.405600 0.317600 0.008800
0.460800 0.317600 0.013600
0.311200 0.318400 0.019200
0.480800 0.318400 0.012800
0.588000 0.318400 0.011200
0.600800 0.318400 0.005600
0.544800 0.319200 0.013600
0.561600 0.319200 0.008800
0.572800 0.319200 0.022400
0.627200 0.319200 0.015200
0.298400 0.320000 0.016800
0.500800 0.320000 0.013600
0.524000 0.320000 0.016800
0.608000 0.320000 0.005600
0.648800 0.320000 0.016000
0.697600 0.320000 0.016800
0.740000 0.320800 0.019200
0.840000 0.320800 0.021600
0.848000 0.320800 0.013600
0.751200 0.321600 0.005600
0.794400 0.321600 0.024000
0.673600 0.322400 0.013600
0.719200 0.322400 0.013600
0.767200 0.322400 0.013600
0.782400 0.322400 0.011200
0.824000 0.322400 0.021600
0.864000 0.322400 0.022400
0.811200 0.323200 0.008800
0.831200 0.324000 0.005600
0.218400 0.336800 0.004800
0.181600 0.337600 0.011200
0.188800 0.337600 0.005600
0.196000 0.337600 0.005600
0.202400 0.337600 0.005600
0.211200 0.337600 0.005600
0.224800 0.337600 0.009600
0.236000 0.337600 0.008800
0.408000 0.340800 0.011200
0.415200 0.340800 0.013600
0.425600 0.340800 0.008800
0.665600 0.344000 0.008800
0.644000 0.344800 0.008800
0.654400 0.344800 0.007200
0.140000 0.356000 0.025600
0.159200 0.356800 0.015200
0.169600 0.357600 0.004800
0.176800 0.357600 0.005600
0.194400 0.359200 0.013600
0.218400 0.359200 0.008800
0.208800 0.360000 0.008800
0.232800 0.360000 0.009600
0.254400 0.360000 0.005600
0.264800 0.360000 0.008800
0.245600 0.360800 0.005600
0.280000 0.360800 0.022400
0.304000 0.361600 0.013600
0.334400 0.361600 0.005600
0.445600 0.361600 0.022400
0.288000 0.362400 0.016800
0.324000 0.362400 0.008800
0.360800 0.362400 0.015200
0.400000 0.362400 0.017600
0.474400 0.362400 0.021600
0.484000 0.362400 0.016800
0.577600 0.362400 0.030400
0.588000 0.362400 0.021600
0.602400 0.362400 0.032800
0.620800 0.362400 0.015200
0.342400 0.363200 0.005600
0.351200 0.363200 0.005600
0.434400 0.363200 0.008800
0.464000 0.363200 0.013600
0.497600 0.363200 0.016800
0.560000 0.363200 0.012800
0.594400 0.363200 0.004800
0.614400 0.363200 0.022400
0.419200 0.364000 0.015200
0.519200 0.364000 0.014400
0.528800 0.364000 0.005600
0.538400 0.364000 0.013600
0.545600 0.364000 0.013600
0.376000 0.364800 0.011200
0.389600 0.364800 0.008800
0.409600 0.364800 0.005600
0.631200 0.364800 0.005600
0.681600 0.364800 0.004800
0.696800 0.364800 0.005600
0.728000 0.364800 0.016000
0.788800 0.364800 0.022400
0.639200 0.365600 0.016800
0.652000 0.365600 0.016800
0.671200 0.365600 0.007200
0.688800 0.365600 0.005600
0.708800 0.365600 0.016800
0.776000 0.365600 0.022400
0.808800 0.366400 0.013600
0.660000 0.367200 0.016800
0.750400 0.367200 0.032800
0.764000 0.367200 0.024800
0.844000 0.369600 0.019200
0.857600 0.369600 0.020800
0.866400 0.370400 0.015200
0.826400 0.371200 0.013600
0.203200 0.399200 0.016800
0.192800 0.400000 0.008000
0.181600 0.400800 0.019200
0.167200 0.401600 0.011200
0.172800 0.401600 0.016800
0.872000 0.421600 0.025600
