736
736
736
736
736
736
750
750
749
749
749
749
749
749
749
749
751
751
751
751
751
751
737
737
737
737
737
737
737
737
737
737
737
737
737
737
737
737
737
737
737
737
737
737
737
737
737
737
737
737
737
737
737
737
737
737
737
737
737
737
737
737
737
737
737
737
737
737
737
737
737
737
737
737
737
737
735
748
746
746
747
747
748
748
748
746
746
746
747
747
748
748
748
748
746
746
746
746
746
746
746
746
746
746
-1
735
737
737
737
737
737
737
737
737
737
737
737
737
737
737
737
737
737
737
737
737
737
737
737
737
737
737
737
737
737
737
737
737
737
737
737
737
737
737
737
737
737
737
737
737
737
737
737
737
737
737
737
737
737
737
737
737
737
737
735
745
745
745
745
745
744
744
744
744
744
745
745
745
745
745
745
745
745
745
745
745
745
745
745
745
745
745
737
737
737
737
737
737
737
737
737
737
737
737
737
737
737
737
737
737
737
737
737
737
737
737
737
737
737
737
737
737
737
737
737
737
737
737
737
737
737
737
737
737
737
737
737
737
737
737
737
737
737
737
737
743
743
743
743
743
743
743
743
743
743
743
743
743
743
743
743
743
743
743
743
743
743
743
743
737
737
737
737
737
737
737
737
737
737
737
737
737
737
737
737
737
737
737
737
737
737
737
737
737
737
737
737
737
737
737
737
737
737
737
737
737
737
737
737
737
737
737
737
737
737
737
737
737
737
737
737
737
737
737
737
737
737
737
737
737
737
737
737
737
737
737
737
737
737
737
737
737
737
737
737
737
737
737
737
737
737
737
737
737
737
737
737
737
737
737
737
737
737
737
737
737
737
737
737
737
737
737
737
737
737
737
742
742
742
742
742
742
742
742
742
742
742
-1
742
737
737
737
737
737
737
737
737
737
737
737
737
737
737
737
737
737
737
737
737
737
737
737
737
737
737
737
737
737
737
737
737
737
737
737
737
737
737
737
737
737
737
737
737
737
737
737
737
737
737
737
737
737
737
737
737
737
737
737
737
737
737
740
740
740
741
740
739
741
741
741
741
740
740
739
738
738
741
741
739
739
739
738
739
739
738
738
738
734
738
734
734
734
734
734
734
734
734
734
-1
734
737
737
737
737
737
737
737
737
737
737
737
737
737
737
737
737
737
737
737
737
737
737
737
737
737
737
737
737
737
737
734
734
734
734
737
737
737
737
737
737
737
737
737
737
737
737
737
734
734
734
734
734
734
737
737
737
737
737
737
737
737
737
734
734
737
737
734
737
737
737
737
734
734
734
734
734
734
734
734
734
733
733
732
732
732
732
732
732
732
732
732
732
732
732
732
732
732
732
732
732
732
732
732
732
732
732
732
732
732
732
732
732
732
732
732
732
732
732
732
732
732
732
732
732
732
732
732
732
732
732
732
732
732
732
732
732
732
732
732
732
732
732
732
732
732
732
732
732
732
732
732
732
732
732
732
732
732
732
733
732
732
732
732
732
732
732
732
732
732
732
732
732
732
732
732
732
732
732
732
732
732
732
732
732
732
732
732
732
732
732
732
732
732
732
732
732
732
732
732
732
732
732
732
732
732
732
732
732
732
732
732
732
732
732
732
732
732
732
732
732
732
732
732
732
732
732
732
732
732
732
732
732
732
732
732
732
732
732
732
732
732
732
732
732
732
732
732
732
732
732
732
732
732
732
732
732
732
732
732
732
732
732
732
732
732
732
732
732
732
732
732
732
732
732
732