193.000000 45.000000 19.000000
215.000000 46.000000 13.000000
233.000000 46.000000 11.000000
248.000000 46.000000 11.000000
265.000000 46.000000 10.000000
276.000000 46.000000 19.000000
1050.000000 57.000000 17.000000
1070.000000 57.000000 17.000000
849.000000 66.000000 11.000000
897.000000 66.000000 11.000000
837.000000 67.000000 11.000000
883.000000 67.000000 7.000000
909.000000 67.000000 9.000000
821.000000 68.000000 8.000000
863.000000 68.000000 11.000000
874.000000 68.000000 7.000000
921.000000 68.000000 11.000000
952.000000 68.000000 11.000000
966.000000 68.000000 11.000000
933.000000 69.000000 26.000000
391.000000 70.000000 8.000000
810.000000 70.000000 18.000000
241.000000 72.000000 7.000000
295.000000 72.000000 14.000000
203.000000 73.000000 11.000000
215.000000 73.000000 14.000000
223.000000 73.000000 4.000000
231.000000 73.000000 7.000000
311.000000 73.000000 7.000000
335.000000 73.000000 7.000000
175.000000 74.000000 11.000000
188.000000 74.000000 10.000000
250.000000 74.000000 7.000000
265.000000 74.000000 11.000000
278.000000 74.000000 11.000000
323.000000 74.000000 7.000000
347.000000 74.000000 9.000000
374.000000 74.000000 13.000000
112.000000 75.000000 8.000000
123.000000 75.000000 7.000000
134.000000 75.000000 17.000000
147.000000 75.000000 11.000000
159.000000 75.000000 11.000000
360.000000 75.000000 9.000000
100.000000 76.000000 11.000000
73.000000 77.000000 11.000000
86.000000 77.000000 11.000000
396.000000 77.000000 12.000000
392.000000 101.000000 10.000000
408.000000 101.000000 10.000000
336.000000 102.000000 11.000000
364.000000 102.000000 11.000000
378.000000 102.000000 9.000000
421.000000 102.000000 11.000000
435.000000 102.000000 9.000000
535.000000 102.000000 7.000000
270.000000 103.000000 15.000000
277.000000 103.000000 18.000000
322.000000 103.000000 14.000000
447.000000 103.000000 7.000000
460.000000 103.000000 11.000000
491.000000 103.000000 17.000000
504.000000 103.000000 11.000000
521.000000 103.000000 11.000000
545.000000 103.000000 7.000000
567.000000 103.000000 17.000000
289.000000 104.000000 7.000000
301.000000 104.000000 10.000000
313.000000 104.000000 4.000000
350.000000 104.000000 9.000000
556.000000 104.000000 8.000000
585.000000 104.000000 14.000000
927.000000 106.000000 14.000000
184.000000 107.000000 9.000000
207.000000 107.000000 7.000000
218.000000 107.000000 7.000000
941.000000 107.000000 11.000000
170.000000 108.000000 9.000000
196.000000 108.000000 7.000000
228.000000 108.000000 7.000000
241.000000 108.000000 11.000000
957.000000 108.000000 10.000000
985.000000 108.000000 13.000000
146.000000 109.000000 11.000000
158.000000 109.000000 7.000000
969.000000 109.000000 11.000000
1002.000000 109.000000 9.000000
1017.000000 109.000000 9.000000
1030.000000 109.000000 11.000000
135.000000 110.000000 18.000000
763.000000 117.000000 11.000000
218.000000 129.000000 7.000000
736.000000 129.000000 28.000000
162.000000 130.000000 14.000000
194.000000 130.000000 11.000000
208.000000 130.000000 17.000000
794.000000 130.000000 19.000000
180.000000 131.000000 11.000000
724.000000 131.000000 34.000000
938.000000 131.000000 21.000000
987.000000 131.000000 14.000000
228.000000 132.000000 7.000000
239.000000 132.000000 16.000000
247.000000 132.000000 16.000000
258.000000 132.000000 7.000000
270.000000 132.000000 17.000000
278.000000 132.000000 15.000000
311.000000 132.000000 11.000000
331.000000 132.000000 14.000000
821.000000 132.000000 14.000000
864.000000 132.000000 17.000000
919.000000 132.000000 14.000000
952.000000 132.000000 11.000000
294.000000 133.000000 14.000000
350.000000 133.000000 11.000000
367.000000 133.000000 11.000000
444.000000 133.000000 7.000000
454.000000 133.000000 7.000000
480.000000 133.000000 11.000000
500.000000 133.000000 14.000000
541.000000 133.000000 14.000000
701.000000 133.000000 14.000000
841.000000 133.000000 15.000000
903.000000 133.000000 14.000000
967.000000 133.000000 14.000000
1008.000000 133.000000 14.000000
1062.000000 133.000000 24.000000
384.000000 134.000000 12.000000
403.000000 134.000000 11.000000
521.000000 134.000000 14.000000
556.000000 134.000000 11.000000
576.000000 134.000000 14.000000
763.000000 134.000000 20.000000
884.000000 134.000000 14.000000
1028.000000 134.000000 14.000000
433.000000 135.000000 7.000000
467.000000 135.000000 9.000000
681.000000 135.000000 14.000000
1042.000000 135.000000 14.000000
1076.000000 135.000000 20.000000
420.000000 136.000000 11.000000
591.000000 136.000000 17.000000
614.000000 136.000000 14.000000
649.000000 136.000000 11.000000
663.000000 136.000000 11.000000
634.000000 137.000000 11.000000
81.000000 143.000000 31.000000
62.000000 145.000000 27.000000
233.000000 156.000000 16.000000
256.000000 156.000000 9.000000
269.000000 156.000000 10.000000
441.000000 156.000000 10.000000
474.000000 156.000000 4.000000
775.000000 156.000000 11.000000
245.000000 157.000000 7.000000
285.000000 157.000000 8.000000
336.000000 157.000000 11.000000
454.000000 157.000000 9.000000
481.000000 157.000000 11.000000
495.000000 157.000000 10.000000
787.000000 157.000000 9.000000
298.000000 158.000000 11.000000
320.000000 158.000000 9.000000
466.000000 158.000000 11.000000
511.000000 158.000000 11.000000
528.000000 158.000000 10.000000
616.000000 158.000000 9.000000
627.000000 158.000000 9.000000
800.000000 158.000000 10.000000
814.000000 158.000000 9.000000
1031.000000 158.000000 12.000000
1040.000000 158.000000 4.000000
1046.000000 158.000000 11.000000
546.000000 159.000000 11.000000
557.000000 159.000000 11.000000
564.000000 159.000000 11.000000
577.000000 159.000000 11.000000
585.000000 159.000000 13.000000
593.000000 159.000000 7.000000
641.000000 159.000000 8.000000
683.000000 159.000000 11.000000
827.000000 159.000000 9.000000
840.000000 159.000000 9.000000
868.000000 159.000000 10.000000
972.000000 159.000000 11.000000
987.000000 159.000000 11.000000
998.000000 159.000000 9.000000
1013.000000 159.000000 10.000000
1074.000000 159.000000 9.000000
654.000000 160.000000 9.000000
667.000000 160.000000 7.000000
676.000000 160.000000 4.000000
693.000000 160.000000 14.000000
854.000000 160.000000 11.000000
1060.000000 160.000000 10.000000
1087.000000 160.000000 9.000000
1101.000000 161.000000 14.000000
889.000000 162.000000 13.000000
404.000000 164.000000 9.000000
58.000000 177.000000 20.000000
166.000000 179.000000 28.000000
200.000000 180.000000 11.000000
212.000000 180.000000 9.000000
356.000000 180.000000 14.000000
444.000000 180.000000 7.000000
188.000000 181.000000 17.000000
228.000000 181.000000 13.000000
248.000000 181.000000 14.000000
277.000000 181.000000 14.000000
314.000000 181.000000 11.000000
331.000000 181.000000 15.000000
376.000000 181.000000 21.000000
435.000000 181.000000 16.000000
555.000000 181.000000 17.000000
563.000000 181.000000 16.000000
261.000000 182.000000 7.000000
296.000000 182.000000 14.000000
419.000000 182.000000 11.000000
460.000000 182.000000 12.000000
539.000000 182.000000 14.000000
602.000000 182.000000 19.000000
627.000000 182.000000 11.000000
641.000000 182.000000 7.000000
673.000000 182.000000 14.000000
782.000000 182.000000 17.000000
390.000000 183.000000 6.000000
476.000000 183.000000 7.000000
491.000000 183.000000 14.000000
515.000000 183.000000 15.000000
584.000000 183.000000 13.000000
613.000000 183.000000 7.000000
653.000000 183.000000 11.000000
694.000000 183.000000 14.000000
716.000000 183.000000 14.000000
769.000000 183.000000 21.000000
801.000000 183.000000 14.000000
822.000000 183.000000 14.000000
937.000000 183.000000 11.000000
951.000000 183.000000 11.000000
981.000000 183.000000 12.000000
1016.000000 183.000000 11.000000
1034.000000 183.000000 11.000000
1055.000000 183.000000 15.000000
402.000000 184.000000 11.000000
735.000000 184.000000 14.000000
964.000000 184.000000 11.000000
999.000000 184.000000 11.000000
1077.000000 184.000000 16.000000
751.000000 185.000000 14.000000
841.000000 185.000000 12.000000
876.000000 185.000000 11.000000
910.000000 185.000000 21.000000
923.000000 185.000000 7.000000
859.000000 186.000000 14.000000
892.000000 186.000000 11.000000
336.000000 203.000000 7.000000
346.000000 203.000000 11.000000
202.000000 204.000000 10.000000
216.000000 204.000000 12.000000
236.000000 204.000000 10.000000
313.000000 204.000000 7.000000
325.000000 204.000000 7.000000
351.000000 204.000000 10.000000
362.000000 204.000000 10.000000
302.000000 205.000000 7.000000
398.000000 205.000000 10.000000
449.000000 205.000000 12.000000
559.000000 205.000000 7.000000
572.000000 205.000000 10.000000
587.000000 205.000000 11.000000
251.000000 206.000000 9.000000
265.000000 206.000000 9.000000
279.000000 206.000000 9.000000
291.000000 206.000000 7.000000
411.000000 206.000000 11.000000
431.000000 206.000000 11.000000
442.000000 206.000000 14.000000
462.000000 206.000000 8.000000
474.000000 206.000000 7.000000
504.000000 206.000000 10.000000
520.000000 206.000000 10.000000
534.000000 206.000000 7.000000
546.000000 206.000000 9.000000
738.000000 206.000000 14.000000
486.000000 207.000000 11.000000
728.000000 207.000000 13.000000
745.000000 207.000000 11.000000
808.000000 207.000000 9.000000
820.000000 207.000000 7.000000
758.000000 208.000000 9.000000
834.000000 208.000000 10.000000
879.000000 208.000000 10.000000
775.000000 209.000000 11.000000
788.000000 209.000000 7.000000
863.000000 209.000000 9.000000
895.000000 209.000000 9.000000
915.000000 209.000000 14.000000
984.000000 209.000000 11.000000
848.000000 210.000000 9.000000
907.000000 210.000000 7.000000
924.000000 210.000000 7.000000
938.000000 210.000000 11.000000
957.000000 210.000000 9.000000
969.000000 210.000000 7.000000
978.000000 210.000000 14.000000
1002.000000 210.000000 11.000000
1013.000000 212.000000 7.000000
1026.000000 212.000000 7.000000
1051.000000 212.000000 10.000000
1037.000000 213.000000 7.000000
163.000000 227.000000 17.000000
182.000000 227.000000 36.000000
196.000000 229.000000 23.000000
210.000000 229.000000 11.000000
225.000000 229.000000 17.000000
270.000000 230.000000 16.000000
786.000000 230.000000 11.000000
248.000000 231.000000 14.000000
279.000000 231.000000 17.000000
296.000000 231.000000 11.000000
534.000000 231.000000 14.000000
556.000000 231.000000 14.000000
651.000000 231.000000 17.000000
720.000000 231.000000 4.000000
757.000000 231.000000 10.000000
770.000000 231.000000 11.000000
831.000000 231.000000 7.000000
849.000000 231.000000 16.000000
861.000000 231.000000 6.000000
868.000000 231.000000 5.000000
884.000000 231.000000 13.000000
919.000000 231.000000 17.000000
1001.000000 231.000000 14.000000
315.000000 232.000000 12.000000
336.000000 232.000000 16.000000
433.000000 232.000000 7.000000
447.000000 232.000000 10.000000
516.000000 232.000000 14.000000
577.000000 232.000000 14.000000
663.000000 232.000000 5.000000
702.000000 232.000000 15.000000
714.000000 232.000000 4.000000
800.000000 232.000000 14.000000
819.000000 232.000000 11.000000
879.000000 232.000000 15.000000
900.000000 232.000000 14.000000
947.000000 232.000000 16.000000
1017.000000 232.000000 14.000000
362.000000 233.000000 14.000000
380.000000 233.000000 11.000000
394.000000 233.000000 7.000000
460.000000 233.000000 6.000000
468.000000 233.000000 6.000000
479.000000 233.000000 9.000000
598.000000 233.000000 14.000000
616.000000 233.000000 11.000000
633.000000 233.000000 11.000000
673.000000 233.000000 16.000000
684.000000 233.000000 14.000000
732.000000 233.000000 9.000000
743.000000 233.000000 7.000000
976.000000 233.000000 16.000000
1056.000000 233.000000 13.000000
1076.000000 233.000000 27.000000
1085.000000 233.000000 21.000000
403.000000 234.000000 17.000000
420.000000 234.000000 11.000000
931.000000 234.000000 7.000000
1036.000000 234.000000 14.000000
495.000000 236.000000 11.000000
611.000000 252.000000 9.000000
622.000000 253.000000 9.000000
665.000000 253.000000 9.000000
703.000000 253.000000 7.000000
712.000000 253.000000 7.000000
720.000000 253.000000 11.000000
252.000000 254.000000 9.000000
265.000000 254.000000 7.000000
277.000000 254.000000 11.000000
298.000000 254.000000 11.000000
636.000000 254.000000 9.000000
649.000000 254.000000 10.000000
682.000000 254.000000 9.000000
692.000000 254.000000 7.000000
240.000000 255.000000 11.000000
318.000000 255.000000 7.000000
329.000000 255.000000 7.000000
342.000000 255.000000 10.000000
968.000000 256.000000 9.000000
1034.000000 256.000000 7.000000
1047.000000 256.000000 9.000000
798.000000 257.000000 11.000000
824.000000 257.000000 7.000000
981.000000 257.000000 7.000000
992.000000 257.000000 7.000000
1005.000000 257.000000 9.000000
1019.000000 257.000000 10.000000
811.000000 258.000000 9.000000
835.000000 258.000000 7.000000
845.000000 258.000000 7.000000
869.000000 259.000000 9.000000
886.000000 259.000000 11.000000
855.000000 260.000000 8.000000
69.000000 274.000000 9.000000
94.000000 274.000000 7.000000
138.000000 274.000000 13.000000
1074.000000 274.000000 29.000000
32.000000 275.000000 16.000000
83.000000 275.000000 9.000000
105.000000 275.000000 7.000000
120.000000 275.000000 11.000000
43.000000 276.000000 7.000000
54.000000 276.000000 10.000000
1055.000000 276.000000 14.000000
162.000000 277.000000 16.000000
415.000000 277.000000 11.000000
428.000000 277.000000 7.000000
972.000000 277.000000 14.000000
184.000000 278.000000 14.000000
498.000000 278.000000 11.000000
609.000000 278.000000 18.000000
630.000000 278.000000 14.000000
667.000000 278.000000 14.000000
686.000000 278.000000 16.000000
698.000000 278.000000 4.000000
706.000000 278.000000 6.000000
715.000000 278.000000 7.000000
746.000000 278.000000 11.000000
1009.000000 278.000000 14.000000
1031.000000 278.000000 14.000000
337.000000 279.000000 11.000000
382.000000 279.000000 9.000000
396.000000 279.000000 11.000000
439.000000 279.000000 21.000000
466.000000 279.000000 11.000000
649.000000 279.000000 14.000000
729.000000 279.000000 11.000000
764.000000 279.000000 11.000000
781.000000 279.000000 14.000000
798.000000 279.000000 13.000000
880.000000 279.000000 12.000000
988.000000 279.000000 13.000000
206.000000 280.000000 21.000000
236.000000 280.000000 13.000000
255.000000 280.000000 14.000000
320.000000 280.000000 11.000000
453.000000 280.000000 11.000000
481.000000 280.000000 11.000000
530.000000 280.000000 11.000000
548.000000 280.000000 17.000000
574.000000 280.000000 11.000000
586.000000 280.000000 7.000000
818.000000 280.000000 14.000000
840.000000 280.000000 13.000000
860.000000 280.000000 13.000000
906.000000 280.000000 16.000000
925.000000 280.000000 11.000000
944.000000 280.000000 14.000000
267.000000 281.000000 7.000000
301.000000 281.000000 14.000000
353.000000 281.000000 14.000000
368.000000 281.000000 24.000000
596.000000 281.000000 6.000000
280.000000 282.000000 14.000000
514.000000 282.000000 11.000000
561.000000 282.000000 7.000000
218.000000 283.000000 9.000000
113.000000 293.000000 7.000000
125.000000 293.000000 9.000000
142.000000 293.000000 11.000000
101.000000 294.000000 8.000000
33.000000 296.000000 14.000000
58.000000 296.000000 11.000000
72.000000 296.000000 10.000000
88.000000 296.000000 9.000000
45.000000 297.000000 10.000000
449.000000 300.000000 7.000000
460.000000 300.000000 8.000000
995.000000 300.000000 8.000000
266.000000 301.000000 8.000000
474.000000 301.000000 8.000000
488.000000 301.000000 9.000000
502.000000 301.000000 7.000000
908.000000 301.000000 8.000000
980.000000 301.000000 13.000000
1008.000000 301.000000 8.000000
228.000000 302.000000 10.000000
276.000000 302.000000 8.000000
343.000000 302.000000 7.000000
376.000000 302.000000 11.000000
514.000000 302.000000 7.000000
528.000000 302.000000 9.000000
550.000000 302.000000 7.000000
839.000000 302.000000 7.000000
849.000000 302.000000 7.000000
860.000000 302.000000 7.000000
883.000000 302.000000 8.000000
921.000000 302.000000 9.000000
936.000000 302.000000 9.000000
952.000000 302.000000 9.000000
963.000000 302.000000 7.000000
971.000000 302.000000 7.000000
252.000000 303.000000 8.000000
289.000000 303.000000 9.000000
305.000000 303.000000 9.000000
335.000000 303.000000 11.000000
361.000000 303.000000 11.000000
540.000000 303.000000 7.000000
871.000000 303.000000 7.000000
895.000000 303.000000 8.000000
240.000000 304.000000 7.000000
319.000000 304.000000 9.000000
988.000000 309.000000 5.000000
392.000000 310.000000 7.000000
129.000000 312.000000 11.000000
95.000000 313.000000 11.000000
106.000000 313.000000 7.000000
117.000000 313.000000 9.000000
580.000000 322.000000 11.000000
635.000000 322.000000 30.000000
653.000000 322.000000 14.000000
551.000000 323.000000 7.000000
562.000000 323.000000 34.000000
595.000000 323.000000 25.000000
625.000000 323.000000 21.000000
676.000000 323.000000 17.000000
699.000000 323.000000 14.000000
719.000000 323.000000 14.000000
444.000000 324.000000 21.000000
522.000000 324.000000 9.000000
612.000000 324.000000 31.000000
739.000000 324.000000 21.000000
786.000000 324.000000 31.000000
811.000000 324.000000 20.000000
821.000000 324.000000 30.000000
898.000000 324.000000 21.000000
437.000000 325.000000 14.000000
459.000000 325.000000 14.000000
507.000000 325.000000 19.000000
536.000000 325.000000 11.000000
749.000000 325.000000 28.000000
769.000000 325.000000 14.000000
797.000000 325.000000 23.000000
865.000000 325.000000 16.000000
884.000000 325.000000 11.000000
913.000000 325.000000 14.000000
932.000000 325.000000 14.000000
961.000000 325.000000 17.000000
998.000000 325.000000 14.000000
1019.000000 325.000000 14.000000
203.000000 326.000000 11.000000
258.000000 326.000000 17.000000
482.000000 326.000000 14.000000
499.000000 326.000000 17.000000
840.000000 326.000000 15.000000
953.000000 326.000000 17.000000
1037.000000 326.000000 17.000000
1062.000000 326.000000 35.000000
1087.000000 326.000000 19.000000
272.000000 327.000000 7.000000
340.000000 327.000000 21.000000
420.000000 327.000000 13.000000
979.000000 327.000000 14.000000
188.000000 328.000000 11.000000
219.000000 328.000000 13.000000
289.000000 328.000000 14.000000
309.000000 328.000000 11.000000
329.000000 328.000000 17.000000
378.000000 328.000000 14.000000
399.000000 328.000000 4.000000
405.000000 328.000000 4.000000
167.000000 329.000000 21.000000
236.000000 329.000000 14.000000
357.000000 329.000000 14.000000
121.000000 335.000000 9.000000
135.000000 335.000000 14.000000
85.000000 336.000000 9.000000
97.000000 336.000000 7.000000
108.000000 336.000000 7.000000
50.000000 337.000000 7.000000
72.000000 337.000000 8.000000
29.000000 338.000000 16.000000
38.000000 338.000000 7.000000
61.000000 339.000000 7.000000
122.000000 352.000000 10.000000
359.000000 354.000000 11.000000
298.000000 355.000000 11.000000
376.000000 355.000000 14.000000
385.000000 355.000000 7.000000
310.000000 356.000000 7.000000
320.000000 356.000000 7.000000
331.000000 356.000000 7.000000
344.000000 356.000000 9.000000
1014.000000 357.000000 12.000000
907.000000 377.000000 21.000000
924.000000 377.000000 14.000000
1010.000000 377.000000 17.000000
1018.000000 377.000000 7.000000
831.000000 378.000000 17.000000
855.000000 378.000000 19.000000
968.000000 378.000000 17.000000
990.000000 378.000000 17.000000
1028.000000 378.000000 7.000000
1070.000000 378.000000 9.000000
1083.000000 378.000000 19.000000
734.000000 379.000000 17.000000
760.000000 379.000000 17.000000
779.000000 379.000000 17.000000
842.000000 379.000000 6.000000
880.000000 379.000000 24.000000
944.000000 379.000000 17.000000
958.000000 379.000000 23.000000
1041.000000 379.000000 11.000000
1058.000000 379.000000 11.000000
370.000000 380.000000 17.000000
411.000000 380.000000 14.000000
746.000000 380.000000 23.000000
807.000000 380.000000 17.000000
320.000000 381.000000 14.000000
335.000000 381.000000 7.000000
349.000000 381.000000 14.000000
382.000000 381.000000 7.000000
396.000000 381.000000 14.000000
428.000000 381.000000 6.000000
473.000000 381.000000 17.000000
481.000000 381.000000 7.000000
494.000000 381.000000 11.000000
523.000000 381.000000 17.000000
530.000000 381.000000 17.000000
595.000000 381.000000 14.000000
676.000000 381.000000 13.000000
698.000000 381.000000 14.000000
166.000000 382.000000 27.000000
301.000000 382.000000 16.000000
439.000000 382.000000 17.000000
460.000000 382.000000 16.000000
507.000000 382.000000 21.000000
541.000000 382.000000 7.000000
554.000000 382.000000 11.000000
573.000000 382.000000 14.000000
641.000000 382.000000 14.000000
657.000000 382.000000 11.000000
283.000000 383.000000 4.000000
622.000000 383.000000 15.000000
712.000000 383.000000 14.000000
183.000000 384.000000 11.000000
262.000000 384.000000 7.000000
275.000000 384.000000 11.000000
289.000000 384.000000 4.000000
200.000000 385.000000 11.000000
217.000000 385.000000 11.000000
235.000000 385.000000 14.000000
251.000000 387.000000 28.000000
657.000000 401.000000 9.000000
687.000000 401.000000 11.000000
701.000000 401.000000 7.000000
617.000000 402.000000 4.000000
625.000000 402.000000 11.000000
639.000000 402.000000 11.000000
670.000000 402.000000 9.000000
710.000000 402.000000 11.000000
560.000000 403.000000 7.000000
571.000000 403.000000 7.000000
595.000000 403.000000 9.000000
609.000000 403.000000 7.000000
402.000000 404.000000 11.000000
414.000000 404.000000 7.000000
423.000000 404.000000 7.000000
430.000000 404.000000 11.000000
473.000000 404.000000 16.000000
480.000000 404.000000 12.000000
550.000000 404.000000 7.000000
582.000000 404.000000 7.000000
899.000000 404.000000 11.000000
913.000000 404.000000 13.000000
920.000000 404.000000 11.000000
928.000000 404.000000 6.000000
936.000000 404.000000 11.000000
948.000000 404.000000 11.000000
360.000000 405.000000 11.000000
372.000000 405.000000 7.000000
383.000000 405.000000 9.000000
395.000000 405.000000 14.000000
442.000000 405.000000 7.000000
451.000000 405.000000 7.000000
462.000000 405.000000 7.000000
535.000000 405.000000 10.000000
728.000000 405.000000 11.000000
969.000000 405.000000 11.000000
981.000000 405.000000 7.000000
997.000000 405.000000 11.000000
754.000000 406.000000 10.000000
765.000000 406.000000 4.000000
990.000000 406.000000 15.000000
524.000000 407.000000 14.000000
740.000000 407.000000 7.000000
774.000000 407.000000 11.000000
801.000000 407.000000 11.000000
788.000000 408.000000 9.000000
1035.000000 409.000000 9.000000
310.000000 410.000000 9.000000
320.000000 411.000000 9.000000
337.000000 413.000000 11.000000
947.000000 429.000000 21.000000
976.000000 429.000000 11.000000
996.000000 429.000000 19.000000
217.000000 430.000000 14.000000
233.000000 430.000000 11.000000
264.000000 430.000000 7.000000
279.000000 430.000000 12.000000
314.000000 430.000000 26.000000
883.000000 430.000000 17.000000
897.000000 430.000000 7.000000
906.000000 430.000000 17.000000
926.000000 430.000000 14.000000
960.000000 430.000000 11.000000
1007.000000 430.000000 24.000000
1025.000000 430.000000 14.000000
169.000000 431.000000 21.000000
250.000000 431.000000 11.000000
484.000000 431.000000 11.000000
1045.000000 431.000000 21.000000
193.000000 432.000000 16.000000
299.000000 432.000000 14.000000
370.000000 432.000000 17.000000
526.000000 432.000000 16.000000
570.000000 432.000000 16.000000
593.000000 432.000000 17.000000
672.000000 432.000000 17.000000
789.000000 432.000000 14.000000
1058.000000 432.000000 42.000000
1076.000000 432.000000 23.000000
328.000000 433.000000 14.000000
350.000000 433.000000 14.000000
381.000000 433.000000 7.000000
397.000000 433.000000 20.000000
420.000000 433.000000 14.000000
443.000000 433.000000 14.000000
464.000000 433.000000 14.000000
497.000000 433.000000 7.000000
544.000000 433.000000 17.000000
706.000000 433.000000 21.000000
723.000000 433.000000 11.000000
739.000000 433.000000 17.000000
766.000000 433.000000 14.000000
808.000000 433.000000 21.000000
855.000000 433.000000 17.000000
506.000000 434.000000 14.000000
614.000000 434.000000 14.000000
648.000000 434.000000 14.000000
682.000000 434.000000 14.000000
750.000000 434.000000 7.000000
630.000000 435.000000 14.000000
835.000000 435.000000 27.000000
878.000000 465.000000 15.000000
887.000000 465.000000 16.000000
851.000000 466.000000 7.000000
859.000000 466.000000 7.000000
735.000000 467.000000 18.000000
747.000000 467.000000 11.000000
760.000000 467.000000 14.000000
769.000000 467.000000 7.000000
780.000000 467.000000 9.000000
794.000000 467.000000 11.000000
867.000000 467.000000 7.000000
811.000000 468.000000 11.000000
824.000000 468.000000 9.000000
838.000000 468.000000 10.000000
1165.000000 483.000000 21.000000
1144.000000 484.000000 14.000000
1178.000000 484.000000 24.000000
1144.000000 506.000000 14.000000
1159.000000 506.000000 17.000000
258.000000 524.000000 11.000000
270.000000 524.000000 22.000000
183.000000 525.000000 24.000000
211.000000 525.000000 14.000000
240.000000 525.000000 11.000000
226.000000 526.000000 9.000000
