2956
2956
2956
2956
2956
2956
2962
2962
2962
2959
2960
2959
2960
2959
2959
2959
2960
2960
2960
2960
2961
2961
2961
2961
2961
2961
2958
2958
2952
2952
2952
2955
2952
2952
2952
2952
2952
2952
2952
2952
2952
2952
2952
2952
2952
2952
2952
2952
2952
2952
2952
2952
2952
2952
2952
2952
2952
2952
2955
2952
2952
2952
2952
2952
2952
2952
2952
2955
2952
2952
2952
2952
2952
2952
2952
2952
2952
2952
2952
2952
2952
2965
2965
2965
2965
2965
2965
2965
2965
2965
2965
2966
2966
2965
2966
2966
2966
2966
2965
2966
2966
2964
2964
2964
2964
2964
2964
2964
2963
2963
2963
2963
2963
2963
2955
2955
2952
2952
2952
2952
2952
2952
2952
2952
2952
2952
2952
2952
2952
2952
2952
2952
2952
2952
2952
2952
2952
2952
2952
2952
2952
2952
2952
2952
2952
2952
2952
2952
2952
2952
2952
2952
2952
2952
2952
2952
2952
2952
2952
2952
2952
2952
2952
2952
2952
2967
2967
2967
2967
2967
2967
2967
2967
2967
2967
2968
2968
2968
2968
2968
2968
2968
2968
2968
2969
2952
2952
2952
2952
2952
2952
2952
2952
2952
2952
2952
2952
2952
2952
2952
2952
2952
2952
2952
2952
2952
2952
2952
2952
2952
2952
2952
2952
2952
2952
2952
2952
2952
2952
2952
2952
2952
2952
2952
2952
2952
2952
2952
2952
2952
2952
2952
2971
2973
2973
2973
2973
2973
2972
2971
2971
2971
2971
2973
2973
2973
2973
2973
2972
2972
2972
2972
2971
2970
2970
2970
2970
2970
2970
2970
2970
2974
2952
2952
2952
2952
2952
2952
2952
2952
2952
2952
2952
2952
2952
2952
2952
2952
2952
2952
2952
2952
2952
2952
2952
2952
2952
2952
2952
2952
2952
2952
2952
2952
2952
2952
2952
2952
2952
2952
2952
2952
2952
2952
2952
2952
2952
2952
2952
2952
2952
2952
2952
2978
2978
2978
2978
2978
2978
2977
2976
2975
2952
2952
2952
2952
2952
2952
2952
2952
2952
2952
2952
2952
2952
2952
2952
2952
2952
2952
2952
2952
2952
2952
2952
2952
2952
2952
2952
2952
2952
2952
2952
2952
2952
2952
2952
2952
2952
2952
2952
2952
2952
2952
2952
2952
2952
2952
2952
2952
2952
2952
2952
2980
2980
2980
2980
2980
2980
2980
2980
2980
2980
2979
2982
2980
2979
2979
2982
2979
2982
2982
2982
2981
2952
2952
2952
2952
2952
2952
2952
2952
2952
2952
2952
2952
2952
2952
2952
2952
2952
2952
2952
2952
2952
2952
2952
2952
2952
2952
2952
2952
2952
2952
2952
2952
2952
2952
2952
2952
2952
2952
2952
2952
2952
2952
2952
2952
2952
2952
2952
2952
2952
2952
2952
2952
2952
2990
2990
2990
2990
2990
2990
2990
2990
2990
2988
2990
2990
2990
2988
2988
2988
2988
2988
2988
2988
2987
2987
2987
2987
2987
2987
2988
2983
2983
2983
2983
2983
2983
2983
2983
2984
2986
2985
2952
2952
2952
2952
2952
2952
2952
2952
2952
2952
2952
2952
2952
2952
2952
2952
2953
2952
2953
2952
2952
2953
2953
2952
2952
2952
2952
2952
2952
2952
2952
2952
2952
2952
2952
2952
2952
2952
2952
2952
2952
2952
2952
2952
2952
2952
2952
2952
2952
2952
2952
2952
2952
2952
2953
2953
2954
2954
2954
2954
2954
2954