2077
2077
2077
2077
2077
2077
2082
2082
2080
2080
2080
2080
2080
2080
2080
2080
2080
2080
2080
2080
2081
2081
2081
2081
2079
2079
2079
2081
2081
2081
2081
2081
2081
2079
2079
2079
2081
2081
2081
2081
2081
2081
2081
2081
2079
2079
2086
2076
2076
2076
2076
2076
2076
2076
2076
2076
2076
2076
2076
2076
2076
2076
2076
2076
2076
2076
2076
2076
2076
2076
2076
2076
2076
2076
2076
2076
2076
2076
2076
2076
2076
2076
2076
2076
2076
2076
2076
2076
2076
2076
2076
2076
2076
2076
2076
2076
2076
2076
2076
2076
2076
2076
2076
2076
2076
2078
2085
2085
2085
2085
2085
2085
2087
2087
2087
2087
2087
2087
2084
2084
2084
2087
2087
2084
2084
2084
2083
2078
2076
2076
2076
2076
2076
2076
2076
2076
2076
2076
2076
2076
2076
2076
2076
2076
2076
2076
2076
2076
2076
2076
2076
2076
2076
2076
2076
2076
2076
2076
2076
2076
2076
2076
2076
2076
2076
2076
2076
2076
2076
2076
2076
2076
2076
2076
2076
2076
2076
2076
2076
2076
2076
2076
2076
2076
2076
2076
2076
2076
2076
2076
2076
2093
2093
2093
2093
2093
2093
2093
2093
2093
2089
2089
2089
2089
2089
2089
2094
2091
2094
2094
2094
2088
2090
2088
2092
2088
2088
2088
2088
2088
2093
2093
2093
2093
2093
2093
2076
2076
2076
2076
2076
2076
2076
2076
2076
2076
2076
2076
2076
2076
2076
2076
2076
2076
2076
2076
2076
2076
2076
2076
2076
2076
2076
2076
2076
2076
2076
2076
2076
2076
2076
2076
2076
2076
2076
2076
2076
2076
2076
2076
2076
2076
2076
2076
2076
2076
2076
2076
2076
2076
2076
2076
2076
2076
2096
2096
2097
2096
2097
2097
2097
2096
2097
2097
2097
2096
2096
2117
2095
2095
2095
2095
2095
2095
2076
2076
2076
2076
2076
2076
2076
2076
2076
2076
2076
2076
2076
2076
2076
2076
2076
2076
2076
2076
2076
2076
2076
2076
2076
2076
2076
2076
2076
2076
2076
2076
2076
2076
2076
2076
2076
2076
2076
2076
2076
2076
2076
2076
2076
2076
2076
2076
2076
2076
2076
2076
2076
2076
2076
2076
2076
2076
2076
2098
2098
2098
2098
2098
2098
2099
2099
2099
2099
2099
2099
2099
2099
2099
2102
2103
2098
2098
2098
2098
2099
2099
2103
2100
2100
2102
2102
2103
2103
2103
2103
2103
2102
2102
2102
2103
2103
2103
2103
2103
2103
2103
2103
2100
2100
2102
2102
2102
2102
2102
2102
2103
2103
2103
2100
2100
2102
2100
2100
2100
-1
2104
2104
2104
2104
2104
2104
2104
2076
2076
2076
2076
2076
2076
2076
2076
2076
2076
2076
2076
2076
2076
2076
2076
2076
2076
2076
2076
2076
2076
2076
2076
2076
2076
2076
2076
2076
2076
2076
2076
2076
2076
2076
2076
2076
2076
2076
2076
2076
2076
2076
2076
2076
2076
2076
2076
2076
2076
2076
2076
2076
2076
2076
2076
2076
2076
2076
2104
2104
2104
2104
2104
2104
2104
2104
2104
2104
2108
2108
2108
2108
2108
2108
2108
2108
2108
2108
2108
2105
2105
2105
2105
2105
2105
2106
2107
2076
2076
2076
2076
2076
2076
2076
2076
2076
2076
2076
2076
2076
2076
2076
2076
2076
2076
2076
2076
2076
2076
2076
2076
2076
2076
2076
2076
2076
2076
2076
2076
2076
2076
2076
2076
2076
2076
2076
2076
2076
2076
2076
2076
2076
2076
2076
2076
2076
2076
2076
2076
2076
2076
2109
2109
2109
2109
2109
2109
2109
2109
2109
2109
2109
2109
2109
2111
2111
2111
2111
2111
2112
2112
2112
2113
2111
2111
2113
2113
2113
2113
2114
2113
2113
2113
2113
2113
2113
2113
2114
2114
2114
2114
2114
2114
2114
2114
2076
2076
2076
2076
2076
2076
2076
2076
2076
2076
2076
2076
2076
2076
2076
2076
2076
2076
2076
2076
2076
2076
2076
2076
2076
2076
2076
2076
2076
2076
2076
2076
2076
2076
2076
2076
2076
2076
2076
2076
2076
2076
2076
2076
2076
2076
2076
2076
2076
2076
2076
2076
2076
2076
2076
2076
2076
2076
2116
2116
2116
2116
2116
2116
2116