0.215200 0.060800 0.005600
0.181600 0.062400 0.008800
0.192800 0.062400 0.008800
0.206400 0.062400 0.008800
0.168000 0.063200 0.011200
0.147200 0.064000 0.016800
0.842400 0.065600 0.008800
0.856800 0.065600 0.021600
0.830400 0.067200 0.020000
0.653600 0.088000 0.013600
0.660000 0.088000 0.013600
0.669600 0.088000 0.008800
0.679200 0.088000 0.007200
0.236800 0.088800 0.005600
0.246400 0.088800 0.005600
0.257600 0.088800 0.008800
0.644800 0.088800 0.012800
0.689600 0.088800 0.005600
0.697600 0.088800 0.005600
0.732000 0.088800 0.009600
0.208800 0.089600 0.013600
0.217600 0.089600 0.005600
0.227200 0.089600 0.007200
0.707200 0.089600 0.008800
0.718400 0.089600 0.008000
0.559200 0.090400 0.008800
0.568800 0.090400 0.008800
0.580000 0.090400 0.008800
0.592800 0.090400 0.008800
0.858400 0.094400 0.008000
0.621600 0.095200 0.008000
0.122400 0.102400 0.008000
0.211200 0.112000 0.013600
0.837600 0.112000 0.011200
0.186400 0.112800 0.013600
0.404000 0.112800 0.011200
0.527200 0.112800 0.008800
0.607200 0.112800 0.005600
0.652800 0.112800 0.015200
0.793600 0.112800 0.022400
0.805600 0.112800 0.022400
0.821600 0.112800 0.011200
0.858400 0.112800 0.013600
0.139200 0.113600 0.016800
0.155200 0.113600 0.011200
0.171200 0.113600 0.011200
0.232800 0.113600 0.013600
0.250400 0.113600 0.013600
0.447200 0.113600 0.008800
0.468800 0.113600 0.008800
0.484800 0.113600 0.011200
0.501600 0.113600 0.011200
0.544000 0.113600 0.011200
0.632800 0.113600 0.022400
0.672800 0.113600 0.012800
0.739200 0.113600 0.016800
0.269600 0.114400 0.016800
0.308800 0.114400 0.013600
0.319200 0.114400 0.005600
0.418400 0.114400 0.011200
0.456800 0.114400 0.008800
0.514400 0.114400 0.008000
0.560000 0.114400 0.008800
0.571200 0.114400 0.005600
0.580800 0.114400 0.013600
0.615200 0.114400 0.013600
0.691200 0.114400 0.011200
0.344000 0.115200 0.011200
0.360000 0.115200 0.011200
0.381600 0.115200 0.016800
0.392000 0.115200 0.022400
0.433600 0.115200 0.011200
0.596800 0.115200 0.011200
0.752000 0.115200 0.008800
0.761600 0.115200 0.016800
0.777600 0.115200 0.011200
0.281600 0.116000 0.004800
0.291200 0.116000 0.016800
0.328000 0.116000 0.013600
0.708800 0.116000 0.011200
0.527200 0.130400 0.008800
0.540000 0.130400 0.008000
0.551200 0.130400 0.005600
0.857600 0.130400 0.008800
0.561600 0.131200 0.006400
0.582400 0.131200 0.006400
0.669600 0.131200 0.006400
0.679200 0.131200 0.005600
0.689600 0.131200 0.007200
0.704000 0.131200 0.007200
0.048000 0.132000 0.016800
0.571200 0.132000 0.007200
0.592000 0.132000 0.005600
0.599200 0.132000 0.004800
0.607200 0.132000 0.005600
0.714400 0.132000 0.005600
0.724800 0.132000 0.007200
0.830400 0.132000 0.009600
0.838400 0.132000 0.003200
0.845600 0.132000 0.008800
0.069600 0.133600 0.019200
0.305600 0.134400 0.009600
0.319200 0.134400 0.008800
0.328800 0.134400 0.005600
0.336800 0.134400 0.005600
0.344000 0.134400 0.011200
0.354400 0.134400 0.005600
0.362400 0.134400 0.005600
0.368800 0.134400 0.010400
0.168800 0.136000 0.008800
0.651200 0.136000 0.007200
0.136800 0.136800 0.008800
0.147200 0.136800 0.007200
0.156000 0.136800 0.008800
0.807200 0.151200 0.013600
0.858400 0.151200 0.013600
0.464800 0.152800 0.011200
0.749600 0.152800 0.011200
0.777600 0.152800 0.008800
0.489600 0.153600 0.009600
0.718400 0.153600 0.014400
0.735200 0.153600 0.011200
0.764800 0.153600 0.011200
0.789600 0.153600 0.019200
0.843200 0.153600 0.008800
0.477600 0.154400 0.008800
0.502400 0.154400 0.013600
0.564800 0.154400 0.011200
0.580000 0.154400 0.011200
0.648000 0.154400 0.013600
0.672800 0.154400 0.015200
0.696000 0.154400 0.013600
0.831200 0.154400 0.011200
0.510400 0.155200 0.004000
0.531200 0.155200 0.012000
0.548800 0.155200 0.011200
0.596000 0.155200 0.011200
0.611200 0.155200 0.011200
0.630400 0.155200 0.013600
0.378400 0.156000 0.008800
0.433600 0.156800 0.005600
0.444000 0.156800 0.015200
0.516800 0.156800 0.010400
0.344000 0.157600 0.013600
0.422400 0.157600 0.016800
0.162400 0.158400 0.016800
0.328000 0.158400 0.012800
0.358400 0.158400 0.016000
0.368000 0.158400 0.005600
0.208000 0.159200 0.016800
0.215200 0.159200 0.022400
0.388800 0.159200 0.007200
0.401600 0.159200 0.019200
0.141600 0.160000 0.013600
0.174400 0.160000 0.008800
0.188000 0.160000 0.022400
0.197600 0.160000 0.005600
0.261600 0.160000 0.011200
0.275200 0.160000 0.008800
0.289600 0.160000 0.012800
0.310400 0.160000 0.011200
0.156800 0.160800 0.013600
0.235200 0.160800 0.019200
0.048000 0.162400 0.021600
0.056000 0.162400 0.024000
0.888000 0.171200 0.015200
0.806400 0.172800 0.008800
0.828800 0.172800 0.007200
0.868000 0.172800 0.005600
0.876800 0.172800 0.015200
0.465600 0.173600 0.008000
0.692000 0.173600 0.007200
0.816000 0.173600 0.008800
0.839200 0.173600 0.007200
0.858400 0.173600 0.007200
0.475200 0.174400 0.005600
0.484000 0.174400 0.005600
0.680000 0.174400 0.007200
0.701600 0.174400 0.007200
0.712000 0.174400 0.007200
0.724800 0.174400 0.011200
0.848800 0.174400 0.006400
0.491200 0.175200 0.005600
0.499200 0.175200 0.007200
0.510400 0.175200 0.008800
0.646400 0.175200 0.008800
0.656000 0.175200 0.008800
0.669600 0.175200 0.008800
0.279200 0.176800 0.007200
0.329600 0.176800 0.008800
0.340000 0.176800 0.007200
0.350400 0.176800 0.008000
0.254400 0.177600 0.007200
0.265600 0.177600 0.008000
0.288800 0.177600 0.005600
0.316000 0.177600 0.005600
0.299200 0.178400 0.005600
0.307200 0.178400 0.005600
0.148800 0.180000 0.008800
0.138400 0.180800 0.008800
0.236000 0.183200 0.007200
0.618400 0.196000 0.012800
0.627200 0.196000 0.004000
0.789600 0.196000 0.025600
0.510400 0.196800 0.005600
0.591200 0.196800 0.022400
0.684000 0.196800 0.008800
0.694400 0.196800 0.005600
0.829600 0.196800 0.016000
0.844800 0.196800 0.019200
0.466400 0.197600 0.016800
0.525600 0.197600 0.013600
0.599200 0.197600 0.016800
0.633600 0.197600 0.005600
0.648800 0.197600 0.012800
0.666400 0.197600 0.013600
0.703200 0.197600 0.014400
0.726400 0.197600 0.016800
0.775200 0.197600 0.011200
0.803200 0.197600 0.020000
0.852800 0.197600 0.015200
0.440000 0.198400 0.011200
0.502400 0.198400 0.014400
0.716000 0.198400 0.018400
0.156800 0.199200 0.008800
0.168000 0.199200 0.025600
0.300000 0.199200 0.016800
0.313600 0.199200 0.011200
0.414400 0.199200 0.020800
0.427200 0.199200 0.011200
0.448000 0.199200 0.003200
0.558400 0.199200 0.013600
0.746400 0.199200 0.021600
0.250400 0.200000 0.013600
0.272800 0.200000 0.013600
0.329600 0.200000 0.016800
0.372800 0.200000 0.013600
0.387200 0.200000 0.011200
0.401600 0.200000 0.008800
0.452800 0.200000 0.008800
0.576800 0.200000 0.011200
0.139200 0.200800 0.013600
0.184800 0.200800 0.013600
0.491200 0.200800 0.016800
0.201600 0.201600 0.016800
0.210400 0.201600 0.020800
0.223200 0.201600 0.018400
0.236000 0.201600 0.008800
0.353600 0.202400 0.019200
0.563200 0.219200 0.009600
0.511200 0.220000 0.011200
0.517600 0.220000 0.003200
0.524000 0.220000 0.009600
0.548000 0.220000 0.007200
0.558400 0.220000 0.008800
0.486400 0.220800 0.008800
0.495200 0.220800 0.011200
0.502400 0.220800 0.005600
0.535200 0.220800 0.008800
0.836800 0.223200 0.007200
0.411200 0.224800 0.008000
0.809600 0.238400 0.016800
0.140000 0.239200 0.016800
0.828800 0.239200 0.015200
0.840000 0.239200 0.008800
0.152800 0.240000 0.013600
0.220800 0.240000 0.019200
0.669600 0.240000 0.021600
0.736000 0.240000 0.015200
0.754400 0.240000 0.008800
0.859200 0.240000 0.013600
0.228800 0.240800 0.015200
0.252800 0.240800 0.016800
0.551200 0.240800 0.013600
0.568800 0.240800 0.008800
0.628000 0.240800 0.005600
0.652800 0.240800 0.005600
0.768000 0.240800 0.011200
0.785600 0.240800 0.013600
0.167200 0.241600 0.011200
0.182400 0.241600 0.007200
0.244000 0.241600 0.016800
0.451200 0.241600 0.011200
0.464000 0.241600 0.008800
0.475200 0.241600 0.007200
0.495200 0.241600 0.013600
0.532000 0.241600 0.011200
0.579200 0.241600 0.016800
0.644800 0.241600 0.004800
0.681600 0.241600 0.008800
0.696800 0.241600 0.011200
0.715200 0.241600 0.013600
0.268000 0.242400 0.011200
0.389600 0.242400 0.011200
0.516800 0.242400 0.012800
0.616000 0.242400 0.016800
0.636000 0.242400 0.013600
0.194400 0.243200 0.008800
0.207200 0.243200 0.011200
0.331200 0.243200 0.015200
0.342400 0.243200 0.005600
0.355200 0.243200 0.011200
0.416000 0.243200 0.005600
0.429600 0.243200 0.005600
0.277600 0.244000 0.011200
0.292800 0.244000 0.011200
0.372800 0.244000 0.011200
0.404800 0.244000 0.008800
0.598400 0.244000 0.013600
0.309600 0.244800 0.013600
0.424000 0.244800 0.004800
0.438400 0.245600 0.012000
0.443200 0.245600 0.003200
0.132800 0.259200 0.010400
0.139200 0.260000 0.004800
0.160000 0.260000 0.008800
0.173600 0.260000 0.007200
0.256000 0.260000 0.008000
0.266400 0.260000 0.007200
0.278400 0.260000 0.007200
0.288800 0.260000 0.007200
0.831200 0.260000 0.008800
0.840800 0.260000 0.005600
0.848000 0.260000 0.011200
0.147200 0.260800 0.008800
0.353600 0.260800 0.008000
0.500800 0.260800 0.008800
0.541600 0.260800 0.008800
0.184800 0.261600 0.007200
0.192800 0.261600 0.007200
0.204000 0.261600 0.005600
0.236000 0.261600 0.005600
0.243200 0.261600 0.005600
0.330400 0.261600 0.007200
0.340000 0.261600 0.007200
0.374400 0.261600 0.007200
0.508800 0.261600 0.008800
0.520800 0.261600 0.007200
0.531200 0.261600 0.005600
0.213600 0.262400 0.008000
0.300000 0.262400 0.005600
0.364800 0.262400 0.006400
0.227200 0.263200 0.007200
0.646400 0.265600 0.008800
0.687200 0.277600 0.011200
0.724000 0.277600 0.013600
0.704000 0.278400 0.011200
0.720000 0.278400 0.013600
0.740800 0.278400 0.011200
0.798400 0.278400 0.022400
0.148800 0.279200 0.011200
0.660000 0.279200 0.008800
0.763200 0.279200 0.016800
0.780000 0.279200 0.011200
0.457600 0.280000 0.008800
0.752800 0.280000 0.005600
0.811200 0.280000 0.008800
0.829600 0.280000 0.013600
0.844800 0.280000 0.008800
0.264800 0.280800 0.011200
0.434400 0.280800 0.011200
0.480000 0.280800 0.016800
0.580800 0.280800 0.013600
0.599200 0.280800 0.013600
0.616000 0.280800 0.011200
0.647200 0.280800 0.008800
0.669600 0.280800 0.019200
0.164800 0.281600 0.011200
0.178400 0.281600 0.013600
0.209600 0.281600 0.011200
0.247200 0.281600 0.011200
0.286400 0.281600 0.008800
0.297600 0.281600 0.007200
0.310400 0.281600 0.011200
0.403200 0.281600 0.011200
0.470400 0.281600 0.019200
0.536000 0.281600 0.012800
0.553600 0.281600 0.016800
0.854400 0.281600 0.015200
0.189600 0.282400 0.013600
0.228000 0.282400 0.011200
0.329600 0.282400 0.012800
0.346400 0.282400 0.011200
0.384800 0.282400 0.012800
0.419200 0.282400 0.010400
0.446400 0.282400 0.007200
0.498400 0.282400 0.013600
0.632000 0.282400 0.011200
0.276800 0.283200 0.005600
0.364800 0.283200 0.011200
0.517600 0.283200 0.011200
0.248800 0.296000 0.008000
0.140800 0.297600 0.008000
0.152000 0.297600 0.008000
0.165600 0.297600 0.008800
0.260800 0.297600 0.005600
0.268800 0.297600 0.005600
0.300000 0.297600 0.005600
0.280000 0.298400 0.006400
0.290400 0.298400 0.005600
0.312800 0.298400 0.007200
0.327200 0.298400 0.008800
0.322400 0.299200 0.008800
0.336000 0.299200 0.005600
0.345600 0.299200 0.005600
0.430400 0.299200 0.007200
0.356000 0.300000 0.005600
0.364000 0.300000 0.005600
0.374400 0.300000 0.007200
0.385600 0.300000 0.007200
0.420000 0.300000 0.006400
0.398400 0.300800 0.008000
0.410400 0.300800 0.007200
0.242400 0.302400 0.004800
0.183200 0.316000 0.020800
0.701600 0.316000 0.013600
0.683200 0.316800 0.013600
0.728000 0.316800 0.012000
0.760800 0.316800 0.011200
0.777600 0.316800 0.010400
0.789600 0.316800 0.008800
0.825600 0.316800 0.012800
0.850400 0.316800 0.012800
0.228800 0.317600 0.013600
0.518400 0.317600 0.013600
0.537600 0.317600 0.008800
0.804800 0.317600 0.011200
0.144800 0.318400 0.013600
0.167200 0.318400 0.012000
0.193600 0.318400 0.019200
0.212000 0.318400 0.011200
0.252000 0.318400 0.013600
0.290400 0.318400 0.013600
0.488800 0.318400 0.008800
0.656800 0.318400 0.022400
0.281600 0.319200 0.013600
0.308000 0.319200 0.007200
0.498400 0.319200 0.016800
0.642400 0.319200 0.024800
0.744800 0.319200 0.011200
0.268800 0.320000 0.011200
0.297600 0.320000 0.013600
0.352800 0.320000 0.012800
0.370400 0.320000 0.012800
0.428800 0.320000 0.016800
0.550400 0.320000 0.008800
0.564800 0.320000 0.011200
0.585600 0.320000 0.013600
0.316800 0.320800 0.008800
0.330400 0.320800 0.008800
0.380000 0.320800 0.016800
0.440000 0.320800 0.008800
0.452800 0.320800 0.010400
0.465600 0.320800 0.011200
0.474400 0.320800 0.015200
0.604000 0.320800 0.011200
0.622400 0.320800 0.013600
0.394400 0.321600 0.013600
0.412000 0.321600 0.011200
0.880800 0.330400 0.011200
0.868800 0.331200 0.016000
0.848800 0.332000 0.007200
0.860000 0.332000 0.007200
0.659200 0.332800 0.005600
0.838400 0.332800 0.007200
0.646400 0.333600 0.007200
0.667200 0.333600 0.005600
0.676000 0.333600 0.008800
0.702400 0.333600 0.007200
0.712000 0.333600 0.005600
0.723200 0.333600 0.005600
0.731200 0.333600 0.009600
0.736000 0.333600 0.008000
0.820800 0.333600 0.008800
0.829600 0.333600 0.005600
0.680800 0.334400 0.008800
0.691200 0.334400 0.008000
0.776800 0.334400 0.008800
0.784800 0.334400 0.005600
0.794400 0.334400 0.007200
0.805600 0.334400 0.007200
0.264000 0.335200 0.007200
0.304800 0.335200 0.007200
0.316800 0.335200 0.007200
0.327200 0.335200 0.005600
0.272800 0.336000 0.005600
0.288800 0.336000 0.003200
0.333600 0.336000 0.005600
0.342400 0.336000 0.005600
0.756800 0.336000 0.004800
0.281600 0.336800 0.005600
0.294400 0.336800 0.008800
0.352000 0.336800 0.006400
0.132000 0.337600 0.010400
0.140000 0.337600 0.005600
0.362400 0.337600 0.005600
0.372000 0.337600 0.008800
0.146400 0.338400 0.008800
0.167200 0.338400 0.008800
0.574400 0.338400 0.007200
0.584000 0.338400 0.005600
0.592000 0.338400 0.004000
0.156800 0.339200 0.008000
0.608000 0.339200 0.005600
0.622400 0.339200 0.009600
0.599200 0.340000 0.005600
0.220000 0.340800 0.007200
0.456000 0.340800 0.008000
0.488000 0.341600 0.008800
0.724000 0.341600 0.005600
0.466400 0.342400 0.007200
0.476800 0.342400 0.007200
0.660000 0.343200 0.006400
0.756000 0.355200 0.022400
0.767200 0.356000 0.008800
0.956800 0.356000 0.008800
0.806400 0.356800 0.013600
0.860800 0.356800 0.016800
0.943200 0.356800 0.012800
0.638400 0.357600 0.013600
0.702400 0.357600 0.013600
0.782400 0.357600 0.016000
0.827200 0.357600 0.011200
0.844000 0.357600 0.011200
0.921600 0.357600 0.013600
0.591200 0.358400 0.013600
0.738400 0.358400 0.011200
0.240800 0.359200 0.024000
0.552800 0.359200 0.011200
0.571200 0.359200 0.012800
0.656000 0.359200 0.012800
0.722400 0.359200 0.011200
0.613600 0.360000 0.015200
0.677600 0.360000 0.016000
0.204800 0.360800 0.012800
0.223200 0.360800 0.013600
0.442400 0.360800 0.013600
0.535200 0.360800 0.015200
0.184800 0.361600 0.012800
0.256000 0.361600 0.011200
0.288800 0.361600 0.013600
0.435200 0.361600 0.017600
0.145600 0.362400 0.016800
0.168800 0.362400 0.013600
0.271200 0.362400 0.013600
0.307200 0.362400 0.016800
0.398400 0.362400 0.011200
0.476000 0.362400 0.011200
0.513600 0.362400 0.013600
0.316800 0.363200 0.005600
0.359200 0.363200 0.011200
0.412000 0.363200 0.008800
0.328000 0.364000 0.008800
0.371200 0.364000 0.007200
0.424000 0.364000 0.008800
0.495200 0.364000 0.013600
0.382400 0.364800 0.024800
0.459200 0.364800 0.013600
0.342400 0.365600 0.011200
0.924800 0.384800 0.019200
0.936800 0.384800 0.020800
0.286400 0.386400 0.004800
0.256800 0.388000 0.008800
0.269600 0.388000 0.008000
0.279200 0.388000 0.004800
0.292000 0.388000 0.010400
0.303200 0.388000 0.007200
0.324800 0.388000 0.007200
0.229600 0.388800 0.012800
0.246400 0.388800 0.005600
0.334400 0.388800 0.008800
0.236800 0.389600 0.015200
0.313600 0.389600 0.008000
0.348800 0.389600 0.008800
0.360800 0.392000 0.011200
