0.236800 0.049600 0.005600
0.228000 0.050400 0.020800
0.214400 0.051200 0.008800
0.202400 0.052000 0.008800
0.171200 0.052800 0.016800
0.189600 0.052800 0.008800
0.593600 0.057600 0.008800
0.560000 0.058400 0.007200
0.581600 0.058400 0.007200
0.604800 0.058400 0.008800
0.609600 0.058400 0.012800
0.633600 0.058400 0.011200
0.651200 0.058400 0.015200
0.660800 0.058400 0.007200
0.669600 0.058400 0.008800
0.549600 0.059200 0.008800
0.571200 0.059200 0.007200
0.617600 0.059200 0.010400
0.683200 0.059200 0.007200
0.821600 0.060800 0.016800
0.839200 0.060800 0.029600
0.257600 0.089600 0.008800
0.288800 0.089600 0.008800
0.323200 0.089600 0.007200
0.355200 0.089600 0.007200
0.364800 0.089600 0.008800
0.380800 0.089600 0.011200
0.244800 0.090400 0.008800
0.268800 0.090400 0.008000
0.279200 0.090400 0.005600
0.302400 0.090400 0.008800
0.313600 0.090400 0.005600
0.335200 0.090400 0.008800
0.344800 0.090400 0.005600
0.759200 0.090400 0.011200
0.220800 0.091200 0.017600
0.773600 0.091200 0.008800
0.789600 0.091200 0.011200
0.800800 0.091200 0.008800
0.812000 0.091200 0.008800
0.822400 0.091200 0.013600
0.231200 0.092000 0.008800
0.667200 0.094400 0.005600
0.628800 0.095200 0.008800
0.571200 0.096000 0.008800
0.580800 0.096000 0.008800
0.596800 0.096000 0.010400
0.660800 0.096000 0.005600
0.676000 0.096000 0.011200
0.690400 0.096000 0.011200
0.613600 0.096800 0.009600
0.641600 0.096800 0.007200
0.651200 0.097600 0.007200
0.837600 0.100800 0.008000
0.906400 0.113600 0.016800
0.456000 0.116000 0.011200
0.749600 0.116000 0.019200
0.761600 0.116000 0.020000
0.774400 0.116000 0.011200
0.883200 0.116800 0.013600
0.291200 0.117600 0.005600
0.302400 0.117600 0.008800
0.369600 0.117600 0.005600
0.381600 0.117600 0.008800
0.397600 0.117600 0.011200
0.416000 0.117600 0.011200
0.432000 0.117600 0.016800
0.441600 0.117600 0.022400
0.735200 0.117600 0.011200
0.206400 0.118400 0.008800
0.212000 0.118400 0.003200
0.216800 0.118400 0.008800
0.260000 0.118400 0.013600
0.268800 0.118400 0.004800
0.280000 0.118400 0.016000
0.352000 0.118400 0.015200
0.361600 0.118400 0.005600
0.475200 0.118400 0.013600
0.488800 0.118400 0.008800
0.500800 0.118400 0.011200
0.541600 0.118400 0.003200
0.558400 0.118400 0.015200
0.654400 0.118400 0.011200
0.680000 0.118400 0.004800
0.693600 0.118400 0.016800
0.719200 0.118400 0.013600
0.821600 0.118400 0.012000
0.841600 0.118400 0.012800
0.864000 0.118400 0.016800
0.196000 0.119200 0.011200
0.315200 0.119200 0.008800
0.332800 0.119200 0.012800
0.514400 0.119200 0.011200
0.531200 0.119200 0.013600
0.584000 0.119200 0.012800
0.632800 0.119200 0.015200
0.671200 0.119200 0.013600
0.801600 0.119200 0.011200
0.245600 0.120000 0.008800
0.341600 0.120000 0.016800
0.602400 0.120000 0.011200
0.643200 0.120000 0.005600
0.787200 0.120000 0.008800
0.150400 0.120800 0.011200
0.167200 0.120800 0.011200
0.183200 0.120800 0.008800
0.231200 0.120800 0.011200
0.615200 0.120800 0.016800
0.735200 0.134400 0.008000
0.817600 0.135200 0.006400
0.827200 0.135200 0.005600
0.835200 0.135200 0.011200
0.180800 0.136000 0.007200
0.204800 0.136000 0.008800
0.338400 0.136000 0.008800
0.724000 0.136000 0.007200
0.798400 0.136000 0.007200
0.808000 0.136000 0.005600
0.157600 0.136800 0.008000
0.169600 0.136800 0.006400
0.192000 0.136800 0.005600
0.218400 0.136800 0.008800
0.146400 0.137600 0.008000
0.956000 0.148000 0.020000
0.962400 0.148000 0.024000
0.973600 0.148000 0.008800
0.918400 0.148800 0.004000
0.924800 0.148800 0.004800
0.932000 0.148800 0.005600
0.947200 0.148800 0.012000
0.886400 0.149600 0.011200
0.912000 0.149600 0.005600
0.900800 0.150400 0.008800
0.453600 0.152000 0.005600
0.651200 0.152000 0.010400
0.464000 0.152800 0.015200
0.510400 0.152800 0.008800
0.668800 0.152800 0.012000
0.739200 0.152800 0.011200
0.799200 0.152800 0.011200
0.340000 0.153600 0.011200
0.624000 0.153600 0.007200
0.636800 0.153600 0.009600
0.779200 0.153600 0.011200
0.295200 0.154400 0.011200
0.374400 0.154400 0.011200
0.424800 0.154400 0.011200
0.442400 0.154400 0.011200
0.472800 0.154400 0.013600
0.498400 0.154400 0.008800
0.521600 0.154400 0.007200
0.532000 0.154400 0.005600
0.612800 0.154400 0.008800
0.684800 0.154400 0.011200
0.702400 0.154400 0.012800
0.723200 0.154400 0.009600
0.764000 0.154400 0.008800
0.832000 0.154400 0.011200
0.851200 0.154400 0.015200
0.860800 0.154400 0.016000
0.148000 0.155200 0.012000
0.187200 0.155200 0.012800
0.280000 0.155200 0.008800
0.316000 0.155200 0.013600
0.357600 0.155200 0.011200
0.388000 0.155200 0.011200
0.405600 0.155200 0.011200
0.487200 0.155200 0.008800
0.541600 0.155200 0.008800
0.558400 0.155200 0.010400
0.575200 0.155200 0.008800
0.596800 0.155200 0.011200
0.751200 0.155200 0.005600
0.167200 0.156000 0.011200
0.208000 0.156000 0.011200
0.228800 0.156000 0.013600
0.250400 0.156000 0.009600
0.265600 0.156000 0.010400
0.588000 0.156000 0.008800
0.758400 0.164800 0.005600
0.767200 0.165600 0.004000
0.772800 0.165600 0.003200
0.899200 0.165600 0.008800
0.937600 0.165600 0.008800
0.748800 0.166400 0.005600
0.778400 0.166400 0.008000
0.909600 0.166400 0.007200
0.919200 0.166400 0.005600
0.928000 0.166400 0.005600
0.626400 0.168000 0.005600
0.646400 0.168000 0.006400
0.657600 0.168000 0.005600
0.728000 0.168000 0.005600
0.737600 0.168000 0.004800
0.555200 0.168800 0.006400
0.564800 0.168800 0.005600
0.597600 0.168800 0.005600
0.604800 0.168800 0.004000
0.612000 0.168800 0.005600
0.635200 0.168800 0.006400
0.701600 0.168800 0.006400
0.532000 0.169600 0.005600
0.544000 0.169600 0.007200
0.587200 0.169600 0.007200
0.668800 0.169600 0.005600
0.677600 0.169600 0.004800
0.720800 0.169600 0.005600
0.324800 0.170400 0.007200
0.343200 0.170400 0.005600
0.353600 0.170400 0.006400
0.364800 0.170400 0.007200
0.376800 0.170400 0.007200
0.454400 0.170400 0.005600
0.461600 0.170400 0.003200
0.468000 0.170400 0.008800
0.480000 0.170400 0.007200
0.492000 0.170400 0.008800
0.499200 0.170400 0.003200
0.522400 0.170400 0.005600
0.574400 0.170400 0.007200
0.818400 0.170400 0.008000
0.297600 0.171200 0.005600
0.305600 0.171200 0.005600
0.335200 0.171200 0.005600
0.422400 0.171200 0.007200
0.434400 0.171200 0.006400
0.444800 0.171200 0.005600
0.504000 0.171200 0.008000
0.512800 0.171200 0.006400
0.792000 0.171200 0.008000
0.804800 0.171200 0.008800
0.248000 0.172000 0.005600
0.257600 0.172000 0.007200
0.275200 0.172000 0.003200
0.280800 0.172000 0.005600
0.288800 0.172000 0.005600
0.314400 0.172000 0.005600
0.395200 0.172000 0.008000
0.411200 0.172000 0.008800
0.837600 0.172000 0.008000
0.235200 0.172800 0.008800
0.242400 0.172800 0.003200
0.269600 0.172800 0.008000
0.828000 0.172800 0.005600
0.850400 0.172800 0.007200
0.861600 0.173600 0.008000
0.210400 0.176000 0.006400
0.624800 0.177600 0.005600
0.650400 0.177600 0.005600
0.616800 0.178400 0.005600
0.674400 0.178400 0.006400
0.948800 0.178400 0.007200
0.660000 0.179200 0.006400
0.634400 0.180000 0.004800
0.939200 0.180000 0.004800
0.957600 0.180000 0.015200
0.750400 0.180800 0.005600
0.932800 0.180800 0.009600
0.742400 0.184000 0.005600
0.761600 0.184800 0.016800
0.728800 0.186400 0.011200
0.776000 0.187200 0.005600
0.748800 0.188800 0.016800
0.654400 0.189600 0.005600
0.148000 0.190400 0.015200
0.431200 0.190400 0.013600
0.451200 0.190400 0.011200
0.464000 0.190400 0.008800
0.480800 0.190400 0.011200
0.588000 0.190400 0.011200
0.640000 0.190400 0.011200
0.645600 0.190400 0.014400
0.662400 0.190400 0.005600
0.704000 0.190400 0.022400
0.784800 0.190400 0.012800
0.801600 0.190400 0.012000
0.836800 0.190400 0.011200
0.168000 0.191200 0.008800
0.298400 0.191200 0.013600
0.373600 0.191200 0.011200
0.406400 0.191200 0.012000
0.497600 0.191200 0.011200
0.540800 0.191200 0.013600
0.571200 0.191200 0.011200
0.623200 0.191200 0.009600
0.674400 0.191200 0.008800
0.820800 0.191200 0.011200
0.863200 0.191200 0.013600
0.315200 0.192000 0.011200
0.336000 0.192000 0.012000
0.356000 0.192000 0.011200
0.389600 0.192000 0.008800
0.555200 0.192000 0.008800
0.688800 0.192000 0.008800
0.849600 0.192000 0.008800
0.177600 0.192800 0.019200
0.190400 0.192800 0.018400
0.201600 0.192800 0.019200
0.213600 0.192800 0.019200
0.514400 0.192800 0.013600
0.714400 0.192800 0.008800
0.248800 0.193600 0.011200
0.264000 0.193600 0.011200
0.280000 0.193600 0.011200
0.606400 0.193600 0.011200
0.232000 0.194400 0.013600
0.417600 0.207200 0.005600
0.410400 0.208000 0.011200
0.376800 0.208800 0.008800
0.389600 0.208800 0.007200
0.400000 0.208800 0.006400
0.766400 0.208800 0.008800
0.331200 0.209600 0.011200
0.360000 0.209600 0.008800
0.340000 0.210400 0.003200
0.346400 0.210400 0.009600
0.569600 0.210400 0.007200
0.592800 0.210400 0.008800
0.777600 0.210400 0.008800
0.789600 0.210400 0.008000
0.800800 0.210400 0.008800
0.580000 0.211200 0.007200
0.608000 0.211200 0.008800
0.224800 0.230400 0.005600
0.531200 0.230400 0.016800
0.167200 0.231200 0.011200
0.232800 0.231200 0.021600
0.149600 0.232000 0.013600
0.180000 0.232000 0.008800
0.208800 0.232000 0.013600
0.260000 0.232000 0.011200
0.482400 0.232000 0.011200
0.688000 0.232000 0.007200
0.194400 0.232800 0.008800
0.304000 0.232800 0.017600
0.340800 0.232800 0.019200
0.461600 0.232800 0.012800
0.499200 0.232800 0.011200
0.556000 0.232800 0.011200
0.574400 0.232800 0.010400
0.676000 0.232800 0.008800
0.701600 0.232800 0.011200
0.732000 0.232800 0.022400
0.746400 0.232800 0.011200
0.759200 0.232800 0.019200
0.797600 0.232800 0.011200
0.244800 0.233600 0.008800
0.279200 0.233600 0.011200
0.292000 0.233600 0.005600
0.315200 0.233600 0.007200
0.328800 0.233600 0.018400
0.356000 0.233600 0.013600
0.386400 0.233600 0.013600
0.409600 0.233600 0.011200
0.422400 0.233600 0.005600
0.512000 0.233600 0.013600
0.521600 0.233600 0.013600
0.588800 0.233600 0.007200
0.600000 0.233600 0.011200
0.652000 0.233600 0.007200
0.664000 0.233600 0.008800
0.716800 0.233600 0.013600
0.830400 0.233600 0.019200
0.373600 0.234400 0.011200
0.430400 0.234400 0.012800
0.444800 0.234400 0.008800
0.538400 0.234400 0.011200
0.620800 0.234400 0.010400
0.638400 0.234400 0.009600
0.724000 0.234400 0.005600
0.767200 0.234400 0.016800
0.816800 0.234400 0.011200
0.838400 0.234400 0.013600
0.855200 0.234400 0.012800
0.782400 0.236000 0.011200
0.562400 0.248000 0.005600
0.572000 0.248000 0.005600
0.615200 0.248000 0.010400
0.459200 0.248800 0.003200
0.476800 0.248800 0.007200
0.485600 0.248800 0.005600
0.501600 0.248800 0.006400
0.511200 0.248800 0.005600
0.521600 0.248800 0.005600
0.528800 0.248800 0.004800
0.538400 0.248800 0.007200
0.548800 0.248800 0.005600
0.555200 0.248800 0.003200
0.578400 0.248800 0.008800
0.588800 0.248800 0.007200
0.600000 0.248800 0.005600
0.607200 0.248800 0.004800
0.630400 0.248800 0.005600
0.637600 0.248800 0.003200
0.643200 0.248800 0.008800
0.652800 0.248800 0.005600
0.385600 0.249600 0.007200
0.398400 0.249600 0.008000
0.410400 0.249600 0.007200
0.423200 0.249600 0.007200
0.465600 0.249600 0.008800
0.492000 0.249600 0.005600
0.373600 0.250400 0.005600
0.435200 0.250400 0.007200
0.444000 0.250400 0.005600
0.452800 0.250400 0.005600
0.956800 0.250400 0.007200
0.971200 0.250400 0.011200
0.869600 0.252000 0.005600
0.880000 0.252000 0.008800
0.947200 0.252000 0.005600
0.824800 0.252800 0.008800
0.838400 0.252800 0.008800
0.852800 0.252800 0.007200
0.860800 0.252800 0.005600
0.893600 0.252800 0.005600
0.903200 0.252800 0.008800
0.916000 0.252800 0.008800
0.928000 0.252800 0.008000
0.938400 0.253600 0.005600
0.131200 0.265600 0.008800
0.102400 0.266400 0.011200
0.108000 0.266400 0.010400
0.118400 0.266400 0.007200
0.094400 0.267200 0.005600
0.044800 0.268000 0.008800
0.057600 0.268000 0.008800
0.070400 0.268000 0.005600
0.079200 0.268000 0.005600
0.086400 0.268800 0.005600
0.032800 0.270400 0.008000
0.364800 0.270400 0.019200
0.340800 0.271200 0.011200
0.381600 0.271200 0.011200
0.396000 0.271200 0.013600
0.405600 0.271200 0.004000
0.412800 0.271200 0.016000
0.148800 0.272000 0.014400
0.173600 0.272000 0.011200
0.300800 0.272000 0.011200
0.316800 0.272000 0.024800
0.354400 0.272000 0.008800
0.673600 0.272000 0.013600
0.158400 0.272800 0.005600
0.188000 0.272800 0.011200
0.205600 0.272800 0.012800
0.325600 0.272800 0.022400
0.423200 0.272800 0.008800
0.461600 0.272800 0.012000
0.480800 0.272800 0.018400
0.546400 0.272800 0.013600
0.564800 0.272800 0.011200
0.576800 0.272800 0.005600
0.635200 0.272800 0.008800
0.648000 0.272800 0.008800
0.658400 0.272800 0.016800
0.689600 0.272800 0.005600
0.696800 0.272800 0.022400
0.223200 0.273600 0.011200
0.239200 0.273600 0.011200
0.260000 0.273600 0.013600
0.276800 0.273600 0.019200
0.433600 0.273600 0.016800
0.443200 0.273600 0.015200
0.493600 0.273600 0.008800
0.506400 0.273600 0.019200
0.524800 0.273600 0.013600
0.592800 0.273600 0.012000
0.710400 0.273600 0.008800
0.744800 0.273600 0.013600
0.609600 0.274400 0.011200
0.624000 0.274400 0.008800
0.726400 0.274400 0.011200
0.764800 0.274400 0.013600
0.800800 0.274400 0.013600
0.814400 0.274400 0.027200
0.859200 0.274400 0.016800
0.782400 0.275200 0.011200
0.849600 0.275200 0.019200
0.836800 0.276000 0.018400
0.823200 0.277600 0.019200
0.109600 0.281600 0.007200
0.120800 0.281600 0.007200
0.130400 0.281600 0.008800
0.088800 0.282400 0.007200
0.099200 0.282400 0.007200
0.052800 0.283200 0.007200
0.077600 0.283200 0.007200
0.064000 0.284000 0.008000
0.032000 0.284800 0.008000
0.043200 0.285600 0.007200
0.154400 0.296000 0.010400
0.033600 0.297600 0.009600
0.054400 0.297600 0.012000
0.063200 0.297600 0.005600
0.074400 0.297600 0.008000
0.046400 0.298400 0.005600
0.461600 0.310400 0.013600
0.499200 0.310400 0.016800
0.244800 0.311200 0.016800
0.327200 0.311200 0.008800
0.477600 0.311200 0.011200
0.562400 0.311200 0.011200
0.589600 0.311200 0.011200
0.613600 0.311200 0.007200
0.270400 0.312000 0.012800
0.304000 0.312000 0.019200
0.312800 0.312000 0.021600
0.425600 0.312000 0.016800
0.442400 0.312000 0.013600
0.516800 0.312000 0.011200
0.340000 0.312800 0.008800
0.352000 0.312800 0.008800
0.367200 0.312800 0.011200
0.533600 0.312800 0.011200
0.576000 0.312800 0.007200
0.603200 0.312800 0.008800
0.627200 0.312800 0.016000
0.648000 0.312800 0.014400
0.684800 0.312800 0.016800
0.254400 0.313600 0.007200
0.288000 0.313600 0.011200
0.404000 0.313600 0.016800
0.638400 0.313600 0.005600
0.672000 0.313600 0.016800
0.204800 0.314400 0.011200
0.224000 0.314400 0.013600
0.384000 0.314400 0.011200
0.548000 0.314400 0.008800
0.664800 0.314400 0.013600
0.185600 0.315200 0.012800
0.704800 0.315200 0.016800
0.168000 0.316000 0.011200
0.756800 0.316000 0.011200
0.771200 0.316000 0.008800
0.832000 0.316000 0.011200
0.151200 0.316800 0.026400
0.716800 0.316800 0.007200
0.727200 0.316800 0.022400
0.742400 0.316800 0.011200
0.786400 0.316800 0.011200
0.815200 0.316800 0.011200
0.800800 0.317600 0.011200
0.850400 0.317600 0.027200
0.860000 0.317600 0.020800
0.610400 0.332800 0.008800
0.620000 0.332800 0.008000
0.575200 0.333600 0.008800
0.588000 0.333600 0.008800
0.598400 0.333600 0.007200
0.670400 0.333600 0.010400
0.630400 0.334400 0.003200
0.656000 0.334400 0.007200
0.665600 0.334400 0.011200
0.678400 0.334400 0.005600
0.636800 0.335200 0.005600
0.644800 0.335200 0.007200
0.684000 0.335200 0.009600
0.176800 0.352800 0.007200
0.188800 0.352800 0.011200
0.263200 0.352800 0.011200
0.163200 0.353600 0.022400
0.210400 0.353600 0.016800
0.238400 0.353600 0.017600
0.459200 0.353600 0.008800
0.468800 0.353600 0.016800
0.479200 0.353600 0.016800
0.502400 0.353600 0.011200
0.518400 0.353600 0.024800
0.528800 0.353600 0.005600
0.540800 0.353600 0.008800
0.150400 0.354400 0.022400
0.249600 0.354400 0.008800
0.282400 0.354400 0.011200
0.296000 0.354400 0.008800
0.310400 0.354400 0.011200
0.388000 0.354400 0.011200
0.408000 0.354400 0.013600
0.427200 0.354400 0.011200
0.444800 0.354400 0.011200
0.488800 0.354400 0.024800
0.556000 0.354400 0.013600
0.324000 0.355200 0.011200
0.356800 0.355200 0.011200
0.572800 0.355200 0.018400
0.584000 0.355200 0.016800
0.340000 0.356000 0.013600
0.372000 0.356000 0.011200
0.683200 0.356000 0.013600
0.698400 0.356000 0.028800
0.600000 0.356800 0.011200
0.617600 0.357600 0.011200
0.636000 0.357600 0.011200
0.724000 0.358400 0.024800
0.820000 0.358400 0.013600
0.649600 0.359200 0.008800
0.664800 0.360000 0.011200
0.752800 0.360000 0.008000
0.766400 0.360000 0.011200
0.784000 0.360000 0.011200
0.839200 0.360000 0.013600
0.872800 0.360000 0.004000
0.879200 0.360000 0.010400
0.742400 0.360800 0.016800
0.801600 0.360800 0.011200
0.856000 0.361600 0.022400
0.865600 0.361600 0.004800
