560
560
560
560
560
560
563
563
562
562
562
562
562
562
562
562
562
562
564
564
564
564
564
564
564
561
564
564
561
561
561
561
561
561
561
561
561
561
558
558
558
558
558
558
558
558
558
558
558
558
558
558
558
558
558
558
558
558
558
558
558
558
558
558
558
558
558
558
558
558
558
558
558
558
558
558
558
558
558
558
558
558
558
558
558
558
558
558
558
558
558
558
558
558
558
558
558
558
558
559
566
566
566
566
566
566
566
566
566
566
565
565
565
565
565
565
565
565
565
565
565
558
559
558
558
558
558
558
558
558
558
558
558
558
558
558
558
558
558
558
558
558
558
558
558
558
558
558
558
558
558
558
558
558
558
558
558
558
558
558
558
558
558
558
558
558
558
558
558
558
558
558
558
558
567
567
567
567
568
568
568
567
568
568
568
568
567
568
568
568
569
569
-1
-1
558
558
558
558
558
558
558
558
558
558
558
558
558
558
558
558
558
558
558
558
558
558
558
558
558
558
558
558
558
558
558
558
558
558
558
558
558
558
558
558
558
558
558
558
558
558
558
558
558
558
558
571
571
571
571
571
571
571
571
571
571
571
571
570
570
570
570
570
570
570
570
570
570
570
570
570
558
558
558
558
558
558
558
558
558
558
558
558
558
558
558
558
558
558
558
558
558
558
558
558
558
558
558
558
558
558
558
558
558
558
558
558
558
558
558
558
558
558
558
558
558
558
558
558
558
558
558
558
558
572
572
572
572
572
572
572
572
572
573
573
573
573
573
573
573
573
573
573
573
573
573
575
573
573
575
575
575
575
575
575
575
575
575
575
575
575
558
558
558
558
558
558
558
558
558
558
558
558
558
558
558
558
558
558
558
558
558
558
558
558
558
558
558
558
558
558
558
558
558
558
558
558
558
558
558
558
558
558
558
558
558
558
558
558
558
558
558
577
577
577
577
576
576
576
576
576
576
576
576
577
576
576
577
577
577
577
577
558
558
558
558
558
558
558
558
558
558
558
558
558
558
558
558
558
558
558
558
558
558
558
558
558
558
558
558
558
558
558
558
558
558
558
558
558
558
558
558
558
558
558
558
558
558
558
558
558
558
558
558
558
558
558
558
578
578
578
578
578
578
578
578
578
578
579
579
579
579
558
558
558
558
558
558
558
558
558
558
558
558
558
558
558
558
558
558
558
558
558
558
558
558
558
558
558
558
558
558
558
558
558
558
558
558
558
558
558
558
558
558
558
558
558
558
558
558
558
558
558
558
558
580
580
580
584
585
585
580
580
584
580
584
580
580
580
580
580
583
583
583
-1
581
581
583
583