0.588800 0.040800 0.009600
0.583200 0.041600 0.004000
0.576800 0.042400 0.005600
0.361600 0.043200 0.015200
0.383200 0.043200 0.008800
0.400000 0.043200 0.012000
0.442400 0.043200 0.013600
0.480800 0.043200 0.013600
0.567200 0.043200 0.013600
0.371200 0.044000 0.007200
0.392000 0.044000 0.005600
0.408800 0.044000 0.008800
0.413600 0.044000 0.003200
0.424000 0.044000 0.008000
0.432000 0.044000 0.011200
0.448000 0.044000 0.008800
0.458400 0.044000 0.008800
0.469600 0.044000 0.008800
0.499200 0.044000 0.007200
0.510400 0.044000 0.007200
0.520000 0.044000 0.007200
0.530400 0.044000 0.007200
0.561600 0.044000 0.012800
0.419200 0.044800 0.003200
0.489600 0.044800 0.005600
0.542400 0.044800 0.008800
0.553600 0.044800 0.018400
0.851200 0.049600 0.012800
0.201600 0.050400 0.016000
0.835200 0.050400 0.030400
0.193600 0.051200 0.020800
0.179200 0.052000 0.008800
0.168800 0.052800 0.008800
0.136000 0.053600 0.016800
0.154400 0.053600 0.009600
0.685600 0.077600 0.008800
0.696800 0.077600 0.008800
0.708800 0.077600 0.008000
0.805600 0.077600 0.008800
0.720000 0.078400 0.013600
0.738400 0.078400 0.009600
0.726400 0.080000 0.012800
0.117600 0.082400 0.008800
0.128800 0.083200 0.009600
0.142400 0.083200 0.005600
0.152000 0.083200 0.007200
0.164800 0.083200 0.008800
0.173600 0.083200 0.005600
0.190400 0.083200 0.013600
0.180800 0.084000 0.005600
0.304000 0.086400 0.010400
0.446400 0.086400 0.008800
0.246400 0.091200 0.010400
0.769600 0.098400 0.016800
0.784800 0.100000 0.008800
0.799200 0.100000 0.013600
0.819200 0.100000 0.013600
0.744800 0.100800 0.013600
0.840800 0.100800 0.011200
0.606400 0.101600 0.013600
0.714400 0.101600 0.013600
0.728000 0.101600 0.008800
0.860800 0.101600 0.013600
0.491200 0.103200 0.010400
0.580800 0.103200 0.005600
0.599200 0.103200 0.005600
0.680800 0.103200 0.011200
0.476000 0.104000 0.011200
0.564000 0.104000 0.008800
0.652800 0.104000 0.005600
0.696800 0.104000 0.011200
0.328800 0.104800 0.017600
0.518400 0.104800 0.008800
0.532800 0.104800 0.011200
0.550400 0.104800 0.011200
0.574400 0.104800 0.004800
0.590400 0.104800 0.005600
0.620800 0.104800 0.016800
0.420000 0.105600 0.011200
0.442400 0.105600 0.016800
0.458400 0.105600 0.011200
0.505600 0.105600 0.008800
0.642400 0.105600 0.008800
0.665600 0.105600 0.008800
0.304800 0.106400 0.011200
0.336800 0.106400 0.024800
0.401600 0.106400 0.011200
0.630400 0.106400 0.016800
0.280000 0.107200 0.005600
0.289600 0.107200 0.016800
0.348800 0.107200 0.024800
0.363200 0.107200 0.008800
0.385600 0.107200 0.011200
0.373600 0.108000 0.005600
0.266400 0.108800 0.011200
0.180000 0.109600 0.008800
0.213600 0.109600 0.016800
0.226400 0.109600 0.008800
0.117600 0.110400 0.022400
0.145600 0.110400 0.020800
0.166400 0.110400 0.011200
0.193600 0.110400 0.008800
0.204000 0.110400 0.005600
0.251200 0.110400 0.009600
0.316800 0.110400 0.008800
0.133600 0.112000 0.011200
0.236800 0.112000 0.019200
0.321600 0.112000 0.012000
0.846400 0.118400 0.008800
0.835200 0.119200 0.007200
0.860800 0.119200 0.008000
0.873600 0.119200 0.016000
0.880800 0.119200 0.012000
0.796000 0.120800 0.008800
0.804800 0.120800 0.007200
0.816000 0.120800 0.008800
0.824800 0.120800 0.008800
0.768800 0.121600 0.005600
0.777600 0.121600 0.011200
0.732800 0.122400 0.008800
0.741600 0.122400 0.005600
0.760000 0.122400 0.005600
0.752800 0.123200 0.007200
0.687200 0.124000 0.005600
0.700000 0.124000 0.008000
0.708800 0.124000 0.008800
0.641600 0.124800 0.007200
0.680000 0.124800 0.005600
0.620000 0.125600 0.007200
0.630400 0.125600 0.007200
0.652000 0.125600 0.011200
0.658400 0.125600 0.011200
0.667200 0.125600 0.008800
0.916800 0.126400 0.012000
0.923200 0.127200 0.016800
0.932800 0.127200 0.013600
0.196000 0.133600 0.008000
0.747200 0.140800 0.016000
0.806400 0.140800 0.011200
0.503200 0.141600 0.022400
0.648800 0.141600 0.008800
0.756000 0.141600 0.013600
0.785600 0.141600 0.013600
0.857600 0.141600 0.013600
0.425600 0.142400 0.026400
0.529600 0.142400 0.011200
0.592000 0.142400 0.013600
0.614400 0.142400 0.011200
0.685600 0.142400 0.011200
0.697600 0.142400 0.016800
0.708000 0.142400 0.013600
0.769600 0.142400 0.011200
0.870400 0.142400 0.016800
0.551200 0.143200 0.005600
0.560800 0.143200 0.013600
0.583200 0.143200 0.011200
0.601600 0.143200 0.007200
0.636800 0.143200 0.011200
0.660000 0.143200 0.008800
0.670400 0.143200 0.016800
0.736000 0.143200 0.016800
0.823200 0.143200 0.011200
0.838400 0.143200 0.011200
0.430400 0.144000 0.022400
0.543200 0.144000 0.005600
0.571200 0.144000 0.005600
0.724800 0.144000 0.019200
0.350400 0.144800 0.011200
0.382400 0.144800 0.011200
0.395200 0.144800 0.007200
0.408800 0.144800 0.019200
0.441600 0.144800 0.024800
0.483200 0.144800 0.027200
0.513600 0.144800 0.025600
0.236800 0.145600 0.016000
0.302400 0.145600 0.011200
0.460800 0.145600 0.016800
0.317600 0.146400 0.011200
0.338400 0.146400 0.028000
0.366400 0.146400 0.011200
0.255200 0.147200 0.021600
0.268800 0.147200 0.011200
0.283200 0.147200 0.011200
0.328800 0.147200 0.013600
0.120800 0.149600 0.022400
0.134400 0.149600 0.024800
0.180800 0.149600 0.011200
0.196000 0.149600 0.011200
0.212800 0.149600 0.011200
0.151200 0.151200 0.011200
0.166400 0.151200 0.010400
0.576800 0.159200 0.008000
0.601600 0.159200 0.007200
0.614400 0.159200 0.008000
0.564000 0.160000 0.007200
0.592000 0.160000 0.008800
0.541600 0.160800 0.005600
0.553600 0.160800 0.008000
0.531200 0.161600 0.007200
0.334400 0.164000 0.008800
0.348800 0.164000 0.008800
0.364000 0.164000 0.008800
0.277600 0.164800 0.008800
0.291200 0.164800 0.008000
0.302400 0.164800 0.007200
0.312000 0.165600 0.007200
0.321600 0.165600 0.005600
0.237600 0.167200 0.007200
0.198400 0.168000 0.008000
0.216800 0.168000 0.005600
0.227200 0.168000 0.008800
0.169600 0.168800 0.005600
0.208800 0.168800 0.005600
0.160000 0.169600 0.007200
0.180000 0.169600 0.005600
0.187200 0.169600 0.005600
0.852800 0.175200 0.024800
0.863200 0.176800 0.020000
0.788800 0.178400 0.008800
0.772800 0.179200 0.011200
0.801600 0.179200 0.011200
0.544800 0.180000 0.011200
0.643200 0.180000 0.020000
0.657600 0.180000 0.005600
0.714400 0.180000 0.011200
0.733600 0.180000 0.013600
0.818400 0.180000 0.011200
0.649600 0.180800 0.013600
0.668000 0.180800 0.008800
0.836000 0.180800 0.011200
0.564800 0.181600 0.013600
0.605600 0.181600 0.005600
0.752000 0.181600 0.015200
0.466400 0.182400 0.022400
0.616000 0.182400 0.016800
0.631200 0.182400 0.011200
0.682400 0.182400 0.011200
0.698400 0.182400 0.011200
0.492000 0.183200 0.018400
0.579200 0.183200 0.010400
0.417600 0.184000 0.011200
0.433600 0.184000 0.011200
0.449600 0.184000 0.011200
0.505600 0.184000 0.013600
0.512800 0.184000 0.005600
0.526400 0.184000 0.013600
0.594400 0.184000 0.008800
0.386400 0.184800 0.011200
0.401600 0.184800 0.011200
0.482400 0.184800 0.019200
0.333600 0.185600 0.016800
0.347200 0.185600 0.011200
0.476800 0.185600 0.003200
0.125600 0.186400 0.022400
0.314400 0.186400 0.015200
0.368800 0.186400 0.013600
0.243200 0.187200 0.017600
0.295200 0.187200 0.013600
0.144800 0.188000 0.020800
0.157600 0.188000 0.016800
0.191200 0.188000 0.011200
0.230400 0.188000 0.005600
0.271200 0.188000 0.013600
0.169600 0.188800 0.013600
0.207200 0.188800 0.011200
0.220800 0.189600 0.008800
0.740800 0.199200 0.008000
0.444800 0.204800 0.008000
0.852800 0.214400 0.013600
0.814400 0.215200 0.019200
0.777600 0.216000 0.013600
0.835200 0.216000 0.027200
0.869600 0.216000 0.028000
0.157600 0.216800 0.008800
0.715200 0.216800 0.016800
0.732000 0.216800 0.016800
0.755200 0.216800 0.014400
0.800000 0.216800 0.016800
0.744000 0.217600 0.005600
0.694400 0.218400 0.011200
0.607200 0.219200 0.011200
0.619200 0.220000 0.005600
0.653600 0.220000 0.011200
0.670400 0.220000 0.008800
0.682400 0.220000 0.007200
0.627200 0.220800 0.013600
0.639200 0.220800 0.011200
0.474400 0.221600 0.012000
0.490400 0.221600 0.008800
0.504800 0.221600 0.011200
0.519200 0.221600 0.008800
0.544000 0.221600 0.013600
0.530400 0.222400 0.008800
0.593600 0.222400 0.011200
0.442400 0.223200 0.012000
0.457600 0.223200 0.008800
0.560000 0.223200 0.005600
0.570400 0.223200 0.008800
0.582400 0.223200 0.008000
0.388000 0.224800 0.019200
0.408800 0.224800 0.012800
0.424000 0.224800 0.011200
0.376800 0.225600 0.016800
0.310400 0.226400 0.008800
0.322400 0.226400 0.008800
0.356800 0.226400 0.019200
0.257600 0.227200 0.013600
0.331200 0.227200 0.016800
0.344000 0.227200 0.008800
0.201600 0.228000 0.013600
0.293600 0.228000 0.011200
0.276000 0.228800 0.011200
0.122400 0.229600 0.019200
0.220000 0.229600 0.011200
0.238400 0.229600 0.013600
0.144800 0.230400 0.028800
0.180000 0.230400 0.019200
0.160000 0.231200 0.013600
0.764000 0.237600 0.007200
0.628000 0.238400 0.007200
0.652000 0.238400 0.008800
0.664000 0.238400 0.008800
0.753600 0.238400 0.008000
0.775200 0.238400 0.007200
0.796000 0.238400 0.007200
0.613600 0.239200 0.008800
0.618400 0.239200 0.008800
0.638400 0.239200 0.008800
0.785600 0.239200 0.007200
0.600800 0.240000 0.007200
0.580800 0.240800 0.005600
0.590400 0.240800 0.007200
0.870400 0.255200 0.024800
0.833600 0.256000 0.013600
0.813600 0.256800 0.012800
0.853600 0.256800 0.013600
0.734400 0.257600 0.013600
0.776800 0.257600 0.012000
0.516800 0.258400 0.011200
0.532000 0.258400 0.011200
0.546400 0.258400 0.022400
0.555200 0.258400 0.005600
0.582400 0.258400 0.011200
0.698400 0.258400 0.013600
0.716800 0.258400 0.016800
0.795200 0.258400 0.011200
0.562400 0.259200 0.004800
0.625600 0.259200 0.012800
0.460000 0.260000 0.016800
0.500800 0.260000 0.011200
0.598400 0.260000 0.008800
0.608800 0.260000 0.005600
0.680000 0.260000 0.013600
0.751200 0.260000 0.016800
0.484000 0.260800 0.013600
0.569600 0.260800 0.011200
0.656000 0.260800 0.008800
0.413600 0.261600 0.024000
0.422400 0.261600 0.016800
0.442400 0.261600 0.013600
0.641600 0.261600 0.010400
0.668000 0.261600 0.005600
0.291200 0.262400 0.013600
0.404800 0.262400 0.004800
0.396800 0.263200 0.013600
0.378400 0.264000 0.013600
0.270400 0.264800 0.016800
0.323200 0.264800 0.008800
0.341600 0.264800 0.013600
0.309600 0.265600 0.011200
0.359200 0.265600 0.013600
0.246400 0.266400 0.008800
0.208000 0.267200 0.022400
0.235200 0.267200 0.009600
0.257600 0.267200 0.007200
0.120000 0.268000 0.021600
0.162400 0.268000 0.011200
0.177600 0.268000 0.011200
0.193600 0.268000 0.011200
0.218400 0.268000 0.022400
0.223200 0.268000 0.022400
0.129600 0.268800 0.025600
0.147200 0.268800 0.013600
0.137600 0.270400 0.005600
0.575200 0.276800 0.005600
0.582400 0.276800 0.005600
0.599200 0.276800 0.007200
0.589600 0.277600 0.005600
0.612000 0.277600 0.007200
0.623200 0.277600 0.005600
0.686400 0.277600 0.007200
0.699200 0.277600 0.008800
0.629600 0.278400 0.005600
0.639200 0.278400 0.006400
0.650400 0.278400 0.006400
0.663200 0.279200 0.007200
0.673600 0.279200 0.007200
0.751200 0.294400 0.019200
0.763200 0.295200 0.019200
0.804000 0.295200 0.022400
0.829600 0.296000 0.008800
0.861600 0.296000 0.024800
0.596800 0.296800 0.012800
0.689600 0.296800 0.011200
0.728000 0.296800 0.016800
0.774400 0.296800 0.019200
0.844000 0.296800 0.011200
0.529600 0.297600 0.019200
0.572000 0.297600 0.013600
0.581600 0.297600 0.004800
0.588800 0.297600 0.005600
0.616800 0.297600 0.012800
0.634400 0.297600 0.011200
0.672800 0.297600 0.010400
0.707200 0.297600 0.011200
0.720000 0.297600 0.022400
0.789600 0.297600 0.011200
0.820000 0.297600 0.016800
0.872800 0.297600 0.021600
0.504000 0.298400 0.024800
0.553600 0.298400 0.024800
0.649600 0.298400 0.016000
0.660000 0.298400 0.007200
0.542400 0.299200 0.008800
0.470400 0.300000 0.016800
0.518400 0.300000 0.024800
0.323200 0.300800 0.019200
0.443200 0.300800 0.016800
0.488800 0.300800 0.011200
0.314400 0.301600 0.005600
0.430400 0.301600 0.013600
0.450400 0.301600 0.013600
0.484000 0.301600 0.008800
0.284000 0.302400 0.013600
0.304800 0.302400 0.024800
0.333600 0.302400 0.023200
0.392000 0.302400 0.011200
0.412000 0.302400 0.013600
0.268800 0.303200 0.019200
0.348800 0.303200 0.011200
0.364000 0.303200 0.013600
0.380000 0.304000 0.008800
0.204800 0.305600 0.013600
0.226400 0.305600 0.013600
0.245600 0.305600 0.013600
0.181600 0.307200 0.012000
0.196800 0.307200 0.005600
0.154400 0.308000 0.015200
0.164800 0.308000 0.008800
0.107200 0.309600 0.011200
0.121600 0.309600 0.009600
0.135200 0.309600 0.008800
0.145600 0.309600 0.004800
0.557600 0.317600 0.007200
0.568000 0.317600 0.006400
0.579200 0.317600 0.008000
0.588000 0.317600 0.004000
0.457600 0.319200 0.010400
0.632000 0.319200 0.008800
0.397600 0.320000 0.006400
0.407200 0.320000 0.005600
0.430400 0.320000 0.008000
0.440800 0.320000 0.008000
0.417600 0.320800 0.008000
0.143200 0.327200 0.004000
0.158400 0.327200 0.005600
0.170400 0.327200 0.008000
0.136800 0.328000 0.004800
0.150400 0.328000 0.005600
0.180800 0.328000 0.008800
0.119200 0.329600 0.008800
0.787200 0.329600 0.020800
0.800800 0.329600 0.005600
0.129600 0.330400 0.005600
0.820000 0.330400 0.005600
0.847200 0.330400 0.008800
0.770400 0.331200 0.019200
0.708000 0.332000 0.011200
0.756000 0.332000 0.016000
0.810400 0.332000 0.008800
0.831200 0.332000 0.016800
0.860000 0.332000 0.019200
0.867200 0.332000 0.014400
0.695200 0.332800 0.009600
0.617600 0.334400 0.015200
0.653600 0.334400 0.013600
0.671200 0.334400 0.019200
0.721600 0.334400 0.011200
0.597600 0.335200 0.016800
0.636000 0.336000 0.008800
0.681600 0.336000 0.008800
0.736000 0.336000 0.008800
0.606400 0.336800 0.005600
0.539200 0.338400 0.013600
0.553600 0.338400 0.011200
0.484000 0.340000 0.011200
0.502400 0.340000 0.012800
0.520000 0.340000 0.013600
0.460000 0.340800 0.007200
0.470400 0.340800 0.005600
0.570400 0.340800 0.019200
0.373600 0.341600 0.024800
0.450400 0.341600 0.007200
0.404800 0.342400 0.003200
0.421600 0.342400 0.008800
0.231200 0.343200 0.011200
0.356000 0.343200 0.011200
0.393600 0.343200 0.015200
0.411200 0.343200 0.018400
0.246400 0.344000 0.011200
0.262400 0.344000 0.011200
0.278400 0.344000 0.011200
0.325600 0.344000 0.011200
0.342400 0.344000 0.011200
0.437600 0.344000 0.011200
0.212800 0.344800 0.011200
0.383200 0.344800 0.005600
0.200800 0.345600 0.005600
0.311200 0.345600 0.011200
0.188800 0.346400 0.016800
0.292000 0.346400 0.026400
0.167200 0.348000 0.012800
0.148000 0.348800 0.012800
0.128000 0.349600 0.013600
0.891200 0.353600 0.017600
0.856800 0.354400 0.005600
0.864800 0.354400 0.012800
0.869600 0.354400 0.010400
0.879200 0.354400 0.008000
0.757600 0.355200 0.010400
0.764000 0.355200 0.003200
0.770400 0.355200 0.008800
0.808800 0.355200 0.008800
0.847200 0.355200 0.006400
0.780800 0.356000 0.005600
0.790400 0.356000 0.014400
0.800800 0.356000 0.007200
0.819200 0.356000 0.011200
0.833600 0.356000 0.010400
