0.209600 0.052000 0.008800
0.218400 0.052000 0.016800
0.835200 0.052000 0.013600
0.195200 0.052800 0.008800
0.820800 0.052800 0.024000
0.184800 0.053600 0.008800
0.150400 0.054400 0.016800
0.170400 0.055200 0.011200
0.686400 0.061600 0.014400
0.695200 0.063200 0.008800
0.708000 0.063200 0.008800
0.718400 0.063200 0.008800
0.733600 0.063200 0.011200
0.744000 0.063200 0.011200
0.303200 0.078400 0.013600
0.290400 0.079200 0.009600
0.312000 0.079200 0.005600
0.268800 0.080000 0.012800
0.277600 0.080000 0.005600
0.284800 0.080000 0.012800
0.320000 0.080000 0.005600
0.330400 0.080000 0.008000
0.739200 0.080800 0.008800
0.748800 0.081600 0.005600
0.777600 0.081600 0.005600
0.424000 0.082400 0.011200
0.756000 0.082400 0.005600
0.768800 0.082400 0.008800
0.786400 0.082400 0.005600
0.796000 0.082400 0.008000
0.806400 0.082400 0.008800
0.815200 0.082400 0.012000
0.435200 0.083200 0.008000
0.598400 0.083200 0.012000
0.457600 0.084000 0.008800
0.617600 0.084000 0.008800
0.445600 0.084800 0.005600
0.468800 0.084800 0.011200
0.476000 0.084800 0.005600
0.484000 0.084800 0.012000
0.605600 0.084800 0.016800
0.668000 0.084800 0.005600
0.628800 0.085600 0.007200
0.638400 0.085600 0.005600
0.648800 0.085600 0.007200
0.660000 0.085600 0.005600
0.676000 0.085600 0.005600
0.182400 0.087200 0.008000
0.163200 0.088000 0.005600
0.171200 0.088000 0.005600
0.684800 0.088000 0.005600
0.136800 0.088800 0.013600
0.145600 0.088800 0.005600
0.155200 0.088800 0.005600
0.668800 0.104800 0.011200
0.684800 0.104800 0.013600
0.732000 0.104800 0.019200
0.833600 0.104800 0.011200
0.850400 0.104800 0.019200
0.859200 0.104800 0.016800
0.245600 0.105600 0.016800
0.620000 0.105600 0.016800
0.705600 0.105600 0.011200
0.720000 0.105600 0.008800
0.816000 0.105600 0.015200
0.654400 0.106400 0.011200
0.610400 0.107200 0.019200
0.637600 0.107200 0.013600
0.747200 0.107200 0.011200
0.763200 0.107200 0.013600
0.783200 0.107200 0.011200
0.796800 0.107200 0.008800
0.596000 0.108000 0.011200
0.203200 0.108800 0.005600
0.392800 0.108800 0.013600
0.429600 0.108800 0.011200
0.468000 0.108800 0.019200
0.541600 0.108800 0.016800
0.212800 0.109600 0.024800
0.228000 0.109600 0.011200
0.328000 0.109600 0.011200
0.376800 0.109600 0.013600
0.456000 0.109600 0.019200
0.520000 0.109600 0.008800
0.532000 0.109600 0.007200
0.192000 0.110400 0.016800
0.281600 0.110400 0.008800
0.312800 0.110400 0.011200
0.343200 0.110400 0.010400
0.359200 0.110400 0.012800
0.411200 0.110400 0.012800
0.447200 0.110400 0.016000
0.510400 0.110400 0.005600
0.552800 0.110400 0.007200
0.563200 0.110400 0.008800
0.576000 0.110400 0.019200
0.584000 0.110400 0.005600
0.294400 0.111200 0.011200
0.499200 0.111200 0.011200
0.138400 0.112000 0.014400
0.148800 0.112000 0.005600
0.172800 0.112000 0.011200
0.256000 0.112000 0.005600
0.267200 0.112000 0.019200
0.159200 0.112800 0.008800
0.483200 0.112800 0.011200
0.151200 0.129600 0.005600
0.796000 0.129600 0.012000
0.837600 0.129600 0.012800
0.138400 0.130400 0.008800
0.160000 0.130400 0.005600
0.168000 0.130400 0.004000
0.700800 0.130400 0.007200
0.709600 0.130400 0.005600
0.720000 0.130400 0.007200
0.737600 0.130400 0.005600
0.747200 0.130400 0.005600
0.754400 0.130400 0.005600
0.788000 0.130400 0.005600
0.800800 0.130400 0.008800
0.846400 0.130400 0.005600
0.856800 0.130400 0.008800
0.174400 0.131200 0.008800
0.362400 0.131200 0.008800
0.729600 0.131200 0.005600
0.763200 0.131200 0.005600
0.772000 0.131200 0.005600
0.779200 0.131200 0.012800
0.300800 0.132000 0.006400
0.316000 0.132000 0.003200
0.322400 0.132000 0.008800
0.352800 0.132000 0.005600
0.376000 0.132000 0.010400
0.495200 0.132000 0.012000
0.513600 0.132000 0.008000
0.527200 0.132000 0.008000
0.690400 0.132000 0.006400
0.291200 0.132800 0.008000
0.309600 0.132800 0.005600
0.332800 0.132800 0.005600
0.342400 0.132800 0.007200
0.384000 0.132800 0.003200
0.389600 0.132800 0.005600
0.408800 0.132800 0.007200
0.503200 0.132800 0.005600
0.537600 0.132800 0.005600
0.546400 0.132800 0.007200
0.568800 0.132800 0.008800
0.678400 0.132800 0.008000
0.398400 0.133600 0.007200
0.420800 0.133600 0.008800
0.558400 0.133600 0.006400
0.658400 0.133600 0.005600
0.667200 0.134400 0.005600
0.646400 0.135200 0.008800
0.808000 0.135200 0.004800
0.313600 0.150400 0.013600
0.248000 0.151200 0.022400
0.279200 0.151200 0.011200
0.352800 0.151200 0.012800
0.240800 0.152000 0.005600
0.297600 0.152000 0.011200
0.334400 0.152000 0.011200
0.372000 0.152000 0.012800
0.595200 0.152000 0.005600
0.657600 0.152000 0.005600
0.179200 0.152800 0.015200
0.213600 0.152800 0.008800
0.257600 0.152800 0.016800
0.266400 0.152800 0.021600
0.438400 0.152800 0.016800
0.584000 0.152800 0.016800
0.604000 0.152800 0.019200
0.632000 0.152800 0.013600
0.668800 0.152800 0.008800
0.685600 0.152800 0.011200
0.696800 0.152800 0.008800
0.712000 0.152800 0.011200
0.812800 0.152800 0.012800
0.838400 0.152800 0.013600
0.855200 0.152800 0.013600
0.171200 0.153600 0.005600
0.200800 0.153600 0.016800
0.224000 0.153600 0.005600
0.232800 0.153600 0.005600
0.420000 0.153600 0.011200
0.471200 0.153600 0.007200
0.530400 0.153600 0.011200
0.548800 0.153600 0.012800
0.567200 0.153600 0.011200
0.618400 0.153600 0.011200
0.644800 0.153600 0.009600
0.723200 0.153600 0.005600
0.732800 0.153600 0.007200
0.794400 0.153600 0.011200
0.460000 0.154400 0.008800
0.497600 0.154400 0.011200
0.744800 0.154400 0.017600
0.158400 0.155200 0.011200
0.388800 0.155200 0.011200
0.402400 0.155200 0.011200
0.481600 0.155200 0.006400
0.513600 0.155200 0.010400
0.763200 0.155200 0.011200
0.779200 0.155200 0.008800
0.140800 0.156000 0.013600
0.449600 0.156000 0.005600
0.614400 0.171200 0.008800
0.844800 0.171200 0.005600
0.324000 0.172000 0.007200
0.335200 0.172000 0.007200
0.345600 0.172000 0.005600
0.355200 0.172000 0.006400
0.366400 0.172000 0.007200
0.480800 0.172000 0.005600
0.489600 0.172000 0.006400
0.498400 0.172000 0.005600
0.508000 0.172000 0.007200
0.623200 0.172000 0.005600
0.632000 0.172000 0.008800
0.658400 0.172000 0.008800
0.671200 0.172000 0.009600
0.676800 0.172000 0.008800
0.687200 0.172000 0.007200
0.696800 0.172000 0.005600
0.795200 0.172000 0.008000
0.805600 0.172000 0.007200
0.826400 0.172000 0.005600
0.834400 0.172000 0.007200
0.852000 0.172000 0.005600
0.857600 0.172000 0.008800
0.861600 0.172000 0.007200
0.870400 0.172000 0.005600
0.880000 0.172000 0.008800
0.283200 0.172800 0.011200
0.301600 0.172800 0.007200
0.312000 0.172800 0.007200
0.520000 0.172800 0.007200
0.530400 0.172800 0.005600
0.541600 0.172800 0.008000
0.646400 0.172800 0.008000
0.664000 0.172800 0.010400
0.705600 0.172800 0.008800
0.816000 0.172800 0.006400
0.236800 0.173600 0.006400
0.290400 0.173600 0.005600
0.451200 0.174400 0.011200
0.457600 0.174400 0.008800
0.469600 0.174400 0.008000
0.141600 0.175200 0.008800
0.154400 0.175200 0.007200
0.165600 0.175200 0.005600
0.173600 0.175200 0.008800
0.185600 0.175200 0.005600
0.194400 0.175200 0.007200
0.205600 0.176000 0.007200
0.220800 0.178400 0.011200
0.220800 0.190400 0.011200
0.717600 0.190400 0.005600
0.198400 0.191200 0.013600
0.274400 0.191200 0.012800
0.579200 0.191200 0.016800
0.631200 0.191200 0.012800
0.839200 0.191200 0.011200
0.238400 0.192000 0.012800
0.256800 0.192000 0.011200
0.294400 0.192000 0.011200
0.453600 0.192000 0.013600
0.538400 0.192000 0.012800
0.602400 0.192000 0.019200
0.616000 0.192000 0.008800
0.688000 0.192000 0.008800
0.727200 0.192000 0.024800
0.742400 0.192000 0.011200
0.775200 0.192000 0.013600
0.796000 0.192000 0.013600
0.804800 0.192000 0.013600
0.177600 0.192800 0.012800
0.346400 0.192800 0.011200
0.369600 0.192800 0.016800
0.398400 0.192800 0.005600
0.415200 0.192800 0.011200
0.428800 0.192800 0.008800
0.440800 0.192800 0.008800
0.458400 0.192800 0.012000
0.557600 0.192800 0.013600
0.650400 0.192800 0.013600
0.697600 0.192800 0.005600
0.708800 0.192800 0.008800
0.758400 0.192800 0.011200
0.824000 0.192800 0.011200
0.315200 0.193600 0.013600
0.329600 0.193600 0.013600
0.360800 0.193600 0.017600
0.404800 0.193600 0.005600
0.478400 0.193600 0.012800
0.516000 0.193600 0.013600
0.671200 0.193600 0.011200
0.857600 0.193600 0.015200
0.863200 0.193600 0.016800
0.158400 0.194400 0.011200
0.385600 0.194400 0.011200
0.658400 0.194400 0.016000
0.496000 0.195200 0.012800
0.141600 0.196800 0.019200
0.245600 0.213600 0.008800
0.264800 0.213600 0.011200
0.275200 0.213600 0.004800
0.281600 0.213600 0.011200
0.440800 0.213600 0.012000
0.220800 0.214400 0.011200
0.228800 0.214400 0.005600
0.237600 0.214400 0.005600
0.250400 0.214400 0.010400
0.257600 0.214400 0.005600
0.291200 0.214400 0.005600
0.311200 0.214400 0.007200
0.332000 0.214400 0.007200
0.449600 0.214400 0.005600
0.458400 0.214400 0.005600
0.468000 0.214400 0.007200
0.480000 0.214400 0.008000
0.491200 0.214400 0.008000
0.300800 0.215200 0.005600
0.321600 0.216000 0.008800
0.594400 0.216000 0.007200
0.604000 0.216000 0.007200
0.627200 0.216000 0.008800
0.639200 0.216000 0.007200
0.648000 0.216000 0.004800
0.656000 0.216000 0.005600
0.666400 0.216000 0.007200
0.612800 0.216800 0.005600
0.677600 0.216800 0.005600
0.687200 0.216800 0.008800
0.176000 0.231200 0.019200
0.166400 0.232800 0.008800
0.572000 0.232800 0.013600
0.745600 0.232800 0.011200
0.436000 0.233600 0.011200
0.515200 0.233600 0.015200
0.538400 0.233600 0.011200
0.556800 0.233600 0.012800
0.223200 0.234400 0.014400
0.454400 0.234400 0.011200
0.504800 0.234400 0.005600
0.524800 0.234400 0.008800
0.732000 0.234400 0.007200
0.757600 0.234400 0.005600
0.767200 0.234400 0.008800
0.138400 0.235200 0.023200
0.258400 0.235200 0.011200
0.279200 0.235200 0.013600
0.340800 0.235200 0.011200
0.359200 0.235200 0.013600
0.408800 0.235200 0.008000
0.470400 0.235200 0.011200
0.481600 0.235200 0.011200
0.495200 0.235200 0.008800
0.589600 0.235200 0.011200
0.604800 0.235200 0.011200
0.641600 0.235200 0.011200
0.720800 0.235200 0.008800
0.782400 0.235200 0.011200
0.796800 0.235200 0.011200
0.152800 0.236000 0.022400
0.196800 0.236000 0.015200
0.241600 0.236000 0.011200
0.317600 0.236000 0.015200
0.378400 0.236000 0.014400
0.397600 0.236000 0.013600
0.420000 0.236000 0.008800
0.624800 0.236000 0.012800
0.692000 0.236000 0.005600
0.704000 0.236000 0.016800
0.389600 0.236800 0.005600
0.679200 0.236800 0.011200
0.815200 0.236800 0.013600
0.832800 0.236800 0.008800
0.844800 0.236800 0.025600
0.859200 0.236800 0.011200
0.299200 0.237600 0.013600
0.660000 0.237600 0.013600
0.506400 0.252800 0.005600
0.515200 0.252800 0.005600
0.522400 0.252800 0.005600
0.528800 0.252800 0.004800
0.483200 0.253600 0.011200
0.491200 0.253600 0.004800
0.498400 0.253600 0.005600
0.550400 0.253600 0.007200
0.559200 0.253600 0.005600
0.579200 0.253600 0.006400
0.404800 0.254400 0.007200
0.569600 0.254400 0.005600
0.589600 0.254400 0.005600
0.598400 0.254400 0.005600
0.608800 0.254400 0.007200
0.618400 0.254400 0.005600
0.624000 0.254400 0.008800
0.858400 0.254400 0.009600
0.392000 0.255200 0.007200
0.415200 0.255200 0.008800
0.428000 0.255200 0.008000
0.448000 0.255200 0.007200
0.634400 0.255200 0.007200
0.372800 0.256000 0.005600
0.380800 0.256000 0.005600
0.437600 0.256000 0.007200
0.460000 0.256000 0.008000
0.646400 0.256000 0.008000
0.740800 0.272000 0.016000
0.794400 0.272000 0.013600
0.372000 0.272800 0.012000
0.556000 0.272800 0.010400
0.614400 0.272800 0.011200
0.671200 0.272800 0.016800
0.681600 0.272800 0.008800
0.699200 0.272800 0.016000
0.764800 0.272800 0.011200
0.779200 0.272800 0.008800
0.821600 0.272800 0.008800
0.171200 0.273600 0.016800
0.392000 0.273600 0.011200
0.408000 0.273600 0.011200
0.512800 0.273600 0.005600
0.524000 0.273600 0.008800
0.540000 0.273600 0.011200
0.632800 0.273600 0.011200
0.834400 0.273600 0.008800
0.139200 0.274400 0.016800
0.181600 0.274400 0.019200
0.200000 0.274400 0.016800
0.224800 0.274400 0.022400
0.236000 0.274400 0.019200
0.353600 0.274400 0.012800
0.572800 0.274400 0.011200
0.602400 0.274400 0.005600
0.650400 0.274400 0.011200
0.809600 0.274400 0.011200
0.847200 0.274400 0.011200
0.857600 0.274400 0.005600
0.153600 0.275200 0.013600
0.189600 0.275200 0.022400
0.257600 0.275200 0.019200
0.312800 0.275200 0.016800
0.334400 0.275200 0.008800
0.346400 0.275200 0.018400
0.358400 0.275200 0.008800
0.479200 0.275200 0.005600
0.487200 0.275200 0.005600
0.500800 0.275200 0.009600
0.591200 0.275200 0.011200
0.719200 0.275200 0.016000
0.247200 0.276000 0.008800
0.274400 0.276000 0.012800
0.293600 0.276000 0.012800
0.324000 0.276000 0.005600
0.463200 0.276000 0.012800
0.864800 0.276000 0.013600
0.424800 0.276800 0.010400
0.442400 0.276800 0.011200
0.572000 0.290400 0.005600
0.388000 0.291200 0.008000
0.401600 0.291200 0.006400
0.749600 0.291200 0.006400
0.760000 0.291200 0.005600
0.448000 0.292000 0.006400
0.580800 0.292000 0.005600
0.592000 0.292000 0.007200
0.602400 0.292000 0.005600
0.608000 0.292000 0.008800
0.768000 0.292000 0.005600
0.776000 0.292000 0.005600
0.787200 0.292000 0.008800
0.793600 0.292000 0.005600
0.801600 0.292000 0.005600
0.810400 0.292000 0.005600
0.824000 0.292000 0.008000
0.164800 0.292800 0.007200
0.376800 0.292800 0.008800
0.412000 0.292800 0.005600
0.420800 0.292800 0.005600
0.440000 0.292800 0.005600
0.616800 0.292800 0.007200
0.628000 0.292800 0.006400
0.636000 0.292800 0.005600
0.644800 0.292800 0.006400
0.836000 0.292800 0.007200
0.428000 0.293600 0.007200
0.153600 0.294400 0.006400
0.676800 0.294400 0.006400
0.727200 0.294400 0.008800
0.128800 0.295200 0.011200
0.136000 0.295200 0.012800
0.143200 0.295200 0.008800
0.666400 0.296000 0.007200
0.850400 0.297600 0.019200
0.912000 0.300800 0.005600
0.920800 0.300800 0.007200
0.930400 0.300800 0.007200
0.939200 0.300800 0.005600
0.880800 0.301600 0.008800
0.903200 0.301600 0.007200
0.948800 0.301600 0.005600
0.956800 0.301600 0.005600
0.892000 0.302400 0.007200
0.965600 0.302400 0.013600
0.828800 0.306400 0.010400
0.855200 0.306400 0.019200
0.704000 0.307200 0.013600
0.845600 0.307200 0.024800
0.681600 0.308000 0.013600
0.720000 0.308000 0.010400
0.760800 0.308000 0.005600
0.768800 0.308000 0.005600
0.810400 0.308000 0.011200
0.646400 0.308800 0.012800
0.736000 0.308800 0.008800
0.746400 0.308800 0.011200
0.753600 0.308800 0.003200
0.786400 0.308800 0.013600
0.798400 0.308800 0.005600
0.667200 0.309600 0.009600
0.096000 0.310400 0.005600
0.522400 0.310400 0.013600
0.547200 0.310400 0.016000
0.598400 0.310400 0.008800
0.610400 0.310400 0.011200
0.628800 0.310400 0.011200
0.034400 0.311200 0.007200
0.079200 0.311200 0.005600
0.088000 0.311200 0.005600
0.104800 0.311200 0.005600
0.112800 0.311200 0.012000
0.344800 0.311200 0.008800
0.364000 0.311200 0.005600
0.406400 0.311200 0.008800
0.465600 0.311200 0.011200
0.536800 0.311200 0.013600
0.568800 0.311200 0.013600
0.588000 0.311200 0.012800
0.044000 0.312000 0.007200
0.054400 0.312000 0.008800
0.321600 0.312000 0.011200
0.334400 0.312000 0.008800
0.356000 0.312000 0.005600
0.378400 0.312000 0.011200
0.494400 0.312000 0.019200
0.500000 0.312000 0.016800
0.064000 0.312800 0.008000
0.068800 0.312800 0.008800
0.191200 0.312800 0.018400
0.221600 0.312800 0.012800
0.257600 0.312800 0.005600
0.269600 0.312800 0.011200
0.300000 0.312800 0.022400
0.396000 0.312800 0.016800
0.420800 0.312800 0.011200
0.435200 0.312800 0.011200
0.479200 0.312800 0.011200
0.179200 0.313600 0.007200
0.207200 0.313600 0.024000
0.286400 0.313600 0.011200
0.308800 0.313600 0.022400
0.448800 0.313600 0.011200
0.161600 0.314400 0.013600
0.168000 0.314400 0.016000
0.242400 0.314400 0.013600
0.140800 0.316000 0.013600
0.893600 0.316000 0.008000
0.881600 0.316800 0.008800
0.903200 0.316800 0.008000
0.924800 0.316800 0.005600
0.916000 0.317600 0.005600
0.935200 0.317600 0.008800
0.949600 0.317600 0.008000
0.077600 0.328000 0.008000
0.581600 0.328000 0.005600
0.050400 0.328800 0.007200
0.059200 0.328800 0.005600
0.067200 0.328800 0.005600
0.088800 0.328800 0.011200
0.528000 0.328800 0.011200
0.536000 0.328800 0.005600
0.565600 0.328800 0.005600
0.589600 0.328800 0.005600
0.597600 0.328800 0.012000
0.039200 0.329600 0.008800
0.546400 0.329600 0.006400
0.556000 0.329600 0.007200
0.573600 0.329600 0.005600
0.406400 0.330400 0.008800
0.453600 0.330400 0.005600
0.463200 0.330400 0.006400
0.474400 0.330400 0.007200
0.485600 0.330400 0.006400
0.643200 0.330400 0.008000
0.653600 0.330400 0.005600
0.661600 0.330400 0.005600
0.694400 0.330400 0.005600
0.416000 0.331200 0.008000
0.427200 0.331200 0.005600
0.435200 0.331200 0.005600
0.444800 0.331200 0.007200
0.670400 0.331200 0.005600
0.680000 0.331200 0.005600
0.688000 0.331200 0.005600
0.703200 0.331200 0.012000
0.708000 0.332000 0.009600
0.193600 0.334400 0.008000
0.219200 0.334400 0.011200
0.136000 0.335200 0.010400
0.210400 0.335200 0.011200
0.141600 0.336000 0.008800
0.152000 0.336000 0.007200
0.160800 0.336000 0.006400
0.170400 0.336000 0.008800
0.183200 0.336000 0.008000
0.408800 0.350400 0.005600
0.625600 0.350400 0.014400
0.373600 0.351200 0.016800
0.396800 0.351200 0.008800
0.416000 0.351200 0.013600
0.452800 0.351200 0.013600
0.468800 0.351200 0.011200
0.485600 0.351200 0.013600
0.500000 0.351200 0.013600
0.644800 0.351200 0.013600
0.660800 0.351200 0.012800
0.680000 0.351200 0.011200
0.694400 0.351200 0.015200
0.338400 0.352000 0.011200
0.356000 0.352000 0.011200
0.384000 0.352000 0.007200
0.428800 0.352000 0.011200
0.507200 0.352000 0.005600
0.517600 0.352000 0.008800
0.546400 0.352000 0.008800
0.560000 0.352000 0.008800
0.571200 0.352000 0.007200
0.608000 0.352000 0.016800
0.804000 0.352000 0.011200
0.532000 0.352800 0.008800
0.584800 0.352800 0.011200
0.600000 0.352800 0.016800
0.700000 0.352800 0.012000
0.743200 0.352800 0.011200
0.139200 0.353600 0.013600
0.151200 0.353600 0.013600
0.204000 0.353600 0.005600
0.238400 0.353600 0.013600
0.274400 0.353600 0.016800
0.292000 0.353600 0.011200
0.304800 0.353600 0.011200
0.318400 0.353600 0.013600
0.716000 0.353600 0.008800
0.791200 0.353600 0.008800
0.194400 0.354400 0.014400
0.256800 0.354400 0.011200
0.728000 0.354400 0.007200
0.756800 0.354400 0.008800
0.172800 0.355200 0.013600
0.768800 0.355200 0.008000
0.780800 0.355200 0.008800
0.819200 0.355200 0.022400
0.859200 0.355200 0.024800
0.868000 0.355200 0.016800
0.183200 0.356000 0.005600
0.217600 0.356000 0.012000
0.829600 0.356000 0.008800
0.843200 0.356800 0.011200
0.673600 0.368800 0.008000
0.680000 0.369600 0.003200
0.684800 0.369600 0.008000
0.695200 0.370400 0.007200
0.704800 0.371200 0.005600
0.712000 0.372000 0.012000
0.140800 0.424800 0.019200
0.145600 0.427200 0.016000
0.152000 0.427200 0.020800
0.164800 0.427200 0.008800
0.191200 0.427200 0.010400
0.204800 0.427200 0.022400
0.213600 0.427200 0.016800
0.177600 0.428000 0.008800
