0.212800 0.059200 0.005600
0.180800 0.060000 0.008800
0.192000 0.060000 0.008000
0.204000 0.060000 0.008800
0.148800 0.061600 0.026400
0.167200 0.062400 0.010400
0.833600 0.068800 0.010400
0.821600 0.069600 0.020800
0.849600 0.070400 0.023200
0.172800 0.088800 0.008800
0.184000 0.089600 0.008000
0.385600 0.089600 0.005600
0.709600 0.089600 0.011200
0.196800 0.090400 0.008800
0.208800 0.090400 0.007200
0.370400 0.090400 0.011200
0.395200 0.090400 0.006400
0.404800 0.090400 0.005600
0.416000 0.090400 0.007200
0.433600 0.090400 0.012800
0.681600 0.090400 0.013600
0.739200 0.090400 0.009600
0.220800 0.091200 0.008800
0.377600 0.091200 0.004800
0.424800 0.091200 0.005600
0.689600 0.091200 0.003200
0.705600 0.091200 0.003200
0.716800 0.091200 0.005600
0.734400 0.091200 0.013600
0.697600 0.092000 0.005600
0.726400 0.092000 0.007200
0.535200 0.093600 0.008800
0.546400 0.094400 0.008800
0.244000 0.095200 0.008800
0.560000 0.095200 0.008800
0.571200 0.095200 0.008800
0.514400 0.099200 0.009600
0.811200 0.099200 0.009600
0.160000 0.110400 0.014400
0.182400 0.111200 0.011200
0.196800 0.111200 0.022400
0.210400 0.111200 0.014400
0.243200 0.111200 0.011200
0.480800 0.111200 0.013600
0.139200 0.112000 0.013600
0.220000 0.112000 0.004800
0.228000 0.112000 0.012000
0.260800 0.112000 0.011200
0.310400 0.112000 0.005600
0.319200 0.112000 0.013600
0.292000 0.112800 0.008800
0.339200 0.112800 0.015200
0.276800 0.113600 0.011200
0.301600 0.113600 0.005600
0.350400 0.113600 0.005600
0.432000 0.114400 0.013600
0.462400 0.114400 0.011200
0.330400 0.115200 0.005600
0.358400 0.115200 0.005600
0.374400 0.115200 0.012800
0.414400 0.115200 0.016800
0.447200 0.115200 0.011200
0.498400 0.115200 0.011200
0.558400 0.115200 0.011200
0.389600 0.116000 0.011200
0.402400 0.116000 0.008800
0.569600 0.116000 0.005600
0.601600 0.116000 0.013600
0.622400 0.116000 0.013600
0.364800 0.116800 0.003200
0.513600 0.116800 0.009600
0.529600 0.116800 0.010400
0.542400 0.116800 0.011200
0.582400 0.116800 0.011200
0.639200 0.116800 0.011200
0.823200 0.116800 0.005600
0.831200 0.116800 0.005600
0.839200 0.116800 0.005600
0.851200 0.116800 0.016000
0.656000 0.117600 0.024800
0.753600 0.117600 0.013600
0.792000 0.117600 0.013600
0.808000 0.117600 0.012800
0.688000 0.118400 0.019200
0.701600 0.118400 0.011200
0.736000 0.118400 0.012800
0.771200 0.118400 0.013600
0.718400 0.119200 0.011200
0.131200 0.129600 0.011200
0.140800 0.129600 0.003200
0.116800 0.130400 0.011200
0.124000 0.130400 0.004800
0.148000 0.130400 0.005600
0.158400 0.130400 0.006400
0.168800 0.130400 0.008800
0.294400 0.131200 0.008000
0.304800 0.131200 0.007200
0.316000 0.131200 0.008000
0.341600 0.132000 0.007200
0.352000 0.132000 0.008800
0.457600 0.132000 0.008000
0.329600 0.132800 0.008000
0.357600 0.132800 0.010400
0.469600 0.133600 0.007200
0.480000 0.133600 0.005600
0.490400 0.133600 0.007200
0.829600 0.134400 0.008800
0.835200 0.134400 0.010400
0.840000 0.134400 0.012800
0.848000 0.134400 0.008800
0.503200 0.135200 0.008000
0.513600 0.135200 0.006400
0.525600 0.135200 0.008800
0.872800 0.145600 0.008000
0.430400 0.148800 0.021600
0.415200 0.149600 0.022400
0.209600 0.150400 0.011200
0.137600 0.151200 0.013600
0.158400 0.151200 0.011200
0.177600 0.151200 0.012800
0.196000 0.151200 0.011200
0.242400 0.151200 0.011200
0.441600 0.151200 0.008800
0.454400 0.151200 0.008800
0.464000 0.151200 0.005600
0.225600 0.152000 0.011200
0.352800 0.152000 0.012800
0.372800 0.152000 0.011200
0.475200 0.152000 0.008800
0.791200 0.152000 0.013600
0.275200 0.152800 0.019200
0.282400 0.152800 0.004800
0.299200 0.152800 0.013600
0.335200 0.152800 0.012000
0.389600 0.152800 0.013600
0.405600 0.152800 0.005600
0.654400 0.152800 0.005600
0.253600 0.153600 0.008800
0.264800 0.153600 0.008800
0.289600 0.153600 0.005600
0.316800 0.153600 0.010400
0.360800 0.153600 0.016800
0.488800 0.153600 0.008800
0.505600 0.153600 0.011200
0.523200 0.153600 0.008800
0.574400 0.153600 0.008800
0.534400 0.154400 0.005600
0.544000 0.154400 0.008800
0.588000 0.154400 0.008800
0.599200 0.154400 0.019200
0.618400 0.154400 0.011200
0.632800 0.154400 0.011200
0.648000 0.154400 0.013600
0.663200 0.154400 0.011200
0.676800 0.154400 0.008800
0.689600 0.154400 0.013600
0.696800 0.154400 0.012800
0.711200 0.154400 0.018400
0.724800 0.154400 0.005600
0.757600 0.154400 0.008800
0.559200 0.155200 0.011200
0.717600 0.155200 0.013600
0.735200 0.155200 0.008800
0.772800 0.155200 0.011200
0.809600 0.155200 0.011200
0.826400 0.155200 0.011200
0.842400 0.155200 0.011200
0.861600 0.155200 0.012800
0.745600 0.156000 0.005600
0.190400 0.168000 0.012000
0.181600 0.168800 0.005600
0.472000 0.168800 0.008800
0.172000 0.169600 0.006400
0.318400 0.169600 0.011200
0.342400 0.169600 0.007200
0.352000 0.169600 0.006400
0.362400 0.169600 0.007200
0.487200 0.169600 0.008800
0.499200 0.169600 0.005600
0.510400 0.169600 0.008000
0.516800 0.169600 0.003200
0.524000 0.169600 0.008800
0.536000 0.169600 0.007200
0.653600 0.169600 0.006400
0.152000 0.170400 0.008000
0.160800 0.170400 0.007200
0.663200 0.170400 0.005600
0.674400 0.170400 0.007200
0.696800 0.170400 0.008000
0.327200 0.171200 0.008800
0.376000 0.171200 0.008800
0.683200 0.171200 0.007200
0.632000 0.172000 0.005600
0.858400 0.172800 0.005600
0.868800 0.172800 0.008800
0.808000 0.173600 0.008800
0.823200 0.173600 0.008800
0.836800 0.173600 0.007200
0.848000 0.174400 0.007200
0.456000 0.180000 0.006400
0.224800 0.186400 0.019200
0.233600 0.186400 0.005600
0.210400 0.187200 0.011200
0.151200 0.188000 0.008800
0.160800 0.188000 0.013600
0.177600 0.188000 0.011200
0.194400 0.188000 0.011200
0.345600 0.188000 0.016800
0.628800 0.188000 0.008800
0.644000 0.188000 0.011200
0.140000 0.188800 0.007200
0.165600 0.188800 0.008800
0.261600 0.188800 0.011200
0.279200 0.188800 0.013600
0.303200 0.188800 0.015200
0.314400 0.188800 0.009600
0.331200 0.188800 0.009600
0.386400 0.188800 0.013600
0.417600 0.188800 0.009600
0.432000 0.188800 0.011200
0.448000 0.188800 0.013600
0.472000 0.188800 0.011200
0.130400 0.189600 0.016000
0.245600 0.189600 0.011200
0.355200 0.189600 0.016000
0.374400 0.189600 0.012800
0.403200 0.189600 0.008800
0.489600 0.189600 0.011200
0.502400 0.189600 0.008800
0.515200 0.189600 0.013600
0.570400 0.189600 0.005600
0.578400 0.189600 0.004800
0.585600 0.189600 0.004800
0.592000 0.189600 0.005600
0.601600 0.189600 0.012800
0.617600 0.189600 0.005600
0.126400 0.190400 0.011200
0.533600 0.190400 0.011200
0.688800 0.190400 0.010400
0.704800 0.190400 0.008800
0.564000 0.191200 0.005600
0.609600 0.191200 0.005600
0.657600 0.191200 0.007200
0.666400 0.191200 0.005600
0.676000 0.191200 0.008800
0.719200 0.191200 0.011200
0.736000 0.191200 0.011200
0.864000 0.191200 0.013600
0.550400 0.192000 0.016800
0.751200 0.192000 0.005600
0.760000 0.192000 0.008800
0.773600 0.192000 0.011200
0.790400 0.192000 0.012800
0.849600 0.192000 0.008800
0.809600 0.192800 0.008800
0.840000 0.192800 0.014400
0.829600 0.193600 0.005600
0.820800 0.194400 0.016800
0.596800 0.206400 0.011200
0.257600 0.207200 0.004800
0.605600 0.207200 0.008800
0.618400 0.207200 0.007200
0.634400 0.207200 0.009600
0.272800 0.208000 0.011200
0.278400 0.208000 0.008800
0.288000 0.208000 0.008000
0.436000 0.208000 0.008800
0.444800 0.208000 0.005600
0.458400 0.208000 0.009600
0.628800 0.208000 0.008800
0.248800 0.208800 0.008800
0.264000 0.208800 0.005600
0.300000 0.208800 0.008000
0.314400 0.208800 0.008800
0.406400 0.208800 0.011200
0.452000 0.208800 0.004800
0.760800 0.208800 0.005600
0.220000 0.209600 0.008800
0.233600 0.209600 0.006400
0.413600 0.209600 0.005600
0.423200 0.209600 0.008800
0.741600 0.209600 0.007200
0.751200 0.209600 0.005600
0.768800 0.209600 0.003200
0.774400 0.209600 0.005600
0.782400 0.209600 0.005600
0.793600 0.209600 0.007200
0.206400 0.210400 0.008800
0.211200 0.210400 0.011200
0.368800 0.215200 0.007200
0.139200 0.226400 0.022400
0.173600 0.226400 0.015200
0.468800 0.226400 0.008800
0.151200 0.227200 0.030400
0.193600 0.227200 0.011200
0.280000 0.228000 0.011200
0.336000 0.228000 0.011200
0.351200 0.228000 0.011200
0.381600 0.228000 0.019200
0.414400 0.228000 0.013600
0.444800 0.228000 0.008800
0.455200 0.228000 0.008800
0.540800 0.228000 0.014400
0.560000 0.228000 0.008800
0.606400 0.228000 0.008800
0.628800 0.228000 0.008800
0.807200 0.228000 0.008800
0.208800 0.228800 0.010400
0.227200 0.228800 0.011200
0.240000 0.228800 0.019200
0.248000 0.228800 0.013600
0.264800 0.228800 0.011200
0.300000 0.228800 0.013600
0.318400 0.228800 0.012800
0.365600 0.228800 0.009600
0.404800 0.228800 0.007200
0.430400 0.228800 0.011200
0.480000 0.228800 0.005600
0.488800 0.228800 0.015200
0.508000 0.228800 0.011200
0.524000 0.228800 0.011200
0.550400 0.228800 0.005600
0.640000 0.228800 0.005600
0.648800 0.228800 0.013600
0.664800 0.228800 0.011200
0.820800 0.228800 0.011200
0.848000 0.228800 0.017600
0.573600 0.229600 0.011200
0.591200 0.229600 0.011200
0.617600 0.229600 0.005600
0.681600 0.229600 0.011200
0.716800 0.229600 0.008800
0.791200 0.229600 0.010400
0.856000 0.229600 0.015200
0.392000 0.230400 0.008800
0.696000 0.230400 0.008800
0.776800 0.230400 0.012800
0.835200 0.230400 0.011200
0.728000 0.231200 0.007200
0.760000 0.231200 0.005600
0.768800 0.231200 0.014400
0.749600 0.232000 0.008800
0.705600 0.232800 0.003200
0.737600 0.232800 0.007200
0.712000 0.235200 0.012800
0.387200 0.248800 0.007200
0.396800 0.248800 0.007200
0.757600 0.248800 0.012800
0.800000 0.248800 0.011200
0.816800 0.248800 0.008000
0.828000 0.248800 0.010400
0.367200 0.249600 0.007200
0.376800 0.249600 0.006400
0.406400 0.249600 0.005600
0.415200 0.249600 0.005600
0.426400 0.249600 0.007200
0.435200 0.249600 0.011200
0.631200 0.249600 0.008000
0.766400 0.249600 0.005600
0.776800 0.249600 0.007200
0.792000 0.249600 0.005600
0.805600 0.249600 0.009600
0.835200 0.249600 0.003200
0.842400 0.249600 0.005600
0.852000 0.249600 0.005600
0.864000 0.249600 0.009600
0.784800 0.250400 0.005600
0.340800 0.252000 0.007200
0.198400 0.269600 0.008800
0.232800 0.269600 0.007200
0.278400 0.269600 0.024000
0.294400 0.269600 0.024800
0.428800 0.269600 0.005600
0.532000 0.269600 0.014400
0.549600 0.269600 0.005600
0.170400 0.270400 0.010400
0.186400 0.270400 0.008800
0.209600 0.270400 0.008800
0.242400 0.270400 0.005600
0.309600 0.270400 0.011200
0.344000 0.270400 0.008800
0.437600 0.270400 0.005600
0.445600 0.270400 0.013600
0.542400 0.270400 0.005600
0.743200 0.270400 0.008800
0.752000 0.270400 0.005600
0.766400 0.270400 0.011200
0.782400 0.270400 0.011200
0.134400 0.271200 0.012000
0.140800 0.271200 0.016800
0.221600 0.271200 0.007200
0.249600 0.271200 0.005600
0.264000 0.271200 0.011200
0.327200 0.271200 0.011200
0.463200 0.271200 0.013600
0.483200 0.271200 0.013600
0.496800 0.271200 0.008800
0.506400 0.271200 0.005600
0.516000 0.271200 0.005600
0.557600 0.271200 0.005600
0.594400 0.271200 0.008800
0.156000 0.272000 0.011200
0.384800 0.272000 0.011200
0.566400 0.272000 0.012800
0.582400 0.272000 0.008800
0.625600 0.272000 0.011200
0.642400 0.272000 0.011200
0.657600 0.272000 0.016800
0.681600 0.272000 0.011200
0.707200 0.272000 0.005600
0.713600 0.272000 0.004000
0.732000 0.272000 0.008800
0.796000 0.272000 0.008800
0.807200 0.272000 0.011200
0.855200 0.272000 0.013600
0.367200 0.272800 0.011200
0.403200 0.272800 0.011200
0.420800 0.272800 0.012800
0.608000 0.272800 0.011200
0.664800 0.272800 0.013600
0.697600 0.272800 0.008800
0.722400 0.272800 0.006400
0.822400 0.272800 0.008800
0.836800 0.273600 0.008800
0.355200 0.274400 0.005600
0.184000 0.288000 0.008000
0.172800 0.288800 0.008000
0.196000 0.288800 0.007200
0.204800 0.289600 0.007200
0.220800 0.289600 0.009600
0.536800 0.289600 0.008800
0.555200 0.289600 0.013600
0.560800 0.289600 0.010400
0.147200 0.290400 0.007200
0.215200 0.290400 0.008800
0.389600 0.290400 0.008800
0.405600 0.290400 0.008000
0.546400 0.290400 0.005600
0.572800 0.290400 0.007200
0.584800 0.290400 0.008800
0.708000 0.290400 0.012000
0.807200 0.290400 0.007200
0.377600 0.291200 0.005600
0.416000 0.291200 0.008000
0.452000 0.291200 0.010400
0.460000 0.291200 0.008800
0.482400 0.291200 0.008000
0.505600 0.291200 0.008800
0.715200 0.291200 0.005600
0.360800 0.292000 0.005600
0.368800 0.292000 0.005600
0.465600 0.292000 0.009600
0.472000 0.292000 0.008800
0.492000 0.292000 0.005600
0.500800 0.292000 0.012800
0.666400 0.292000 0.008800
0.698400 0.292000 0.008000
0.724000 0.292000 0.005600
0.817600 0.292000 0.005600
0.825600 0.292000 0.005600
0.836800 0.292000 0.008000
0.854400 0.292000 0.005600
0.342400 0.292800 0.008800
0.352000 0.292800 0.005600
0.675200 0.292800 0.005600
0.682400 0.292800 0.003200
0.688000 0.292800 0.008800
0.732800 0.292800 0.012800
0.519200 0.293600 0.008000
0.432000 0.294400 0.008800
0.140000 0.309600 0.013600
0.153600 0.309600 0.011200
0.182400 0.309600 0.005600
0.192000 0.310400 0.015200
0.276800 0.311200 0.008000
0.290400 0.311200 0.011200
0.170400 0.312000 0.011200
0.208000 0.312000 0.011200
0.243200 0.312000 0.012800
0.305600 0.312000 0.013600
0.224000 0.312800 0.011200
0.263200 0.312800 0.011200
0.325600 0.312800 0.012800
0.732800 0.312800 0.008800
0.658400 0.313600 0.008800
0.680000 0.313600 0.008800
0.705600 0.313600 0.013600
0.767200 0.313600 0.018400
0.776000 0.313600 0.016800
0.852000 0.313600 0.016800
0.347200 0.314400 0.011200
0.363200 0.314400 0.011200
0.379200 0.314400 0.011200
0.394400 0.314400 0.011200
0.410400 0.314400 0.011200
0.580000 0.314400 0.005600
0.722400 0.314400 0.018400
0.755200 0.314400 0.008800
0.790400 0.314400 0.016800
0.429600 0.315200 0.013600
0.445600 0.315200 0.011200
0.463200 0.315200 0.011200
0.482400 0.315200 0.012800
0.549600 0.315200 0.013600
0.596800 0.315200 0.005600
0.836000 0.315200 0.011200
0.518400 0.316000 0.011200
0.532800 0.316000 0.008800
0.588800 0.316000 0.005600
0.668800 0.316000 0.008800
0.690400 0.316000 0.016800
0.714400 0.316000 0.016800
0.744800 0.316000 0.005600
0.820800 0.316000 0.008800
0.500000 0.316800 0.011200
0.559200 0.316800 0.004800
0.568800 0.316800 0.008800
0.623200 0.316800 0.008800
0.635200 0.316800 0.007200
0.644800 0.316800 0.007200
0.608000 0.317600 0.008800
0.808800 0.317600 0.008800
0.144800 0.332800 0.008800
0.265600 0.332800 0.008800
0.285600 0.332800 0.013600
0.292800 0.332800 0.005600
0.338400 0.332800 0.005600
0.846400 0.332800 0.011200
0.184800 0.333600 0.005600
0.276000 0.333600 0.008000
0.301600 0.333600 0.005600
0.311200 0.333600 0.005600
0.317600 0.333600 0.004000
0.324000 0.333600 0.004800
0.330400 0.333600 0.005600
0.344000 0.333600 0.011200
0.352800 0.333600 0.007200
0.819200 0.333600 0.008800
0.852800 0.333600 0.008800
0.862400 0.333600 0.007200
0.872000 0.333600 0.014400
0.156000 0.334400 0.007200
0.174400 0.334400 0.007200
0.191200 0.334400 0.011200
0.201600 0.334400 0.007200
0.363200 0.334400 0.008000
0.752000 0.334400 0.008000
0.760800 0.334400 0.005600
0.831200 0.334400 0.008000
0.165600 0.335200 0.005600
0.767200 0.335200 0.011200
0.841600 0.335200 0.008800
0.215200 0.336000 0.009600
0.467200 0.336000 0.011200
0.529600 0.336000 0.008000
0.540800 0.336000 0.007200
0.556000 0.336000 0.009600
0.776800 0.336000 0.007200
0.408000 0.336800 0.005600
0.425600 0.336800 0.007200
0.479200 0.336800 0.008800
0.493600 0.336800 0.010400
0.517600 0.336800 0.008800
0.627200 0.336800 0.008800
0.653600 0.336800 0.008800
0.664800 0.336800 0.007200
0.676000 0.336800 0.008800
0.786400 0.336800 0.005600
0.793600 0.336800 0.010400
0.376000 0.337600 0.007200
0.396800 0.337600 0.008800
0.415200 0.337600 0.011200
0.437600 0.337600 0.008800
0.507200 0.337600 0.008800
0.636800 0.337600 0.008800
0.384800 0.338400 0.005600
0.244000 0.352000 0.008000
0.700800 0.356000 0.008800
0.678400 0.357600 0.016000
0.712000 0.357600 0.007200
0.745600 0.357600 0.019200
0.756000 0.357600 0.005600
0.765600 0.357600 0.015200
0.858400 0.357600 0.018400
0.138400 0.358400 0.017600
0.151200 0.358400 0.016800
0.348800 0.358400 0.019200
0.658400 0.358400 0.016800
0.688800 0.358400 0.005600
0.723200 0.358400 0.018400
0.848000 0.358400 0.008800
0.392800 0.359200 0.016800
0.403200 0.359200 0.016800
0.646400 0.359200 0.008800
0.668000 0.359200 0.005600
0.782400 0.359200 0.013600
0.185600 0.360000 0.011200
0.200800 0.360000 0.016800
0.362400 0.360000 0.019200
0.583200 0.360000 0.021600
0.615200 0.360000 0.003200
0.620000 0.360000 0.003200
0.632000 0.360000 0.011200
0.799200 0.360000 0.011200
0.159200 0.360800 0.018400
0.170400 0.360800 0.011200
0.220800 0.360800 0.008800
0.236000 0.360800 0.022400
0.292800 0.360800 0.005600
0.420800 0.360800 0.013600
0.572000 0.360800 0.011200
0.608000 0.360800 0.005600
0.813600 0.360800 0.011200
0.828800 0.360800 0.013600
0.536800 0.361600 0.005600
0.556000 0.361600 0.016800
0.588800 0.361600 0.016800
0.209600 0.362400 0.005600
0.285600 0.362400 0.004800
0.306400 0.362400 0.011200
0.327200 0.362400 0.016800
0.441600 0.362400 0.013600
0.519200 0.362400 0.013600
0.528800 0.362400 0.004800
0.598400 0.362400 0.008000
0.274400 0.363200 0.009600
0.376800 0.363200 0.011200
0.459200 0.363200 0.013600
0.476800 0.363200 0.019200
0.487200 0.363200 0.021600
0.501600 0.363200 0.008800
0.468800 0.364000 0.003200
0.258400 0.364800 0.013600
0.395200 0.383200 0.008800
0.404000 0.383200 0.007200
0.413600 0.383200 0.008800
0.356800 0.384800 0.008800
0.380000 0.384800 0.008800
0.366400 0.385600 0.008800
