91
91
91
91
91
91
94
92
92
92
92
92
92
92
92
92
92
92
92
92
92
92
90
90
90
90
90
90
90
90
90
90
90
90
90
90
90
90
90
90
90
90
90
90
90
90
90
90
90
90
90
90
90
90
90
90
90
90
90
90
90
90
90
90
90
90
90
93
90
90
90
90
90
93
90
90
90
93
93
93
93
93
93
93
93
93
90
93
97
96
96
96
96
96
96
96
96
96
96
96
96
96
96
96
96
96
96
96
96
96
96
96
96
96
96
96
96
96
96
96
96
96
96
96
96
96
96
96
96
96
96
96
96
96
96
96
96
96
96
96
96
96
96
96
96
96
96
96
99
99
99
99
99
100
100
99
99
99
99
99
100
100
100
100
100
99
99
100
100
98
98
98
98
98
98
101
101
101
101
101
101
101
101
101
96
96
96
96
96
96
96
96
96
96
96
96
96
96
96
96
96
96
96
96
96
96
96
96
96
96
96
96
96
96
96
96
96
96
96
96
96
96
96
96
96
96
96
96
96
96
96
96
96
96
96
96
96
96
96
96
96
96
96
96
96
96
103
103
105
105
105
103
103
103
102
102
105
105
105
105
105
105
105
105
104
104
104
104
104
102
102
106
105
105
105
105
105
105
105
105
105
105
102
102
105
105
106
105
106
106
106
106
106
106
106
106
95
95
96
95
95
95
95
95
96
96
96
96
96
96
96
96
96
96
96
96
96
96
96
96
96
96
96
96
96
96
96
96
96
96
96
96
96
96
96
96
96
96
96
96
96
96
96
96
96
96
96
96
96
96
96
96
96
96
96
96
95
95
95
95
95
95
95
95
110
110
110
110
110
110
110
110
109
109
109
109
109
109
108
108
108
108
108
107
107
108
108
108
108
108
107
107
107
107
107
107
108
108
108
108
107
107
111
95
95
95
95
95
95
95
96
96
96
96
96
96
96
96
96
96
96
96
96
96
96
96
96
96
96
96
96
96
96
96
96
96
96
96
96
96
96
96
96
96
96
96
96
96
96
96
96
96
96
96
96
96
96
95
95
95
95
95
96
95
96
113
113
113
113
113
113
113
113
113
113
113
113
113
113
113
113
113
113
113
112
112
112
112
112
112
112
112
112
112
114
96
96
96
96
96
96
96
96
96
96
96
96
96
96
96
96
96
96
96
96
96
96
96
96
96
96
96
96
96
96
96
96
96
96
96
96
96
96
96
96
96
96
96
96
96
96
96
96
96
96
96
96
116
116
116
116
116
116
116
116
116
116
116
117
117
116
116
117
117
117
117
117
117
117
117
117
117
117
117
115
115
96
96
96
96
96
96
96
96
96
96
96
96
96
96
96
96
96
96
96
96
96
96
96
96
96
96
96
96
96
96
96
96
96
96
96
96
96
96
96
96
96
96
96
96
96
96
96
96
96
96
96
96
96
118
118
119
119
119
118
118
118
118
118
118
118
119
119
119
119
118
118
118
121
121
121
120
120
120
120
120
122
96
96
96
96
96
96
96
96
96
96
96
96
96
96
96
96
96
96
96
96
96
96
96
96
96
96
96
96
96
96
96
96
96
96
96
96
96
96
96
96
96
96
96
96
96
96
96
96
96
96
96
96
96
96
96
96