0.222400 0.061600 0.016800
0.199200 0.062400 0.009600
0.214400 0.062400 0.023200
0.148800 0.063200 0.016800
0.185600 0.063200 0.008800
0.169600 0.064000 0.011200
0.899200 0.074400 0.020000
0.908800 0.076000 0.027200
0.809600 0.080000 0.008800
0.829600 0.080000 0.009600
0.818400 0.080800 0.007200
0.842400 0.081600 0.005600
0.640800 0.082400 0.008800
0.851200 0.082400 0.005600
0.860000 0.082400 0.007200
0.617600 0.083200 0.011200
0.870400 0.083200 0.008800
0.629600 0.084000 0.008800
0.650400 0.084000 0.008800
0.384800 0.084800 0.008800
0.661600 0.084800 0.005600
0.669600 0.084800 0.011200
0.358400 0.085600 0.008800
0.368800 0.085600 0.008800
0.399200 0.085600 0.010400
0.311200 0.086400 0.008800
0.323200 0.086400 0.008000
0.342400 0.086400 0.008000
0.394400 0.086400 0.011200
0.425600 0.086400 0.010400
0.441600 0.086400 0.008000
0.458400 0.086400 0.011200
0.299200 0.087200 0.008800
0.333600 0.087200 0.005600
0.409600 0.087200 0.012800
0.417600 0.087200 0.005600
0.452800 0.087200 0.011200
0.468800 0.088000 0.007200
0.476800 0.088000 0.005600
0.484800 0.088000 0.011200
0.729600 0.100800 0.016800
0.804800 0.100800 0.015200
0.752000 0.101600 0.011200
0.768800 0.101600 0.013600
0.813600 0.101600 0.005600
0.823200 0.101600 0.008800
0.787200 0.102400 0.027200
0.571200 0.103200 0.013600
0.608800 0.103200 0.015200
0.625600 0.103200 0.013600
0.694400 0.103200 0.013600
0.710400 0.103200 0.013600
0.850400 0.103200 0.011200
0.661600 0.104000 0.008800
0.676000 0.104000 0.011200
0.836800 0.104000 0.008800
0.865600 0.104000 0.013600
0.648000 0.104800 0.011200
0.371200 0.105600 0.004800
0.510400 0.105600 0.016800
0.524800 0.105600 0.016800
0.586400 0.105600 0.013600
0.592000 0.105600 0.009600
0.329600 0.106400 0.013600
0.344800 0.106400 0.013600
0.356000 0.106400 0.018400
0.361600 0.106400 0.013600
0.397600 0.106400 0.011200
0.430400 0.106400 0.016800
0.536000 0.106400 0.013600
0.596800 0.106400 0.008800
0.199200 0.107200 0.029600
0.246400 0.107200 0.017600
0.301600 0.107200 0.014400
0.309600 0.107200 0.013600
0.320800 0.107200 0.015200
0.413600 0.107200 0.011200
0.455200 0.107200 0.011200
0.469600 0.107200 0.011200
0.500800 0.107200 0.016800
0.552800 0.107200 0.012800
0.268800 0.108000 0.011200
0.280000 0.108000 0.007200
0.290400 0.108000 0.008000
0.381600 0.108000 0.015200
0.485600 0.108000 0.013600
0.185600 0.108800 0.027200
0.220000 0.108800 0.016800
0.234400 0.108800 0.008800
0.150400 0.109600 0.011200
0.171200 0.109600 0.022400
0.132800 0.110400 0.024800
0.256800 0.110400 0.003200
0.677600 0.124800 0.012800
0.686400 0.124800 0.005600
0.715200 0.124800 0.008800
0.500000 0.125600 0.011200
0.551200 0.125600 0.007200
0.564000 0.125600 0.007200
0.572800 0.125600 0.005600
0.582400 0.125600 0.005600
0.600000 0.125600 0.008800
0.609600 0.125600 0.005600
0.640000 0.125600 0.010400
0.696000 0.125600 0.005600
0.704800 0.125600 0.005600
0.727200 0.125600 0.011200
0.732800 0.125600 0.011200
0.841600 0.125600 0.012800
0.508800 0.126400 0.005600
0.516000 0.126400 0.005600
0.525600 0.126400 0.007200
0.534400 0.126400 0.011200
0.540800 0.126400 0.010400
0.594400 0.126400 0.003200
0.616800 0.126400 0.008800
0.631200 0.126400 0.011200
0.232000 0.127200 0.008800
0.240800 0.127200 0.005600
0.260000 0.127200 0.005600
0.271200 0.127200 0.008000
0.280800 0.127200 0.008800
0.850400 0.127200 0.005600
0.249600 0.128000 0.006400
0.285600 0.128000 0.011200
0.292800 0.128000 0.005600
0.302400 0.128000 0.005600
0.309600 0.128000 0.011200
0.326400 0.128000 0.008800
0.857600 0.128000 0.005600
0.870400 0.128800 0.011200
0.878400 0.128800 0.016000
0.780800 0.146400 0.008800
0.791200 0.146400 0.005600
0.195200 0.147200 0.015200
0.478400 0.147200 0.013600
0.503200 0.147200 0.008800
0.696000 0.147200 0.016800
0.750400 0.147200 0.008800
0.844800 0.147200 0.013600
0.144800 0.148000 0.016800
0.176000 0.148000 0.016800
0.204800 0.148000 0.024000
0.337600 0.148000 0.008800
0.367200 0.148000 0.013600
0.384000 0.148000 0.024000
0.462400 0.148000 0.013600
0.492800 0.148000 0.008800
0.522400 0.148000 0.013600
0.534400 0.148000 0.008800
0.547200 0.148000 0.016800
0.600000 0.148000 0.011200
0.633600 0.148000 0.015200
0.644000 0.148000 0.005600
0.708000 0.148000 0.011200
0.868000 0.148000 0.014400
0.128800 0.148800 0.024800
0.164000 0.148800 0.008800
0.216800 0.148800 0.016800
0.236000 0.148800 0.013600
0.290400 0.148800 0.011200
0.308000 0.148800 0.011200
0.323200 0.148800 0.008800
0.349600 0.148800 0.022400
0.414400 0.148800 0.016800
0.568000 0.148800 0.013600
0.585600 0.148800 0.011200
0.614400 0.148800 0.013600
0.656800 0.148800 0.019200
0.675200 0.148800 0.016800
0.719200 0.148800 0.013600
0.727200 0.148800 0.013600
0.739200 0.148800 0.008800
0.765600 0.148800 0.011200
0.798400 0.148800 0.003200
0.811200 0.148800 0.016000
0.821600 0.148800 0.016800
0.252000 0.149600 0.016800
0.400000 0.149600 0.011200
0.427200 0.149600 0.016800
0.440000 0.149600 0.013600
0.803200 0.149600 0.004000
0.856800 0.149600 0.019200
0.273600 0.150400 0.013600
0.832000 0.151200 0.008800
0.708800 0.165600 0.007200
0.719200 0.165600 0.006400
0.729600 0.166400 0.007200
0.740000 0.166400 0.008000
0.403200 0.168800 0.011200
0.434400 0.168800 0.005600
0.594400 0.168800 0.007200
0.603200 0.168800 0.007200
0.615200 0.168800 0.007200
0.411200 0.169600 0.005600
0.418400 0.169600 0.005600
0.425600 0.169600 0.005600
0.841600 0.183200 0.024800
0.851200 0.185600 0.019200
0.572800 0.186400 0.016000
0.692000 0.186400 0.008800
0.701600 0.186400 0.005600
0.715200 0.186400 0.011200
0.728800 0.186400 0.007200
0.740000 0.186400 0.011200
0.755200 0.186400 0.011200
0.772000 0.186400 0.013600
0.780800 0.186400 0.005600
0.792800 0.186400 0.011200
0.860000 0.186400 0.016000
0.370400 0.187200 0.016800
0.377600 0.187200 0.004800
0.547200 0.187200 0.012000
0.564000 0.187200 0.018400
0.681600 0.187200 0.008000
0.809600 0.187200 0.011200
0.826400 0.187200 0.011200
0.316800 0.188000 0.008800
0.329600 0.188000 0.008800
0.343200 0.188000 0.008800
0.356000 0.188000 0.019200
0.384000 0.188000 0.003200
0.389600 0.188000 0.016800
0.448800 0.188000 0.011200
0.464000 0.188000 0.008800
0.475200 0.188000 0.008800
0.489600 0.188000 0.019200
0.500000 0.188000 0.013600
0.514400 0.188000 0.011200
0.529600 0.188000 0.010400
0.624000 0.188000 0.011200
0.638400 0.188000 0.024000
0.652000 0.188000 0.022400
0.177600 0.188800 0.016800
0.237600 0.188800 0.026400
0.364800 0.188800 0.016000
0.400800 0.188800 0.009600
0.433600 0.188800 0.012800
0.588000 0.188800 0.008800
0.671200 0.188800 0.015200
0.187200 0.189600 0.005600
0.200800 0.189600 0.011200
0.216000 0.189600 0.027200
0.252800 0.189600 0.011200
0.268800 0.189600 0.009600
0.283200 0.189600 0.011200
0.301600 0.189600 0.011200
0.415200 0.189600 0.013600
0.425600 0.189600 0.004800
0.599200 0.189600 0.005600
0.130400 0.190400 0.013600
0.171200 0.190400 0.019200
0.225600 0.190400 0.008800
0.609600 0.190400 0.016800
0.146400 0.191200 0.011200
0.158400 0.191200 0.016800
0.680800 0.204800 0.013600
0.708800 0.205600 0.005600
0.716000 0.205600 0.011200
0.500800 0.206400 0.005600
0.510400 0.206400 0.007200
0.521600 0.206400 0.007200
0.690400 0.206400 0.007200
0.700800 0.206400 0.005600
0.726400 0.206400 0.007200
0.533600 0.207200 0.009600
0.546400 0.207200 0.003200
0.574400 0.207200 0.007200
0.585600 0.207200 0.005600
0.592800 0.207200 0.005600
0.740800 0.207200 0.008800
0.751200 0.207200 0.006400
0.760800 0.207200 0.005600
0.769600 0.207200 0.005600
0.817600 0.207200 0.008800
0.552800 0.208000 0.005600
0.563200 0.208000 0.007200
0.778400 0.208000 0.008800
0.794400 0.208000 0.008000
0.805600 0.208000 0.007200
0.332800 0.208800 0.007200
0.340800 0.208800 0.005600
0.348800 0.208800 0.007200
0.359200 0.208800 0.008800
0.373600 0.208800 0.007200
0.382400 0.208800 0.012800
0.297600 0.209600 0.008000
0.319200 0.209600 0.008800
0.364800 0.209600 0.010400
0.307200 0.210400 0.007200
0.129600 0.213600 0.008800
0.140000 0.213600 0.008000
0.152000 0.213600 0.005600
0.160000 0.213600 0.005600
0.621600 0.227200 0.018400
0.609600 0.228000 0.008800
0.408800 0.228800 0.024800
0.597600 0.228800 0.008800
0.656000 0.228800 0.011200
0.668800 0.228800 0.008800
0.192800 0.229600 0.008800
0.204800 0.229600 0.019200
0.261600 0.229600 0.016800
0.321600 0.229600 0.013600
0.345600 0.229600 0.013600
0.368000 0.229600 0.013600
0.388800 0.229600 0.016000
0.420800 0.229600 0.024800
0.461600 0.229600 0.019200
0.516800 0.229600 0.012000
0.556000 0.229600 0.005600
0.644000 0.229600 0.008800
0.664000 0.229600 0.003200
0.722400 0.229600 0.016800
0.736000 0.229600 0.011200
0.796000 0.229600 0.013600
0.451200 0.230400 0.008800
0.536000 0.230400 0.013600
0.564800 0.230400 0.013600
0.632800 0.230400 0.008800
0.684000 0.230400 0.012000
0.713600 0.230400 0.016800
0.752800 0.230400 0.015200
0.764000 0.230400 0.005600
0.788000 0.230400 0.016800
0.813600 0.230400 0.011200
0.828000 0.230400 0.011200
0.161600 0.231200 0.011200
0.177600 0.231200 0.011200
0.214400 0.231200 0.022400
0.226400 0.231200 0.011200
0.244000 0.231200 0.011200
0.296000 0.231200 0.012800
0.377600 0.231200 0.005600
0.548000 0.231200 0.004800
0.700800 0.231200 0.013600
0.775200 0.231200 0.008800
0.842400 0.231200 0.013600
0.437600 0.232000 0.011200
0.499200 0.232000 0.011200
0.584800 0.232000 0.013600
0.850400 0.232000 0.004800
0.130400 0.232800 0.013600
0.273600 0.232800 0.004800
0.280800 0.232800 0.011200
0.477600 0.232800 0.013600
0.147200 0.233600 0.011200
0.860800 0.233600 0.014400
0.511200 0.247200 0.008000
0.477600 0.248000 0.008800
0.490400 0.248000 0.005600
0.499200 0.248000 0.005600
0.524800 0.248000 0.008800
0.547200 0.248800 0.004800
0.570400 0.248800 0.005600
0.638400 0.248800 0.012800
0.538400 0.249600 0.007200
0.557600 0.249600 0.008800
0.581600 0.249600 0.008000
0.591200 0.249600 0.011200
0.676000 0.249600 0.006400
0.275200 0.250400 0.008800
0.284800 0.250400 0.008800
0.308000 0.250400 0.003200
0.314400 0.250400 0.008800
0.648000 0.250400 0.005600
0.655200 0.250400 0.005600
0.665600 0.250400 0.007200
0.291200 0.251200 0.011200
0.300800 0.251200 0.008800
0.687200 0.251200 0.008800
0.782400 0.251200 0.005600
0.798400 0.251200 0.005600
0.699200 0.252000 0.008800
0.710400 0.252000 0.011200
0.740800 0.252000 0.009600
0.756000 0.252000 0.008800
0.790400 0.252000 0.005600
0.863200 0.252000 0.008800
0.326400 0.252800 0.007200
0.336800 0.252800 0.007200
0.349600 0.252800 0.008800
0.717600 0.252800 0.008800
0.764800 0.252800 0.005600
0.772800 0.252800 0.007200
0.417600 0.269600 0.008800
0.459200 0.269600 0.022400
0.470400 0.269600 0.018400
0.481600 0.269600 0.008800
0.599200 0.269600 0.015200
0.273600 0.270400 0.016800
0.391200 0.270400 0.011200
0.405600 0.270400 0.008800
0.429600 0.270400 0.018400
0.444800 0.270400 0.011200
0.588000 0.270400 0.008800
0.608800 0.270400 0.013600
0.665600 0.270400 0.007200
0.214400 0.271200 0.016000
0.256000 0.271200 0.012800
0.283200 0.271200 0.016000
0.492000 0.271200 0.005600
0.500800 0.271200 0.013600
0.532000 0.271200 0.012000
0.622400 0.271200 0.011200
0.653600 0.271200 0.008800
0.676000 0.271200 0.015200
0.746400 0.271200 0.013600
0.756800 0.271200 0.016800
0.191200 0.272000 0.016800
0.235200 0.272000 0.013600
0.297600 0.272000 0.011200
0.337600 0.272000 0.011200
0.367200 0.272000 0.016800
0.516000 0.272000 0.011200
0.549600 0.272000 0.013600
0.564800 0.272000 0.016800
0.574400 0.272000 0.007200
0.638400 0.272000 0.011200
0.696000 0.272000 0.011200
0.710400 0.272000 0.015200
0.732000 0.272000 0.016800
0.167200 0.272800 0.013600
0.313600 0.272800 0.008800
0.324800 0.272800 0.005600
0.352000 0.272800 0.011200
0.558400 0.272800 0.003200
0.770400 0.272800 0.005600
0.781600 0.272800 0.014400
0.800800 0.272800 0.008800
0.178400 0.273600 0.005600
0.378400 0.273600 0.007200
0.720000 0.273600 0.018400
0.787200 0.273600 0.012800
0.813600 0.273600 0.008800
0.827200 0.273600 0.008800
0.839200 0.273600 0.008800
0.851200 0.273600 0.018400
0.132800 0.274400 0.013600
0.859200 0.274400 0.014400
0.151200 0.275200 0.011200
0.623200 0.291200 0.005600
0.249600 0.292000 0.011200
0.584000 0.292000 0.011200
0.599200 0.292000 0.008800
0.630400 0.292000 0.005600
0.640800 0.292000 0.008000
0.649600 0.292000 0.011200
0.661600 0.292000 0.009600
0.675200 0.292000 0.008000
0.612800 0.292800 0.008000
0.178400 0.293600 0.011200
0.195200 0.293600 0.008800
0.224000 0.293600 0.011200
0.688000 0.293600 0.007200
0.697600 0.293600 0.013600
0.768800 0.293600 0.008000
0.781600 0.293600 0.008800
0.820000 0.293600 0.009600
0.127200 0.294400 0.012000
0.207200 0.294400 0.005600
0.215200 0.294400 0.005600
0.239200 0.294400 0.008800
0.758400 0.294400 0.008000
0.807200 0.294400 0.008000
0.136000 0.295200 0.004800
0.144000 0.295200 0.008800
0.413600 0.295200 0.008800
0.795200 0.295200 0.008000
0.155200 0.296000 0.008800
0.168000 0.296000 0.009600
0.401600 0.296800 0.008000
0.425600 0.296800 0.005600
0.433600 0.296800 0.005600
0.444000 0.296800 0.008800
0.317600 0.297600 0.008000
0.328800 0.299200 0.006400
0.219200 0.312000 0.013600
0.311200 0.312000 0.012800
0.356800 0.312000 0.022400
0.276800 0.312800 0.013600
0.294400 0.312800 0.011200
0.327200 0.312800 0.026400
0.348800 0.312800 0.019200
0.128000 0.313600 0.013600
0.334400 0.313600 0.013600
0.372800 0.313600 0.016800
0.393600 0.313600 0.011200
0.443200 0.313600 0.008800
0.452800 0.313600 0.008800
0.148000 0.314400 0.012800
0.185600 0.314400 0.015200
0.258400 0.314400 0.013600
0.425600 0.314400 0.011200
0.466400 0.314400 0.011200
0.520800 0.314400 0.012800
0.549600 0.314400 0.019200
0.600000 0.314400 0.013600
0.635200 0.314400 0.016800
0.708800 0.314400 0.013600
0.729600 0.314400 0.019200
0.756000 0.314400 0.018400
0.382400 0.315200 0.004800
0.410400 0.315200 0.010400
0.483200 0.315200 0.013600
0.537600 0.315200 0.008800
0.559200 0.315200 0.016800
0.580800 0.315200 0.013600
0.619200 0.315200 0.015200
0.655200 0.315200 0.008800
0.680800 0.315200 0.008800
0.741600 0.315200 0.008800
0.166400 0.316000 0.011200
0.242400 0.316000 0.013600
0.502400 0.316000 0.011200
0.564800 0.316000 0.011200
0.608000 0.316000 0.005600
0.667200 0.316000 0.008800
0.692000 0.316000 0.008800
0.778400 0.316000 0.013600
0.796000 0.316000 0.013600
0.814400 0.316000 0.012800
0.840000 0.316000 0.005600
0.806400 0.316800 0.004800
0.828800 0.316800 0.008800
0.569600 0.317600 0.008800
0.849600 0.318400 0.019200
0.857600 0.319200 0.016800
0.234400 0.339200 0.008000
0.247200 0.339200 0.008800
0.264000 0.339200 0.011200
0.168000 0.340000 0.010400
0.183200 0.340000 0.008800
0.192800 0.340000 0.005600
0.202400 0.340000 0.007200
0.223200 0.340000 0.008800
0.257600 0.340000 0.005600
0.274400 0.340000 0.013600
0.215200 0.340800 0.011200
0.608000 0.344000 0.011200
0.571200 0.344800 0.016000
0.622400 0.344800 0.009600
0.601600 0.345600 0.004800
0.727200 0.345600 0.008800
0.741600 0.345600 0.016800
0.581600 0.346400 0.008800
0.592800 0.346400 0.013600
0.637600 0.346400 0.008800
0.684000 0.346400 0.012000
0.689600 0.346400 0.012800
0.700000 0.346400 0.008800
0.652000 0.347200 0.008000
0.664000 0.347200 0.008800
0.674400 0.347200 0.005600
0.712800 0.347200 0.008800
0.752800 0.348000 0.011200
0.492000 0.352000 0.007200
0.132000 0.357600 0.022400
0.208000 0.360000 0.013600
0.164800 0.360800 0.013600
0.237600 0.360800 0.012800
0.187200 0.361600 0.013600
0.220000 0.362400 0.013600
0.260000 0.363200 0.016800
0.280800 0.363200 0.016800
0.302400 0.364000 0.019200
0.292800 0.364800 0.008800
0.324000 0.364800 0.016800
0.340800 0.364800 0.016800
0.361600 0.365600 0.011200
0.375200 0.365600 0.011200
0.392000 0.367200 0.011200
0.417600 0.367200 0.008800
0.440800 0.367200 0.011200
0.459200 0.367200 0.019200
0.497600 0.367200 0.011200
0.512000 0.367200 0.022400
0.407200 0.368000 0.008800
0.427200 0.368000 0.016800
0.482400 0.368000 0.016800
0.604800 0.368000 0.008800
0.470400 0.368800 0.021600
0.568000 0.368800 0.013600
0.585600 0.368800 0.013600
0.593600 0.368800 0.018400
0.617600 0.368800 0.008800
0.634400 0.368800 0.012800
0.533600 0.369600 0.016800
0.544800 0.370400 0.019200
0.641600 0.370400 0.005600
0.652800 0.370400 0.021600
0.667200 0.370400 0.008800
0.679200 0.370400 0.019200
0.703200 0.370400 0.011200
0.522400 0.371200 0.005600
0.686400 0.371200 0.016800
0.717600 0.371200 0.008800
0.728000 0.371200 0.007200
0.796800 0.371200 0.013600
0.814400 0.371200 0.011200
0.738400 0.372000 0.005600
0.755200 0.372000 0.016800
0.833600 0.372000 0.013600
0.744000 0.372800 0.011200
0.855200 0.372800 0.015200
0.775200 0.373600 0.016800
