698
698
698
698
698
698
701
701
702
702
700
702
702
702
700
700
702
702
699
700
700
700
700
700
700
700
700
700
700
700
700
703
703
703
703
703
703
703
697
697
697
697
697
697
697
697
697
697
697
697
697
697
697
697
697
697
697
697
697
697
697
697
697
697
697
697
697
697
697
697
697
697
697
697
697
697
697
697
697
697
697
697
697
697
697
697
697
697
697
697
703
703
703
703
703
703
703
703
703
731
728
728
728
728
728
728
731
731
728
728
727
727
731
730
730
727
727
727
727
730
730
730
730
729
729
729
729
729
729
725
725
729
729
725
697
697
697
697
697
697
697
697
697
697
697
697
697
697
697
697
697
697
697
697
697
697
697
697
697
697
697
697
697
697
697
697
697
697
697
697
697
697
697
697
697
697
697
697
697
697
697
697
697
697
697
697
722
722
721
722
722
722
721
721
722
722
723
723
724
723
723
724
724
724
723
723
724
724
697
697
697
697
697
697
697
697
697
697
697
697
697
697
697
697
697
697
697
697
697
697
697
697
697
697
697
697
697
697
697
697
697
697
697
697
697
697
697
697
697
697
697
697
697
697
697
697
697
697
697
697
697
697
697
697
697
717
717
717
717
719
717
717
717
717
719
719
718
715
720
720
719
719
718
716
715
715
715
720
720
720
718
716
716
716
715
715
715
715
715
715
720
716
715
715
715
715
715
715
715
720
718
697
697
697
697
697
697
697
697
697
697
697
697
697
697
697
697
697
697
697
697
697
697
697
697
697
697
697
697
697
697
697
697
697
697
697
697
697
697
697
697
697
697
697
697
697
697
697
697
697
697
697
697
697
697
714
714
714
714
714
712
714
712
712
712
712
713
712
713
713
713
712
713
697
697
697
697
697
697
697
697
697
697
697
697
697
697
697
697
697
697
697
697
697
697
697
697
697
697
697
697
697
697
697
697
697
697
697
697
704
697
697
697
697
697
697
697
697
697
697
697
697
704
697
697
697
697
704
697
697
697
704
704
697
704
704
704
711
711
711
711
711
711
710
709
697
697
697
697
697
697
697
697
697
697
697
697
697
697
697
697
697
697
697
697
697
697
697
697
697
697
697
697
697
697
697
697
697
697
697
697
697
697
697
697
697
697
697
697
697
697
697
697
697
697
697
697
697
697
697
697
697
697
697
697
708
708
708
708
708
706
706
708
706
706
706
706
706
706
707
707
707
705
705
705
705
705
705
697
697
697
697
697
697
697
697
697
697
697
697
697
697
697
697
697
697
697
697
697
697
697
697
697
697
697
697
697
697
697
697
697
697
697
697
697
697
697
697
697
697
697
697
697
697
697
697
697
697
697