1986
1986
1986
1986
1986
1986
1985
1985
1985
1985
1981
1981
1983
1983
1983
1983
1983
1983
1983
1982
1982
1984
1984
1984
1984
1984
1984
1984
1984
1983
1983
1983
1982
1982
1982
1984
1984
1984
1984
1984
1982
1982
1982
1982
1987
1987
1987
1987
1987
1979
1979
1979
1979
1979
1979
1979
1979
1979
1979
1979
1979
1979
1979
1979
1979
1979
1979
1979
1979
1979
1979
1979
1979
1979
1979
1979
1979
1979
1979
1979
1979
1979
1979
1979
1979
1979
1979
1979
1979
1979
1979
1979
1979
1979
1979
1979
1979
1979
1979
1979
1979
1988
1988
1988
1988
1989
1989
1989
1989
1988
1988
1989
1988
1988
1988
1989
1979
1979
1979
1980
1980
1979
1979
1980
1980
1979
1979
1979
1979
1979
1979
1979
1979
1979
1979
1979
1979
1979
1979
1979
1980
1980
1980
1980
1979
1979
1979
1979
1979
1979
1979
1979
1979
1979
1979
1980
1979
1979
1979
1979
1979
1979
1979
1979
1980
1979
1979
1979
1979
1979
1979
1979
1980
1979
1979
1979
1979
1979
1979
1990
1990
1990
2010
2010
1990
1990
1990
2010
2010
2010
1990
1990
2010
2010
2010
-1
1979
1979
1979
1979
1979
1979
1979
1979
1979
1979
1979
1979
1979
1979
1979
1979
1979
1979
1979
1979
1979
1979
1979
1979
1979
1979
1979
1979
1979
1979
1979
1979
1979
1979
1979
1979
1979
1979
1979
1979
1979
1979
1979
1979
1979
1979
1979
1979
1979
1979
1979
1979
1979
1979
1979
1979
1979
1979
1995
1993
1995
1995
1993
1995
1995
1995
1993
1993
1993
1994
1992
1992
1992
1992
1994
1994
1994
1979
1979
1979
1979
1979
1979
1979
1979
1979
1979
1979
1979
1979
1979
1979
1979
1979
1979
1979
1979
1979
1979
1979
1979
1979
1979
1979
1979
1979
1979
1979
1979
1979
1979
1979
1979
1979
1979
1979
1979
1979
1979
1979
1979
1979
1979
1979
1979
1979
1979
1979
1979
1979
1979
1998
1998
1998
1997
1998
1997
1997
1997
1997
1996
1996
1996
1996
1996
1998
1999
1999
1999
1999
1999
2000
2000
2000
2000
2000
1999
1999
2000
2000
2000
1999
1979
1979
1979
1979
1979
1979
1979
1979
1979
1979
1979
1979
1979
1979
1979
1979
1979
1979
1979
1979
1979
1979
1979
1979
1979
1979
1979
1979
1979
1979
1979
1979
1979
1979
1979
1979
1979
1979
1979
1979
1979
1979
1979
1979
1979
1979
1979
1979
1979
1979
1979
1979
1979
1979
2002
2003
2003
2002
2002
2002
2003
2003
2003
2001
2002
2002
2002
2002
2003
2001
2001
2001
2001
2004
2004
2004
2004
2004
2004
2004
2004
2004
2004
2004
2004
1979
1979
1979
1979
1979
1979
1979
1979
1979
1979
1979
1979
1979
1979
1979
1979
1979
1979
1979
1979
1979
1979
1979
1979
1979
1979
1979
1979
1979
1979
1979
1979
1979
1979
1979
1979
1979
1979
1979
1979
1979
1979
1979
1979
1979
1979
1979
1979
1979
1979
1979
1979
1979
1979
1979
2006
2008
2008
2006
2006
2008
2006
2006
2006
2008
2008
2008
2008
2008
2008
2006
2007
2005
2005
2005
2005
2005
2007
2005
2005
2005
1979
1979
1979
1979
1979
1979
1979
1979
1979
1979
1979
1979
1979
1979
1979
1979
1979
1979
1979
1979
1979
1979
1979
1979
1979
1979
1979
1979
1979
1979
1979
1979
1979
1979
1979
1979
1979
1979
1979
1979
1979
1979
1979
1979
1979
1979
1979
1979
1979
1979
1979
1979
1979
1979
2011
2011
2011