856
856
856
856
856
856
856
856
856
856
856
856
856
856
856
856
856
855
855
855
855
855
855
861
861
861
857
857
860
859
859
859
858
858
858
860
858
858
860
860
862
862
862
862
862
862
862
873
873
873
873
873
873
873
873
873
873
873
873
873
873
873
873
873
873
873
873
873
873
873
873
873
873
873
873
873
873
873
873
873
873
873
873
873
873
873
873
873
873
873
873
873
873
873
873
873
873
873
873
873
873
873
868
868
868
868
868
868
869
868
869
869
869
869
869
869
869
869
869
869
866
866
866
866
866
866
867
867
867
867
867
873
873
873
873
873
873
873
873
873
873
873
853
873
873
873
873
873
853
853
853
873
873
853
873
873
873
873
873
853
853
873
873
873
873
873
873
853
853
853
873
873
873
873
873
873
873
853
873
873
873
873
873
873
873
853
873
873
873
873
873
873
873
873
873
873
873
873
873
873
873
873
873
853
853
853
853
853
853
853
853
853
853
872
872
871
872
872
871
872
871
871
871
871
871
871
871
870
870
870
870
853
853
853
853
853
853
873
873
873
873
873
873
873
873
873
873
873
873
873
873
873
873
873
873
873
873
873
873
873
873
873
873
873
873
873
873
873
873
873
873
873
873
873
873
873
873
873
873
873
873
873
873
873
873
873
873
873
873
873
873
873
873
873
873
873
873
876
876
876
876
873
873
873
873
873
873
873
873
873
873
873
873
873
873
873
873
873
873
873
873
873
873
873
873
873
873
873
873
873
873
873
873
873
873
873
873
873
873
873
873
873
873
873
873
873
873
873
873
873
873
873
873
873
873
873
873
873
873
873
873
873
873
873
873
873
873
873
873
873
873
873
873
873
873
873
873
873
873
873
873
873
873
873
873
873
873
873
873
873
873
873
873
873
873
873
873
873
873
873
873
873
873
873
873
873
873
873
873
873
875
875
875
875
875
875
854
854
854
854
854
873
854
854
854
854
854
854
873
873
873
873
873
873
873
873
873
873
873
873
873
873
873
873
873
873
873
873
873
873
873
873
873
873
873
873
873
873
873
873
873
873
873
873
873
873
873
873
873
873
873
873
873
873
873
873
873
873
873
874
874
873
873
873
873
873
873
873
873
873
873
873
873
873
873
873
873
873
873
873
873
873
873
873
873
873
873
873
873
873
873
873
873
873
873
873
873
873
873
873
873
873
873
873
873
873
873
873
873
873
873
873
873
873
873
873
873
873
873
873
873
864
864
864
864
864
864
863
863
863
864
864
864
877
863