1905
1906
1905
1906
1906
1906
1906
1906
1906
1906
1905
1905
1906
1906
1905
1905
1907
1907
1909
1909
1909
1909
1909
1909
1909
1909
1909
1909
1910
1909
1910
1910
1910
1910
1910
1910
1910
1910
1910
1910
1910
1910
1910
1910
1910
1911
1911
1911
1911
1911
1911
1911
1911
1908
1908
1908
1909
1908
1909
1909
1909
1908
1909
1909
1910
1910
1910
1910
1904
1904
1904
1904
1904
1904
1904
1904
1904
1904
1904
1904
1904
1904
1904
1904
1904
1904
1904
1904
1904
1904
1904
1904
1904
1904
1904
1904
1904
1904
1904
1904
1904
1904
1904
1904
1904
1904
1904
1904
1904
1904
1904
1904
1904
1904
1904
1904
1904
1904
1913
1913
1913
1914
1914
1915
1912
1913
1913
1913
1913
1913
1913
1913
1913
1913
1913
1914
1914
1915
1915
1912
1912
1912
1913
1913
1913
1913
1913
1913
1913
1914
1915
1915
1915
1915
1912
1914
1914
1914
1914
1914
1914
1914
1912
1912
-1
1904
1904
1904
1904
1904
1904
1904
1904
1904
1904
1904
1904
1904
1904
1904
1904
1904
1904
1904
1904
1904
1904
1904
1904
1904
1904
1904
1904
1904
1904
1904
1904
1904
1904
1904
1904
1904
1904
1904
1904
1904
1904
1904
1904
1904
1904
1904
1904
1904
1904
1904
1916
1916
1916
1916
1916
1916
1916
1917
1904
1904
1904
1904
1904
1904
1904
1904
1904
1904
1904
1904
1904
1904
1904
1904
1904
1904
1904
1904
1904
1904
1904
1904
1904
1904
1904
1904
1904
1904
1904
1904
1904
1904
1904
1904
1904
1904
1904
1904
1904
1904
1904
1904
1904
1904
1904
1904
1904
1904
1904
1904
1904
1920
1920
1919
1920
1920
1920
1920
1920
1920
1920
1921
1921
1921
1919
1919
1920
1921
1921
1919
1921
1921
1918
1918
1918
1918
1918
1921
1918
1918
1918
1918
1918
1918
1904
1904
1904
1904
1904
1904
1904
1904
1904
1904
1904
1904
1904
1904
1904
1904
1904
1904
1904
1904
1904
1904
1904
1904
1904
1904
1904
1904
1904
1904
1904
1904
1904
1904
1904
1904
1904
1904
1904
1904
1904
1904
1904
1904
1904
1904
1904
1904
1904
1924
1923
1923
1923
1924
1924
1924
1924
1923
1923
1924
1922
1922
1922
1922
1904
1904
1904
1904
1904
1904
1904
1904
1904
1904
1904
1904
1904
1904
1904
1904
1904
1904
1904
1904
1904
1904
1904
1904
1904
1904
1904
1904
1904
1904
1904
1904
1904
1904
1904
1904
1904
1904
1904
1904
1904
1904
1904
1904
1904
1904
1904
1904
1904
1904
1904
1904
1904
1904
1927
1927
1928
1926
1927
1925
1925
1925
1925
1925
1926
1926
1926
1926
1927
1927
1927
1927
1928
1928
1925
1925
1925
1926
1926
1926
1926
1927
1927
1928
1928
1925
1904
1904
1904
1904
1904
1904
1904
1904
1904
1904
1904
1904
1904
1904
1904
1904
1904
1904
1904
1904
1904
1904
1904
1904
1904
1904
1904
1904
1904
1904
1904
1904
1904
1904
1904
1904
1904
1904
1904
1904
1904
1904
1904
1904
1904
1904
1904
1904
1904
1930
1930
1930
1930
1930
1930
1930
1931
1931
1932
1931
1931
1929
1929
1929
1932
1932
1931
1931
1929
1929
1929
1904
1904
1904
1904
1904
1904
1904
1904
1904
1904
1904
1904
1904
1904
1904
1904
1904
1904
1904
1904
1904
1904
1904
1904
1904
1904
1904
1904
1904
1904
1904
1904
1904
1904
1904
1904
1904
1904
1904
1904
1904
1904
1904
1904
1904
1904
1904
1904
1904
1904
1904
1904
1904
1904