0.222400 0.057600 0.005600
0.214400 0.058400 0.019200
0.190400 0.059200 0.008800
0.201600 0.059200 0.008800
0.156800 0.060800 0.016800
0.174400 0.060800 0.011200
0.429600 0.062400 0.007200
0.403200 0.063200 0.008800
0.419200 0.063200 0.024800
0.412800 0.064800 0.022400
0.839200 0.069600 0.034400
0.856000 0.071200 0.032000
0.505600 0.093600 0.015200
0.582400 0.093600 0.003200
0.589600 0.093600 0.011200
0.558400 0.094400 0.008800
0.572800 0.094400 0.008800
0.516000 0.095200 0.007200
0.543200 0.095200 0.012800
0.701600 0.095200 0.013600
0.782400 0.095200 0.011200
0.373600 0.096000 0.015200
0.416800 0.096000 0.010400
0.436000 0.096000 0.005600
0.443200 0.096000 0.005600
0.453600 0.096000 0.008800
0.464000 0.096000 0.007200
0.474400 0.096000 0.005600
0.481600 0.096000 0.005600
0.525600 0.096000 0.008800
0.536000 0.096000 0.011200
0.548800 0.096000 0.011200
0.740000 0.096000 0.005600
0.760800 0.096000 0.008000
0.774400 0.096000 0.011200
0.382400 0.096800 0.008800
0.395200 0.096800 0.007200
0.404000 0.096800 0.005600
0.411200 0.096800 0.011200
0.427200 0.096800 0.007200
0.710400 0.096800 0.005600
0.719200 0.096800 0.013600
0.731200 0.096800 0.005600
0.749600 0.096800 0.007200
0.165600 0.100000 0.008800
0.146400 0.100800 0.005600
0.155200 0.100800 0.005600
0.126400 0.101600 0.008800
0.137600 0.101600 0.007200
0.640800 0.116000 0.028800
0.365600 0.117600 0.013600
0.747200 0.117600 0.016800
0.418400 0.118400 0.011200
0.491200 0.118400 0.016800
0.503200 0.118400 0.005600
0.513600 0.118400 0.014400
0.547200 0.118400 0.013600
0.732800 0.118400 0.008800
0.778400 0.118400 0.016000
0.868800 0.118400 0.020000
0.142400 0.119200 0.009600
0.184800 0.119200 0.005600
0.340000 0.119200 0.012800
0.403200 0.119200 0.008800
0.471200 0.119200 0.012800
0.529600 0.119200 0.011200
0.555200 0.119200 0.016800
0.570400 0.119200 0.011200
0.621600 0.119200 0.013600
0.660000 0.119200 0.008800
0.671200 0.119200 0.008000
0.701600 0.119200 0.007200
0.711200 0.119200 0.015200
0.720000 0.119200 0.016800
0.756800 0.119200 0.016800
0.841600 0.119200 0.013600
0.175200 0.120000 0.014400
0.390400 0.120000 0.018400
0.436800 0.120000 0.011200
0.452000 0.120000 0.011200
0.680800 0.120000 0.005600
0.688000 0.120000 0.003200
0.800800 0.120000 0.015200
0.811200 0.120000 0.004800
0.820800 0.120000 0.013600
0.857600 0.120000 0.011200
0.129600 0.120800 0.013600
0.158400 0.120800 0.011200
0.213600 0.120800 0.011200
0.276000 0.120800 0.011200
0.324000 0.120800 0.010400
0.588000 0.120800 0.011200
0.604800 0.120800 0.011200
0.196000 0.121600 0.016800
0.230400 0.121600 0.011200
0.244800 0.121600 0.024000
0.252800 0.121600 0.016800
0.264000 0.121600 0.022400
0.291200 0.121600 0.008800
0.352000 0.121600 0.005600
0.304000 0.124000 0.008800
0.363200 0.136000 0.005600
0.351200 0.136800 0.008000
0.356000 0.136800 0.008800
0.371200 0.136800 0.011200
0.656000 0.136800 0.008000
0.666400 0.136800 0.007200
0.687200 0.136800 0.008800
0.693600 0.136800 0.010400
0.306400 0.137600 0.007200
0.340800 0.137600 0.007200
0.676000 0.137600 0.007200
0.315200 0.138400 0.005600
0.321600 0.138400 0.008800
0.332000 0.138400 0.005600
0.711200 0.139200 0.008000
0.532800 0.152000 0.004800
0.637600 0.152000 0.003200
0.642400 0.152000 0.003200
0.885600 0.152000 0.018400
0.896800 0.152000 0.008000
0.522400 0.152800 0.013600
0.552000 0.152800 0.007200
0.880000 0.152800 0.012000
0.908800 0.152800 0.019200
0.540000 0.153600 0.019200
0.563200 0.153600 0.008800
0.581600 0.153600 0.013600
0.609600 0.153600 0.007200
0.620000 0.153600 0.008000
0.630400 0.153600 0.005600
0.278400 0.154400 0.016800
0.503200 0.154400 0.013600
0.596800 0.154400 0.011200
0.656000 0.154400 0.011200
0.672800 0.154400 0.008800
0.682400 0.154400 0.011200
0.761600 0.154400 0.013600
0.784800 0.154400 0.012000
0.841600 0.154400 0.013600
0.916000 0.154400 0.016000
0.926400 0.154400 0.007200
0.946400 0.154400 0.007200
0.958400 0.154400 0.008800
0.267200 0.155200 0.016000
0.285600 0.155200 0.003200
0.303200 0.155200 0.011200
0.344800 0.155200 0.016800
0.463200 0.155200 0.013600
0.484000 0.155200 0.011200
0.728800 0.155200 0.011200
0.746400 0.155200 0.011200
0.770400 0.155200 0.005600
0.778400 0.155200 0.004800
0.805600 0.155200 0.011200
0.936800 0.155200 0.005600
0.353600 0.156000 0.015200
0.368800 0.156000 0.013600
0.394400 0.156000 0.018400
0.420000 0.156000 0.012800
0.440800 0.156000 0.013600
0.697600 0.156000 0.011200
0.712800 0.156000 0.010400
0.821600 0.156000 0.011200
0.969600 0.156000 0.018400
0.214400 0.156800 0.019200
0.240800 0.156800 0.008800
0.252800 0.156800 0.008800
0.321600 0.156800 0.007200
0.332000 0.156800 0.008800
0.380000 0.156800 0.005600
0.856800 0.156800 0.019200
0.976800 0.156800 0.012800
0.152000 0.157600 0.013600
0.173600 0.157600 0.016800
0.193600 0.157600 0.016800
0.228000 0.157600 0.011200
0.133600 0.158400 0.016800
0.184000 0.158400 0.005600
0.656000 0.172800 0.008000
0.739200 0.172800 0.007200
0.747200 0.172800 0.004800
0.277600 0.173600 0.008800
0.285600 0.173600 0.010400
0.670400 0.173600 0.008000
0.716800 0.173600 0.007200
0.728800 0.173600 0.007200
0.237600 0.174400 0.008800
0.252000 0.174400 0.007200
0.297600 0.174400 0.008800
0.685600 0.174400 0.008800
0.704800 0.174400 0.007200
0.260000 0.175200 0.005600
0.265600 0.175200 0.008800
0.228000 0.176000 0.008000
0.843200 0.177600 0.008800
0.553600 0.188800 0.016000
0.561600 0.188800 0.003200
0.565600 0.189600 0.008800
0.611200 0.189600 0.016800
0.513600 0.190400 0.013600
0.544000 0.190400 0.007200
0.622400 0.190400 0.005600
0.783200 0.190400 0.015200
0.520000 0.191200 0.013600
0.529600 0.191200 0.003200
0.534400 0.191200 0.016800
0.593600 0.191200 0.024000
0.636800 0.191200 0.019200
0.647200 0.191200 0.005600
0.658400 0.191200 0.008800
0.673600 0.191200 0.011200
0.749600 0.191200 0.008800
0.794400 0.191200 0.005600
0.802400 0.191200 0.005600
0.810400 0.191200 0.012800
0.827200 0.191200 0.011200
0.450400 0.192000 0.013600
0.482400 0.192000 0.011200
0.499200 0.192000 0.011200
0.687200 0.192000 0.008800
0.736000 0.192000 0.010400
0.775200 0.192000 0.015200
0.843200 0.192000 0.011200
0.288000 0.192800 0.013600
0.325600 0.192800 0.005600
0.332800 0.192800 0.005600
0.432800 0.192800 0.008800
0.578400 0.192800 0.011200
0.697600 0.192800 0.015200
0.705600 0.192800 0.013600
0.719200 0.192800 0.011200
0.761600 0.192800 0.011200
0.239200 0.193600 0.019200
0.279200 0.193600 0.016800
0.306400 0.193600 0.016800
0.318400 0.193600 0.012800
0.341600 0.193600 0.005600
0.384800 0.193600 0.011200
0.400800 0.193600 0.011200
0.468000 0.193600 0.011200
0.196000 0.194400 0.019200
0.266400 0.194400 0.011200
0.367200 0.194400 0.011200
0.420800 0.194400 0.018400
0.860800 0.194400 0.016800
0.208000 0.195200 0.013600
0.352000 0.195200 0.008800
0.155200 0.196000 0.021600
0.168000 0.196000 0.022400
0.129600 0.196800 0.022400
0.144800 0.196800 0.024800
0.180000 0.196800 0.011200
0.252000 0.196800 0.019200
0.737600 0.209600 0.008000
0.326400 0.210400 0.008000
0.725600 0.210400 0.008800
0.749600 0.210400 0.006400
0.336800 0.211200 0.007200
0.760000 0.211200 0.007200
0.772000 0.211200 0.007200
0.782400 0.211200 0.008800
0.347200 0.212000 0.006400
0.368000 0.212000 0.008000
0.356800 0.212800 0.007200
0.550400 0.212800 0.012800
0.210400 0.213600 0.008800
0.180800 0.214400 0.008800
0.190400 0.214400 0.006400
0.200800 0.214400 0.005600
0.560800 0.214400 0.008000
0.572000 0.215200 0.005600
0.578400 0.215200 0.010400
0.832800 0.230400 0.011200
0.393600 0.231200 0.016800
0.410400 0.231200 0.011200
0.681600 0.231200 0.013600
0.701600 0.231200 0.013600
0.741600 0.231200 0.013600
0.780000 0.231200 0.004800
0.788000 0.231200 0.005600
0.816800 0.231200 0.008800
0.846400 0.231200 0.008800
0.423200 0.232000 0.008800
0.433600 0.232000 0.008800
0.634400 0.232000 0.018400
0.655200 0.232000 0.013600
0.767200 0.232000 0.016800
0.800800 0.232000 0.011200
0.153600 0.232800 0.020800
0.208000 0.232800 0.008800
0.528000 0.232800 0.005600
0.534400 0.232800 0.011200
0.551200 0.232800 0.011200
0.661600 0.232800 0.013600
0.720800 0.232800 0.012000
0.856800 0.232800 0.017600
0.135200 0.233600 0.024800
0.265600 0.233600 0.008800
0.301600 0.233600 0.008800
0.447200 0.233600 0.011200
0.476000 0.233600 0.011200
0.492800 0.233600 0.021600
0.517600 0.233600 0.018400
0.563200 0.233600 0.005600
0.571200 0.233600 0.005600
0.612000 0.233600 0.022400
0.619200 0.233600 0.016800
0.670400 0.233600 0.005600
0.218400 0.234400 0.005600
0.232000 0.234400 0.011200
0.252800 0.234400 0.022400
0.282400 0.234400 0.014400
0.290400 0.234400 0.008800
0.322400 0.234400 0.015200
0.343200 0.234400 0.011200
0.359200 0.234400 0.011200
0.372000 0.234400 0.016800
0.464000 0.234400 0.011200
0.504000 0.234400 0.011200
0.509600 0.234400 0.004000
0.581600 0.234400 0.015200
0.180000 0.235200 0.013600
0.198400 0.235200 0.015200
0.312000 0.235200 0.005600
0.598400 0.235200 0.011200
0.168800 0.236000 0.008800
0.545600 0.250400 0.003200
0.552000 0.250400 0.005600
0.561600 0.250400 0.006400
0.686400 0.250400 0.005600
0.538400 0.251200 0.005600
0.656800 0.251200 0.008000
0.666400 0.251200 0.006400
0.677600 0.251200 0.006400
0.695200 0.251200 0.008800
0.788000 0.251200 0.008800
0.828000 0.251200 0.005600
0.798400 0.252000 0.006400
0.808000 0.252000 0.008000
0.820800 0.252000 0.008800
0.528000 0.252800 0.008800
0.382400 0.253600 0.005600
0.393600 0.253600 0.008000
0.352000 0.254400 0.007200
0.364800 0.254400 0.007200
0.376000 0.254400 0.005600
0.172800 0.255200 0.005600
0.180000 0.255200 0.005600
0.188000 0.255200 0.007200
0.209600 0.255200 0.008800
0.223200 0.255200 0.009600
0.318400 0.255200 0.007200
0.340800 0.255200 0.008800
0.164000 0.256000 0.008000
0.198400 0.256000 0.008800
0.216000 0.256000 0.004000
0.327200 0.256000 0.006400
0.295200 0.269600 0.008800
0.567200 0.269600 0.012800
0.618400 0.269600 0.013600
0.635200 0.269600 0.005600
0.502400 0.270400 0.011200
0.516000 0.270400 0.013600
0.524000 0.270400 0.004800
0.550400 0.270400 0.013600
0.581600 0.270400 0.012000
0.628800 0.270400 0.013600
0.644800 0.270400 0.015200
0.664800 0.270400 0.013600
0.682400 0.270400 0.011200
0.305600 0.271200 0.019200
0.356800 0.271200 0.010400
0.375200 0.271200 0.011200
0.395200 0.271200 0.011200
0.426400 0.271200 0.008800
0.442400 0.271200 0.011200
0.487200 0.271200 0.011200
0.600000 0.271200 0.008800
0.610400 0.271200 0.007200
0.654400 0.271200 0.005600
0.698400 0.271200 0.008800
0.712800 0.271200 0.008800
0.728000 0.271200 0.011200
0.827200 0.271200 0.008800
0.179200 0.272000 0.008000
0.189600 0.272000 0.013600
0.321600 0.272000 0.010400
0.340800 0.272000 0.010400
0.412000 0.272000 0.011200
0.460800 0.272000 0.019200
0.472000 0.272000 0.008800
0.535200 0.272000 0.011200
0.744800 0.272000 0.011200
0.771200 0.272000 0.012800
0.806400 0.272000 0.013600
0.814400 0.272000 0.016000
0.844000 0.272000 0.011200
0.206400 0.272800 0.011200
0.220000 0.272800 0.011200
0.252800 0.272800 0.022400
0.263200 0.272800 0.019200
0.280000 0.272800 0.011200
0.454400 0.272800 0.005600
0.791200 0.272800 0.011200
0.136800 0.273600 0.020000
0.150400 0.273600 0.005600
0.168800 0.273600 0.014400
0.240000 0.273600 0.018400
0.763200 0.273600 0.013600
0.859200 0.273600 0.025600
0.197600 0.274400 0.004800
0.376800 0.289600 0.008800
0.596800 0.289600 0.008000
0.610400 0.289600 0.008000
0.415200 0.290400 0.006400
0.425600 0.290400 0.007200
0.436000 0.290400 0.007200
0.563200 0.290400 0.008000
0.572800 0.290400 0.007200
0.621600 0.290400 0.008800
0.201600 0.291200 0.007200
0.388800 0.291200 0.008000
0.400000 0.291200 0.010400
0.405600 0.291200 0.011200
0.446400 0.291200 0.008800
0.584000 0.291200 0.008000
0.179200 0.292000 0.008000
0.189600 0.292000 0.007200
0.212000 0.292000 0.005600
0.222400 0.292000 0.008800
0.715200 0.292000 0.005600
0.724800 0.292000 0.007200
0.735200 0.292000 0.008800
0.762400 0.292000 0.008800
0.698400 0.292800 0.008800
0.708800 0.292800 0.010400
0.751200 0.292800 0.008800
0.772800 0.292800 0.005600
0.780800 0.292800 0.011200
0.795200 0.292800 0.005600
0.786400 0.293600 0.010400
0.807200 0.293600 0.008800
0.172000 0.311200 0.011200
0.188000 0.311200 0.012000
0.451200 0.311200 0.005600
0.128000 0.312000 0.020800
0.156000 0.312000 0.011200
0.204000 0.312000 0.005600
0.308800 0.312000 0.011200
0.338400 0.312000 0.016800
0.400000 0.312000 0.015200
0.440800 0.312000 0.015200
0.463200 0.312000 0.016800
0.680000 0.312000 0.016000
0.143200 0.312800 0.011200
0.212000 0.312800 0.005600
0.220000 0.312800 0.005600
0.228000 0.312800 0.005600
0.241600 0.312800 0.011200
0.293600 0.312800 0.010400
0.324000 0.312800 0.012800
0.333600 0.312800 0.016800
0.348800 0.312800 0.008800
0.359200 0.312800 0.015200
0.424000 0.312800 0.011200
0.559200 0.312800 0.005600
0.579200 0.312800 0.016000
0.662400 0.312800 0.011200
0.703200 0.312800 0.011200
0.718400 0.312800 0.011200
0.259200 0.313600 0.011200
0.276800 0.313600 0.011200
0.366400 0.313600 0.012800
0.495200 0.313600 0.011200
0.512800 0.313600 0.011200
0.528000 0.313600 0.011200
0.543200 0.313600 0.012000
0.568800 0.313600 0.008800
0.627200 0.313600 0.008800
0.637600 0.313600 0.005600
0.688800 0.313600 0.016800
0.748000 0.313600 0.005600
0.755200 0.313600 0.005600
0.792800 0.313600 0.011200
0.837600 0.313600 0.016800
0.382400 0.314400 0.012000
0.596800 0.314400 0.011200
0.646400 0.314400 0.013600
0.735200 0.314400 0.010400
0.808800 0.314400 0.013600
0.828000 0.314400 0.019200
0.480800 0.315200 0.011200
0.612800 0.315200 0.011200
0.766400 0.315200 0.008800
0.779200 0.315200 0.008800
0.816000 0.315200 0.016800
0.855200 0.315200 0.013600
0.515200 0.331200 0.008800
0.352800 0.332000 0.013600
0.364000 0.332000 0.007200
0.539200 0.332000 0.008800
0.557600 0.332000 0.011200
0.373600 0.332800 0.008800
0.527200 0.332800 0.008800
0.550400 0.332800 0.008800
0.569600 0.332800 0.008800
0.295200 0.333600 0.010400
0.309600 0.333600 0.010400
0.316800 0.333600 0.005600
0.325600 0.333600 0.006400
0.336000 0.333600 0.005600
0.344800 0.333600 0.005600
0.565600 0.333600 0.003200
0.472000 0.334400 0.012800
0.716000 0.334400 0.011200
0.636000 0.335200 0.008800
0.647200 0.335200 0.007200
0.656800 0.335200 0.005600
0.704000 0.335200 0.008000
0.480800 0.336000 0.011200
0.664000 0.336000 0.005600
0.676000 0.336000 0.008000
0.688800 0.336000 0.009600
0.132000 0.354400 0.020000
0.175200 0.354400 0.024000
0.304000 0.354400 0.015200
0.325600 0.354400 0.013600
0.348000 0.354400 0.011200
0.364800 0.354400 0.011200
0.147200 0.355200 0.005600
0.158400 0.355200 0.011200
0.234400 0.355200 0.011200
0.248800 0.355200 0.024800
0.293600 0.355200 0.007200
0.377600 0.355200 0.019200
0.659200 0.355200 0.005600
0.219200 0.356000 0.011200
0.281600 0.356000 0.008800
0.597600 0.356000 0.009600
0.636800 0.356000 0.016800
0.668000 0.356000 0.005600
0.676800 0.356000 0.016800
0.778400 0.356000 0.005600
0.188800 0.356800 0.024800
0.205600 0.356800 0.011200
0.460000 0.356800 0.011200
0.609600 0.356800 0.003200
0.614400 0.356800 0.003200
0.620000 0.356800 0.013600
0.628000 0.356800 0.016800
0.650400 0.356800 0.016800
0.687200 0.356800 0.015200
0.704000 0.356800 0.011200
0.732800 0.356800 0.011200
0.764800 0.356800 0.011200
0.791200 0.356800 0.011200
0.270400 0.357600 0.018400
0.400800 0.357600 0.013600
0.419200 0.357600 0.011200
0.446400 0.357600 0.022400
0.581600 0.357600 0.011200
0.748000 0.357600 0.011200
0.262400 0.358400 0.016800
0.436800 0.358400 0.016800
0.480800 0.358400 0.013600
0.502400 0.358400 0.011200
0.533600 0.358400 0.013600
0.551200 0.358400 0.008800
0.718400 0.358400 0.008800
0.805600 0.358400 0.016800
0.816000 0.358400 0.005600
0.825600 0.358400 0.007200
0.836000 0.358400 0.016000
0.840800 0.358400 0.011200
0.564800 0.359200 0.011200
0.517600 0.360000 0.011200
0.856000 0.361600 0.026400
0.204000 0.429600 0.015200
0.183200 0.430400 0.017600
0.195200 0.430400 0.007200
