0.152000 0.056000 0.026400
0.184800 0.056000 0.008800
0.195200 0.056000 0.008800
0.169600 0.056800 0.011200
0.208000 0.056800 0.008000
0.217600 0.056800 0.016800
0.856800 0.057600 0.028800
0.871200 0.059200 0.027200
0.283200 0.086400 0.007200
0.221600 0.088000 0.011200
0.269600 0.088000 0.008800
0.292800 0.088000 0.007200
0.304800 0.088000 0.008000
0.316800 0.088000 0.008000
0.330400 0.088000 0.010400
0.229600 0.088800 0.018400
0.256800 0.088800 0.008800
0.235200 0.089600 0.011200
0.244000 0.089600 0.008800
0.389600 0.093600 0.015200
0.779200 0.093600 0.008800
0.770400 0.094400 0.012000
0.400000 0.095200 0.007200
0.408800 0.095200 0.007200
0.420000 0.095200 0.011200
0.683200 0.095200 0.008800
0.718400 0.095200 0.008800
0.732800 0.095200 0.008800
0.746400 0.095200 0.009600
0.491200 0.096000 0.008800
0.500800 0.096000 0.011200
0.524000 0.096000 0.005600
0.668000 0.096000 0.008800
0.698400 0.096000 0.008800
0.708000 0.096000 0.008800
0.516000 0.096800 0.011200
0.530400 0.096800 0.011200
0.540800 0.096800 0.007200
0.552000 0.096800 0.008800
0.651200 0.096800 0.008800
0.844000 0.096800 0.007200
0.852800 0.096800 0.005600
0.864800 0.096800 0.008800
0.873600 0.096800 0.005600
0.883200 0.097600 0.007200
0.894400 0.098400 0.008800
0.258400 0.101600 0.006400
0.268800 0.101600 0.005600
0.280800 0.101600 0.008000
0.292000 0.102400 0.005600
0.301600 0.102400 0.006400
0.311200 0.102400 0.005600
0.324000 0.102400 0.007200
0.833600 0.114400 0.015200
0.853600 0.114400 0.012800
0.825600 0.115200 0.021600
0.843200 0.115200 0.005600
0.140800 0.116000 0.015200
0.160000 0.116000 0.016800
0.168800 0.116800 0.017600
0.180000 0.116800 0.008800
0.416800 0.116800 0.011200
0.764000 0.116800 0.011200
0.781600 0.116800 0.011200
0.796800 0.116800 0.008800
0.811200 0.116800 0.011200
0.190400 0.117600 0.005600
0.243200 0.117600 0.005600
0.431200 0.117600 0.016800
0.436800 0.117600 0.012800
0.646400 0.117600 0.013600
0.703200 0.117600 0.005600
0.720000 0.117600 0.013600
0.735200 0.117600 0.019200
0.743200 0.117600 0.014400
0.236000 0.118400 0.005600
0.254400 0.118400 0.008800
0.400000 0.118400 0.011200
0.452000 0.118400 0.008800
0.467200 0.118400 0.011200
0.485600 0.118400 0.012800
0.492000 0.118400 0.016000
0.609600 0.118400 0.011200
0.692000 0.118400 0.016000
0.200800 0.119200 0.008800
0.226400 0.119200 0.005600
0.288000 0.119200 0.011200
0.296000 0.119200 0.004000
0.302400 0.119200 0.011200
0.310400 0.119200 0.011200
0.321600 0.119200 0.005600
0.384800 0.119200 0.011200
0.479200 0.119200 0.019200
0.501600 0.119200 0.005600
0.517600 0.119200 0.013600
0.533600 0.119200 0.011200
0.628800 0.119200 0.011200
0.668800 0.119200 0.013600
0.687200 0.119200 0.012800
0.214400 0.120000 0.008800
0.274400 0.120000 0.013600
0.330400 0.120000 0.005600
0.349600 0.120000 0.007200
0.360000 0.120000 0.007200
0.371200 0.120000 0.008800
0.593600 0.120000 0.008800
0.550400 0.120800 0.011200
0.567200 0.120800 0.008800
0.060800 0.121600 0.016800
0.580000 0.121600 0.008800
0.337600 0.122400 0.018400
0.749600 0.138400 0.008800
0.772000 0.139200 0.008800
0.784800 0.139200 0.011200
0.804000 0.139200 0.008800
0.792800 0.140000 0.005600
0.064000 0.140800 0.036800
0.491200 0.140800 0.008800
0.760800 0.140800 0.008000
0.510400 0.141600 0.005600
0.296800 0.142400 0.008800
0.337600 0.142400 0.008800
0.500800 0.142400 0.007200
0.522400 0.142400 0.008000
0.573600 0.142400 0.008800
0.595200 0.142400 0.007200
0.606400 0.142400 0.007200
0.618400 0.142400 0.008000
0.305600 0.143200 0.005600
0.321600 0.143200 0.011200
0.327200 0.143200 0.011200
0.583200 0.143200 0.007200
0.313600 0.144000 0.005600
0.181600 0.144800 0.005600
0.197600 0.144800 0.008000
0.208800 0.144800 0.008000
0.220800 0.144800 0.008800
0.147200 0.145600 0.005600
0.163200 0.145600 0.008800
0.173600 0.145600 0.005600
0.188800 0.145600 0.005600
0.128000 0.146400 0.010400
0.140000 0.146400 0.005600
0.824800 0.148800 0.005600
0.837600 0.149600 0.008000
0.238400 0.152000 0.007200
0.711200 0.157600 0.013600
0.727200 0.159200 0.027200
0.735200 0.159200 0.019200
0.674400 0.160000 0.013600
0.693600 0.160000 0.013600
0.749600 0.160800 0.013600
0.759200 0.160800 0.004000
0.849600 0.160800 0.008800
0.861600 0.160800 0.008800
0.875200 0.160800 0.010400
0.447200 0.161600 0.008800
0.768000 0.161600 0.012800
0.139200 0.162400 0.010400
0.197600 0.162400 0.011200
0.419200 0.162400 0.011200
0.459200 0.162400 0.019200
0.512000 0.162400 0.013600
0.604000 0.162400 0.011200
0.636000 0.162400 0.011200
0.655200 0.162400 0.012800
0.800000 0.162400 0.011200
0.818400 0.162400 0.011200
0.831200 0.162400 0.008800
0.840000 0.162400 0.005600
0.154400 0.163200 0.009600
0.172800 0.163200 0.011200
0.292800 0.163200 0.008800
0.380000 0.163200 0.005600
0.392800 0.163200 0.008800
0.404800 0.163200 0.008800
0.435200 0.163200 0.011200
0.475200 0.163200 0.013600
0.544800 0.163200 0.011200
0.560000 0.163200 0.009600
0.574400 0.163200 0.011200
0.620800 0.163200 0.011200
0.781600 0.163200 0.011200
0.185600 0.164000 0.011200
0.214400 0.164000 0.011200
0.302400 0.164000 0.005600
0.342400 0.164000 0.008800
0.369600 0.164000 0.008800
0.494400 0.164000 0.013600
0.528000 0.164000 0.011200
0.588800 0.164000 0.008800
0.269600 0.164800 0.007200
0.280000 0.164800 0.008800
0.310400 0.164800 0.005600
0.320800 0.164800 0.008800
0.332800 0.164800 0.007200
0.356000 0.164800 0.009600
0.565600 0.164800 0.003200
0.232800 0.165600 0.011200
0.249600 0.165600 0.008800
0.260800 0.165600 0.006400
0.408000 0.180000 0.005600
0.413600 0.180000 0.008800
0.803200 0.180000 0.008800
0.140800 0.180800 0.008800
0.149600 0.180800 0.005600
0.399200 0.180800 0.010400
0.760800 0.180800 0.008000
0.770400 0.180800 0.007200
0.781600 0.180800 0.007200
0.792000 0.180800 0.007200
0.156800 0.181600 0.005600
0.276000 0.181600 0.006400
0.285600 0.181600 0.005600
0.294400 0.181600 0.005600
0.304800 0.181600 0.007200
0.424000 0.181600 0.005600
0.431200 0.181600 0.005600
0.440800 0.181600 0.006400
0.451200 0.181600 0.008000
0.565600 0.181600 0.010400
0.599200 0.181600 0.005600
0.166400 0.182400 0.005600
0.186400 0.182400 0.008800
0.266400 0.182400 0.005600
0.556000 0.182400 0.006400
0.571200 0.182400 0.008800
0.589600 0.182400 0.005600
0.605600 0.182400 0.004800
0.176000 0.183200 0.007200
0.546400 0.183200 0.005600
0.580800 0.183200 0.006400
0.521600 0.187200 0.008000
0.495200 0.188800 0.006400
0.702400 0.197600 0.005600
0.384800 0.199200 0.018400
0.712000 0.199200 0.015200
0.763200 0.199200 0.011200
0.816800 0.199200 0.018400
0.841600 0.199200 0.011200
0.861600 0.199200 0.013600
0.137600 0.200000 0.013600
0.252800 0.200000 0.013600
0.601600 0.200000 0.004800
0.636800 0.200000 0.011200
0.728000 0.200000 0.007200
0.737600 0.200000 0.005600
0.800000 0.200000 0.011200
0.152000 0.200800 0.011200
0.233600 0.200800 0.013600
0.268800 0.200800 0.010400
0.283200 0.200800 0.011200
0.441600 0.200800 0.016000
0.487200 0.200800 0.013600
0.557600 0.200800 0.004800
0.565600 0.200800 0.013600
0.619200 0.200800 0.008800
0.652000 0.200800 0.008800
0.692800 0.200800 0.008800
0.720000 0.200800 0.004800
0.783200 0.200800 0.011200
0.828000 0.200800 0.011200
0.164800 0.201600 0.011200
0.183200 0.201600 0.011200
0.200800 0.201600 0.011200
0.217600 0.201600 0.011200
0.317600 0.201600 0.011200
0.329600 0.201600 0.008800
0.358400 0.201600 0.011200
0.374400 0.201600 0.016800
0.402400 0.201600 0.016800
0.548000 0.201600 0.013600
0.578400 0.201600 0.011200
0.592800 0.201600 0.008800
0.608000 0.201600 0.005600
0.667200 0.201600 0.011200
0.680800 0.201600 0.008800
0.746400 0.201600 0.013600
0.300000 0.202400 0.012800
0.344800 0.202400 0.011200
0.412800 0.202400 0.016800
0.423200 0.202400 0.003200
0.429600 0.202400 0.016800
0.508800 0.202400 0.024800
0.537600 0.202400 0.008800
0.468800 0.203200 0.011200
0.524000 0.203200 0.022400
0.392000 0.204000 0.015200
0.456800 0.204000 0.021600
0.831200 0.219200 0.008000
0.860000 0.219200 0.008000
0.163200 0.220000 0.005600
0.172800 0.220000 0.007200
0.183200 0.220000 0.008800
0.196800 0.220000 0.007200
0.209600 0.220000 0.008000
0.850400 0.220000 0.005600
0.220000 0.220800 0.008800
0.312800 0.220800 0.008800
0.840800 0.220800 0.007200
0.872800 0.220800 0.010400
0.321600 0.221600 0.003200
0.680800 0.221600 0.008800
0.689600 0.221600 0.008800
0.694400 0.221600 0.011200
0.704000 0.221600 0.008800
0.721600 0.221600 0.006400
0.735200 0.221600 0.008800
0.328000 0.222400 0.008800
0.337600 0.222400 0.005600
0.361600 0.222400 0.007200
0.712800 0.222400 0.005600
0.345600 0.223200 0.011200
0.351200 0.223200 0.008800
0.369600 0.223200 0.010400
0.375200 0.223200 0.008800
0.384000 0.223200 0.008800
0.140800 0.235200 0.019200
0.152000 0.236000 0.008800
0.168000 0.239200 0.012000
0.188000 0.239200 0.012000
0.399200 0.240800 0.005600
0.694400 0.240800 0.011200
0.743200 0.240800 0.011200
0.757600 0.240800 0.011200
0.775200 0.240800 0.012800
0.794400 0.240800 0.016800
0.816800 0.240800 0.019200
0.830400 0.240800 0.026400
0.204800 0.241600 0.008800
0.350400 0.241600 0.008800
0.392000 0.241600 0.005600
0.436000 0.241600 0.005600
0.444800 0.241600 0.013600
0.711200 0.241600 0.011200
0.234400 0.242400 0.014400
0.253600 0.242400 0.008800
0.268000 0.242400 0.011200
0.328800 0.242400 0.011200
0.340000 0.242400 0.005600
0.364800 0.242400 0.011200
0.380000 0.242400 0.009600
0.410400 0.242400 0.008800
0.420800 0.242400 0.005600
0.461600 0.242400 0.011200
0.476800 0.242400 0.008800
0.500800 0.242400 0.009600
0.512800 0.242400 0.005600
0.538400 0.242400 0.007200
0.548800 0.242400 0.005600
0.557600 0.242400 0.005600
0.655200 0.242400 0.008800
0.664800 0.242400 0.022400
0.679200 0.242400 0.011200
0.728000 0.242400 0.011200
0.216800 0.243200 0.016800
0.224000 0.243200 0.015200
0.242400 0.243200 0.005600
0.299200 0.243200 0.004000
0.305600 0.243200 0.016000
0.428800 0.243200 0.013600
0.488000 0.243200 0.005600
0.520000 0.243200 0.005600
0.527200 0.243200 0.019200
0.568800 0.243200 0.008800
0.643200 0.243200 0.011200
0.846400 0.243200 0.012800
0.284000 0.244000 0.012800
0.292800 0.244000 0.004800
0.315200 0.244000 0.006400
0.579200 0.244000 0.005600
0.587200 0.244000 0.005600
0.612000 0.244000 0.011200
0.629600 0.244000 0.013600
0.635200 0.244000 0.004800
0.863200 0.244000 0.016800
0.598400 0.244800 0.008800
0.619200 0.244800 0.015200
0.299200 0.263200 0.011200
0.306400 0.263200 0.010400
0.248800 0.264000 0.007200
0.259200 0.264000 0.011200
0.264800 0.264000 0.011200
0.276000 0.264000 0.008800
0.288000 0.264000 0.009600
0.228800 0.264800 0.008800
0.238400 0.264800 0.007200
0.293600 0.264800 0.003200
0.358400 0.265600 0.008800
0.368000 0.265600 0.007200
0.397600 0.265600 0.005600
0.404800 0.265600 0.003200
0.411200 0.265600 0.005600
0.420800 0.266400 0.006400
0.429600 0.266400 0.005600
0.439200 0.266400 0.005600
0.447200 0.266400 0.011200
0.452000 0.266400 0.008000
0.379200 0.267200 0.007200
0.389600 0.268000 0.005600
0.857600 0.281600 0.013600
0.707200 0.283200 0.011200
0.742400 0.283200 0.012800
0.806400 0.283200 0.011200
0.837600 0.283200 0.011200
0.147200 0.284000 0.029600
0.201600 0.284000 0.008800
0.212800 0.284000 0.017600
0.617600 0.284000 0.016800
0.630400 0.284000 0.020800
0.677600 0.284000 0.005600
0.700800 0.284000 0.004800
0.722400 0.284000 0.011200
0.776000 0.284000 0.011200
0.791200 0.284000 0.008800
0.236800 0.284800 0.008000
0.368800 0.284800 0.010400
0.595200 0.284800 0.011200
0.654400 0.284800 0.008800
0.667200 0.284800 0.008000
0.687200 0.284800 0.005600
0.694400 0.284800 0.004000
0.760000 0.284800 0.011200
0.825600 0.284800 0.011200
0.248000 0.285600 0.016800
0.263200 0.285600 0.011200
0.275200 0.285600 0.005600
0.348800 0.285600 0.012800
0.460800 0.285600 0.016800
0.487200 0.285600 0.013600
0.583200 0.285600 0.011200
0.608000 0.285600 0.004800
0.637600 0.285600 0.005600
0.644800 0.285600 0.005600
0.167200 0.286400 0.013600
0.284800 0.286400 0.008800
0.299200 0.286400 0.011200
0.314400 0.286400 0.008800
0.380000 0.286400 0.011200
0.400000 0.286400 0.011200
0.417600 0.286400 0.011200
0.502400 0.286400 0.012800
0.545600 0.286400 0.011200
0.551200 0.286400 0.004000
0.558400 0.286400 0.011200
0.224800 0.287200 0.007200
0.327200 0.287200 0.011200
0.429600 0.287200 0.005600
0.440800 0.287200 0.016000
0.471200 0.287200 0.005600
0.509600 0.287200 0.005600
0.518400 0.287200 0.005600
0.535200 0.287200 0.013600
0.564000 0.287200 0.003200
0.570400 0.287200 0.008800
0.184000 0.288000 0.011200
0.340800 0.288000 0.007200
0.974400 0.296000 0.011200
0.969600 0.296800 0.016800
0.882400 0.297600 0.005600
0.890400 0.297600 0.005600
0.897600 0.297600 0.004800
0.904800 0.297600 0.011200
0.920800 0.297600 0.005600
0.929600 0.297600 0.005600
0.938400 0.297600 0.006400
0.948000 0.297600 0.016000
0.962400 0.297600 0.011200
0.851200 0.298400 0.007200
0.872000 0.298400 0.008000
0.913600 0.298400 0.005600
0.816800 0.299200 0.005600
0.826400 0.299200 0.008800
0.840800 0.299200 0.007200
0.861600 0.299200 0.005600
0.807200 0.300000 0.007200
0.728800 0.300800 0.008000
0.328800 0.301600 0.008000
0.738400 0.301600 0.006400
0.782400 0.301600 0.008000
0.754400 0.302400 0.005600
0.340800 0.303200 0.005600
0.367200 0.303200 0.005600
0.376800 0.303200 0.008800
0.391200 0.303200 0.006400
0.542400 0.303200 0.008800
0.599200 0.303200 0.005600
0.747200 0.303200 0.005600
0.762400 0.303200 0.005600
0.771200 0.303200 0.005600
0.349600 0.304000 0.005600
0.358400 0.304000 0.005600
0.416000 0.304000 0.010400
0.424800 0.304000 0.003200
0.573600 0.304000 0.008800
0.587200 0.304000 0.008000
0.608800 0.304000 0.008800
0.401600 0.304800 0.005600
0.408800 0.304800 0.004800
0.548800 0.304800 0.003200
0.554400 0.304800 0.008800
0.563200 0.304800 0.005600
0.178400 0.305600 0.007200
0.187200 0.305600 0.003200
0.202400 0.305600 0.008000
0.192800 0.306400 0.008800
0.212800 0.306400 0.007200
0.224800 0.306400 0.008000
0.887200 0.312800 0.008800
0.933600 0.312800 0.012800
0.898400 0.313600 0.008000
0.917600 0.313600 0.004000
0.924800 0.313600 0.005600
0.910400 0.314400 0.011200
0.153600 0.321600 0.018400
0.160800 0.321600 0.013600
0.853600 0.321600 0.014400
0.141600 0.322400 0.015200
0.182400 0.322400 0.012000
0.794400 0.322400 0.011200
0.808800 0.322400 0.008800
0.823200 0.322400 0.011200
0.845600 0.322400 0.005600
0.455200 0.323200 0.005600
0.528800 0.323200 0.008800
0.625600 0.323200 0.011200
0.669600 0.323200 0.019200
0.835200 0.323200 0.008800
0.243200 0.324000 0.013600
0.251200 0.324000 0.005600
0.261600 0.324000 0.008800
0.318400 0.324000 0.016800
0.329600 0.324000 0.016000
0.348000 0.324000 0.011200
0.464000 0.324000 0.015200
0.508000 0.324000 0.008800
0.518400 0.324000 0.008800
0.524000 0.324000 0.003200
0.597600 0.324000 0.005600
0.610400 0.324000 0.011200
0.643200 0.324000 0.024000
0.699200 0.324000 0.013600
0.774400 0.324000 0.013600
0.217600 0.324800 0.012800
0.283200 0.324800 0.016000
0.304000 0.324800 0.011200
0.366400 0.324800 0.011200
0.382400 0.324800 0.008800
0.393600 0.324800 0.008800
0.428800 0.324800 0.012800
0.444800 0.324800 0.008800
0.479200 0.324800 0.008800
0.491200 0.324800 0.022400
0.680000 0.324800 0.028800
0.690400 0.324800 0.005600
0.720000 0.324800 0.013600
0.198400 0.325600 0.011200
0.271200 0.325600 0.016800
0.408800 0.325600 0.012800
0.497600 0.325600 0.016800
0.548000 0.325600 0.013600
0.580000 0.325600 0.008800
0.589600 0.325600 0.015200
0.740800 0.326400 0.013600
0.756800 0.326400 0.012800
0.566400 0.328800 0.013600
0.136000 0.343200 0.008800
0.144800 0.343200 0.007200
0.156800 0.343200 0.006400
0.166400 0.343200 0.007200
0.211200 0.344000 0.006400
0.222400 0.344000 0.005600
0.306400 0.344000 0.007200
0.314400 0.344000 0.007200
0.327200 0.344000 0.008000
0.201600 0.344800 0.007200
0.232000 0.344800 0.007200
0.335200 0.344800 0.008800
0.516800 0.347200 0.008800
0.540000 0.347200 0.007200
0.177600 0.348000 0.005600
0.531200 0.348000 0.011200
0.549600 0.348000 0.005600
0.560000 0.348800 0.006400
0.572000 0.348800 0.008000
0.140800 0.358400 0.011200
0.153600 0.360800 0.016800
0.162400 0.361600 0.013600
0.177600 0.362400 0.012800
0.860800 0.362400 0.024800
0.193600 0.363200 0.008800
0.852000 0.363200 0.005600
0.206400 0.364000 0.011200
0.268000 0.364000 0.008800
0.280000 0.364000 0.027200
0.842400 0.364000 0.016800
0.228800 0.364800 0.013600
0.244000 0.364800 0.011200
0.820800 0.364800 0.011200
0.257600 0.365600 0.008800
0.285600 0.365600 0.005600
0.296800 0.365600 0.011200
0.352000 0.365600 0.019200
0.494400 0.365600 0.013600
0.552800 0.365600 0.010400
0.772800 0.365600 0.024800
0.833600 0.365600 0.005600
0.316000 0.366400 0.013600
0.336800 0.366400 0.013600
0.361600 0.366400 0.021600
0.374400 0.366400 0.011200
0.473600 0.366400 0.008800
0.510400 0.366400 0.011200
0.565600 0.366400 0.013600
0.648000 0.366400 0.011200
0.670400 0.366400 0.007200
0.678400 0.366400 0.005600
0.804800 0.366400 0.011200
0.391200 0.367200 0.011200
0.406400 0.367200 0.013600
0.463200 0.367200 0.005600
0.484000 0.367200 0.007200
0.537600 0.367200 0.008800
0.583200 0.367200 0.013600
0.615200 0.367200 0.008800
0.660800 0.367200 0.008800
0.687200 0.367200 0.005600
0.706400 0.367200 0.005600
0.759200 0.367200 0.011200
0.779200 0.367200 0.019200
0.791200 0.367200 0.008800
0.414400 0.368000 0.005600
0.420800 0.368000 0.005600
0.435200 0.368000 0.011200
0.524000 0.368000 0.011200
0.574400 0.368000 0.004800
0.591200 0.368000 0.019200
0.604000 0.368000 0.008800
0.629600 0.368000 0.011200
0.696000 0.368000 0.007200
0.732800 0.368000 0.022400
0.746400 0.368000 0.011200
0.452000 0.368800 0.008800
0.716000 0.368800 0.024800
0.167200 0.437600 0.017600
0.175200 0.437600 0.024800
0.201600 0.437600 0.022400
0.192800 0.439200 0.016800
