2497
2497
2497
2497
2497
2497
2493
2493
2494
2494
2494
2494
2495
2494
2494
2495
2494
2495
2495
2496
2495
2495
2496
2496
2496
2496
2496
2496
2496
2496
2496
2496
2496
2496
2496
2496
2496
2496
2496
2496
2468
2468
2468
2468
2468
2468
2468
2468
2468
2468
2468
2468
2468
2468
2468
2468
2468
2468
2468
2468
2468
2468
2468
2468
2468
2468
2468
2468
2468
2468
2468
2468
2468
2468
2468
2468
2468
2468
2468
2468
2468
2468
2468
2468
2468
2468
2468
2468
2468
2468
2468
2468
2468
2491
2491
2491
2490
2490
2490
2490
2490
2490
2490
2490
2491
2491
2491
2491
2492
2490
2490
2490
2490
2490
2490
2490
2490
2489
2489
2489
2489
2489
2492
2489
2489
2489
2489
2489
2489
2492
2492
2492
2468
2468
2468
2468
2468
2468
2468
2468
2468
2468
2468
2468
2468
2468
2468
2468
2468
2468
2468
2468
2468
2468
2468
2468
2468
2468
2468
2468
2468
2468
2468
2468
2468
2468
2468
2468
2468
2468
2468
2468
2468
2468
2468
2468
2468
2468
2468
2468
2468
2468
2468
2468
2468
2486
2486
2486
2486
2488
2488
2487
2487
2487
2488
2488
2488
2468
2468
2468
2468
2468
2468
2468
2468
2468
2468
2468
2468
2468
2468
2468
2468
2468
2468
2468
2468
2468
2468
2468
2468
2468
2468
2468
2468
2468
2468
2468
2468
2468
2468
2468
2468
2468
2468
2468
2468
2468
2468
2468
2468
2468
2468
2468
2468
2468
2468
2468
2468
2468
2468
2468
2468
2468
2468
2468
2482
2482
2482
2483
2483
2483
2482
2482
2482
2483
2483
2483
2483
2483
2482
2482
2482
2482
2482
2483
2483
2482
2482
2482
2484
2484
2484
2484
2484
2484
2484
2484
2484
2484
2485
2485
2485
2485
2468
2468
2468
2468
2468
2468
2468
2468
2468
2468
2468
2468
2468
2468
2468
2468
2468
2468
2468
2468
2468
2468
2468
2468
2468
2468
2468
2468
2468
2468
2468
2468
2468
2468
2468
2468
2468
2468
2468
2468
2468
2468
2468
2468
2468
2468
2468
2468
2468
2468
2468
2468
2468
2468
2478
2478
2478
2478
2478
2478
2478
2479
2478
2478
2478
2478
2479
2477
2477
2477
2477
2479
2479
2479
2477
2477
2479
2480
2480
2479
2479
2480
2480
2480
2481
2477
2477
2477
2479
2480
2480
2468
2468
2468
2468
2468
2468
2468
2468
2468
2468
2468
2468
2468
2468
2468
2468
2468
2468
2468
2468
2468
2468
2468
2468
2468
2468
2468
2468
2468
2468
2468
2468
2468
2468
2468
2468
2468
2468
2468
2468
2468
2468
2468
2468
2468
2468
2468
2468
2468
2468
2468
2468
2468
2468
2468
2468
2473
2476
2473
2473
2473
2473
2473
2473
2473
2473
2476
2476
2476
2473
2473
2472
2472
2472
2476
2476
2476
2476
2472
2472
2476
2476
2474
2472
2476
2476
2474
2474
2474
2474
2475
2475
2468
2468
2468
2468
2468
2468
2468
2468
2468
2468
2468
2468
2468
2468
2468
2468
2468
2468
2468
2468
2468
2468
2468
2468
2468
2468
2468
2468
2468
2468
2468
2468
2468
2468
2468
2468
2468
2468
2468
2468
2468
2468
2468
2468
2468
2468
2468
2468
2468
2468
2468
2469
2469
2469
2469
2469
2469
2469
2469
2469
2469
2469
2471
2471
2471
2471
2471
2471
2471
2471
2471
2471
2471
2471
2471
2471
2471
2471
2471
2470
2468
2468
2468
2468
2468
2468
2468
2468
2468
2468
2468
2468
2468
2468
2468
2468
2468
2468
2468
2468
2468
2468
2468
2468
2468
2468
2468
2468
2468
2468
2468
2468
2468
2468
2468
2468
2468
2468
2468
2468
2468
2468
2468
2468
2468
2468
2468
2468
2468