0.867200 0.068000 0.017600
0.846400 0.068800 0.014400
0.853600 0.068800 0.022400
0.228800 0.073600 0.018400
0.204000 0.074400 0.008800
0.149600 0.075200 0.017600
0.192000 0.075200 0.022400
0.218400 0.075200 0.008800
0.174400 0.076800 0.011200
0.784000 0.095200 0.012000
0.789600 0.095200 0.010400
0.818400 0.096000 0.011200
0.552800 0.096800 0.012000
0.832800 0.096800 0.008800
0.560000 0.097600 0.012800
0.568800 0.097600 0.005600
0.576800 0.097600 0.011200
0.843200 0.097600 0.007200
0.853600 0.097600 0.005600
0.590400 0.098400 0.011200
0.862400 0.098400 0.013600
0.608800 0.101600 0.011200
0.616800 0.101600 0.005600
0.624800 0.101600 0.013600
0.635200 0.101600 0.008800
0.257600 0.102400 0.007200
0.296800 0.103200 0.008000
0.273600 0.104000 0.008000
0.285600 0.104000 0.007200
0.768000 0.116800 0.019200
0.816000 0.117600 0.013600
0.780000 0.118400 0.005600
0.793600 0.118400 0.011200
0.832800 0.118400 0.011200
0.845600 0.119200 0.005600
0.854400 0.119200 0.014400
0.344000 0.120000 0.008800
0.380800 0.120000 0.011200
0.409600 0.120000 0.011200
0.431200 0.120000 0.016000
0.525600 0.120000 0.019200
0.552800 0.120000 0.007200
0.574400 0.120000 0.016800
0.582400 0.120000 0.016800
0.660800 0.120000 0.013600
0.666400 0.120000 0.016800
0.720800 0.120000 0.019200
0.806400 0.120000 0.005600
0.144800 0.120800 0.005600
0.263200 0.120800 0.005600
0.304800 0.120800 0.009600
0.317600 0.120800 0.021600
0.332800 0.120800 0.020800
0.360800 0.120800 0.012800
0.366400 0.120800 0.019200
0.395200 0.120800 0.011200
0.478400 0.120800 0.011200
0.540800 0.120800 0.019200
0.676000 0.120800 0.005600
0.686400 0.120800 0.008800
0.696800 0.120800 0.008800
0.740000 0.120800 0.016800
0.750400 0.120800 0.024800
0.151200 0.121600 0.011200
0.163200 0.121600 0.008800
0.175200 0.121600 0.011200
0.188000 0.121600 0.005600
0.236800 0.121600 0.008800
0.420800 0.121600 0.005600
0.447200 0.121600 0.008800
0.461600 0.121600 0.011200
0.490400 0.121600 0.019200
0.505600 0.121600 0.013600
0.562400 0.121600 0.016800
0.594400 0.121600 0.005600
0.616000 0.121600 0.013600
0.136000 0.122400 0.022400
0.221600 0.122400 0.011200
0.250400 0.122400 0.011200
0.272800 0.122400 0.013600
0.290400 0.122400 0.008800
0.606400 0.122400 0.008800
0.645600 0.122400 0.022400
0.708000 0.122400 0.008800
0.196000 0.123200 0.005600
0.206400 0.123200 0.008800
0.632800 0.123200 0.016800
0.080000 0.124000 0.016800
0.070400 0.124800 0.008800
0.058400 0.125600 0.005600
0.047200 0.126400 0.016800
0.596000 0.143200 0.013600
0.532800 0.144000 0.012800
0.606400 0.144000 0.005600
0.614400 0.144000 0.012000
0.441600 0.145600 0.010400
0.472800 0.145600 0.010400
0.479200 0.145600 0.013600
0.488800 0.145600 0.012800
0.417600 0.146400 0.011200
0.431200 0.147200 0.007200
0.456800 0.148800 0.008800
0.058400 0.150400 0.018400
0.047200 0.152000 0.016800
0.870400 0.161600 0.017600
0.738400 0.162400 0.005600
0.800000 0.162400 0.022400
0.815200 0.162400 0.024800
0.824000 0.162400 0.016800
0.360000 0.163200 0.013600
0.584800 0.163200 0.013600
0.746400 0.163200 0.005600
0.861600 0.163200 0.026400
0.296000 0.164000 0.019200
0.375200 0.164000 0.005600
0.392000 0.164000 0.005600
0.568800 0.164000 0.024000
0.599200 0.164000 0.008800
0.648000 0.164000 0.016800
0.656000 0.164000 0.022400
0.671200 0.164000 0.011200
0.728800 0.164000 0.024800
0.765600 0.164000 0.016000
0.776000 0.164000 0.016800
0.781600 0.164000 0.013600
0.789600 0.164000 0.005600
0.847200 0.164000 0.019200
0.329600 0.164800 0.011200
0.347200 0.164800 0.012800
0.382400 0.164800 0.005600
0.399200 0.164800 0.011200
0.418400 0.164800 0.013600
0.520000 0.164800 0.008800
0.536000 0.164800 0.013600
0.627200 0.164800 0.012800
0.756000 0.164800 0.007200
0.306400 0.165600 0.008000
0.339200 0.165600 0.005600
0.486400 0.165600 0.011200
0.504800 0.165600 0.012800
0.540000 0.165600 0.013600
0.557600 0.165600 0.011200
0.609600 0.165600 0.016800
0.683200 0.165600 0.008800
0.696800 0.165600 0.019200
0.716800 0.165600 0.019200
0.239200 0.166400 0.019200
0.263200 0.166400 0.008800
0.278400 0.166400 0.011200
0.428800 0.166400 0.016000
0.456000 0.166400 0.011200
0.470400 0.166400 0.011200
0.228000 0.167200 0.008800
0.251200 0.167200 0.008800
0.316800 0.167200 0.008000
0.144000 0.168000 0.022400
0.168000 0.168000 0.013600
0.186400 0.168000 0.012800
0.205600 0.168000 0.011200
0.217600 0.168000 0.008800
0.440800 0.168000 0.011200
0.367200 0.182400 0.008800
0.379200 0.182400 0.010400
0.392000 0.182400 0.016000
0.332000 0.183200 0.008800
0.344000 0.183200 0.008000
0.353600 0.183200 0.005600
0.360800 0.183200 0.003200
0.400000 0.183200 0.011200
0.494400 0.184000 0.011200
0.326400 0.184800 0.010400
0.478400 0.184800 0.005600
0.485600 0.184800 0.005600
0.444000 0.185600 0.008800
0.472800 0.185600 0.009600
0.432800 0.187200 0.008800
0.215200 0.189600 0.008800
0.202400 0.190400 0.009600
0.588800 0.191200 0.003200
0.593600 0.196000 0.006400
0.839200 0.200800 0.007200
0.849600 0.201600 0.008800
0.862400 0.201600 0.008800
0.313600 0.202400 0.025600
0.319200 0.202400 0.024800
0.805600 0.202400 0.011200
0.820000 0.202400 0.008800
0.618400 0.203200 0.008800
0.669600 0.203200 0.013600
0.678400 0.203200 0.005600
0.745600 0.203200 0.011200
0.775200 0.203200 0.005600
0.829600 0.203200 0.005600
0.873600 0.203200 0.005600
0.303200 0.204000 0.022400
0.346400 0.204000 0.016000
0.628000 0.204000 0.016000
0.649600 0.204000 0.015200
0.685600 0.204000 0.013600
0.708800 0.204000 0.015200
0.729600 0.204000 0.013600
0.763200 0.204000 0.011200
0.787200 0.204000 0.019200
0.880800 0.204000 0.003200
0.886400 0.204000 0.009600
0.414400 0.204800 0.029600
0.515200 0.204800 0.015200
0.557600 0.204800 0.011200
0.572000 0.204800 0.011200
0.586400 0.204800 0.012800
0.608000 0.204800 0.013600
0.640000 0.204800 0.005600
0.255200 0.205600 0.016800
0.280000 0.205600 0.019200
0.293600 0.205600 0.022400
0.331200 0.205600 0.011200
0.367200 0.205600 0.007200
0.387200 0.205600 0.016800
0.452800 0.205600 0.013600
0.501600 0.205600 0.011200
0.523200 0.205600 0.013600
0.541600 0.205600 0.012800
0.691200 0.205600 0.003200
0.696000 0.205600 0.003200
0.267200 0.206400 0.005600
0.357600 0.206400 0.005600
0.433600 0.206400 0.011200
0.469600 0.206400 0.016000
0.479200 0.206400 0.013600
0.375200 0.207200 0.016800
0.396800 0.207200 0.016000
0.180000 0.208000 0.011200
0.487200 0.208000 0.012800
0.141600 0.208800 0.016800
0.160800 0.208800 0.012800
0.236000 0.208800 0.013600
0.195200 0.209600 0.013600
0.212800 0.209600 0.013600
0.423200 0.210400 0.004800
0.589600 0.224000 0.007200
0.599200 0.224000 0.008800
0.514400 0.224800 0.007200
0.524800 0.224800 0.007200
0.548000 0.224800 0.003200
0.567200 0.224800 0.008800
0.578400 0.224800 0.007200
0.692800 0.224800 0.007200
0.704000 0.224800 0.007200
0.714400 0.224800 0.008800
0.502400 0.225600 0.007200
0.554400 0.225600 0.008800
0.681600 0.225600 0.011200
0.481600 0.226400 0.008800
0.492800 0.226400 0.007200
0.536000 0.226400 0.008800
0.541600 0.226400 0.009600
0.465600 0.229600 0.008800
0.248800 0.230400 0.008800
0.260000 0.230400 0.010400
0.944000 0.232800 0.005600
0.974400 0.232800 0.016000
0.438400 0.233600 0.008800
0.887200 0.233600 0.008800
0.899200 0.233600 0.008000
0.909600 0.233600 0.007200
0.928000 0.233600 0.003200
0.935200 0.233600 0.005600
0.954400 0.233600 0.007200
0.963200 0.233600 0.008800
0.920000 0.235200 0.011200
0.765600 0.239200 0.013600
0.862400 0.240000 0.016000
0.748000 0.241600 0.012800
0.820000 0.241600 0.011200
0.840000 0.241600 0.018400
0.852800 0.241600 0.007200
0.656000 0.242400 0.013600
0.729600 0.242400 0.011200
0.790400 0.242400 0.021600
0.662400 0.243200 0.016800
0.803200 0.243200 0.008800
0.597600 0.244000 0.013600
0.677600 0.244000 0.012000
0.712800 0.244000 0.011200
0.624000 0.244800 0.011200
0.640000 0.244800 0.011200
0.695200 0.244800 0.011200
0.784000 0.244800 0.016800
0.583200 0.245600 0.011200
0.608000 0.245600 0.016800
0.519200 0.246400 0.016800
0.541600 0.246400 0.008800
0.553600 0.246400 0.008800
0.350400 0.247200 0.011200
0.447200 0.247200 0.008800
0.456800 0.247200 0.005600
0.467200 0.247200 0.012800
0.473600 0.247200 0.008800
0.504800 0.247200 0.011200
0.528000 0.247200 0.016800
0.564800 0.247200 0.013600
0.330400 0.248000 0.004800
0.337600 0.248000 0.005600
0.364800 0.248000 0.008800
0.416000 0.248000 0.008800
0.428000 0.248000 0.014400
0.488000 0.248000 0.011200
0.183200 0.248800 0.022400
0.321600 0.248800 0.005600
0.374400 0.248800 0.015200
0.405600 0.248800 0.016800
0.410400 0.248800 0.004000
0.886400 0.248800 0.008800
0.204000 0.249600 0.016800
0.281600 0.249600 0.017600
0.292800 0.249600 0.008800
0.304000 0.249600 0.008800
0.896800 0.249600 0.007200
0.906400 0.249600 0.007200
0.926400 0.249600 0.005600
0.936800 0.249600 0.007200
0.945600 0.249600 0.007200
0.958400 0.249600 0.008000
0.189600 0.250400 0.013600
0.242400 0.250400 0.014400
0.252800 0.250400 0.005600
0.261600 0.250400 0.013600
0.313600 0.250400 0.004800
0.391200 0.250400 0.011200
0.915200 0.250400 0.008800
0.136800 0.251200 0.016800
0.157600 0.251200 0.005600
0.168800 0.251200 0.011200
0.223200 0.251200 0.025600
0.272000 0.251200 0.016800
0.145600 0.252000 0.019200
0.292800 0.264800 0.005600
0.648000 0.264800 0.010400
0.286400 0.265600 0.004800
0.636000 0.265600 0.008000
0.305600 0.266400 0.005600
0.314400 0.266400 0.007200
0.338400 0.266400 0.005600
0.348800 0.266400 0.007200
0.360800 0.266400 0.007200
0.373600 0.266400 0.008000
0.598400 0.266400 0.005600
0.608800 0.266400 0.007200
0.624000 0.266400 0.008800
0.325600 0.267200 0.008800
0.534400 0.267200 0.008800
0.588000 0.267200 0.008000
0.617600 0.267200 0.012800
0.384000 0.268000 0.008800
0.544000 0.268000 0.008800
0.548000 0.268000 0.008800
0.557600 0.268000 0.008800
0.572800 0.268000 0.010400
0.566400 0.268800 0.005600
0.290400 0.276000 0.006400
0.736000 0.285600 0.016800
0.749600 0.285600 0.003200
0.430400 0.286400 0.011200
0.756800 0.286400 0.005600
0.767200 0.286400 0.021600
0.782400 0.286400 0.013600
0.799200 0.286400 0.005600
0.371200 0.287200 0.012800
0.414400 0.287200 0.011200
0.502400 0.287200 0.008800
0.556800 0.287200 0.004000
0.626400 0.287200 0.008800
0.660000 0.287200 0.016800
0.720000 0.287200 0.016000
0.790400 0.287200 0.005600
0.820000 0.287200 0.016800
0.448000 0.288000 0.013600
0.491200 0.288000 0.029600
0.515200 0.288000 0.008800
0.526400 0.288000 0.016800
0.545600 0.288000 0.013600
0.608800 0.288000 0.013600
0.639200 0.288000 0.011200
0.671200 0.288000 0.005600
0.687200 0.288000 0.020800
0.709600 0.288000 0.008800
0.808000 0.288000 0.019200
0.328000 0.288800 0.016800
0.338400 0.288800 0.019200
0.354400 0.288800 0.005600
0.397600 0.288800 0.011200
0.566400 0.288800 0.016000
0.592000 0.288800 0.011200
0.865600 0.288800 0.022400
0.155200 0.289600 0.015200
0.188800 0.289600 0.012000
0.204800 0.289600 0.027200
0.231200 0.289600 0.020800
0.243200 0.289600 0.011200
0.344800 0.289600 0.015200
0.363200 0.289600 0.005600
0.578400 0.289600 0.008800
0.698400 0.289600 0.007200
0.837600 0.289600 0.011200
0.135200 0.290400 0.014400
0.144800 0.290400 0.005600
0.171200 0.290400 0.011200
0.224800 0.290400 0.005600
0.259200 0.290400 0.016800
0.280800 0.290400 0.011200
0.295200 0.290400 0.009600
0.312000 0.290400 0.011200
0.852800 0.290400 0.011200
0.217600 0.291200 0.005600
0.269600 0.291200 0.008800
0.384800 0.291200 0.008000
0.473600 0.291200 0.024800
0.182400 0.292000 0.005600
0.708800 0.306400 0.008000
0.729600 0.306400 0.008000
0.719200 0.307200 0.007200
0.743200 0.307200 0.010400
0.787200 0.307200 0.008800
0.832000 0.309600 0.013600
0.838400 0.309600 0.011200
0.178400 0.310400 0.007200
0.616000 0.310400 0.007200
0.811200 0.310400 0.008000
0.821600 0.310400 0.006400
0.144800 0.311200 0.007200
0.155200 0.311200 0.007200
0.166400 0.311200 0.008000
0.191200 0.311200 0.008000
0.601600 0.311200 0.008800
0.607200 0.311200 0.011200
0.132800 0.312000 0.008800
0.326400 0.317600 0.007200
0.350400 0.326400 0.019200
0.692800 0.326400 0.017600
0.340800 0.327200 0.016800
0.583200 0.327200 0.013600
0.707200 0.327200 0.008800
0.719200 0.327200 0.011200
0.736000 0.327200 0.012800
0.404800 0.328000 0.011200
0.424800 0.328000 0.013600
0.444800 0.328000 0.013600
0.542400 0.328000 0.005600
0.756000 0.328000 0.011200
0.786400 0.328000 0.024800
0.794400 0.328000 0.019200
0.331200 0.328800 0.008000
0.463200 0.328800 0.013600
0.479200 0.328800 0.005600
0.533600 0.328800 0.005600
0.551200 0.328800 0.007200
0.564800 0.328800 0.011200
0.601600 0.328800 0.011200
0.672000 0.328800 0.005600
0.317600 0.329600 0.011200
0.366400 0.329600 0.013600
0.389600 0.329600 0.013600
0.489600 0.329600 0.016800
0.524800 0.329600 0.014400
0.660800 0.329600 0.008800
0.771200 0.329600 0.011200
0.807200 0.329600 0.016000
0.138400 0.330400 0.015200
0.149600 0.330400 0.007200
0.255200 0.330400 0.005600
0.271200 0.330400 0.012800
0.288000 0.330400 0.011200
0.506400 0.330400 0.012800
0.612800 0.330400 0.005600
0.623200 0.330400 0.008800
0.638400 0.330400 0.011200
0.651200 0.330400 0.005600
0.682400 0.330400 0.007200
0.828800 0.330400 0.016000
0.849600 0.330400 0.015200
0.853600 0.330400 0.018400
0.160800 0.331200 0.015200
0.195200 0.331200 0.013600
0.243200 0.331200 0.011200
0.180800 0.332000 0.013600
0.210400 0.332000 0.011200
0.224800 0.332000 0.011200
0.300800 0.332000 0.008800
0.553600 0.347200 0.008800
0.563200 0.347200 0.007200
0.665600 0.347200 0.007200
0.676000 0.347200 0.007200
0.700000 0.347200 0.009600
0.572000 0.348000 0.008800
0.686400 0.348000 0.008800
0.692800 0.348000 0.003200
0.740800 0.348000 0.007200
0.732000 0.348800 0.008800
0.460000 0.350400 0.011200
0.324000 0.351200 0.011200
0.393600 0.351200 0.008800
0.451200 0.351200 0.008800
0.464800 0.351200 0.008800
0.140000 0.352000 0.007200
0.152800 0.352000 0.009600
0.340000 0.352000 0.008800
0.356800 0.352000 0.008800
0.366400 0.352000 0.005600
0.373600 0.352000 0.004800
0.382400 0.352000 0.007200
0.405600 0.352000 0.007200
0.416000 0.352000 0.008800
0.478400 0.352000 0.008800
0.128000 0.353600 0.011200
0.210400 0.353600 0.008800
0.223200 0.353600 0.008800
0.852000 0.362400 0.022400
0.606400 0.365600 0.024000
0.720000 0.366400 0.011200
0.736800 0.366400 0.011200
0.754400 0.366400 0.013600
0.703200 0.367200 0.011200
0.788800 0.367200 0.022400
0.664800 0.368000 0.013600
0.686400 0.368000 0.011200
0.592000 0.368800 0.012000
0.636000 0.368800 0.010400
0.648800 0.368800 0.008800
0.673600 0.368800 0.019200
0.772800 0.368800 0.011200
0.813600 0.368800 0.013600
0.136000 0.369600 0.012800
0.550400 0.369600 0.013600
0.574400 0.369600 0.015200
0.623200 0.370400 0.022400
0.829600 0.370400 0.008800
0.155200 0.371200 0.008800
0.308800 0.371200 0.005600
0.511200 0.371200 0.011200
0.527200 0.371200 0.024000
0.192000 0.372000 0.021600
0.292000 0.372000 0.008800
0.301600 0.372000 0.005600
0.438400 0.372000 0.005600
0.485600 0.372000 0.007200
0.168800 0.372800 0.011200
0.280800 0.372800 0.019200
0.458400 0.372800 0.008800
0.473600 0.372800 0.011200
0.496000 0.372800 0.019200
0.612800 0.372800 0.004800
0.230400 0.373600 0.016800
0.249600 0.373600 0.013600
0.343200 0.373600 0.013600
0.388800 0.373600 0.015200
0.426400 0.373600 0.016800
0.447200 0.373600 0.005600
0.844000 0.373600 0.021600
0.208000 0.374400 0.016800
0.219200 0.374400 0.005600
0.265600 0.374400 0.011200
0.361600 0.374400 0.019200
0.397600 0.374400 0.015200
0.407200 0.374400 0.005600
0.416000 0.374400 0.016000
0.373600 0.375200 0.013600
0.322400 0.376000 0.016800
0.914400 0.395200 0.015200
0.924000 0.395200 0.021600
0.760000 0.399200 0.007200
0.669600 0.400000 0.007200
0.694400 0.400000 0.011200
0.706400 0.400000 0.008800
0.734400 0.400000 0.003200
0.740000 0.400000 0.008800
0.749600 0.400000 0.007200
0.776800 0.400000 0.003200
0.792000 0.400000 0.013600
0.577600 0.400800 0.012800
0.680000 0.400800 0.016800
0.685600 0.400800 0.013600
0.716800 0.400800 0.008000
0.728000 0.400800 0.008800
0.770400 0.400800 0.008800
0.782400 0.400800 0.018400
0.806400 0.400800 0.008800
0.818400 0.400800 0.008800
0.829600 0.400800 0.018400
0.843200 0.400800 0.011200
0.852800 0.400800 0.008800
0.864000 0.400800 0.008800
0.135200 0.401600 0.011200
0.150400 0.401600 0.011200
0.514400 0.401600 0.008800
0.525600 0.401600 0.007200
0.555200 0.401600 0.003200
0.561600 0.401600 0.005600
0.569600 0.401600 0.005600
0.624800 0.401600 0.015200
0.634400 0.401600 0.007200
0.644800 0.401600 0.007200
0.653600 0.401600 0.005600
0.660000 0.401600 0.005600
0.876000 0.401600 0.008800
0.884800 0.401600 0.008800
0.896000 0.401600 0.011200
0.143200 0.402400 0.005600
0.157600 0.402400 0.004800
0.485600 0.402400 0.011200
0.540000 0.402400 0.013600
0.548800 0.402400 0.005600
0.592000 0.402400 0.013600
0.600800 0.402400 0.005600
0.607200 0.402400 0.015200
0.615200 0.402400 0.018400
0.456000 0.403200 0.005600
0.491200 0.403200 0.016800
0.502400 0.403200 0.008800
0.167200 0.404000 0.008000
0.447200 0.404000 0.008800
0.461600 0.404000 0.010400
0.473600 0.404000 0.011200
0.178400 0.404800 0.008800
0.427200 0.404800 0.016000
0.435200 0.404800 0.007200
0.191200 0.405600 0.016800
0.352000 0.405600 0.007200
0.404000 0.405600 0.008800
0.416800 0.405600 0.008800
0.200000 0.406400 0.007200
0.210400 0.406400 0.008800
0.220800 0.406400 0.015200
0.247200 0.406400 0.005600
0.253600 0.406400 0.004800
0.313600 0.406400 0.013600
0.322400 0.406400 0.005600
0.342400 0.406400 0.005600
0.360800 0.406400 0.005600
0.370400 0.406400 0.007200
0.380000 0.406400 0.005600
0.390400 0.406400 0.008800
0.228000 0.407200 0.015200
0.238400 0.407200 0.014400
0.264000 0.407200 0.007200
0.287200 0.407200 0.011200
0.297600 0.407200 0.008800
0.333600 0.407200 0.016000
0.273600 0.408000 0.005600
0.280800 0.408000 0.004800
