0.172000 0.057600 0.008800
0.184800 0.057600 0.008800
0.199200 0.057600 0.008800
0.208000 0.057600 0.016800
0.141600 0.058400 0.024000
0.156800 0.059200 0.011200
0.853600 0.072800 0.013600
0.868800 0.074400 0.024800
0.664000 0.084000 0.010400
0.691200 0.084000 0.008800
0.706400 0.084000 0.009600
0.732000 0.084000 0.008800
0.650400 0.084800 0.011200
0.679200 0.084800 0.008800
0.720000 0.084800 0.008000
0.745600 0.085600 0.008800
0.756800 0.085600 0.007200
0.796800 0.085600 0.008800
0.569600 0.086400 0.008800
0.767200 0.086400 0.005600
0.776000 0.086400 0.005600
0.787200 0.086400 0.008000
0.446400 0.087200 0.005600
0.460800 0.087200 0.005600
0.519200 0.087200 0.011200
0.558400 0.087200 0.008000
0.436000 0.088000 0.008800
0.454400 0.088000 0.004800
0.469600 0.088000 0.005600
0.512800 0.088000 0.005600
0.528000 0.088000 0.007200
0.547200 0.088000 0.007200
0.582400 0.088000 0.008800
0.590400 0.088000 0.005600
0.600000 0.088000 0.008800
0.477600 0.088800 0.005600
0.487200 0.088800 0.007200
0.496000 0.088800 0.005600
0.504800 0.088800 0.005600
0.537600 0.088800 0.005600
0.254400 0.089600 0.005600
0.295200 0.089600 0.007200
0.354400 0.089600 0.013600
0.246400 0.090400 0.005600
0.267200 0.090400 0.005600
0.276000 0.090400 0.005600
0.284800 0.090400 0.005600
0.304800 0.090400 0.013600
0.310400 0.090400 0.009600
0.374400 0.090400 0.007200
0.218400 0.091200 0.008800
0.226400 0.091200 0.005600
0.236800 0.091200 0.005600
0.364800 0.091200 0.007200
0.384800 0.091200 0.005600
0.393600 0.091200 0.013600
0.397600 0.091200 0.008000
0.321600 0.093600 0.004800
0.706400 0.106400 0.016800
0.421600 0.107200 0.011200
0.715200 0.107200 0.016800
0.733600 0.107200 0.012800
0.749600 0.107200 0.008800
0.854400 0.107200 0.016800
0.179200 0.108000 0.011200
0.237600 0.108000 0.011200
0.328800 0.108000 0.013600
0.439200 0.108000 0.011200
0.567200 0.108000 0.012800
0.584800 0.108000 0.008800
0.597600 0.108000 0.011200
0.650400 0.108000 0.013600
0.670400 0.108000 0.013600
0.688800 0.108000 0.011200
0.762400 0.108000 0.008800
0.781600 0.108000 0.013600
0.793600 0.108000 0.013600
0.840000 0.108000 0.011200
0.136000 0.108800 0.020800
0.149600 0.108800 0.008800
0.164800 0.108800 0.011200
0.196000 0.108800 0.016800
0.354400 0.108800 0.012000
0.372000 0.108800 0.011200
0.390400 0.108800 0.010400
0.404000 0.108800 0.011200
0.456800 0.108800 0.011200
0.469600 0.108800 0.008800
0.540000 0.108800 0.011200
0.633600 0.108800 0.013600
0.799200 0.108800 0.011200
0.809600 0.108800 0.008800
0.872000 0.108800 0.013600
0.206400 0.109600 0.005600
0.218400 0.109600 0.011200
0.272800 0.109600 0.016000
0.281600 0.109600 0.013600
0.296000 0.109600 0.011200
0.312000 0.109600 0.008800
0.479200 0.109600 0.008800
0.491200 0.109600 0.011200
0.516800 0.109600 0.005600
0.524000 0.109600 0.012800
0.553600 0.109600 0.005600
0.561600 0.109600 0.004800
0.573600 0.109600 0.016800
0.605600 0.109600 0.003200
0.624000 0.109600 0.015200
0.641600 0.109600 0.004800
0.823200 0.109600 0.008800
0.085600 0.110400 0.015200
0.256000 0.110400 0.013600
0.506400 0.110400 0.008800
0.610400 0.110400 0.003200
0.615200 0.111200 0.003200
0.051200 0.113600 0.013600
0.065600 0.113600 0.008800
0.076800 0.113600 0.007200
0.676800 0.126400 0.007200
0.695200 0.126400 0.011200
0.315200 0.127200 0.008800
0.388000 0.127200 0.007200
0.688000 0.127200 0.008800
0.778400 0.127200 0.005600
0.304000 0.128000 0.007200
0.400000 0.128000 0.006400
0.431200 0.128000 0.006400
0.448000 0.128000 0.007200
0.458400 0.128000 0.005600
0.480800 0.128000 0.005600
0.491200 0.128000 0.008000
0.651200 0.128000 0.008000
0.665600 0.128000 0.008000
0.768800 0.128000 0.007200
0.787200 0.128000 0.005600
0.831200 0.128000 0.008800
0.356000 0.128800 0.007200
0.365600 0.128800 0.007200
0.376000 0.128800 0.007200
0.410400 0.128800 0.007200
0.421600 0.128800 0.006400
0.440000 0.128800 0.005600
0.467200 0.128800 0.011200
0.472800 0.128800 0.010400
0.573600 0.128800 0.008800
0.594400 0.128800 0.007200
0.798400 0.128800 0.008000
0.346400 0.129600 0.008000
0.560000 0.129600 0.008800
0.584000 0.129600 0.007200
0.607200 0.129600 0.007200
0.624000 0.129600 0.003200
0.640800 0.129600 0.005600
0.808000 0.129600 0.005600
0.820800 0.129600 0.008000
0.857600 0.129600 0.006400
0.552000 0.130400 0.005600
0.617600 0.130400 0.008800
0.632000 0.130400 0.006400
0.815200 0.130400 0.003200
0.846400 0.130400 0.007200
0.868000 0.130400 0.008800
0.052000 0.138400 0.016800
0.760000 0.145600 0.013600
0.768800 0.145600 0.013600
0.788800 0.145600 0.008800
0.863200 0.145600 0.012800
0.529600 0.146400 0.008800
0.742400 0.146400 0.008800
0.753600 0.146400 0.020000
0.777600 0.146400 0.005600
0.804000 0.146400 0.011200
0.821600 0.146400 0.011200
0.837600 0.146400 0.012800
0.845600 0.146400 0.005600
0.398400 0.147200 0.012800
0.408000 0.147200 0.005600
0.520000 0.147200 0.008800
0.540800 0.147200 0.008800
0.553600 0.147200 0.009600
0.608800 0.147200 0.011200
0.624000 0.147200 0.009600
0.662400 0.147200 0.011200
0.680800 0.147200 0.010400
0.720000 0.147200 0.015200
0.729600 0.147200 0.020800
0.136800 0.148000 0.014400
0.360000 0.148000 0.011200
0.379200 0.148000 0.012800
0.419200 0.148000 0.011200
0.456800 0.148000 0.012000
0.480800 0.148000 0.008800
0.496800 0.148000 0.011200
0.509600 0.148000 0.008800
0.585600 0.148000 0.011200
0.640000 0.148000 0.011200
0.699200 0.148000 0.011200
0.334400 0.148800 0.011200
0.348800 0.148800 0.005600
0.471200 0.148800 0.005600
0.515200 0.148800 0.003200
0.569600 0.148800 0.011200
0.234400 0.149600 0.013600
0.272000 0.149600 0.008800
0.292000 0.149600 0.008800
0.306400 0.149600 0.011200
0.319200 0.149600 0.008800
0.439200 0.149600 0.013600
0.154400 0.150400 0.012000
0.160800 0.150400 0.012800
0.172000 0.150400 0.011200
0.186400 0.150400 0.013600
0.195200 0.150400 0.011200
0.208800 0.150400 0.007200
0.218400 0.150400 0.013600
0.243200 0.150400 0.011200
0.257600 0.150400 0.009600
0.282400 0.150400 0.005600
0.661600 0.164800 0.008800
0.676800 0.164800 0.009600
0.886400 0.164800 0.017600
0.416800 0.165600 0.005600
0.423200 0.165600 0.010400
0.648000 0.165600 0.008000
0.670400 0.165600 0.005600
0.872800 0.165600 0.008800
0.893600 0.165600 0.014400
0.372000 0.166400 0.007200
0.395200 0.166400 0.007200
0.407200 0.166400 0.008000
0.604000 0.166400 0.008800
0.620000 0.166400 0.008800
0.634400 0.166400 0.008000
0.690400 0.166400 0.008000
0.848800 0.166400 0.007200
0.860000 0.166400 0.008000
0.345600 0.167200 0.008800
0.359200 0.167200 0.007200
0.380800 0.167200 0.005600
0.390400 0.167200 0.008800
0.837600 0.167200 0.007200
0.233600 0.168000 0.005600
0.324800 0.168000 0.005600
0.333600 0.168000 0.006400
0.156800 0.168800 0.011200
0.165600 0.168800 0.010400
0.171200 0.168800 0.005600
0.190400 0.168800 0.005600
0.199200 0.168800 0.005600
0.211200 0.168800 0.008000
0.224000 0.168800 0.007200
0.241600 0.168800 0.005600
0.256000 0.168800 0.008800
0.297600 0.168800 0.008800
0.315200 0.168800 0.008000
0.150400 0.169600 0.008800
0.180000 0.169600 0.007200
0.271200 0.169600 0.008800
0.283200 0.169600 0.004800
0.288800 0.169600 0.005600
0.825600 0.169600 0.007200
0.129600 0.170400 0.008000
0.140000 0.170400 0.007200
0.553600 0.181600 0.016000
0.573600 0.182400 0.005600
0.593600 0.182400 0.005600
0.600800 0.182400 0.005600
0.609600 0.182400 0.005600
0.770400 0.182400 0.011200
0.472800 0.183200 0.016000
0.518400 0.183200 0.011200
0.533600 0.183200 0.011200
0.582400 0.183200 0.014400
0.618400 0.183200 0.011200
0.636800 0.183200 0.008800
0.647200 0.183200 0.008800
0.694400 0.183200 0.009600
0.709600 0.183200 0.011200
0.788800 0.183200 0.012000
0.803200 0.183200 0.008800
0.816000 0.183200 0.011200
0.852800 0.183200 0.011200
0.872800 0.183200 0.012800
0.382400 0.184000 0.010400
0.512000 0.184000 0.012800
0.660800 0.184000 0.010400
0.676800 0.184000 0.011200
0.398400 0.184800 0.013600
0.448800 0.184800 0.008800
0.495200 0.184800 0.012800
0.724000 0.184800 0.008800
0.835200 0.184800 0.011200
0.314400 0.185600 0.011200
0.364000 0.185600 0.012000
0.417600 0.185600 0.013600
0.738400 0.185600 0.009600
0.753600 0.185600 0.010400
0.291200 0.186400 0.012800
0.344000 0.186400 0.012800
0.432000 0.186400 0.011200
0.438400 0.186400 0.016800
0.135200 0.187200 0.011200
0.204800 0.187200 0.011200
0.226400 0.187200 0.011200
0.325600 0.187200 0.013600
0.168000 0.188000 0.008800
0.187200 0.188000 0.011200
0.242400 0.188000 0.011200
0.256000 0.188000 0.011200
0.275200 0.188000 0.011200
0.153600 0.188800 0.010400
0.334400 0.188800 0.004800
0.700800 0.200800 0.008800
0.736800 0.201600 0.006400
0.780000 0.201600 0.006400
0.596800 0.202400 0.005600
0.607200 0.202400 0.008800
0.620800 0.202400 0.008800
0.648000 0.202400 0.010400
0.659200 0.202400 0.011200
0.664800 0.202400 0.011200
0.678400 0.202400 0.008800
0.690400 0.202400 0.008800
0.728000 0.202400 0.007200
0.747200 0.202400 0.005600
0.770400 0.202400 0.007200
0.791200 0.202400 0.007200
0.815200 0.202400 0.008000
0.519200 0.203200 0.008000
0.531200 0.203200 0.008800
0.542400 0.203200 0.008800
0.559200 0.203200 0.008000
0.588000 0.203200 0.005600
0.632000 0.203200 0.008800
0.758400 0.203200 0.007200
0.828000 0.203200 0.007200
0.839200 0.203200 0.006400
0.852000 0.203200 0.008000
0.569600 0.204000 0.007200
0.579200 0.204000 0.005600
0.802400 0.204000 0.008000
0.458400 0.204800 0.008800
0.468800 0.204800 0.005600
0.476000 0.204800 0.004000
0.499200 0.204800 0.005600
0.508800 0.204800 0.005600
0.269600 0.205600 0.008000
0.280800 0.205600 0.007200
0.382400 0.205600 0.009600
0.432000 0.205600 0.007200
0.443200 0.205600 0.008800
0.482400 0.205600 0.004800
0.489600 0.205600 0.005600
0.257600 0.206400 0.008800
0.290400 0.206400 0.010400
0.321600 0.206400 0.008800
0.333600 0.206400 0.008800
0.352000 0.206400 0.008800
0.364000 0.206400 0.009600
0.370400 0.206400 0.005600
0.422400 0.206400 0.008800
0.169600 0.207200 0.007200
0.183200 0.207200 0.010400
0.208000 0.207200 0.007200
0.236800 0.207200 0.011200
0.296800 0.207200 0.011200
0.308800 0.207200 0.008800
0.160800 0.208000 0.005600
0.177600 0.208000 0.003200
0.197600 0.208000 0.008800
0.217600 0.208000 0.008800
0.226400 0.208000 0.012800
0.244800 0.208000 0.011200
0.303200 0.208000 0.010400
0.343200 0.208000 0.005600
0.133600 0.209600 0.008800
0.144000 0.209600 0.007200
0.153600 0.209600 0.005600
0.849600 0.220800 0.011200
0.830400 0.221600 0.011200
0.867200 0.221600 0.016000
0.744800 0.222400 0.005600
0.753600 0.223200 0.013600
0.771200 0.223200 0.012800
0.790400 0.223200 0.013600
0.798400 0.223200 0.013600
0.813600 0.223200 0.011200
0.701600 0.224800 0.015200
0.720000 0.224800 0.013600
0.732000 0.224800 0.011200
0.513600 0.225600 0.013600
0.682400 0.225600 0.011200
0.712000 0.225600 0.005600
0.507200 0.226400 0.016800
0.528800 0.226400 0.010400
0.546400 0.226400 0.013600
0.602400 0.226400 0.011200
0.619200 0.226400 0.011200
0.649600 0.226400 0.011200
0.461600 0.227200 0.012800
0.565600 0.227200 0.011200
0.583200 0.227200 0.011200
0.635200 0.227200 0.011200
0.409600 0.228000 0.011200
0.416000 0.228000 0.013600
0.424000 0.228000 0.016000
0.430400 0.228000 0.011200
0.447200 0.228000 0.011200
0.480000 0.228000 0.008800
0.494400 0.228000 0.008800
0.668000 0.228000 0.011200
0.136000 0.228800 0.013600
0.375200 0.228800 0.008800
0.397600 0.228800 0.008800
0.192000 0.229600 0.013600
0.202400 0.229600 0.016800
0.297600 0.229600 0.008800
0.387200 0.229600 0.007200
0.340800 0.230400 0.013600
0.363200 0.230400 0.009600
0.154400 0.231200 0.011200
0.167200 0.231200 0.016800
0.176800 0.231200 0.013600
0.217600 0.231200 0.012800
0.239200 0.231200 0.011200
0.258400 0.231200 0.013600
0.277600 0.231200 0.008800
0.287200 0.231200 0.005600
0.321600 0.231200 0.008800
0.351200 0.231200 0.004800
0.308800 0.232000 0.018400
0.801600 0.244000 0.008800
0.761600 0.244800 0.008800
0.789600 0.244800 0.010400
0.771200 0.245600 0.008800
0.781600 0.245600 0.005600
0.666400 0.246400 0.006400
0.676000 0.246400 0.005600
0.868000 0.246400 0.013600
0.584800 0.247200 0.005600
0.594400 0.247200 0.008000
0.605600 0.247200 0.008800
0.615200 0.247200 0.005600
0.624000 0.247200 0.005600
0.632800 0.247200 0.008800
0.643200 0.247200 0.007200
0.655200 0.247200 0.007200
0.683200 0.247200 0.011200
0.576000 0.248000 0.011200
0.366400 0.249600 0.012800
0.372000 0.249600 0.009600
0.216800 0.250400 0.007200
0.347200 0.250400 0.006400
0.383200 0.250400 0.007200
0.401600 0.250400 0.005600
0.412800 0.250400 0.008800
0.205600 0.251200 0.008800
0.224800 0.251200 0.005600
0.231200 0.251200 0.011200
0.325600 0.251200 0.007200
0.336800 0.251200 0.006400
0.357600 0.251200 0.006400
0.393600 0.251200 0.005600
0.168000 0.252000 0.011200
0.175200 0.252000 0.005600
0.183200 0.252000 0.011200
0.195200 0.252000 0.007200
0.144000 0.252800 0.008000
0.154400 0.252800 0.005600
0.163200 0.252800 0.008800
0.315200 0.252800 0.008800
0.124800 0.253600 0.005600
0.132000 0.253600 0.005600
0.087200 0.255200 0.007200
0.096800 0.255200 0.005600
0.104800 0.255200 0.005600
0.112800 0.255200 0.016000
0.236800 0.255200 0.009600
0.250400 0.255200 0.008000
0.262400 0.255200 0.007200
0.273600 0.255200 0.008000
0.278400 0.255200 0.011200
0.285600 0.255200 0.009600
0.039200 0.256800 0.005600
0.058400 0.256800 0.008800
0.068800 0.256800 0.005600
0.076800 0.256800 0.005600
0.029600 0.257600 0.008800
0.047200 0.257600 0.008800
0.709600 0.264800 0.013600
0.729600 0.264800 0.008800
0.842400 0.264800 0.011200
0.719200 0.265600 0.005600
0.740800 0.265600 0.008800
0.827200 0.265600 0.009600
0.856000 0.265600 0.008800
0.642400 0.266400 0.013600
0.671200 0.266400 0.008800
0.692800 0.266400 0.011200
0.752800 0.266400 0.011200
0.776000 0.266400 0.012000
0.808800 0.266400 0.011200
0.868000 0.266400 0.016800
0.633600 0.267200 0.008800
0.657600 0.267200 0.009600
0.682400 0.267200 0.005600
0.792000 0.267200 0.011200
0.562400 0.268000 0.015200
0.584800 0.268000 0.011200
0.618400 0.268000 0.011200
0.522400 0.268800 0.011200
0.539200 0.268800 0.011200
0.600800 0.268800 0.011200
0.464000 0.269600 0.012800
0.479200 0.269600 0.011200
0.493600 0.269600 0.008800
0.506400 0.269600 0.011200
0.552000 0.269600 0.008800
0.572800 0.269600 0.005600
0.322400 0.270400 0.005600
0.352800 0.270400 0.009600
0.400800 0.270400 0.008800
0.414400 0.270400 0.008800
0.445600 0.270400 0.011200
0.296800 0.271200 0.005600
0.307200 0.271200 0.003200
0.329600 0.271200 0.004800
0.338400 0.271200 0.012800
0.430400 0.271200 0.011200
0.213600 0.272000 0.013600
0.231200 0.272000 0.011200
0.248000 0.272000 0.011200
0.264000 0.272000 0.008800
0.288800 0.272000 0.005600
0.303200 0.272000 0.003200
0.315200 0.272000 0.005600
0.372000 0.272000 0.012800
0.386400 0.272000 0.009600
0.137600 0.272800 0.013600
0.158400 0.272800 0.011200
0.176000 0.272800 0.011200
0.275200 0.272800 0.005600
0.281600 0.272800 0.004800
0.193600 0.273600 0.013600
0.820000 0.283200 0.005600
0.716000 0.284000 0.007200
0.727200 0.284000 0.007200
0.737600 0.284000 0.005600
0.745600 0.284000 0.008800
0.831200 0.284000 0.008800
0.690400 0.284800 0.009600
0.706400 0.284800 0.008000
0.757600 0.284800 0.005600
0.767200 0.284800 0.008800
0.801600 0.284800 0.007200
0.811200 0.284800 0.005600
0.665600 0.285600 0.008000
0.676000 0.285600 0.007200
0.779200 0.285600 0.008000
0.791200 0.285600 0.007200
0.636000 0.287200 0.011200
0.652800 0.287200 0.007200
0.544800 0.288000 0.004800
0.553600 0.288000 0.006400
0.565600 0.288000 0.008000
0.577600 0.288000 0.008000
0.590400 0.288000 0.008000
0.602400 0.288000 0.006400
0.612800 0.288000 0.007200
0.620800 0.288000 0.005600
0.627200 0.288000 0.010400
0.644000 0.288000 0.005600
0.470400 0.288800 0.005600
0.518400 0.288800 0.007200
0.528800 0.288800 0.005600
0.538400 0.288800 0.008800
0.224800 0.289600 0.008800
0.461600 0.289600 0.005600
0.479200 0.289600 0.005600
0.488800 0.290400 0.007200
0.508800 0.290400 0.005600
0.236000 0.291200 0.008000
0.500000 0.291200 0.005600
0.134400 0.292000 0.008800
0.145600 0.292800 0.007200
0.159200 0.292800 0.008000
0.172000 0.293600 0.008000
0.456000 0.296000 0.006400
0.877600 0.304000 0.020800
0.814400 0.304800 0.012800
0.822400 0.305600 0.005600
0.676800 0.306400 0.013600
0.703200 0.306400 0.013600
0.834400 0.306400 0.009600
0.850400 0.306400 0.011200
0.727200 0.307200 0.011200
0.737600 0.307200 0.008800
0.748800 0.307200 0.008000
0.796800 0.307200 0.011200
0.863200 0.307200 0.008800
0.180000 0.308000 0.011200
0.641600 0.308000 0.011200
0.659200 0.308000 0.012000
0.688000 0.308000 0.019200
0.714400 0.308000 0.008800
0.763200 0.308000 0.010400
0.778400 0.308000 0.011200
0.276000 0.308800 0.013600
0.443200 0.308800 0.013600
0.534400 0.308800 0.011200
0.601600 0.308800 0.011200
0.628000 0.308800 0.004800
0.668000 0.308800 0.003200
0.719200 0.308800 0.003200
0.140000 0.309600 0.012000
0.160800 0.309600 0.011200
0.195200 0.309600 0.011200
0.226400 0.309600 0.011200
0.238400 0.309600 0.011200
0.256800 0.309600 0.012800
0.292000 0.309600 0.012800
0.311200 0.309600 0.011200
0.356000 0.309600 0.016800
0.365600 0.309600 0.016800
0.376800 0.309600 0.016800
0.384800 0.309600 0.016800
0.425600 0.309600 0.011200
0.462400 0.309600 0.008800
0.479200 0.309600 0.011200
0.583200 0.309600 0.012800
0.617600 0.309600 0.013600
0.210400 0.310400 0.011200
0.328000 0.310400 0.011200
0.399200 0.310400 0.011200
0.412800 0.310400 0.008800
0.497600 0.310400 0.012800
0.341600 0.311200 0.008800
0.516800 0.311200 0.011200
0.549600 0.311200 0.011200
0.566400 0.311200 0.011200
0.825600 0.323200 0.012800
0.816800 0.324000 0.006400
0.832000 0.324000 0.010400
0.764800 0.324800 0.006400
0.775200 0.324800 0.007200
0.739200 0.325600 0.011200
0.748000 0.325600 0.005600
0.755200 0.325600 0.005600
0.785600 0.325600 0.007200
0.794400 0.325600 0.005600
0.804000 0.325600 0.008800
0.846400 0.325600 0.008800
0.656000 0.328800 0.008800
0.349600 0.329600 0.005600
0.358400 0.329600 0.007200
0.373600 0.329600 0.008800
0.640800 0.329600 0.007200
0.667200 0.329600 0.008000
0.724000 0.329600 0.008000
0.318400 0.330400 0.007200
0.328800 0.330400 0.007200
0.339200 0.330400 0.007200
0.584000 0.330400 0.005600
0.612000 0.330400 0.005600
0.620000 0.330400 0.005600
0.628800 0.330400 0.008000
0.291200 0.331200 0.008800
0.301600 0.331200 0.005600
0.308000 0.331200 0.009600
0.591200 0.331200 0.011200
0.600000 0.331200 0.008000
0.448000 0.336800 0.006400
0.739200 0.344800 0.005600
0.896800 0.345600 0.016000
0.609600 0.346400 0.011200
0.633600 0.346400 0.011200
0.697600 0.346400 0.011200
0.730400 0.346400 0.013600
0.784800 0.346400 0.011200
0.802400 0.346400 0.011200
0.820800 0.346400 0.013600
0.859200 0.346400 0.013600
0.587200 0.347200 0.013600
0.653600 0.347200 0.011200
0.681600 0.347200 0.011200
0.712000 0.347200 0.013600
0.750400 0.347200 0.011200
0.842400 0.347200 0.013600
0.866400 0.347200 0.005600
0.876800 0.347200 0.008800
0.888000 0.347200 0.024800
0.419200 0.348000 0.016800
0.473600 0.348000 0.011200
0.488000 0.348000 0.008800
0.524000 0.348000 0.011200
0.557600 0.348000 0.016800
0.576800 0.348000 0.007200
0.670400 0.348000 0.008800
0.720000 0.348000 0.005600
0.766400 0.348000 0.011200
0.138400 0.348800 0.013600
0.341600 0.348800 0.010400
0.358400 0.348800 0.011200
0.373600 0.348800 0.009600
0.388800 0.348800 0.008800
0.428000 0.348800 0.021600
0.460000 0.348800 0.013600
0.507200 0.348800 0.013600
0.540000 0.348800 0.011200
0.567200 0.348800 0.005600
0.904000 0.348800 0.022400
0.147200 0.349600 0.003200
0.199200 0.349600 0.011200
0.232800 0.349600 0.011200
0.293600 0.349600 0.010400
0.308000 0.349600 0.008800
0.324800 0.349600 0.011200
0.404000 0.349600 0.011200
0.442400 0.349600 0.010400
0.153600 0.350400 0.005600
0.182400 0.350400 0.011200
0.263200 0.350400 0.008800
0.168000 0.351200 0.012000
0.215200 0.351200 0.011200
0.248800 0.351200 0.011200
0.275200 0.351200 0.011200
0.160000 0.352000 0.004000
0.564000 0.376000 0.008800
0.473600 0.376800 0.008800
0.522400 0.376800 0.003200
0.460000 0.377600 0.008800
0.515200 0.377600 0.008800
0.528800 0.377600 0.008800
0.540800 0.377600 0.008000
0.551200 0.377600 0.005600
0.558400 0.377600 0.012800
0.439200 0.378400 0.007200
0.449600 0.378400 0.007200
0.485600 0.378400 0.007200
0.496000 0.378400 0.007200
0.505600 0.378400 0.005600
0.393600 0.379200 0.011200
0.429600 0.379200 0.005600
0.418400 0.380000 0.008000
0.406400 0.380800 0.008800
0.925600 0.384000 0.032000
0.931200 0.384800 0.029600
0.941600 0.384800 0.028000
