0.848000 0.074400 0.008800
0.836000 0.075200 0.027200
0.156800 0.076800 0.016800
0.224800 0.076800 0.016800
0.176800 0.077600 0.011200
0.190400 0.077600 0.008000
0.201600 0.077600 0.008800
0.214400 0.077600 0.008000
0.740800 0.104000 0.007200
0.750400 0.105600 0.005600
0.758400 0.105600 0.005600
0.766400 0.105600 0.005600
0.252000 0.106400 0.012800
0.774400 0.106400 0.005600
0.784000 0.106400 0.008800
0.260800 0.107200 0.005600
0.268800 0.108000 0.007200
0.296000 0.108000 0.005600
0.280000 0.108800 0.005600
0.288000 0.108800 0.005600
0.305600 0.108800 0.007200
0.316800 0.108800 0.008000
0.453600 0.108800 0.012000
0.461600 0.108800 0.005600
0.469600 0.108800 0.004800
0.500800 0.108800 0.008000
0.477600 0.109600 0.005600
0.489600 0.109600 0.006400
0.639200 0.122400 0.008800
0.796800 0.122400 0.013600
0.864800 0.122400 0.021600
0.875200 0.122400 0.020800
0.652800 0.123200 0.022400
0.661600 0.123200 0.004800
0.676000 0.123200 0.019200
0.812000 0.123200 0.011200
0.824000 0.123200 0.008800
0.687200 0.124000 0.005600
0.695200 0.124000 0.005600
0.704800 0.124000 0.008800
0.728000 0.124000 0.011200
0.744800 0.124000 0.011200
0.764000 0.124000 0.012000
0.839200 0.124000 0.008800
0.625600 0.124800 0.011200
0.715200 0.124800 0.024000
0.780800 0.124800 0.011200
0.436800 0.125600 0.016000
0.459200 0.125600 0.008800
0.488800 0.125600 0.008800
0.502400 0.125600 0.015200
0.609600 0.125600 0.026400
0.849600 0.125600 0.008800
0.447200 0.126400 0.005600
0.474400 0.126400 0.010400
0.510400 0.126400 0.016000
0.522400 0.126400 0.008800
0.541600 0.126400 0.013600
0.138400 0.127200 0.022400
0.338400 0.127200 0.016800
0.417600 0.127200 0.013600
0.533600 0.127200 0.017600
0.556800 0.127200 0.011200
0.572000 0.127200 0.011200
0.278400 0.128000 0.016800
0.294400 0.128000 0.011200
0.312000 0.128000 0.011200
0.371200 0.128000 0.008800
0.398400 0.128000 0.005600
0.407200 0.128000 0.005600
0.589600 0.128000 0.027200
0.128000 0.128800 0.018400
0.166400 0.128800 0.008800
0.188800 0.128800 0.011200
0.223200 0.128800 0.024800
0.267200 0.128800 0.019200
0.326400 0.128800 0.008800
0.385600 0.128800 0.003200
0.391200 0.128800 0.004800
0.153600 0.129600 0.011200
0.176000 0.129600 0.008800
0.205600 0.129600 0.012800
0.255200 0.129600 0.016800
0.356000 0.129600 0.011200
0.236800 0.131200 0.022400
0.310400 0.146400 0.005600
0.320000 0.146400 0.005600
0.436800 0.146400 0.009600
0.457600 0.146400 0.005600
0.470400 0.146400 0.007200
0.480000 0.146400 0.005600
0.490400 0.146400 0.007200
0.301600 0.147200 0.005600
0.328800 0.147200 0.004800
0.335200 0.147200 0.004800
0.344000 0.147200 0.005600
0.354400 0.147200 0.007200
0.442400 0.147200 0.011200
0.450400 0.147200 0.005600
0.498400 0.147200 0.004800
0.505600 0.148000 0.010400
0.127200 0.160800 0.016800
0.149600 0.163200 0.016800
0.640000 0.163200 0.008800
0.770400 0.163200 0.013600
0.853600 0.163200 0.019200
0.879200 0.163200 0.016800
0.169600 0.164000 0.016800
0.181600 0.164000 0.005600
0.190400 0.164000 0.016800
0.299200 0.164000 0.011200
0.668800 0.164000 0.013600
0.714400 0.164000 0.011200
0.752800 0.164000 0.008800
0.788800 0.164000 0.011200
0.812800 0.164000 0.008800
0.842400 0.164000 0.005600
0.868000 0.164000 0.005600
0.466400 0.164800 0.015200
0.489600 0.164800 0.008800
0.560800 0.164800 0.011200
0.603200 0.164800 0.013600
0.624800 0.164800 0.013600
0.651200 0.164800 0.005600
0.726400 0.164800 0.008800
0.800000 0.164800 0.008800
0.828800 0.164800 0.011200
0.210400 0.165600 0.013600
0.224800 0.165600 0.008800
0.236000 0.165600 0.005600
0.268800 0.165600 0.005600
0.276800 0.165600 0.013600
0.316000 0.165600 0.011200
0.446400 0.165600 0.013600
0.456000 0.165600 0.005600
0.476000 0.165600 0.016800
0.575200 0.165600 0.011200
0.660000 0.165600 0.005600
0.698400 0.165600 0.011200
0.200000 0.166400 0.005600
0.247200 0.166400 0.008800
0.259200 0.166400 0.007200
0.326400 0.166400 0.012800
0.336000 0.166400 0.005600
0.362400 0.166400 0.010400
0.391200 0.166400 0.008800
0.400800 0.166400 0.005600
0.430400 0.166400 0.011200
0.532000 0.166400 0.020800
0.547200 0.166400 0.021600
0.590400 0.166400 0.011200
0.683200 0.166400 0.011200
0.740000 0.166400 0.011200
0.282400 0.167200 0.009600
0.345600 0.167200 0.012800
0.377600 0.167200 0.010400
0.411200 0.167200 0.013600
0.506400 0.168000 0.011200
0.520800 0.168000 0.007200
0.220000 0.182400 0.010400
0.240000 0.182400 0.005600
0.276000 0.182400 0.006400
0.289600 0.182400 0.008000
0.320800 0.182400 0.007200
0.331200 0.182400 0.008800
0.335200 0.182400 0.008000
0.205600 0.183200 0.007200
0.214400 0.183200 0.005600
0.228000 0.183200 0.008800
0.251200 0.183200 0.007200
0.261600 0.183200 0.008800
0.354400 0.183200 0.006400
0.364800 0.183200 0.005600
0.373600 0.183200 0.005600
0.383200 0.183200 0.005600
0.403200 0.183200 0.005600
0.660800 0.183200 0.003200
0.344800 0.184000 0.005600
0.394400 0.184000 0.007200
0.412000 0.184000 0.005600
0.421600 0.184000 0.006400
0.431200 0.184000 0.007200
0.653600 0.184000 0.005600
0.665600 0.184000 0.008800
0.672000 0.184000 0.005600
0.680000 0.184000 0.008800
0.578400 0.184800 0.007200
0.645600 0.184800 0.005600
0.587200 0.185600 0.005600
0.597600 0.185600 0.007200
0.608000 0.185600 0.006400
0.616800 0.185600 0.005600
0.626400 0.185600 0.006400
0.636800 0.185600 0.005600
0.144800 0.200800 0.013600
0.160000 0.200800 0.016800
0.127200 0.201600 0.015200
0.170400 0.201600 0.015200
0.300000 0.201600 0.011200
0.348000 0.201600 0.008800
0.384800 0.201600 0.013600
0.482400 0.201600 0.008800
0.521600 0.201600 0.005600
0.532000 0.201600 0.020800
0.545600 0.201600 0.008800
0.556800 0.201600 0.007200
0.566400 0.201600 0.005600
0.742400 0.201600 0.013600
0.759200 0.201600 0.022400
0.771200 0.201600 0.019200
0.195200 0.202400 0.015200
0.204000 0.202400 0.013600
0.215200 0.202400 0.015200
0.239200 0.202400 0.015200
0.264000 0.202400 0.013600
0.279200 0.202400 0.013600
0.333600 0.202400 0.008800
0.361600 0.202400 0.016800
0.471200 0.202400 0.008800
0.495200 0.202400 0.008800
0.510400 0.202400 0.022400
0.576800 0.202400 0.008800
0.679200 0.202400 0.011200
0.702400 0.202400 0.019200
0.794400 0.202400 0.027200
0.182400 0.203200 0.008800
0.226400 0.203200 0.016800
0.247200 0.203200 0.013600
0.318400 0.203200 0.011200
0.372800 0.203200 0.019200
0.406400 0.203200 0.013600
0.426400 0.203200 0.013600
0.447200 0.203200 0.011200
0.637600 0.203200 0.012800
0.693600 0.203200 0.018400
0.811200 0.203200 0.013600
0.879200 0.203200 0.013600
0.460800 0.204000 0.008800
0.611200 0.204000 0.013600
0.652800 0.204000 0.011200
0.593600 0.204800 0.012800
0.719200 0.204800 0.013600
0.831200 0.204800 0.011200
0.845600 0.204800 0.008800
0.861600 0.204800 0.011200
0.667200 0.205600 0.011200
0.162400 0.220000 0.008800
0.153600 0.220800 0.005600
0.175200 0.220800 0.007200
0.185600 0.220800 0.005600
0.128800 0.221600 0.011200
0.136800 0.221600 0.005600
0.144800 0.221600 0.005600
0.197600 0.221600 0.008000
0.206400 0.221600 0.011200
0.643200 0.222400 0.005600
0.616800 0.223200 0.007200
0.633600 0.223200 0.005600
0.655200 0.223200 0.008000
0.665600 0.223200 0.008800
0.672000 0.223200 0.003200
0.678400 0.223200 0.008800
0.625600 0.224000 0.005600
0.653600 0.243200 0.016000
0.121600 0.244000 0.019200
0.168800 0.244000 0.013600
0.483200 0.244000 0.016000
0.504800 0.244000 0.013600
0.536800 0.244000 0.008800
0.552000 0.244000 0.011200
0.579200 0.244000 0.011200
0.724000 0.244000 0.016800
0.788000 0.244000 0.013600
0.148000 0.244800 0.016800
0.564000 0.244800 0.007200
0.595200 0.244800 0.019200
0.644800 0.244800 0.016800
0.668000 0.244800 0.011200
0.176800 0.245600 0.005600
0.192000 0.245600 0.018400
0.328800 0.245600 0.013600
0.350400 0.245600 0.013600
0.444800 0.245600 0.008800
0.453600 0.245600 0.005600
0.464000 0.245600 0.007200
0.523200 0.245600 0.011200
0.633600 0.245600 0.008800
0.685600 0.245600 0.013600
0.748000 0.245600 0.013600
0.764800 0.245600 0.013600
0.836000 0.245600 0.008800
0.852000 0.245600 0.012800
0.134400 0.246400 0.022400
0.220000 0.246400 0.013600
0.245600 0.246400 0.011200
0.264000 0.246400 0.013600
0.287200 0.246400 0.012800
0.311200 0.246400 0.013600
0.420000 0.246400 0.019200
0.431200 0.246400 0.008800
0.605600 0.246400 0.008800
0.701600 0.246400 0.013600
0.780000 0.246400 0.005600
0.827200 0.246400 0.005600
0.872000 0.246400 0.013600
0.368000 0.247200 0.016800
0.379200 0.247200 0.005600
0.396000 0.247200 0.015200
0.405600 0.247200 0.005600
0.806400 0.247200 0.011200
0.820000 0.247200 0.011200
0.387200 0.248000 0.015200
0.413600 0.248000 0.004800
0.619200 0.248000 0.011200
0.214400 0.262400 0.008800
0.221600 0.263200 0.005600
0.230400 0.263200 0.007200
0.242400 0.263200 0.005600
0.254400 0.263200 0.008800
0.262400 0.263200 0.005600
0.271200 0.264000 0.005600
0.280000 0.264000 0.008800
0.886400 0.264000 0.004800
0.815200 0.264800 0.007200
0.852800 0.264800 0.007200
0.861600 0.264800 0.011200
0.877600 0.264800 0.007200
0.824800 0.265600 0.008800
0.829600 0.265600 0.011200
0.869600 0.265600 0.005600
0.844800 0.266400 0.003200
0.837600 0.267200 0.005600
0.329600 0.281600 0.011200
0.542400 0.281600 0.013600
0.790400 0.281600 0.008000
0.208800 0.282400 0.021600
0.281600 0.282400 0.005600
0.296000 0.282400 0.013600
0.344800 0.282400 0.011200
0.521600 0.282400 0.013600
0.806400 0.282400 0.012800
0.193600 0.283200 0.007200
0.270400 0.283200 0.008800
0.316000 0.283200 0.011200
0.435200 0.283200 0.016000
0.502400 0.283200 0.011200
0.564000 0.283200 0.013600
0.616800 0.283200 0.019200
0.182400 0.284000 0.008800
0.362400 0.284000 0.016800
0.428800 0.284000 0.013600
0.459200 0.284000 0.016800
0.605600 0.284000 0.016800
0.638400 0.284000 0.011200
0.655200 0.284000 0.011200
0.688000 0.284000 0.011200
0.721600 0.284000 0.011200
0.756800 0.284000 0.011200
0.777600 0.284000 0.008800
0.836800 0.284000 0.008800
0.221600 0.284800 0.005600
0.230400 0.284800 0.016800
0.255200 0.284800 0.011200
0.384800 0.284800 0.013600
0.475200 0.284800 0.022400
0.584800 0.284800 0.013600
0.672800 0.284800 0.011200
0.704000 0.284800 0.011200
0.740800 0.284800 0.011200
0.766400 0.284800 0.008000
0.824800 0.284800 0.011200
0.851200 0.284800 0.011200
0.169600 0.285600 0.008800
0.243200 0.285600 0.008800
0.400000 0.285600 0.011200
0.485600 0.285600 0.024800
0.626400 0.285600 0.008800
0.875200 0.285600 0.016000
0.121600 0.286400 0.016800
0.140000 0.287200 0.011200
0.411200 0.287200 0.013600
0.156000 0.288000 0.011200
0.734400 0.301600 0.008800
0.742400 0.301600 0.005600
0.752800 0.301600 0.006400
0.761600 0.301600 0.005600
0.772800 0.301600 0.008800
0.237600 0.302400 0.007200
0.254400 0.302400 0.005600
0.246400 0.303200 0.005600
0.263200 0.303200 0.007200
0.275200 0.303200 0.006400
0.284000 0.303200 0.005600
0.294400 0.303200 0.007200
0.396000 0.303200 0.005600
0.442400 0.303200 0.011200
0.447200 0.303200 0.008800
0.781600 0.303200 0.008000
0.793600 0.303200 0.005600
0.404800 0.304000 0.005600
0.436000 0.304000 0.005600
0.802400 0.304000 0.007200
0.414400 0.304800 0.007200
0.426400 0.304800 0.007200
0.905600 0.319200 0.010400
0.911200 0.319200 0.020000
0.920000 0.320000 0.011200
0.456000 0.321600 0.012800
0.637600 0.321600 0.008800
0.660000 0.321600 0.016800
0.688800 0.321600 0.008000
0.702400 0.321600 0.011200
0.711200 0.321600 0.016800
0.838400 0.321600 0.011200
0.141600 0.322400 0.011200
0.436800 0.322400 0.011200
0.473600 0.322400 0.013600
0.496000 0.322400 0.013600
0.579200 0.322400 0.008800
0.592000 0.322400 0.011200
0.623200 0.322400 0.008800
0.676800 0.322400 0.011200
0.728000 0.322400 0.011200
0.123200 0.323200 0.013600
0.156000 0.323200 0.008800
0.346400 0.323200 0.005600
0.384000 0.323200 0.008800
0.517600 0.323200 0.016000
0.527200 0.323200 0.019200
0.550400 0.323200 0.016800
0.568800 0.323200 0.008800
0.822400 0.323200 0.011200
0.853600 0.323200 0.024000
0.862400 0.323200 0.018400
0.170400 0.324000 0.011200
0.187200 0.324000 0.016800
0.368000 0.324000 0.013600
0.419200 0.324000 0.011200
0.608800 0.324000 0.011200
0.801600 0.324000 0.015200
0.303200 0.324800 0.007200
0.319200 0.324800 0.013600
0.353600 0.324800 0.011200
0.394400 0.324800 0.005600
0.407200 0.324800 0.011200
0.744000 0.324800 0.016800
0.780800 0.324800 0.011200
0.208000 0.325600 0.011200
0.222400 0.325600 0.013600
0.332000 0.325600 0.024000
0.340000 0.325600 0.004800
0.241600 0.326400 0.011200
0.259200 0.326400 0.011200
0.275200 0.326400 0.011200
0.755200 0.326400 0.004800
0.765600 0.326400 0.016800
0.291200 0.327200 0.008800
0.445600 0.340800 0.008800
0.451200 0.340800 0.005600
0.410400 0.341600 0.006400
0.420000 0.341600 0.005600
0.428800 0.341600 0.008800
0.433600 0.341600 0.008800
0.459200 0.341600 0.005600
0.471200 0.341600 0.008000
0.507200 0.341600 0.005600
0.467200 0.342400 0.008800
0.480000 0.342400 0.005600
0.488000 0.342400 0.005600
0.497600 0.342400 0.005600
0.516800 0.342400 0.007200
0.120800 0.343200 0.008000
0.132000 0.344000 0.008000
0.144000 0.344000 0.006400
0.153600 0.344800 0.008800
0.162400 0.360000 0.016800
0.289600 0.360000 0.008000
0.116800 0.360800 0.016000
0.226400 0.360800 0.005600
0.267200 0.360800 0.019200
0.301600 0.360800 0.011200
0.392000 0.360800 0.008800
0.661600 0.360800 0.008800
0.676000 0.360800 0.012000
0.153600 0.361600 0.011200
0.181600 0.361600 0.011200
0.208800 0.361600 0.008800
0.219200 0.361600 0.005600
0.236800 0.361600 0.022400
0.251200 0.361600 0.011200
0.276800 0.361600 0.008800
0.359200 0.361600 0.012800
0.403200 0.361600 0.005600
0.497600 0.361600 0.013600
0.649600 0.361600 0.019200
0.683200 0.361600 0.016800
0.708000 0.361600 0.016800
0.140000 0.362400 0.011200
0.195200 0.362400 0.011200
0.318400 0.362400 0.011200
0.342400 0.362400 0.019200
0.377600 0.362400 0.011200
0.412000 0.362400 0.016800
0.424800 0.362400 0.008800
0.455200 0.362400 0.008800
0.467200 0.362400 0.016800
0.484000 0.362400 0.013600
0.692800 0.362400 0.013600
0.728800 0.362400 0.013600
0.746400 0.362400 0.019200
0.768000 0.362400 0.005600
0.820800 0.362400 0.005600
0.333600 0.363200 0.024000
0.440000 0.363200 0.011200
0.516000 0.363200 0.013600
0.528800 0.363200 0.007200
0.585600 0.363200 0.008800
0.633600 0.363200 0.012800
0.640000 0.363200 0.018400
0.757600 0.363200 0.008800
0.779200 0.363200 0.008800
0.806400 0.363200 0.020000
0.829600 0.363200 0.005600
0.840000 0.363200 0.008800
0.877600 0.363200 0.016800
0.572800 0.364000 0.011200
0.794400 0.364000 0.011200
0.812800 0.364000 0.005600
0.870400 0.364000 0.024800
0.540800 0.364800 0.008800
0.600000 0.364800 0.011200
0.616000 0.364800 0.011200
0.628000 0.364800 0.019200
0.855200 0.364800 0.011200
0.556800 0.365600 0.011200
