587
587
587
587
587
587
587
587
587
587
587
587
587
587
587
587
587
587
587
587
587
587
587
587
587
587
587
587
587
587
587
590
590
590
588
588
588
588
588
588
619
619
619
619
591
591
591
618
591
586
586
586
586
586
586
586
586
589
586
586
589
586
586
586
586
589
586
586
586
586
586
586
586
586
586
586
586
586
586
586
586
586
586
586
586
586
586
586
586
586
586
586
586
586
586
586
586
586
586
586
586
586
586
586
586
617
617
617
617
617
617
617
617
617
617
615
616
615
615
614
589
586
586
586
586
586
586
586
586
586
586
586
586
586
586
586
586
586
586
586
586
586
586
586
586
586
586
586
586
586
586
586
586
586
586
586
586
586
586
586
586
586
586
586
586
586
586
586
586
586
586
613
613
612
613
586
586
586
586
586
586
586
586
586
586
586
586
586
586
586
586
586
586
586
586
586
586
586
586
586
586
586
586
586
586
586
586
586
586
586
586
586
586
586
586
586
586
586
586
586
586
586
586
586
611
611
611
611
586
586
586
586
586
586
586
586
586
586
586
586
586
586
586
586
586
586
586
586
586
586
586
586
586
586
586
586
586
586
586
586
586
586
586
586
586
586
586
586
586
586
586
586
586
586
586
586
586
586
586
586
586
586
586
605
605
605
605
605
605
606
606
606
608
607
608
608
608
610
609
610
609
610
609
609
609
586
586
586
586
586
586
586
586
586
586
586
586
586
586
586
586
586
586
586
586
586
586
586
586
586
586
586
586
586
586
586
586
586
586
586
586
586
586
586
586
586
586
586
586
586
586
586
586
586
586
604
604
604
603
603
603
603
603
603
603
601
601
601
601
601
601
601
601
601
600
600
600
600
602
601
600
600
600
586
586
586
586
586
586
586
586
586
586
586
586
586
586
586
586
586
586
586
586
586
586
586
586
586
586
586
586
586
586
586
586
586
586
586
586
586
586
586
586
586
586
586
586
586
586
586
586
586
586
586
586
586
586
586
595
596
596
596
595
595
595
595
596
596
597
598
598
597
599
586
586
586
586
586
586
586
586
586
586
586
586
586
586
586
586
586
586
586
586
586
586
586
586
586
586
586
586
586
586
586
586
586
586
586
586
586
586
586
586
586
586
586
586
586
586
586
586
586
586
592
592
592
593
593
593
593
593
593
593
593
593
593
593
593
593
593
593
593
593
593
593
593
593
593
593
593
593
593
593
593
592
594
594
594
594
594
594