0.831200 0.060800 0.022400
0.844000 0.060800 0.022400
0.186400 0.062400 0.008800
0.200800 0.062400 0.008800
0.210400 0.062400 0.017600
0.174400 0.063200 0.008800
0.340000 0.063200 0.009600
0.422400 0.063200 0.008800
0.144800 0.064000 0.024000
0.161600 0.064000 0.008800
0.346400 0.064000 0.005600
0.352000 0.064000 0.009600
0.359200 0.064000 0.010400
0.381600 0.064000 0.005600
0.390400 0.064000 0.005600
0.432800 0.064000 0.008800
0.364800 0.064800 0.016000
0.373600 0.064800 0.005600
0.399200 0.064800 0.008800
0.411200 0.064800 0.008800
0.499200 0.072800 0.013600
0.481600 0.073600 0.005600
0.490400 0.073600 0.006400
0.452800 0.074400 0.008800
0.472800 0.074400 0.007200
0.461600 0.075200 0.008800
0.596800 0.086400 0.012800
0.605600 0.088000 0.005600
0.615200 0.088000 0.007200
0.451200 0.088800 0.010400
0.627200 0.088800 0.007200
0.640800 0.088800 0.008800
0.889600 0.088800 0.013600
0.491200 0.089600 0.008800
0.821600 0.089600 0.008800
0.832000 0.089600 0.007200
0.841600 0.089600 0.005600
0.849600 0.089600 0.005600
0.884000 0.089600 0.012800
0.456800 0.090400 0.008800
0.499200 0.090400 0.009600
0.860000 0.090400 0.007200
0.879200 0.090400 0.008800
0.193600 0.091200 0.008800
0.468800 0.091200 0.007200
0.478400 0.091200 0.006400
0.868800 0.091200 0.008800
0.444800 0.097600 0.004800
0.756800 0.105600 0.011200
0.191200 0.107200 0.013600
0.805600 0.107200 0.005600
0.169600 0.108000 0.011200
0.344000 0.108000 0.011200
0.457600 0.108000 0.012800
0.724800 0.108000 0.005600
0.733600 0.108000 0.005600
0.742400 0.108000 0.013600
0.772000 0.108000 0.008800
0.782400 0.108000 0.008800
0.796000 0.108000 0.008800
0.817600 0.108000 0.011200
0.840000 0.108000 0.013600
0.124000 0.108800 0.016000
0.133600 0.108800 0.008800
0.144800 0.108800 0.008800
0.156000 0.108800 0.008800
0.252800 0.108800 0.008800
0.267200 0.108800 0.011200
0.299200 0.108800 0.011200
0.328800 0.108800 0.011200
0.378400 0.108800 0.011200
0.392800 0.108800 0.008800
0.424000 0.108800 0.013600
0.663200 0.108800 0.015200
0.211200 0.109600 0.012800
0.242400 0.109600 0.005600
0.314400 0.109600 0.011200
0.408800 0.109600 0.011200
0.433600 0.109600 0.004800
0.480800 0.109600 0.011200
0.501600 0.109600 0.013600
0.519200 0.109600 0.013600
0.556000 0.109600 0.016800
0.566400 0.109600 0.016800
0.582400 0.109600 0.012800
0.622400 0.109600 0.013600
0.682400 0.109600 0.015200
0.227200 0.110400 0.012800
0.235200 0.110400 0.004000
0.282400 0.110400 0.011200
0.362400 0.110400 0.010400
0.603200 0.110400 0.011200
0.636800 0.110400 0.012800
0.653600 0.110400 0.016800
0.718400 0.110400 0.013600
0.851200 0.110400 0.013600
0.074400 0.111200 0.019200
0.443200 0.111200 0.013600
0.540000 0.111200 0.013600
0.644000 0.111200 0.005600
0.693600 0.111200 0.004800
0.704000 0.111200 0.016800
0.529600 0.112000 0.004000
0.060000 0.114400 0.013600
0.344000 0.126400 0.008000
0.352800 0.126400 0.005600
0.360800 0.126400 0.010400
0.382400 0.126400 0.006400
0.394400 0.127200 0.007200
0.373600 0.128000 0.007200
0.404000 0.128000 0.007200
0.412000 0.128000 0.005600
0.772000 0.128800 0.008800
0.470400 0.129600 0.008800
0.479200 0.129600 0.007200
0.488800 0.129600 0.008800
0.528800 0.129600 0.008000
0.560000 0.129600 0.005600
0.568000 0.129600 0.005600
0.573600 0.129600 0.008800
0.584000 0.129600 0.007200
0.610400 0.129600 0.008000
0.784000 0.129600 0.007200
0.825600 0.129600 0.008000
0.841600 0.129600 0.008800
0.518400 0.130400 0.008000
0.540800 0.130400 0.005600
0.597600 0.130400 0.007200
0.794400 0.130400 0.005600
0.804000 0.130400 0.007200
0.852800 0.130400 0.011200
0.448000 0.131200 0.008000
0.457600 0.131200 0.008800
0.550400 0.131200 0.006400
0.816000 0.131200 0.007200
0.648800 0.132800 0.008000
0.661600 0.132800 0.007200
0.672000 0.132800 0.007200
0.684000 0.132800 0.008800
0.137600 0.133600 0.008800
0.223200 0.133600 0.008800
0.625600 0.133600 0.008800
0.637600 0.133600 0.008000
0.163200 0.134400 0.007200
0.174400 0.134400 0.008000
0.211200 0.134400 0.008800
0.692000 0.134400 0.004800
0.699200 0.134400 0.005600
0.711200 0.134400 0.008800
0.150400 0.135200 0.008000
0.187200 0.135200 0.010400
0.194400 0.135200 0.005600
0.201600 0.135200 0.005600
0.064800 0.136800 0.019200
0.057600 0.138400 0.019200
0.509600 0.148800 0.005600
0.733600 0.148800 0.013600
0.551200 0.149600 0.011200
0.851200 0.149600 0.014400
0.300800 0.150400 0.021600
0.449600 0.150400 0.011200
0.487200 0.150400 0.016800
0.502400 0.150400 0.012800
0.519200 0.150400 0.008800
0.536000 0.150400 0.012000
0.566400 0.150400 0.013600
0.576000 0.150400 0.007200
0.588000 0.150400 0.016000
0.714400 0.150400 0.013600
0.761600 0.150400 0.008800
0.775200 0.150400 0.008800
0.797600 0.150400 0.009600
0.817600 0.150400 0.013600
0.314400 0.151200 0.011200
0.330400 0.151200 0.011200
0.420800 0.151200 0.013600
0.428800 0.151200 0.005600
0.437600 0.151200 0.007200
0.467200 0.151200 0.015200
0.476800 0.151200 0.008800
0.596000 0.151200 0.016000
0.749600 0.151200 0.008800
0.784800 0.151200 0.007200
0.288800 0.152000 0.024800
0.343200 0.152000 0.005600
0.352800 0.152000 0.015200
0.376800 0.152000 0.016800
0.400000 0.152000 0.016800
0.608800 0.152000 0.009600
0.624000 0.152000 0.009600
0.638400 0.152000 0.010400
0.690400 0.152000 0.012000
0.244000 0.152800 0.010400
0.275200 0.152800 0.021600
0.388000 0.152800 0.005600
0.673600 0.152800 0.011200
0.140000 0.153600 0.014400
0.156800 0.153600 0.007200
0.169600 0.153600 0.011200
0.237600 0.153600 0.004800
0.259200 0.153600 0.011200
0.656000 0.153600 0.011200
0.188000 0.154400 0.011200
0.221600 0.154400 0.008800
0.203200 0.155200 0.013600
0.211200 0.155200 0.007200
0.231200 0.155200 0.005600
0.362400 0.156000 0.011200
0.620800 0.167200 0.005600
0.644800 0.167200 0.005600
0.612000 0.168000 0.005600
0.629600 0.168000 0.005600
0.636000 0.168000 0.005600
0.764800 0.168000 0.006400
0.848800 0.168000 0.005600
0.686400 0.168800 0.007200
0.742400 0.168800 0.008800
0.753600 0.168800 0.008000
0.774400 0.168800 0.005600
0.782400 0.168800 0.005600
0.792000 0.168800 0.006400
0.801600 0.168800 0.005600
0.839200 0.168800 0.007200
0.857600 0.168800 0.013600
0.202400 0.169600 0.007200
0.213600 0.169600 0.007200
0.410400 0.169600 0.008800
0.454400 0.169600 0.007200
0.676000 0.169600 0.005600
0.735200 0.169600 0.005600
0.810400 0.169600 0.005600
0.819200 0.169600 0.005600
0.828800 0.169600 0.005600
0.227200 0.170400 0.008800
0.285600 0.170400 0.005600
0.424800 0.170400 0.006400
0.434400 0.170400 0.005600
0.444000 0.170400 0.005600
0.656800 0.170400 0.006400
0.666400 0.170400 0.005600
0.244000 0.171200 0.007200
0.256000 0.171200 0.008000
0.295200 0.171200 0.006400
0.304800 0.171200 0.005600
0.313600 0.171200 0.005600
0.323200 0.171200 0.008000
0.532000 0.171200 0.008000
0.544000 0.171200 0.007200
0.336000 0.172000 0.005600
0.346400 0.172000 0.007200
0.371200 0.172000 0.008800
0.553600 0.172000 0.004800
0.561600 0.172000 0.007200
0.575200 0.172000 0.008000
0.360800 0.172800 0.007200
0.514400 0.172800 0.009600
0.587200 0.172800 0.007200
0.164800 0.173600 0.008800
0.595200 0.174400 0.012000
0.138400 0.185600 0.018400
0.472800 0.186400 0.016000
0.490400 0.186400 0.011200
0.151200 0.187200 0.030400
0.430400 0.188000 0.005600
0.447200 0.188000 0.012800
0.463200 0.188000 0.008800
0.528800 0.188000 0.011200
0.683200 0.188000 0.012800
0.163200 0.188800 0.008800
0.178400 0.188800 0.013600
0.232800 0.188800 0.013600
0.260000 0.188800 0.013600
0.308800 0.188800 0.013600
0.396800 0.188800 0.013600
0.420000 0.188800 0.013600
0.508000 0.188800 0.011200
0.542400 0.188800 0.008800
0.556000 0.188800 0.016800
0.565600 0.188800 0.008800
0.576800 0.188800 0.008800
0.612000 0.188800 0.005600
0.637600 0.188800 0.008800
0.700000 0.188800 0.005600
0.710400 0.188800 0.008800
0.732800 0.188800 0.004800
0.741600 0.188800 0.013600
0.752000 0.188800 0.011200
0.768000 0.188800 0.012800
0.784000 0.188800 0.005600
0.827200 0.188800 0.011200
0.188800 0.189600 0.005600
0.199200 0.189600 0.013600
0.281600 0.189600 0.015200
0.302400 0.189600 0.016000
0.349600 0.189600 0.012000
0.588000 0.189600 0.008800
0.601600 0.189600 0.008000
0.624000 0.189600 0.008800
0.652000 0.189600 0.011200
0.667200 0.189600 0.011200
0.724000 0.189600 0.012800
0.792000 0.189600 0.005600
0.841600 0.189600 0.010400
0.328000 0.190400 0.011200
0.365600 0.190400 0.011200
0.371200 0.190400 0.013600
0.810400 0.190400 0.013600
0.216800 0.191200 0.011200
0.290400 0.191200 0.005600
0.856800 0.191200 0.012800
0.381600 0.192000 0.008800
0.444800 0.204800 0.008800
0.453600 0.205600 0.005600
0.460800 0.205600 0.005600
0.501600 0.205600 0.008000
0.468800 0.206400 0.005600
0.480000 0.206400 0.007200
0.515200 0.206400 0.005600
0.490400 0.207200 0.007200
0.524000 0.207200 0.005600
0.538400 0.207200 0.005600
0.680000 0.207200 0.008800
0.705600 0.207200 0.008000
0.747200 0.207200 0.008000
0.759200 0.207200 0.007200
0.780800 0.207200 0.007200
0.815200 0.207200 0.007200
0.855200 0.207200 0.005600
0.134400 0.208000 0.008800
0.204800 0.208000 0.005600
0.218400 0.208000 0.008800
0.322400 0.208000 0.007200
0.332000 0.208000 0.006400
0.341600 0.208000 0.005600
0.378400 0.208000 0.005600
0.390400 0.208000 0.008000
0.400000 0.208000 0.008800
0.404800 0.208000 0.008800
0.530400 0.208000 0.005600
0.689600 0.208000 0.008800
0.719200 0.208000 0.008000
0.770400 0.208000 0.005600
0.848000 0.208000 0.004800
0.865600 0.208000 0.008800
0.145600 0.208800 0.006400
0.155200 0.208800 0.008000
0.167200 0.208800 0.005600
0.176000 0.208800 0.005600
0.188000 0.208800 0.009600
0.196000 0.208800 0.005600
0.228800 0.208800 0.008000
0.357600 0.208800 0.008800
0.366400 0.208800 0.007200
0.413600 0.208800 0.005600
0.422400 0.208800 0.008800
0.733600 0.208800 0.008000
0.825600 0.208800 0.008000
0.839200 0.208800 0.005600
0.183200 0.209600 0.010400
0.578400 0.223200 0.013600
0.592800 0.223200 0.007200
0.614400 0.223200 0.008800
0.560000 0.224000 0.008800
0.600800 0.224000 0.020800
0.783200 0.224000 0.009600
0.830400 0.224000 0.011200
0.694400 0.224800 0.005600
0.796800 0.224800 0.018400
0.811200 0.224800 0.012800
0.325600 0.225600 0.012800
0.348000 0.225600 0.012800
0.548000 0.225600 0.007200
0.628800 0.225600 0.010400
0.666400 0.225600 0.008800
0.720800 0.225600 0.011200
0.852800 0.225600 0.015200
0.404800 0.226400 0.012800
0.419200 0.226400 0.008800
0.430400 0.226400 0.007200
0.500800 0.226400 0.008800
0.510400 0.226400 0.005600
0.521600 0.226400 0.009600
0.536800 0.226400 0.008000
0.635200 0.226400 0.004800
0.644000 0.226400 0.008800
0.682400 0.226400 0.010400
0.704000 0.226400 0.011200
0.755200 0.226400 0.011200
0.771200 0.226400 0.012800
0.134400 0.227200 0.011200
0.182400 0.227200 0.011200
0.200000 0.227200 0.011200
0.369600 0.227200 0.011200
0.384800 0.227200 0.008800
0.444800 0.227200 0.013600
0.465600 0.227200 0.014400
0.486400 0.227200 0.011200
0.656000 0.227200 0.008800
0.740800 0.227200 0.012800
0.148000 0.228000 0.011200
0.164800 0.228000 0.011200
0.214400 0.228000 0.011200
0.248800 0.228000 0.011200
0.262400 0.228000 0.011200
0.300000 0.228000 0.013600
0.232800 0.228800 0.011200
0.283200 0.229600 0.013600
0.672800 0.242400 0.006400
0.662400 0.243200 0.008000
0.682400 0.243200 0.005600
0.692800 0.243200 0.007200
0.823200 0.243200 0.006400
0.832800 0.243200 0.005600
0.843200 0.243200 0.007200
0.700800 0.244000 0.005600
0.711200 0.244000 0.008000
0.724800 0.244000 0.008000
0.810400 0.244000 0.008000
0.737600 0.244800 0.006400
0.776800 0.244800 0.008000
0.797600 0.244800 0.006400
0.747200 0.245600 0.005600
0.756800 0.245600 0.008800
0.787200 0.245600 0.005600
0.853600 0.260000 0.005600
0.788000 0.260800 0.012800
0.432800 0.261600 0.007200
0.747200 0.261600 0.011200
0.765600 0.261600 0.011200
0.804800 0.261600 0.010400
0.846400 0.261600 0.012800
0.442400 0.262400 0.019200
0.454400 0.262400 0.008800
0.508000 0.262400 0.009600
0.621600 0.262400 0.016800
0.634400 0.262400 0.017600
0.659200 0.262400 0.011200
0.712800 0.262400 0.008800
0.726400 0.262400 0.013600
0.819200 0.262400 0.008800
0.831200 0.262400 0.011200
0.405600 0.263200 0.011200
0.421600 0.263200 0.008800
0.466400 0.263200 0.007200
0.492000 0.263200 0.011200
0.531200 0.263200 0.008800
0.543200 0.263200 0.005600
0.555200 0.263200 0.008800
0.585600 0.263200 0.011200
0.602400 0.263200 0.026400
0.642400 0.263200 0.013600
0.678400 0.263200 0.011200
0.697600 0.263200 0.012800
0.864800 0.263200 0.016000
0.368800 0.264000 0.011200
0.384000 0.264000 0.024800
0.390400 0.264000 0.019200
0.475200 0.264000 0.026400
0.520800 0.264000 0.005600
0.613600 0.264000 0.004800
0.139200 0.264800 0.022400
0.153600 0.264800 0.027200
0.340800 0.264800 0.019200
0.569600 0.264800 0.008800
0.264000 0.265600 0.024800
0.164800 0.266400 0.005600
0.176000 0.266400 0.016800
0.216800 0.266400 0.005600
0.246400 0.266400 0.011200
0.192000 0.267200 0.013600
0.200000 0.267200 0.005600
0.208800 0.267200 0.005600
0.323200 0.267200 0.012800
0.230400 0.268000 0.011200
0.274400 0.268000 0.008000
0.285600 0.268000 0.016000
0.294400 0.268000 0.013600
0.307200 0.268000 0.011200
0.834400 0.282400 0.008800
0.845600 0.282400 0.007200
0.856000 0.282400 0.007200
0.656000 0.283200 0.009600
0.668800 0.283200 0.008800
0.717600 0.283200 0.008000
0.731200 0.283200 0.008000
0.756800 0.283200 0.008800
0.865600 0.283200 0.013600
0.684000 0.284000 0.008800
0.695200 0.284000 0.007200
0.705600 0.284000 0.007200
0.744800 0.284000 0.008000
0.558400 0.284800 0.008800
0.808000 0.284800 0.008000
0.512000 0.285600 0.010400
0.519200 0.286400 0.005600
0.528000 0.286400 0.011200
0.292000 0.287200 0.008800
0.316000 0.287200 0.008000
0.326400 0.287200 0.007200
0.336800 0.287200 0.008800
0.541600 0.287200 0.010400
0.304000 0.288000 0.008000
0.405600 0.304800 0.008800
0.816800 0.304800 0.016800
0.656000 0.305600 0.015200
0.714400 0.305600 0.015200
0.755200 0.305600 0.011200
0.833600 0.305600 0.012800
0.864000 0.305600 0.016800
0.636000 0.306400 0.013600
0.644800 0.306400 0.008800
0.676000 0.306400 0.012800
0.698400 0.306400 0.012800
0.724800 0.306400 0.016800
0.739200 0.306400 0.011200
0.772000 0.306400 0.011200
0.851200 0.306400 0.011200
0.140000 0.307200 0.016800
0.391200 0.307200 0.020800
0.416800 0.307200 0.007200
0.427200 0.307200 0.005600
0.456800 0.307200 0.011200
0.475200 0.307200 0.011200
0.508800 0.307200 0.004800
0.518400 0.307200 0.013600
0.615200 0.307200 0.008800
0.624800 0.307200 0.015200
0.242400 0.308000 0.008800
0.282400 0.308000 0.013600
0.384000 0.308000 0.015200
0.435200 0.308000 0.015200
0.444800 0.308000 0.005600
0.488000 0.308000 0.007200
0.498400 0.308000 0.008800
0.534400 0.308000 0.011200
0.559200 0.308000 0.005600
0.602400 0.308000 0.011200
0.787200 0.308000 0.011200
0.150400 0.308800 0.008800
0.162400 0.308800 0.011200
0.256800 0.308800 0.019200
0.300000 0.308800 0.016800
0.308000 0.308800 0.015200
0.326400 0.308800 0.013600
0.549600 0.308800 0.007200
0.586400 0.308800 0.011200
0.798400 0.308800 0.024800
0.188000 0.309600 0.005600
0.196800 0.309600 0.013600
0.214400 0.309600 0.013600
0.348800 0.309600 0.015200
0.368800 0.309600 0.013600
0.571200 0.309600 0.011200
0.178400 0.310400 0.008800
0.229600 0.310400 0.011200
0.338400 0.310400 0.004800
0.634400 0.326400 0.008800
0.776800 0.326400 0.009600
0.609600 0.327200 0.008000
0.621600 0.327200 0.007200
0.652000 0.327200 0.009600
0.380000 0.328000 0.007200
0.588000 0.328000 0.008000
0.597600 0.328000 0.007200
0.664800 0.328000 0.008000
0.677600 0.328000 0.008800
0.704000 0.328000 0.007200
0.715200 0.328000 0.007200
0.724000 0.328000 0.005600
0.730400 0.328000 0.011200
0.739200 0.328000 0.005600
0.758400 0.328000 0.008800
0.354400 0.328800 0.006400
0.686400 0.328800 0.005600
0.692800 0.328800 0.008800
0.748000 0.328800 0.005600
0.367200 0.329600 0.008000
0.343200 0.331200 0.008800
0.168000 0.332000 0.007200
0.179200 0.332000 0.007200
0.190400 0.332000 0.008800
0.132800 0.332800 0.011200
0.145600 0.332800 0.011200
0.158400 0.332800 0.008800
0.128000 0.333600 0.012800
0.839200 0.345600 0.011200
0.868000 0.345600 0.023200
0.448800 0.346400 0.013600
0.852800 0.346400 0.011200
0.377600 0.348000 0.008800
0.400800 0.348000 0.011200
0.498400 0.348000 0.011200
0.531200 0.348000 0.007200
0.555200 0.348000 0.005600
0.579200 0.348000 0.016800
0.603200 0.348000 0.011200
0.620000 0.348000 0.011200
0.639200 0.348000 0.012800
0.656800 0.348000 0.011200
0.734400 0.348000 0.005600
0.796000 0.348000 0.017600
0.804800 0.348000 0.022400
0.358400 0.348800 0.013600
0.387200 0.348800 0.008800
0.416000 0.348800 0.011200
0.430400 0.348800 0.008800
0.465600 0.348800 0.011200
0.510400 0.348800 0.008800
0.542400 0.348800 0.017600
0.566400 0.348800 0.008800
0.669600 0.348800 0.011200
0.700800 0.348800 0.008800
0.721600 0.348800 0.009600
0.742400 0.348800 0.005600
0.753600 0.348800 0.008800
0.328000 0.349600 0.011200
0.482400 0.349600 0.011200
0.520000 0.349600 0.008800
0.685600 0.349600 0.011200
0.710400 0.349600 0.005600
0.823200 0.349600 0.013600
0.216000 0.350400 0.008000
0.228000 0.350400 0.018400
0.252000 0.350400 0.019200
0.294400 0.350400 0.012000
0.312000 0.350400 0.011200
0.344800 0.350400 0.011200
0.243200 0.351200 0.004800
0.276800 0.351200 0.013600
0.764800 0.351200 0.005600
0.263200 0.352000 0.011200
0.204000 0.352800 0.019200
0.237600 0.352800 0.019200
0.166400 0.353600 0.012800
0.776000 0.353600 0.016800
0.144000 0.354400 0.013600
0.183200 0.354400 0.013600
0.257600 0.372800 0.008800
0.371200 0.372800 0.008800
0.384000 0.372800 0.011200
0.268800 0.373600 0.007200
0.315200 0.373600 0.008800
0.341600 0.373600 0.003200
0.279200 0.374400 0.007200
0.304800 0.374400 0.008800
0.336000 0.374400 0.008800
0.360000 0.374400 0.007200
0.390400 0.374400 0.005600
0.412000 0.374400 0.008000
0.290400 0.375200 0.008800
0.326400 0.375200 0.006400
0.350400 0.375200 0.007200
0.399200 0.375200 0.011200
0.421600 0.375200 0.005600
0.428000 0.375200 0.011200
0.437600 0.376000 0.008800
0.450400 0.376000 0.011200
0.909600 0.395200 0.013600
0.928000 0.395200 0.016800
0.939200 0.395200 0.020800
0.921600 0.421600 0.019200
