0.216800 0.064000 0.005600
0.150400 0.064800 0.024800
0.181600 0.064800 0.008800
0.192800 0.064800 0.008800
0.167200 0.065600 0.010400
0.207200 0.065600 0.008800
0.844000 0.066400 0.026400
0.857600 0.067200 0.011200
0.720800 0.079200 0.013600
0.727200 0.079200 0.003200
0.737600 0.079200 0.005600
0.748000 0.080000 0.008000
0.760800 0.080800 0.008800
0.772000 0.080800 0.011200
0.779200 0.080800 0.005600
0.409600 0.084800 0.008800
0.423200 0.084800 0.008800
0.398400 0.085600 0.013600
0.434400 0.085600 0.007200
0.445600 0.085600 0.008000
0.458400 0.085600 0.016000
0.467200 0.085600 0.008800
0.600000 0.085600 0.007200
0.478400 0.086400 0.011200
0.562400 0.086400 0.008800
0.568800 0.086400 0.003200
0.574400 0.086400 0.010400
0.609600 0.086400 0.008800
0.581600 0.087200 0.005600
0.589600 0.087200 0.005600
0.271200 0.091200 0.008000
0.756800 0.106400 0.019200
0.768000 0.106400 0.008800
0.781600 0.106400 0.011200
0.799200 0.106400 0.013600
0.821600 0.106400 0.013600
0.666400 0.107200 0.013600
0.744800 0.107200 0.019200
0.842400 0.107200 0.011200
0.856000 0.107200 0.021600
0.547200 0.108000 0.029600
0.582400 0.108000 0.016000
0.614400 0.108000 0.008800
0.626400 0.108000 0.011200
0.136800 0.108800 0.022400
0.152800 0.108800 0.013600
0.562400 0.108800 0.016800
0.642400 0.108800 0.012800
0.688800 0.108800 0.016800
0.720800 0.108800 0.016800
0.077600 0.109600 0.008000
0.444000 0.109600 0.016000
0.168800 0.110400 0.011200
0.217600 0.110400 0.015200
0.348800 0.110400 0.005600
0.426400 0.110400 0.011200
0.456000 0.110400 0.005600
0.526400 0.110400 0.013600
0.601600 0.110400 0.013600
0.183200 0.111200 0.011200
0.226400 0.111200 0.016800
0.315200 0.111200 0.011200
0.400800 0.111200 0.008800
0.410400 0.111200 0.016800
0.472800 0.111200 0.014400
0.498400 0.111200 0.013600
0.506400 0.111200 0.016800
0.052800 0.112000 0.022400
0.068000 0.112000 0.022400
0.243200 0.112000 0.011200
0.281600 0.112000 0.013600
0.292800 0.112000 0.004800
0.299200 0.112000 0.011200
0.328000 0.112000 0.008800
0.338400 0.112000 0.008800
0.366400 0.112000 0.008800
0.385600 0.112000 0.003200
0.043200 0.112800 0.017600
0.200800 0.112800 0.011200
0.260800 0.112800 0.012800
0.357600 0.112800 0.005600
0.377600 0.112800 0.007200
0.785600 0.124800 0.007200
0.797600 0.124800 0.007200
0.765600 0.125600 0.008800
0.808800 0.125600 0.007200
0.775200 0.126400 0.007200
0.816800 0.126400 0.011200
0.636800 0.127200 0.008800
0.603200 0.128000 0.007200
0.613600 0.128000 0.007200
0.626400 0.128000 0.007200
0.651200 0.128000 0.007200
0.672000 0.128000 0.008000
0.216000 0.128800 0.007200
0.660800 0.128800 0.005600
0.181600 0.129600 0.008800
0.226400 0.129600 0.008000
0.412000 0.129600 0.008800
0.469600 0.129600 0.006400
0.480000 0.129600 0.005600
0.489600 0.129600 0.005600
0.499200 0.129600 0.006400
0.511200 0.129600 0.008000
0.168800 0.130400 0.009600
0.193600 0.130400 0.008000
0.205600 0.130400 0.007200
0.424800 0.130400 0.008000
0.451200 0.130400 0.007200
0.460800 0.130400 0.005600
0.232000 0.131200 0.003200
0.239200 0.131200 0.009600
0.261600 0.131200 0.008800
0.272000 0.131200 0.008800
0.279200 0.131200 0.005600
0.287200 0.131200 0.011200
0.297600 0.131200 0.008800
0.311200 0.131200 0.006400
0.321600 0.131200 0.007200
0.436800 0.131200 0.008800
0.332000 0.132000 0.008800
0.140000 0.136000 0.008000
0.708000 0.137600 0.008000
0.061600 0.141600 0.022400
0.049600 0.144000 0.022400
0.818400 0.147200 0.015200
0.856800 0.148000 0.024800
0.536800 0.148800 0.016000
0.810400 0.148800 0.016800
0.828000 0.148800 0.005600
0.683200 0.149600 0.016000
0.767200 0.149600 0.012800
0.839200 0.149600 0.015200
0.744000 0.150400 0.005600
0.750400 0.150400 0.009600
0.798400 0.150400 0.013600
0.429600 0.151200 0.015200
0.546400 0.151200 0.016800
0.559200 0.151200 0.016000
0.566400 0.151200 0.013600
0.648800 0.151200 0.008800
0.701600 0.151200 0.011200
0.734400 0.151200 0.008800
0.785600 0.151200 0.011200
0.472800 0.152000 0.012800
0.580000 0.152000 0.011200
0.596000 0.152000 0.012800
0.660800 0.152000 0.016000
0.382400 0.152800 0.007200
0.488000 0.152800 0.013600
0.519200 0.152800 0.013600
0.611200 0.152800 0.013600
0.620800 0.152800 0.016000
0.631200 0.152800 0.013600
0.639200 0.152800 0.015200
0.717600 0.152800 0.011200
0.160000 0.153600 0.015200
0.408800 0.153600 0.012000
0.438400 0.153600 0.013600
0.500000 0.153600 0.016000
0.138400 0.154400 0.016800
0.372800 0.154400 0.005600
0.392800 0.154400 0.008800
0.454400 0.154400 0.011200
0.206400 0.155200 0.019200
0.266400 0.155200 0.004800
0.275200 0.155200 0.016800
0.355200 0.155200 0.004000
0.364800 0.155200 0.013600
0.181600 0.156000 0.019200
0.217600 0.156000 0.008800
0.286400 0.156000 0.016800
0.345600 0.156000 0.013600
0.189600 0.156800 0.021600
0.226400 0.156800 0.008800
0.256800 0.156800 0.012800
0.305600 0.156800 0.016800
0.328000 0.156800 0.016800
0.239200 0.157600 0.008800
0.472800 0.170400 0.005600
0.478400 0.170400 0.008800
0.539200 0.170400 0.008000
0.568000 0.170400 0.005600
0.796800 0.170400 0.011200
0.807200 0.170400 0.008800
0.816000 0.170400 0.011200
0.841600 0.170400 0.011200
0.215200 0.171200 0.007200
0.235200 0.171200 0.005600
0.401600 0.171200 0.008800
0.413600 0.171200 0.008800
0.427200 0.171200 0.005600
0.465600 0.171200 0.005600
0.487200 0.171200 0.008800
0.551200 0.171200 0.005600
0.559200 0.171200 0.005600
0.580000 0.171200 0.008000
0.612800 0.171200 0.006400
0.633600 0.171200 0.005600
0.644000 0.171200 0.007200
0.665600 0.171200 0.008000
0.677600 0.171200 0.008000
0.716000 0.171200 0.008800
0.725600 0.171200 0.005600
0.745600 0.171200 0.007200
0.756800 0.171200 0.007200
0.767200 0.171200 0.005600
0.775200 0.171200 0.005600
0.784000 0.171200 0.008800
0.822400 0.171200 0.005600
0.832000 0.171200 0.007200
0.224800 0.172000 0.006400
0.436800 0.172000 0.005600
0.445600 0.172000 0.005600
0.454400 0.172000 0.007200
0.591200 0.172000 0.007200
0.602400 0.172000 0.007200
0.623200 0.172000 0.006400
0.654400 0.172000 0.005600
0.735200 0.172000 0.006400
0.181600 0.172800 0.006400
0.243200 0.172800 0.004800
0.250400 0.172800 0.005600
0.263200 0.172800 0.008000
0.356000 0.189600 0.015200
0.375200 0.189600 0.007200
0.384000 0.189600 0.013600
0.427200 0.189600 0.012800
0.504800 0.189600 0.011200
0.335200 0.190400 0.013600
0.344000 0.190400 0.004800
0.352000 0.190400 0.012000
0.364800 0.190400 0.016800
0.388800 0.190400 0.008800
0.404800 0.190400 0.012000
0.140000 0.191200 0.016800
0.176800 0.191200 0.016800
0.295200 0.191200 0.013600
0.317600 0.191200 0.013600
0.449600 0.191200 0.012800
0.160000 0.192000 0.013600
0.205600 0.192000 0.013600
0.484000 0.192000 0.012800
0.534400 0.192000 0.013600
0.543200 0.192000 0.004800
0.663200 0.192000 0.013600
0.186400 0.192800 0.013600
0.228000 0.192800 0.013600
0.273600 0.192800 0.013600
0.468800 0.192800 0.011200
0.520800 0.192800 0.011200
0.577600 0.192800 0.013600
0.659200 0.192800 0.016800
0.768800 0.192800 0.005600
0.778400 0.192800 0.016000
0.788000 0.192800 0.008800
0.248000 0.193600 0.016000
0.554400 0.193600 0.014400
0.644000 0.193600 0.008800
0.717600 0.193600 0.013600
0.800800 0.193600 0.011200
0.854400 0.193600 0.013600
0.591200 0.194400 0.013600
0.708800 0.194400 0.003200
0.724800 0.194400 0.013600
0.816000 0.194400 0.011200
0.835200 0.194400 0.012800
0.612000 0.195200 0.011200
0.629600 0.195200 0.011200
0.688000 0.195200 0.012800
0.696800 0.195200 0.004000
0.703200 0.195200 0.004000
0.742400 0.195200 0.011200
0.758400 0.195200 0.008800
0.597600 0.196000 0.016800
0.342400 0.212800 0.008800
0.352000 0.212800 0.008800
0.364800 0.212800 0.008800
0.850400 0.212800 0.011200
0.161600 0.213600 0.008800
0.175200 0.213600 0.009600
0.182400 0.213600 0.003200
0.188800 0.213600 0.005600
0.198400 0.213600 0.008000
0.399200 0.213600 0.007200
0.691200 0.213600 0.012800
0.700000 0.213600 0.005600
0.709600 0.213600 0.008800
0.733600 0.213600 0.008000
0.744000 0.213600 0.007200
0.139200 0.214400 0.011200
0.376000 0.214400 0.008800
0.388800 0.214400 0.008000
0.409600 0.214400 0.008000
0.722400 0.214400 0.008800
0.752800 0.214400 0.008800
0.148800 0.215200 0.008800
0.824000 0.233600 0.019200
0.848000 0.234400 0.013600
0.859200 0.234400 0.016800
0.316800 0.235200 0.016800
0.396800 0.235200 0.012800
0.632000 0.235200 0.005600
0.736000 0.235200 0.005600
0.748800 0.235200 0.016000
0.802400 0.235200 0.019200
0.812800 0.235200 0.005600
0.142400 0.236000 0.012800
0.175200 0.236000 0.008800
0.192800 0.236000 0.012800
0.203200 0.236000 0.015200
0.282400 0.236000 0.016800
0.343200 0.236000 0.011200
0.360800 0.236000 0.012800
0.380800 0.236000 0.011200
0.422400 0.236000 0.016000
0.444800 0.236000 0.011200
0.473600 0.236000 0.005600
0.642400 0.236000 0.020800
0.657600 0.236000 0.012800
0.777600 0.236000 0.016800
0.791200 0.236000 0.008800
0.160800 0.236800 0.011200
0.185600 0.236800 0.005600
0.232800 0.236800 0.008800
0.244800 0.236800 0.008800
0.293600 0.236800 0.005600
0.302400 0.236800 0.013600
0.327200 0.236800 0.012800
0.483200 0.236800 0.008800
0.498400 0.236800 0.022400
0.520800 0.236800 0.016800
0.584800 0.236800 0.008000
0.666400 0.236800 0.005600
0.674400 0.236800 0.007200
0.727200 0.236800 0.013600
0.759200 0.236800 0.015200
0.219200 0.237600 0.008800
0.261600 0.237600 0.013600
0.512000 0.237600 0.022400
0.560000 0.237600 0.011200
0.573600 0.237600 0.008800
0.599200 0.237600 0.011200
0.623200 0.237600 0.016800
0.689600 0.237600 0.011200
0.709600 0.237600 0.012800
0.460800 0.238400 0.011200
0.532000 0.238400 0.005600
0.615200 0.238400 0.016800
0.541600 0.239200 0.016800
0.135200 0.253600 0.008800
0.315200 0.253600 0.007200
0.657600 0.253600 0.008800
0.666400 0.253600 0.005600
0.674400 0.253600 0.008800
0.691200 0.253600 0.009600
0.178400 0.254400 0.008800
0.324800 0.254400 0.005600
0.333600 0.254400 0.005600
0.365600 0.254400 0.007200
0.376000 0.254400 0.008800
0.405600 0.254400 0.012000
0.720800 0.254400 0.007200
0.148800 0.255200 0.007200
0.159200 0.255200 0.005600
0.168800 0.255200 0.005600
0.192000 0.255200 0.007200
0.203200 0.255200 0.008800
0.344800 0.255200 0.007200
0.356000 0.255200 0.007200
0.388000 0.255200 0.008800
0.396800 0.255200 0.005600
0.704000 0.255200 0.005600
0.710400 0.255200 0.010400
0.208000 0.256000 0.008800
0.410400 0.256000 0.008800
0.732000 0.256000 0.007200
0.741600 0.256000 0.005600
0.749600 0.256000 0.005600
0.760800 0.256000 0.007200
0.769600 0.256000 0.011200
0.774400 0.256000 0.008800
0.380800 0.274400 0.011200
0.858400 0.274400 0.015200
0.134400 0.275200 0.016800
0.358400 0.275200 0.013600
0.442400 0.275200 0.011200
0.148800 0.276000 0.008800
0.165600 0.276000 0.013600
0.284800 0.276000 0.016800
0.293600 0.276000 0.011200
0.308800 0.276000 0.011200
0.367200 0.276000 0.005600
0.394400 0.276000 0.008800
0.426400 0.276000 0.024800
0.458400 0.276000 0.016800
0.468800 0.276000 0.004800
0.505600 0.276000 0.012800
0.520800 0.276000 0.019200
0.556800 0.276000 0.019200
0.702400 0.276000 0.005600
0.711200 0.276000 0.005600
0.186400 0.276800 0.015200
0.204800 0.276800 0.008800
0.216000 0.276800 0.008800
0.246400 0.276800 0.024800
0.273600 0.276800 0.024800
0.327200 0.276800 0.008800
0.408000 0.276800 0.016800
0.476800 0.276800 0.005600
0.488000 0.276800 0.016000
0.532000 0.276800 0.016800
0.545600 0.276800 0.008800
0.565600 0.276800 0.004800
0.629600 0.276800 0.013600
0.655200 0.276800 0.011200
0.681600 0.276800 0.017600
0.719200 0.276800 0.005600
0.737600 0.276800 0.013600
0.772000 0.276800 0.012800
0.808800 0.276800 0.008800
0.234400 0.277600 0.024000
0.317600 0.277600 0.015200
0.340000 0.277600 0.011200
0.670400 0.277600 0.013600
0.693600 0.277600 0.016000
0.755200 0.277600 0.011200
0.780000 0.277600 0.004800
0.822400 0.277600 0.010400
0.839200 0.277600 0.011200
0.259200 0.278400 0.011200
0.265600 0.278400 0.004800
0.575200 0.278400 0.013600
0.591200 0.278400 0.011200
0.793600 0.278400 0.011200
0.610400 0.279200 0.012800
0.288800 0.292000 0.007200
0.297600 0.292000 0.007200
0.310400 0.292800 0.008000
0.322400 0.292800 0.007200
0.802400 0.292800 0.008000
0.812800 0.292800 0.007200
0.820000 0.292800 0.005600
0.333600 0.293600 0.008000
0.366400 0.294400 0.004800
0.843200 0.294400 0.007200
0.855200 0.294400 0.008000
0.344000 0.295200 0.005600
0.350400 0.295200 0.005600
0.359200 0.295200 0.005600
0.643200 0.295200 0.010400
0.832000 0.295200 0.007200
0.628000 0.296000 0.008800
0.638400 0.296000 0.008800
0.649600 0.296000 0.005600
0.497600 0.296800 0.007200
0.666400 0.296800 0.007200
0.485600 0.297600 0.008000
0.510400 0.297600 0.007200
0.543200 0.297600 0.007200
0.609600 0.297600 0.009600
0.615200 0.297600 0.005600
0.657600 0.297600 0.005600
0.460800 0.298400 0.008000
0.521600 0.298400 0.007200
0.532800 0.298400 0.007200
0.211200 0.301600 0.008000
0.766400 0.313600 0.013600
0.785600 0.313600 0.020800
0.797600 0.313600 0.013600
0.309600 0.314400 0.008800
0.568000 0.314400 0.022400
0.814400 0.314400 0.011200
0.836000 0.314400 0.013600
0.844800 0.314400 0.011200
0.396800 0.315200 0.013600
0.437600 0.315200 0.013600
0.643200 0.315200 0.005600
0.651200 0.315200 0.005600
0.680000 0.315200 0.013600
0.724000 0.315200 0.013600
0.744800 0.315200 0.013600
0.827200 0.315200 0.011200
0.380000 0.316000 0.011200
0.454400 0.316000 0.013600
0.470400 0.316000 0.016800
0.552800 0.316000 0.011200
0.580800 0.316000 0.009600
0.599200 0.316000 0.012800
0.135200 0.316800 0.020800
0.272000 0.316800 0.011200
0.291200 0.316800 0.015200
0.339200 0.316800 0.016000
0.417600 0.316800 0.011200
0.617600 0.316800 0.010400
0.632800 0.316800 0.008800
0.661600 0.316800 0.011200
0.703200 0.316800 0.011200
0.860800 0.316800 0.016000
0.212000 0.317600 0.021600
0.327200 0.317600 0.005600
0.358400 0.317600 0.015200
0.533600 0.317600 0.012800
0.149600 0.318400 0.029600
0.160800 0.318400 0.019200
0.258400 0.318400 0.007200
0.318400 0.318400 0.014400
0.480000 0.318400 0.013600
0.496000 0.318400 0.013600
0.519200 0.319200 0.013600
0.175200 0.320000 0.021600
0.198400 0.320000 0.027200
0.218400 0.320000 0.013600
0.248800 0.320000 0.008800
0.185600 0.320800 0.022400
0.229600 0.321600 0.016800
0.235200 0.321600 0.011200
0.645600 0.332000 0.007200
0.654400 0.332000 0.005600
0.617600 0.332800 0.008000
0.629600 0.332800 0.008800
0.664000 0.332800 0.006400
0.682400 0.332800 0.005600
0.692000 0.332800 0.005600
0.700000 0.332800 0.012000
0.704800 0.332800 0.008000
0.829600 0.332800 0.005600
0.837600 0.332800 0.005600
0.846400 0.332800 0.007200
0.674400 0.333600 0.005600
0.798400 0.333600 0.008000
0.808000 0.333600 0.007200
0.821600 0.333600 0.011200
0.768800 0.335200 0.007200
0.254400 0.336000 0.008000
0.466400 0.336000 0.008800
0.264000 0.336800 0.007200
0.276800 0.336800 0.008000
0.472800 0.336800 0.003200
0.289600 0.337600 0.007200
0.332800 0.337600 0.005600
0.341600 0.337600 0.007200
0.351200 0.337600 0.008800
0.480000 0.337600 0.005600
0.490400 0.337600 0.007200
0.517600 0.337600 0.005600
0.526400 0.337600 0.005600
0.532000 0.337600 0.009600
0.300800 0.338400 0.007200
0.312000 0.338400 0.007200
0.323200 0.338400 0.007200
0.356000 0.338400 0.008800
0.500800 0.338400 0.005600
0.508800 0.338400 0.005600
0.577600 0.342400 0.007200
0.723200 0.353600 0.011200
0.631200 0.354400 0.011200
0.765600 0.354400 0.012800
0.792000 0.354400 0.016800
0.686400 0.355200 0.019200
0.707200 0.355200 0.016800
0.740800 0.355200 0.016800
0.780000 0.355200 0.005600
0.465600 0.356000 0.005600
0.596800 0.356000 0.008800
0.613600 0.356000 0.011200
0.649600 0.356000 0.016000
0.672000 0.356000 0.013600
0.750400 0.356000 0.022400
0.808000 0.356000 0.008800
0.838400 0.356000 0.013600
0.857600 0.356000 0.013600
0.201600 0.356800 0.024000
0.584000 0.356800 0.011200
0.600800 0.356800 0.008800
0.819200 0.356800 0.016800
0.373600 0.357600 0.022400
0.387200 0.357600 0.008800
0.521600 0.357600 0.005600
0.154400 0.358400 0.016000
0.189600 0.358400 0.011200
0.258400 0.358400 0.014400
0.276000 0.358400 0.005600
0.353600 0.358400 0.013600
0.446400 0.358400 0.008800
0.457600 0.358400 0.005600
0.474400 0.358400 0.014400
0.288000 0.359200 0.016000
0.328000 0.359200 0.016800
0.335200 0.359200 0.013600
0.422400 0.359200 0.018400
0.490400 0.359200 0.013600
0.511200 0.359200 0.016000
0.536800 0.359200 0.012800
0.552800 0.359200 0.011200
0.132000 0.360000 0.019200
0.231200 0.360000 0.016800
0.312000 0.360000 0.013600
0.398400 0.360000 0.019200
0.408800 0.360000 0.005600
0.435200 0.360000 0.005600
0.569600 0.360000 0.011200
0.174400 0.360800 0.011200
0.237600 0.360800 0.003200
0.221600 0.362400 0.016800
0.209600 0.363200 0.006400
0.923200 0.371200 0.013600
0.941600 0.371200 0.013600
0.954400 0.371200 0.021600
0.939200 0.390400 0.011200
0.927200 0.391200 0.011200
0.872000 0.402400 0.016800
