2126
2126
2135
2135
2126
2126
2126
2126
2127
2127
2127
2127
2127
2127
2127
2127
2127
2127
2127
2127
2127
2127
2127
2127
2127
2127
2127
2127
2127
2127
2127
2127
2133
2133
2133
2133
2133
2133
2133
2130
2130
2130
2130
2130
2130
2132
2132
2130
2136
2131
2136
2119
2119
2119
2119
2119
2119
2119
2119
2119
2119
2119
2119
2119
2119
2119
2119
2119
2119
2119
2119
2119
2119
2119
2119
2119
2119
2119
2119
2119
2119
2119
2119
2119
2119
2119
2119
2119
2119
2119
2119
2119
2119
2119
2119
2119
2119
2119
2119
2119
2119
2119
2119
2119
2119
2119
2119
2119
2119
2137
2137
2137
2137
2137
2137
2138
2138
2138
2138
2138
2138
2138
2138
2138
2119
2119
2119
2119
2119
2119
2119
2119
2119
2119
2119
2119
2119
2119
2119
2119
2119
2119
2119
2119
2119
2119
2119
2119
2119
2119
2119
2119
2119
2119
2119
2119
2119
2119
2119
2119
2119
2119
2119
2119
2119
2119
2119
2119
2119
2119
2119
2119
2119
2119
2119
2119
2119
2119
2119
2119
2119
2119
2141
2141
2141
2141
2141
2141
2141
2141
2141
2141
2141
2141
2125
2125
2139
2139
2139
2139
2139
2125
2125
2139
2139
2142
2142
2142
2125
2139
2139
2142
2142
2142
2142
2125
2125
2139
2142
2142
2142
2142
2142
2142
2142
2142
2142
2125
2125
2125
2141
2141
2159
2141
2125
2125
2125
2125
2119
2119
2119
2119
2119
2125
2125
2119
2119
2119
2125
2119
2119
2119
2119
2119
2119
2119
2119
2119
2119
2119
2119
2119
2125
2125
2119
2119
2119
2119
2119
2119
2119
2119
2119
2119
2119
2119
2119
2119
2119
2119
2119
2119
2119
2119
2119
2119
2119
2119
2119
2119
2119
2119
2119
2119
2125
2125
2125
2146
2146
2146
2144
2144
2144
2144
2144
2144
2143
2146
2146
2146
2144
2143
2143
2143
2143
2145
2145
2145
2145
2145
2145
2145
2119
2119
2119
2119
2119
2119
2119
2119
2119
2119
2119
2119
2119
2119
2119
2119
2119
2119
2119
2119
2119
2119
2119
2119
2119
2119
2119
2119
2119
2119
2119
2119
2119
2119
2119
2119
2119
2119
2119
2119
2119
2119
2119
2119
2147
2147
2147
2147
2147
2147
2148
2147
2148
2150
2150
2150
2148
2148
2148
2149
2149
2149
2150
2150
2151
2148
2149
2151
2151
2149
2149
2151
2151
2151
2151
2149
2151
2119
2119
2119
2119
2119
2119
2119
2119
2119
2119
2119
2119
2119
2119
2119
2119
2119
2119
2119
2119
2119
2119
2119
2119
2119
2119
2119
2119
2119
2119
2119
2119
2119
2119
2119
2119
2119
2119
2119
2119
2119
2119
2119
2119
2119
2119
2119
2119
2119
2119
2119
2119
2119
2119
2154
2154
2154
2154
2155
2155
2155
2155
2154
2154
2154
2154
2154
2155
2155
2154
2154
2154
2154
2155
2152
2152
2152
2152
2152
2152
2152
2153
2153
2152
2152
2152
2153
2153
2153
2152
2153
2156
2119
2119
2119
2119
2119
2119
2119
2119
2119
2119
2119
2119
2119
2119
2119
2119
2119
2119
2119
2119
2119
2119
2119
2119
2119
2119
2119
2119
2119
2119
2119
2119
2119
2119
2119
2119
2119
2119
2119
2119
2119
2119
2119
2119
2119
2119
2119
2119
2119
2119
2119
2119
2119
2119
2119
2119
2119
2157
2157
2157
2157
2157
2157
2157
2157
2157
2157
2157
2157
2157
2157
2157
2157
2157
2157
2157
2157
2157
2157
2157
2157
2157
2157
2157
2157
2157
2157
2157
2158
2158
2158
2158
2158
2158
2158
2121
2121
2121
2121
2121
2121
2121
2121
2121
2121
2121
2124
2124
2124
2124
2124
2124
2124
2124
2119
2119
2119
2119
2119
2119
2119
2119
2119
2119
2119
2119
2119
2119
2119
2119
2119
2119
2119
2119
2119
2119
2121
2119
2119
2119
2119
2119
2119
2119
2119
2119
2119
2119
2121
2119
2119
2119
2119
2119
2119
2121
2119
2119
2119
2119
2119
2119
2119
2119
2119
2121
2121
2121
2121
2119
2119
2119
2119
2119
2121
2121
2124
2124
2119
2121
2121
2124
2121
2121
2121
2121
2121
2121
2122
2122
2123
2123
2123
2123
2123
2123