1935
1935
1935
1937
1937
1937
1937
1937
1935
1935
1935
1935
1937
1937
1937
1935
1935
1935
1935
1935
1935
1935
1935
1935
1935
1935
1935
1937
1937
1935
1935
1935
1935
1935
1935
1935
1935
1935
1935
1935
1935
1937
1937
1935
1935
1935
1937
1937
1935
1937
1937
1938
1938
1938
1938
1937
1937
1938
1938
1938
1938
1938
1938
1937
1938
1937
1937
1938
1938
1938
1938
1937
1937
1937
1938
1938
1938
1938
1938
1937
1937
1937
1937
1938
1938
1938
1938
1938
1937
1937
1937
1938
1938
1938
1938
1937
1937
1937
1938
1938
1938
1938
1938
1938
1938
1938
1938
1937
1937
1937
1935
1937
1937
1937
1935
1935
1935
1935
1935
1935
1935
1935
1935
1937
1937
1937
1937
1935
1935
1935
1935
1935
1935
1935
1935
1935
1935
1935
1935
1935
1935
1935
1935
1935
1935
1935
1937
1937
1937
1935
1935
1935
1935
1935
1935
1937
1938
1938
1938
1938
1938
1937
1938
1938
1938
1938
1937
1938
1938
1938
1938
1937
1937
1937
1937
1937
1938
1938
1938
1938
1937
1937
1938
1938
1938
1938
1938
1938
1938
1938
1938
1938
1938
1938
1938
1938
1938
1938
1938
1938
1938
1938
1935
1935
1935
1935
1935
1935
1935
1935
1935
1935
1935
1935
1935
1935
1935
1935
1935
1935
1935
1935
1935
1935
1935
1935
1935
1935
1935
1935
1935
1935
1935
1935
1935
1938
1938
1938
1938
1938
1938
1938
1938
1938
1938
1938
1938
1938
1938
1938
1938
1935
1935
1935
1935
1935
1935
1936
1936
1936
1936
1936
1936
1939
1939
1939
1939
1939
1939
1939
1939
1939
1939
1939
1939
1939
1939
1939
1939
1939
1939
1939
1939
1939
1939
1939
1939
1939
1939
1939
1939
1939
1939
1939
1939
1939
1939
1939
1939
1939
1939
1939
1939
1939
1939
1939
1939
1939
1939
1939
1962
1962
1940
1934
1940
1940
1934
1962
1962
1962
1962
1962
1934
1934
1934
1934
1962
1934
1961
1961
1961
1960
1961
1961
1961
1961
1960
1960
1960
1960
1960
1960
1960
1960
1961
1961
1961
1961
1961
1960
1960
1961
1961
1961
1961
1961
1961
1961
1960
1959
1934
1934
1931
1931
1931
1931
1931
1931
1931
1931
1931
1931
1931
1931
1931
1931
1931
1931
1931
1931
1931
1931
1931
1931
1931
1931
1931
1931
1931
1931
1931
1931
1931
1931
1931
1931
1931
1931
1931
1931
1931
1931
1931
1931
1931
1931
1931
1931
1931
1931
1931
1931
1931
1931
1957
1957
1956
1956
1956
1958
1958
1958
1931
1931
1931
1931
1933
1933
1933
1931
1931
1931
1931
1931
1931
1931
1933
1933
1933
1933
1933
1933
1933
1933
1931
1931
1931
1931
1933
1931
1931
1933
1933
1931
1931
1931
1931
1931
1931
1931
1931
1931
1931
1931
1931
1931
1931
1931
1931
1931
1931
1931
1931
1931
1931
1931
1931
1931
1931
1931
1931
1931
1931
1931
1931
1931
1931
1931
1931
1933
1933
1933
1933
1933
1933
1933
1933
1933
1933
1933
1933
1933
1933
1933
1955
1955
1955
1955
1955
1955
1955
1955
1955
1955
1955
1955
1955
1955
1955
1955
1955
1942
1942
1942
1942
1942
1942
1942
1942
1942
1942
1942
1942
1950
1953
1954
1942
1950
1950
1953
1953
1953
1953
1953
1954
1954
1950
1950
1953
1954
1954
1954
1954
1951
1951
1952
1952
1952
1951
1952
1952
1933
1933
1933
1933
1933
1933
1933
1942
1942
1942
1942
1942
1942
1942
1942
1942
1942
1942
1931
1931
1931
1931
1931
1931
1931
1931
1931
1931
1931
1931
1931
1931
1931
1931
1931
1931
1931
1931
1931
1931
1931
1931
1931
1931
1931
1931
1931
1931
1931
1931
1931
1931
1931
1931
1931
1931
1931
1931
1931
1931
1931
1931
1931
1931
1931
1931
1931
1931
1931
1931
1931
1942
1942
1942
1942
1948
1948
1948
1948
1948
1948
1948
1948
1948
1948
1948
1948
1948
1948
-1
1931
1931
1931
1931
1931
1931
1931
1931
1931
1931
1931
1931
1931
1931
1931
1931
1931
1931
1931
1931
1931
1931
1931
1931
1931
1931
1931
1931
1931
1931
1931
1931
1931
1931
1931
1931
1931
1931
1931
1931
1931
1931
1931
1931
1931
1931
1931
1931
1931
1931
1931
1931
1931
1931
1931
1949
1949
1949
1949
1949
1932
1949
1932
1932
1932
1932
1932
1932
1932
1932
1932
1932
1932
1932
1932
1931
1931
1931
1931
1931
1931
1931
1931
1931
1931
1931
1931
1931
1931
1931
1931
1931
1931
1931
1931
1931
1931
1931
1931
1931
1931
1931
1931
1931
1931
1931
1931
1931
1931
1931
1931
1931
1931
1931
1931
1931
1932
1931
1931
1931
1931
1931
1932
1932
1932
1932
1931
1931
1932
1932
1932
1932
1931
1931
1932
1932
1932
1932
1932
1932
1931
1947
1947
1947
1947
1947
1947
1947
1947
1947
1947
1947
1947
1947
1947
1947
1947
1947
1932
1932
1932
1932
1932
1932
1947
1947
1932
1947
1947
1947
1947
1947
1932
1932
1932
1932
1947
1947
1947
1947
1932
1947
1947
1947
1947
1947
1947
1947
1947
1947
1947
1947
1947
1947
1947
1947
1947
1947
1947
1947
1947
1947
1947
1947
1947
1947
1932
1932
1932
1947
1947
1932
1932
1932
1932
1932
1932
1932
1932
1932
1932
1932
1932
1932
1932
1932
1932
1931
1931
1932
1932
1932
1932
1932
1932
1932
1932
1931
1932
1931
1931
1931
1931
1931
1931
1931
1931
1931
1931
1931
1931
1931
1931
1931
1931
1931
1931
1931
1931
1931
1931
1931
1931
1931
1931
1931
1931
1931
1931
1931
1931
1931
1931
1931
1931
1931
1931
1931
1931
1931
1931
1931
1931
1931
1931
1931
1932
1932
1932
1932
1945
1945
1945
1945
1945
1945
1945
1945
1945
1945
1945
1945
1945
1945
1945
1945
1945
1945
1945
1945
1945
1945
1945
1945
1945
1945
1946
1946
1946
1946
1946
1945
1945
1946
1946
1946
1946
1946
1946
1946
1945
1945
1946
1946
1946
1946
1946
1946
1946
1946
1946
1946
1946
1946
1946
1946
1945
1945
1945
1945
1945
1945
1946
1946
1946
1946
1946
1945
1946
1946
1943
1943
1943
1943
1945
1945
1945
1945
1945
1945
1945
1945
1945
1945
1945
1945
1945
1945
1945
1946
1945
1945
1945
1946
1946
1946
1946
1946
1946
1946
1946
1945
1945
1945
1945
1945
1945
1945
1945
1945
1945
1946
1946
1946
1946
1946
1946
1946
1946
1946
1946
1946
1946
1946
1946
1946
1945
1945
1945
1945
1945
1945
1946
1946
1946
1946
1945
1945
1946
1946
1945
1945
1945
1945
1945
1945
1945
1945
1945
1945
1945
1945
1943
1943
1946
1946
1946
1946
1946
1946
1946
1946
1944
1944
1944
1944
1944
1944
1944
1944
1944
1944
1944
1944
1944
1944
1944
1944
1944
1944
1944
1944
1944
1944
1944
1944
1944
1944
1944
1944
1944
1944
1944
1944
1944
1944
1944
1944
1944
1944
1944
1944
1944
1944
1944
1944
1944
1944
1944
1944
1944
1944
1944
1944
1944
1944
1944
1944
1944
1944
1944
1944
1944
1944
1944
1944
1944
1944
1944
1944
1944
1944
1944
1944
1944
1944
1944
1944
1944
1944
1944
1944
1944
1944
1944
1944
1944
1944
1944
1944
1944
1944
1944
1944
1944
1944
1944
1944
1944
1944
1944
1944
1944
1944
1944
1944
1944
1944
1944
1944
1944
1944
1944
1944
1944
1944
1944
1944
1944
1944
1944
1944
1944
1944
1944
1944
1944
1944
1944
1944
1944
1944
1944
1944
1944
1944
1944
1944
1944
1944
1944
1944
1944
1944
1944
1944
1944
1944
1944
1944
1944
1944
1944
1944
1944
1944
1944
1944
1944
1944
1944
1944
1944
1944
1944
1944
1944
1944
1944
1944
1944
1944
1944
1944
1944
1944
1944
1944
1944
1944
1944
1944
1944
1944
1944
1944
1944
1944
1944
1944
1944
1944
1944
1944
1944
1944
1944
1944
1944
1944
1944
1944
1944
1944
1944
1944
1944
1944
1944
1944
1944
1944
1944
1944
1944
1944
1944
1944
1944
1944
1944
1944
1944
1944
1944
1944
1944
1944
1944
1944
1944
1944
1944
1944
1944
1944
1944
1944
1944
1944
1944
1944
1944
1944
1944
1944
1944
1944
1944
1944
1944
1944
1944
1944
1944
1944