524
519
519
519
519
524
524
519
519
518
518
518
518
518
518
518
518
518
518
518
518
521
521
521
523
523
523
523
523
523
522
522
522
522
517
517
489
489
489
489
489
489
489
489
489
489
489
489
489
489
489
489
489
489
489
489
489
489
489
489
489
489
489
489
489
489
489
489
489
489
489
489
489
489
489
489
489
489
489
489
489
489
489
515
512
512
515
514
514
514
514
516
516
489
489
489
489
489
489
489
489
489
487
487
487
489
489
489
489
487
487
487
489
489
489
489
489
489
489
489
489
489
487
487
489
489
489
489
489
489
489
489
489
489
489
489
489
489
487
487
489
489
489
489
489
489
489
489
489
489
489
489
489
489
489
487
487
487
487
487
487
487
487
487
487
508
508
508
510
508
510
508
510
510
510
507
510
510
507
509
507
509
507
507
509
487
487
487
487
487
487
487
487
487
487
489
489
489
489
489
489
489
489
489
489
489
489
489
489
489
489
489
489
489
489
489
489
489
489
489
489
489
489
489
511
511
489
489
489
489
489
489
489
489
489
511
489
489
489
489
489
489
489
489
489
489
489
487
487
487
487
487
487
487
487
487
487
506
506
505
506
505
503
502
502
502
504
503
503
501
501
487
487
487
487
487
487
487
487
489
489
489
489
489
489
489
489
489
489
489
489
489
489
489
489
489
489
489
489
489
489
489
489
489
489
489
489
489
489
489
489
489
489
489
489
489
489
489
489
489
489
489
489
489
489
489
489
489
489
489
489
489
489
489
489
500
500
500
500
500
500
499
500
500
500
500
500
500
499
500
499
499
499
500
500
500
500
500
497
498
497
497
497
497
497
497
498
497
497
497
500
489
489
489
489
489
489
489
489
489
489
489
489
489
489
489
489
489
489
489
489
489
489
489
489
489
489
489
489
489
489
489
489
489
489
489
489
489
489
489
489
489
489
489
489
489
489
489
489
489
489
493
493
496
496
493
493
493
492
492
492
494
496
492
492
492
492
494
494
492
494
492
526
526
526
493
493
489
489
489
489
489
489
489
489
489
489
489
489
489
489
489
489
489
489
489
489
489
489
489
489
489
489
489
489
489
489
489
489
489
489
489
489
489
489
489
489
489
489
489
489
489
489
489
489
491
491
490
490
489
489
489
489
489
489
489
489
489
489
489
489
489
489
489
489
489
489
489
489
489
489
489
489
489
489
489
489
489
489
489
489
489
489
489
489
489
489
489
489
489
489
489
489
489
489
489
489
489
489
488
488
488
488
488
488
488