167
167
167
173
173
173
173
173
173
171
171
171
171
171
171
171
171
171
171
168
168
168
168
168
168
168
168
168
170
170
169
169
168
168
170
169
169
169
169
169
169
169
168
168
170
170
169
169
170
172
171
171
171
171
171
171
171
171
166
166
166
166
166
166
166
166
166
166
166
166
166
166
166
166
166
166
166
166
166
166
166
166
166
166
166
166
166
166
166
166
166
166
166
166
166
166
166
166
166
166
166
166
166
166
166
166
166
175
175
175
175
175
175
175
175
175
175
175
175
175
176
175
175
177
177
177
176
176
177
177
177
177
177
-1
206
206
206
206
206
206
206
206
166
166
166
166
166
166
166
166
166
166
166
166
166
166
166
166
166
166
166
166
166
166
166
166
166
166
166
166
166
166
166
166
166
166
166
166
166
166
166
166
166
166
166
166
166
166
166
166
166
166
166
166
206
206
206
206
206
206
206
206
206
182
182
182
182
182
182
182
182
182
182
180
180
178
178
178
178
178
178
182
182
182
180
180
180
180
179
178
178
178
178
178
178
180
180
180
179
179
178
178
178
206
180
179
179
179
179
179
179
179
206
206
179
206
206
206
206
206
206
206
206
182
182
182
182
206
206
206
206
206
166
166
166
166
166
166
166
166
166
166
166
166
166
166
166
166
166
166
166
166
166
166
166
166
166
166
166
166
166
166
166
166
166
166
166
166
166
166
166
166
166
166
166
166
166
166
166
166
166
166
166
186
186
186
186
186
186
186
186
186
188
186
186
186
186
186
186
186
188
188
183
183
184
184
185
188
184
184
185
185
185
185
185
183
183
183
183
184
184
184
184
184
185
185
185
185
185
185
185
183
183
185
187
166
166
166
166
166
166
166
166
166
166
166
166
166
166
166
166
166
166
166
166
166
166
166
166
166
166
166
166
166
166
166
166
166
166
166
166
166
166
166
166
166
166
166
166
166
166
166
166
166
166
191
191
191
189
191
191
191
191
189
191
191
191
190
192
192
190
190
190
190
190
166
166
166
166
166
166
166
166
166
166
166
166
166
166
166
166
166
166
166
166
166
166
166
166
166
166
166
166
166
166
166
166
166
166
166
166
166
166
166
166
166
166
166
166
166
166
166
166
166
197
197
193
197
197
198
193
193
197
198
198
198
198
195
197
198
198
198
198
197
197
198
198
198
195
195
195
195
195
195
195
194
196
196
166
166
166
166
166
166
166
166
166
166
166
166
166
166
166
166
166
166
166
166
166
166
166
166
166
166
166
166
166
166
166
166
166
166
166
166
166
166
166
166
166
166
166
166
166
166
166
166
200
199
202
202
200
199
199
200
199
199
199
199
199
202
202
202
200
200
204
200
204
204
204
203
204
204
203
203
203
203
203
203
166
166
166
166
166
166
166
166
166
166
166
166
166
166
166
166
166
166
166
166
166
166
166
166
166
166
166
166
166
166
166
166
166
166
166
166
166
166
166
166
166
166
166
166
166
166
166
166
166
166
166
166
166
166