0.860800 0.037600 0.005600
0.870400 0.037600 0.008800
0.884000 0.037600 0.008800
0.895200 0.037600 0.008800
0.910400 0.037600 0.008800
0.852000 0.038400 0.005600
0.920000 0.038400 0.005600
0.928800 0.038400 0.007200
0.940800 0.038400 0.008000
0.953600 0.038400 0.007200
0.964800 0.038400 0.008800
0.652800 0.039200 0.009600
0.842400 0.039200 0.005600
0.665600 0.040000 0.008800
0.675200 0.040000 0.005600
0.684800 0.040000 0.007200
0.696800 0.040000 0.007200
0.725600 0.040000 0.007200
0.772000 0.040000 0.005600
0.789600 0.040000 0.008800
0.814400 0.040000 0.007200
0.834400 0.040000 0.005600
0.705600 0.040800 0.005600
0.714400 0.040800 0.006400
0.780800 0.040800 0.005600
0.795200 0.040800 0.011200
0.804000 0.040800 0.007200
0.824800 0.040800 0.006400
0.738400 0.041600 0.007200
0.752000 0.041600 0.008000
0.762400 0.041600 0.007200
0.428000 0.044000 0.019200
0.433600 0.044000 0.013600
0.442400 0.044000 0.007200
0.130400 0.044800 0.003200
0.153600 0.044800 0.005600
0.292800 0.044800 0.016800
0.316000 0.044800 0.018400
0.324000 0.044800 0.005600
0.331200 0.044800 0.005600
0.347200 0.044800 0.013600
0.392000 0.044800 0.011200
0.406400 0.044800 0.008800
0.417600 0.044800 0.008000
0.456000 0.044800 0.008800
0.465600 0.044800 0.007200
0.508000 0.044800 0.008800
0.518400 0.044800 0.007200
0.534400 0.044800 0.013600
0.543200 0.044800 0.019200
0.136000 0.045600 0.005600
0.144800 0.045600 0.007200
0.160000 0.045600 0.011200
0.171200 0.045600 0.013600
0.189600 0.045600 0.012800
0.198400 0.045600 0.005600
0.272800 0.045600 0.008800
0.284000 0.045600 0.005600
0.304000 0.045600 0.008800
0.338400 0.045600 0.012800
0.365600 0.045600 0.008800
0.379200 0.045600 0.008000
0.476000 0.045600 0.016800
0.484800 0.045600 0.015200
0.495200 0.045600 0.008800
0.556800 0.045600 0.011200
0.584000 0.045600 0.007200
0.592800 0.045600 0.005600
0.108800 0.046400 0.007200
0.208000 0.046400 0.012800
0.222400 0.046400 0.008800
0.355200 0.046400 0.019200
0.574400 0.046400 0.016000
0.600800 0.046400 0.013600
0.092800 0.047200 0.013600
0.119200 0.047200 0.008800
0.234400 0.047200 0.008800
0.246400 0.047200 0.007200
0.256800 0.047200 0.008800
0.612000 0.047200 0.008000
0.624800 0.047200 0.008800
0.635200 0.047200 0.008800
0.082400 0.048000 0.013600
0.057600 0.049600 0.005600
0.068000 0.049600 0.013600
0.035200 0.050400 0.012800
0.050400 0.050400 0.013600
0.896000 0.052000 0.005600
0.909600 0.052000 0.005600
0.920000 0.052000 0.007200
0.964000 0.052000 0.008800
0.852000 0.052800 0.007200
0.931200 0.052800 0.007200
0.944000 0.052800 0.008000
0.954400 0.052800 0.005600
0.646400 0.053600 0.007200
0.729600 0.053600 0.006400
0.739200 0.053600 0.007200
0.752800 0.053600 0.007200
0.795200 0.053600 0.003200
0.840800 0.053600 0.008000
0.862400 0.053600 0.008800
0.874400 0.053600 0.008800
0.888000 0.053600 0.011200
0.656000 0.054400 0.007200
0.672800 0.054400 0.007200
0.688800 0.054400 0.008800
0.700000 0.054400 0.007200
0.720000 0.054400 0.005600
0.766400 0.054400 0.008800
0.772000 0.054400 0.008800
0.782400 0.054400 0.008800
0.788000 0.054400 0.008800
0.801600 0.054400 0.005600
0.811200 0.054400 0.007200
0.823200 0.054400 0.008800
0.664000 0.055200 0.005600
0.682400 0.055200 0.005600
0.710400 0.055200 0.006400
0.179200 0.066400 0.013600
0.188000 0.066400 0.015200
0.748800 0.067200 0.007200
0.759200 0.067200 0.007200
0.768000 0.067200 0.005600
0.779200 0.067200 0.008000
0.792000 0.067200 0.008800
0.808800 0.067200 0.008000
0.154400 0.068000 0.008800
0.164800 0.068000 0.008800
0.679200 0.068000 0.005600
0.687200 0.068000 0.008800
0.692800 0.068000 0.003200
0.701600 0.068000 0.006400
0.736000 0.068000 0.008000
0.124800 0.068800 0.013600
0.140800 0.068800 0.008800
0.648800 0.068800 0.008800
0.660000 0.068800 0.007200
0.671200 0.068800 0.005600
0.710400 0.068800 0.005600
0.720800 0.068800 0.008000
0.957600 0.072800 0.016800
0.969600 0.072800 0.027200
0.609600 0.080000 0.008800
0.557600 0.080800 0.008800
0.568000 0.080800 0.007200
0.599200 0.080800 0.008800
0.544800 0.081600 0.011200
0.578400 0.081600 0.007200
0.588800 0.081600 0.007200
0.240800 0.083200 0.008800
0.252000 0.083200 0.008000
0.231200 0.084000 0.008800
0.335200 0.084000 0.011200
0.778400 0.084000 0.008800
0.840000 0.084000 0.011200
0.261600 0.084800 0.008000
0.272800 0.084800 0.008800
0.285600 0.084800 0.011200
0.293600 0.084800 0.008800
0.298400 0.084800 0.012800
0.305600 0.084800 0.005600
0.314400 0.084800 0.005600
0.322400 0.084800 0.011200
0.343200 0.084800 0.005600
0.404000 0.084800 0.008800
0.416000 0.084800 0.008800
0.426400 0.084800 0.007200
0.448800 0.084800 0.007200
0.458400 0.084800 0.005600
0.764800 0.084800 0.008800
0.852000 0.084800 0.008000
0.863200 0.084800 0.008800
0.876000 0.084800 0.005600
0.352800 0.085600 0.007200
0.361600 0.085600 0.014400
0.367200 0.085600 0.010400
0.394400 0.085600 0.007200
0.436000 0.085600 0.008800
0.477600 0.085600 0.015200
0.484000 0.085600 0.011200
0.927200 0.085600 0.006400
0.468000 0.086400 0.007200
0.884800 0.086400 0.007200
0.896000 0.086400 0.008800
0.910400 0.086400 0.011200
0.918400 0.086400 0.005600
0.936800 0.086400 0.015200
0.700000 0.090400 0.008000
0.592800 0.104800 0.007200
0.660000 0.104800 0.019200
0.704000 0.104800 0.008800
0.352800 0.105600 0.016000
0.512800 0.105600 0.008800
0.536800 0.105600 0.018400
0.546400 0.105600 0.017600
0.580000 0.105600 0.011200
0.603200 0.105600 0.005600
0.612000 0.105600 0.013600
0.643200 0.105600 0.013600
0.648000 0.105600 0.013600
0.693600 0.105600 0.008800
0.719200 0.105600 0.011200
0.739200 0.105600 0.013600
0.784800 0.105600 0.019200
0.848800 0.105600 0.005600
0.343200 0.106400 0.008800
0.384000 0.106400 0.011200
0.502400 0.106400 0.008800
0.524800 0.106400 0.008800
0.562400 0.106400 0.011200
0.628800 0.106400 0.011200
0.668800 0.106400 0.022400
0.682400 0.106400 0.018400
0.752800 0.106400 0.016800
0.759200 0.106400 0.013600
0.796800 0.106400 0.019200
0.840000 0.106400 0.013600
0.860000 0.106400 0.015200
0.315200 0.107200 0.011200
0.368000 0.107200 0.011200
0.772800 0.107200 0.008800
0.810400 0.107200 0.019200
0.830400 0.107200 0.015200
0.253600 0.108000 0.013600
0.298400 0.108000 0.013600
0.400800 0.108000 0.011200
0.416000 0.108000 0.011200
0.449600 0.108000 0.012800
0.483200 0.108000 0.012800
0.824800 0.108000 0.011200
0.160800 0.108800 0.008800
0.179200 0.108800 0.013600
0.198400 0.108800 0.013600
0.212800 0.108800 0.013600
0.330400 0.108800 0.011200
0.434400 0.108800 0.011200
0.467200 0.108800 0.011200
0.234400 0.109600 0.012000
0.272800 0.109600 0.014400
0.147200 0.110400 0.008800
0.073600 0.111200 0.014400
0.083200 0.111200 0.014400
0.067200 0.112000 0.003200
0.133600 0.112000 0.021600
0.062400 0.112800 0.003200
0.054400 0.114400 0.011200
0.032800 0.115200 0.016000
0.040000 0.115200 0.013600
0.592800 0.124800 0.007200
0.631200 0.124800 0.007200
0.560800 0.125600 0.008800
0.569600 0.125600 0.005600
0.579200 0.125600 0.007200
0.604000 0.125600 0.007200
0.614400 0.125600 0.007200
0.640800 0.125600 0.012800
0.648800 0.125600 0.005600
0.436800 0.128000 0.008800
0.467200 0.128000 0.007200
0.446400 0.128800 0.006400
0.456800 0.128800 0.006400
0.476800 0.128800 0.005600
0.484800 0.129600 0.005600
0.491200 0.129600 0.005600
0.500800 0.129600 0.007200
0.510400 0.129600 0.008000
0.063200 0.136800 0.011200
0.050400 0.137600 0.011200
0.312800 0.145600 0.022400
0.320000 0.146400 0.016800
0.077600 0.147200 0.009600
0.336000 0.147200 0.021600
0.431200 0.147200 0.013600
0.480800 0.147200 0.011200
0.495200 0.147200 0.011200
0.575200 0.147200 0.016800
0.440000 0.148000 0.013600
0.467200 0.148000 0.011200
0.530400 0.148000 0.011200
0.548000 0.148000 0.011200
0.620800 0.148000 0.011200
0.090400 0.148800 0.011200
0.132800 0.148800 0.019200
0.161600 0.148800 0.005600
0.172800 0.148800 0.008800
0.257600 0.148800 0.008800
0.402400 0.148800 0.008800
0.413600 0.148800 0.013600
0.421600 0.148800 0.005600
0.453600 0.148800 0.009600
0.511200 0.148800 0.011200
0.596800 0.148800 0.016800
0.760000 0.148800 0.008800
0.145600 0.149600 0.013600
0.152800 0.149600 0.013600
0.207200 0.149600 0.016800
0.239200 0.149600 0.012800
0.275200 0.149600 0.013600
0.296800 0.149600 0.013600
0.351200 0.149600 0.022400
0.383200 0.149600 0.013600
0.562400 0.149600 0.022400
0.608800 0.149600 0.008800
0.665600 0.149600 0.005600
0.673600 0.149600 0.005600
0.700000 0.149600 0.011200
0.714400 0.149600 0.013600
0.770400 0.149600 0.008800
0.783200 0.149600 0.008800
0.844000 0.149600 0.011200
0.861600 0.149600 0.015200
0.186400 0.150400 0.008800
0.199200 0.150400 0.019200
0.220800 0.150400 0.009600
0.232800 0.150400 0.005600
0.288000 0.150400 0.005600
0.363200 0.150400 0.016800
0.372800 0.150400 0.008800
0.392000 0.150400 0.007200
0.636000 0.150400 0.009600
0.649600 0.150400 0.008800
0.660000 0.150400 0.004800
0.684800 0.150400 0.008800
0.725600 0.150400 0.011200
0.744000 0.150400 0.011200
0.792800 0.150400 0.013600
0.806400 0.150400 0.012800
0.826400 0.150400 0.011200
0.837600 0.150400 0.011200
0.246400 0.151200 0.005600
0.952800 0.163200 0.008800
0.942400 0.164000 0.007200
0.968000 0.164000 0.009600
0.918400 0.164800 0.008800
0.932000 0.164800 0.007200
0.680000 0.165600 0.008800
0.900000 0.165600 0.008000
0.909600 0.165600 0.005600
0.410400 0.166400 0.010400
0.416800 0.166400 0.011200
0.428000 0.166400 0.008800
0.443200 0.166400 0.011200
0.452800 0.166400 0.004800
0.459200 0.166400 0.009600
0.471200 0.166400 0.008000
0.483200 0.166400 0.007200
0.492800 0.166400 0.013600
0.719200 0.166400 0.007200
0.732800 0.166400 0.008000
0.757600 0.166400 0.009600
0.774400 0.166400 0.008000
0.887200 0.166400 0.008000
0.376800 0.167200 0.008800
0.388800 0.167200 0.007200
0.399200 0.167200 0.008000
0.695200 0.167200 0.008800
0.709600 0.167200 0.007200
0.744800 0.167200 0.007200
0.785600 0.167200 0.007200
0.797600 0.167200 0.007200
0.808800 0.167200 0.008800
0.816000 0.167200 0.011200
0.828000 0.167200 0.011200
0.835200 0.167200 0.005600
0.845600 0.167200 0.007200
0.856000 0.167200 0.005600
0.864800 0.167200 0.005600
0.875200 0.167200 0.007200
0.764800 0.168000 0.003200
0.960000 0.180800 0.013600
0.880800 0.181600 0.010400
0.905600 0.181600 0.008000
0.917600 0.181600 0.007200
0.927200 0.181600 0.007200
0.938400 0.181600 0.008000
0.949600 0.181600 0.007200
0.887200 0.182400 0.005600
0.895200 0.182400 0.005600
0.196800 0.191200 0.008800
0.373600 0.192000 0.020000
0.423200 0.192000 0.016800
0.135200 0.192800 0.013600
0.154400 0.192800 0.013600
0.171200 0.192800 0.011200
0.434400 0.192800 0.005600
0.490400 0.192800 0.011200
0.620800 0.192800 0.011200
0.635200 0.192800 0.011200
0.185600 0.193600 0.008800
0.211200 0.193600 0.011200
0.224000 0.193600 0.008800
0.278400 0.193600 0.005600
0.309600 0.193600 0.013600
0.334400 0.193600 0.008800
0.346400 0.193600 0.008800
0.388800 0.193600 0.022400
0.398400 0.193600 0.016800
0.407200 0.193600 0.022400
0.443200 0.193600 0.022400
0.457600 0.193600 0.011200
0.472800 0.193600 0.010400
0.578400 0.193600 0.004800
0.585600 0.193600 0.004800
0.593600 0.193600 0.005600
0.651200 0.193600 0.024000
0.661600 0.193600 0.022400
0.700000 0.193600 0.013600
0.722400 0.193600 0.013600
0.740800 0.193600 0.016800
0.846400 0.193600 0.013600
0.235200 0.194400 0.024800
0.252000 0.194400 0.011200
0.267200 0.194400 0.024800
0.291200 0.194400 0.011200
0.360800 0.194400 0.008800
0.510400 0.194400 0.013600
0.528000 0.194400 0.013600
0.569600 0.194400 0.012800
0.605600 0.194400 0.008800
0.680800 0.194400 0.012800
0.760800 0.194400 0.013600
0.751200 0.195200 0.004800
0.780800 0.195200 0.011200
0.796000 0.195200 0.008800
0.825600 0.195200 0.012800
0.833600 0.195200 0.011200
0.866400 0.195200 0.011200
0.324800 0.196000 0.016800
0.542400 0.196000 0.008800
0.553600 0.196000 0.022400
0.808800 0.196800 0.009600
0.108800 0.208000 0.008800
0.120800 0.208000 0.009600
0.094400 0.209600 0.008800
0.074400 0.210400 0.005600
0.084000 0.210400 0.007200
0.067200 0.211200 0.003200
0.045600 0.212000 0.008000
0.058400 0.212000 0.007200
0.769600 0.212000 0.008000
0.781600 0.212000 0.007200
0.793600 0.212000 0.007200
0.831200 0.212000 0.008000
0.878400 0.212000 0.008800
0.888800 0.212000 0.008800
0.901600 0.212000 0.008800
0.915200 0.212000 0.008800
0.929600 0.212000 0.011200
0.805600 0.212800 0.007200
0.843200 0.212800 0.007200
0.853600 0.212800 0.007200
0.866400 0.212800 0.008800
0.032800 0.213600 0.008800
0.816800 0.213600 0.008800
0.109600 0.224000 0.006400
0.118400 0.224000 0.008000
0.076800 0.224800 0.008000
0.099200 0.224800 0.005600
0.087200 0.225600 0.008000
0.054400 0.226400 0.008000
0.041600 0.227200 0.007200
0.064800 0.227200 0.005600
0.032000 0.228000 0.007200
0.132000 0.232800 0.014400
0.307200 0.232800 0.013600
0.440000 0.232800 0.008800
0.538400 0.232800 0.011200
0.553600 0.232800 0.012800
0.291200 0.233600 0.007200
0.328800 0.233600 0.011200
0.449600 0.233600 0.008800
0.460000 0.233600 0.005600
0.468000 0.233600 0.005600
0.572800 0.233600 0.012800
0.588000 0.233600 0.011200
0.601600 0.233600 0.016800
0.625600 0.233600 0.016800
0.280800 0.234400 0.008800
0.344800 0.234400 0.010400
0.359200 0.234400 0.008800
0.388000 0.234400 0.011200
0.405600 0.234400 0.012000
0.427200 0.234400 0.011200
0.477600 0.234400 0.013600
0.495200 0.234400 0.012800
0.515200 0.234400 0.013600
0.648000 0.234400 0.011200
0.783200 0.234400 0.008800
0.198400 0.235200 0.020800
0.222400 0.235200 0.011200
0.234400 0.235200 0.022400
0.249600 0.235200 0.013600
0.269600 0.235200 0.008800
0.372000 0.235200 0.009600
0.610400 0.235200 0.016800
0.664000 0.235200 0.011200
0.694400 0.235200 0.005600
0.724800 0.235200 0.008800
0.752000 0.235200 0.011200
0.768800 0.235200 0.013600
0.824800 0.235200 0.009600
0.152000 0.236000 0.011200
0.166400 0.236000 0.013600
0.173600 0.236000 0.019200
0.185600 0.236000 0.008800
0.208000 0.236000 0.022400
0.681600 0.236000 0.009600
0.702400 0.236000 0.005600
0.712000 0.236000 0.008800
0.735200 0.236000 0.024800
0.796800 0.236000 0.011200
0.840000 0.236000 0.011200
0.860000 0.236000 0.013600
0.810400 0.236800 0.011200
0.112000 0.238400 0.008800
0.100000 0.239200 0.008000
0.081600 0.240000 0.008800
0.071200 0.240800 0.006400
0.030400 0.241600 0.008800
0.060800 0.241600 0.006400
0.052000 0.243200 0.005600
0.042400 0.244800 0.007200
0.273600 0.249600 0.008800
0.288800 0.250400 0.009600
0.282400 0.251200 0.005600
0.304000 0.251200 0.008000
0.316800 0.251200 0.008800
0.329600 0.251200 0.007200
0.342400 0.251200 0.008800
0.350400 0.252000 0.003200
0.444800 0.252000 0.004800
0.452000 0.252000 0.005600
0.488800 0.252000 0.009600
0.355200 0.252800 0.004000
0.370400 0.252800 0.008800
0.380800 0.252800 0.005600
0.391200 0.252800 0.007200
0.405600 0.252800 0.008000
0.461600 0.252800 0.007200
0.472800 0.252800 0.008800
0.512800 0.252800 0.010400
0.529600 0.252800 0.008000
0.542400 0.252800 0.008000
0.556000 0.252800 0.007200
0.566400 0.252800 0.007200
0.585600 0.252800 0.008800
0.596800 0.252800 0.008800
0.698400 0.252800 0.008800
0.416800 0.253600 0.005600
0.436800 0.253600 0.007200
0.639200 0.253600 0.012800
0.658400 0.253600 0.006400
0.668000 0.253600 0.008800
0.673600 0.253600 0.008800
0.685600 0.253600 0.008000
0.100000 0.254400 0.008000
0.424000 0.254400 0.011200
0.648000 0.254400 0.007200
0.088800 0.255200 0.008800
0.069600 0.256000 0.008800
0.777600 0.256000 0.008000
0.788800 0.256000 0.008000
0.825600 0.256000 0.008800
0.838400 0.256000 0.007200
0.850400 0.256000 0.008800
0.865600 0.256000 0.009600
0.813600 0.256800 0.007200
0.057600 0.257600 0.008800
0.801600 0.257600 0.007200
0.032000 0.259200 0.008800
0.044000 0.259200 0.008000
0.600800 0.264000 0.003200
0.608800 0.264000 0.007200
0.130400 0.270400 0.013600
0.136000 0.270400 0.013600
0.237600 0.270400 0.021600
0.249600 0.270400 0.016800
0.261600 0.270400 0.008000
0.257600 0.271200 0.003200
0.274400 0.271200 0.011200
0.206400 0.272000 0.011200
0.292000 0.272000 0.011200
0.152800 0.272800 0.012800
0.172800 0.272800 0.012800
0.189600 0.272800 0.011200
0.222400 0.272800 0.011200
0.333600 0.272800 0.008800
0.343200 0.272800 0.013600
0.358400 0.272800 0.011200
0.368800 0.272800 0.005600
0.406400 0.272800 0.012000
0.228800 0.273600 0.016800
0.308800 0.273600 0.011200
0.322400 0.273600 0.008800
0.381600 0.273600 0.011200
0.429600 0.273600 0.013600
0.460800 0.273600 0.010400
0.477600 0.273600 0.011200
0.496800 0.273600 0.011200
0.516800 0.273600 0.011200
0.674400 0.273600 0.011200
0.694400 0.274400 0.013600
0.706400 0.274400 0.004800
0.421600 0.275200 0.008800
0.448000 0.275200 0.008800
0.534400 0.275200 0.011200
0.658400 0.275200 0.011200
0.740800 0.275200 0.005600
0.580800 0.276000 0.011200
0.624000 0.276000 0.012800
0.731200 0.276000 0.024800
0.749600 0.276000 0.005600
0.550400 0.276800 0.011200
0.565600 0.276800 0.011200
0.599200 0.276800 0.015200
0.609600 0.276800 0.007200
0.641600 0.276800 0.011200
0.715200 0.276800 0.022400
0.762400 0.276800 0.011200
0.811200 0.277600 0.005600
0.873600 0.277600 0.013600
0.782400 0.278400 0.012000
0.799200 0.278400 0.008800
0.822400 0.278400 0.011200
0.839200 0.278400 0.011200
0.858400 0.278400 0.011200
0.508000 0.288800 0.005600
0.342400 0.289600 0.010400
0.369600 0.289600 0.008800
0.383200 0.289600 0.008000
0.495200 0.289600 0.008000
0.501600 0.289600 0.003200
0.520800 0.289600 0.005600
0.350400 0.290400 0.005600
0.356800 0.290400 0.009600
0.393600 0.290400 0.006400
0.413600 0.290400 0.007200
0.456000 0.290400 0.007200
0.468000 0.290400 0.008800
0.475200 0.290400 0.003200
0.482400 0.290400 0.005600
0.402400 0.291200 0.005600
0.424000 0.291200 0.007200
0.436000 0.291200 0.007200
0.445600 0.291200 0.005600
0.551200 0.297600 0.008800
0.588800 0.297600 0.007200
0.598400 0.297600 0.007200
0.804000 0.297600 0.008800
0.814400 0.297600 0.008000
0.532800 0.298400 0.006400
0.541600 0.298400 0.005600
0.557600 0.298400 0.004800
0.567200 0.299200 0.005600
0.574400 0.299200 0.008800
0.496000 0.300800 0.005600
0.505600 0.300800 0.005600
0.515200 0.300800 0.004800
0.523200 0.300800 0.005600
0.160800 0.312000 0.019200
0.174400 0.312800 0.007200
0.184800 0.312800 0.007200
0.195200 0.312800 0.005600
0.202400 0.312800 0.003200
0.396800 0.312800 0.013600
0.140800 0.313600 0.019200
0.207200 0.313600 0.003200
0.250400 0.313600 0.005600
0.292000 0.313600 0.015200
0.308800 0.313600 0.012800
0.325600 0.313600 0.011200
0.362400 0.313600 0.016000
0.404800 0.313600 0.005600
0.416000 0.313600 0.014400
0.442400 0.313600 0.005600
0.216800 0.314400 0.008000
0.229600 0.314400 0.016800
0.236000 0.314400 0.012000
0.259200 0.314400 0.015200
0.341600 0.314400 0.011200
0.379200 0.314400 0.013600
0.388800 0.314400 0.005600
0.269600 0.315200 0.016800
0.282400 0.315200 0.016800
0.433600 0.315200 0.005600
0.487200 0.315200 0.013600
0.542400 0.315200 0.009600
0.569600 0.315200 0.013600
0.350400 0.316000 0.005600
0.449600 0.316000 0.013600
0.527200 0.316000 0.012800
0.597600 0.316000 0.012800
0.467200 0.316800 0.013600
0.506400 0.316800 0.012000
0.615200 0.316800 0.011200
0.629600 0.316800 0.009600
0.688000 0.316800 0.011200
0.736000 0.316800 0.010400
0.745600 0.316800 0.011200
0.788800 0.316800 0.013600
0.644000 0.317600 0.010400
0.672000 0.317600 0.011200
0.713600 0.317600 0.012800
0.764800 0.317600 0.011200
0.780000 0.317600 0.008800
0.662400 0.318400 0.008800
0.806400 0.318400 0.011200
0.865600 0.318400 0.013600
0.820000 0.319200 0.008800
0.841600 0.319200 0.013600
0.328000 0.330400 0.005600
0.726400 0.330400 0.008000
0.334400 0.331200 0.005600
0.739200 0.331200 0.008000
0.318400 0.332000 0.008800
0.344000 0.332000 0.012800
0.656000 0.332000 0.006400
0.676800 0.332000 0.006400
0.688800 0.332000 0.005600
0.751200 0.332000 0.008800
0.766400 0.332000 0.006400
0.772800 0.332000 0.007200
0.883200 0.332000 0.007200
0.230400 0.332800 0.005600
0.239200 0.332800 0.005600
0.251200 0.332800 0.008800
0.303200 0.332800 0.010400
0.648000 0.332800 0.004800
0.666400 0.332800 0.005600
0.697600 0.332800 0.005600
0.706400 0.332800 0.005600
0.713600 0.332800 0.005600
0.784000 0.332800 0.007200
0.794400 0.332800 0.006400
0.805600 0.332800 0.008000
0.818400 0.332800 0.007200
0.828000 0.332800 0.004800
0.835200 0.332800 0.005600
0.846400 0.332800 0.007200
0.872000 0.332800 0.007200
0.901600 0.332800 0.008000
0.181600 0.333600 0.011200
0.206400 0.333600 0.008800
0.220000 0.333600 0.008800
0.262400 0.333600 0.007200
0.274400 0.333600 0.008000
0.287200 0.333600 0.007200
0.296000 0.333600 0.005600
0.544800 0.333600 0.007200
0.580000 0.333600 0.010400
0.637600 0.333600 0.007200
0.860000 0.333600 0.008000
0.893600 0.333600 0.005600
0.912800 0.333600 0.010400
0.919200 0.333600 0.011200
0.930400 0.333600 0.008800
0.952000 0.333600 0.007200
0.973600 0.333600 0.008800
0.982400 0.333600 0.016800
0.196800 0.334400 0.011200
0.940800 0.334400 0.008000
0.962400 0.334400 0.016000
0.190400 0.335200 0.004000
0.596800 0.335200 0.007200
0.608800 0.335200 0.007200
0.627200 0.335200 0.006400
0.617600 0.336000 0.005600
0.683200 0.340800 0.004000
0.689600 0.340800 0.004000
0.660000 0.342400 0.004800
0.665600 0.342400 0.005600
0.895200 0.346400 0.008800
0.910400 0.348000 0.008800
0.549600 0.348800 0.005600
0.936000 0.349600 0.007200
0.946400 0.349600 0.007200
0.954400 0.349600 0.005600
0.428800 0.350400 0.013600
0.543200 0.350400 0.013600
0.923200 0.350400 0.008800
0.369600 0.351200 0.020800
0.448000 0.351200 0.013600
0.484800 0.351200 0.019200
0.492800 0.351200 0.016800
0.527200 0.351200 0.011200
0.132800 0.352000 0.022400
0.312000 0.352000 0.005600
0.323200 0.352000 0.011200
0.356000 0.352000 0.011200
0.380800 0.352000 0.027200
0.412800 0.352000 0.011200
0.466400 0.352000 0.013600
0.511200 0.352000 0.011200
0.560800 0.352000 0.010400
0.288000 0.352800 0.013600
0.304800 0.352800 0.005600
0.399200 0.352800 0.011200
0.565600 0.352800 0.013600
0.584000 0.352800 0.015200
0.595200 0.352800 0.013600
0.172800 0.353600 0.008800
0.275200 0.353600 0.005600
0.340000 0.353600 0.011200
0.575200 0.353600 0.007200
0.160800 0.354400 0.008800
0.183200 0.354400 0.007200
0.197600 0.354400 0.012000
0.215200 0.354400 0.013600
0.232000 0.354400 0.011200
0.247200 0.354400 0.011200
0.264000 0.354400 0.016000
0.604000 0.354400 0.014400
0.648000 0.354400 0.014400
0.664800 0.354400 0.005600
0.684800 0.354400 0.009600
0.748800 0.354400 0.008800
0.796000 0.354400 0.019200
0.144800 0.355200 0.011200
0.149600 0.355200 0.019200
0.637600 0.355200 0.005600
0.673600 0.355200 0.008800
0.736800 0.355200 0.008800
0.760800 0.355200 0.005600
0.769600 0.355200 0.015200
0.780000 0.355200 0.005600
0.788000 0.355200 0.005600
0.808800 0.355200 0.016800
0.204800 0.356000 0.016800
0.611200 0.356000 0.011200
0.626400 0.356000 0.011200
0.702400 0.356000 0.011200
0.720000 0.356000 0.012800
0.819200 0.356800 0.005600
0.832000 0.356800 0.016800
0.851200 0.356800 0.013600
0.872000 0.358400 0.015200
0.943200 0.385600 0.007200
0.917600 0.387200 0.011200
0.932800 0.387200 0.013600
0.918400 0.404800 0.008800
0.928800 0.404800 0.008000
0.213600 0.430400 0.024000
0.201600 0.431200 0.008800
