0.298400 0.039200 0.005600
0.308000 0.039200 0.007200
0.346400 0.039200 0.007200
0.355200 0.039200 0.005600
0.292000 0.040000 0.013600
0.317600 0.040000 0.005600
0.325600 0.040000 0.005600
0.335200 0.040000 0.007200
0.364800 0.040000 0.007200
0.375200 0.040000 0.008800
0.388000 0.040000 0.011200
0.402400 0.040000 0.005600
0.269600 0.040800 0.008800
0.279200 0.040800 0.016800
0.286400 0.040800 0.003200
0.410400 0.040800 0.005600
0.480000 0.040800 0.007200
0.490400 0.040800 0.011200
0.495200 0.040800 0.013600
0.504000 0.040800 0.005600
0.512000 0.040800 0.005600
0.419200 0.041600 0.005600
0.428800 0.041600 0.005600
0.436800 0.041600 0.005600
0.445600 0.041600 0.008800
0.456800 0.041600 0.008800
0.469600 0.041600 0.008800
0.523200 0.041600 0.008000
0.534400 0.041600 0.010400
0.542400 0.041600 0.011200
0.556000 0.041600 0.012800
0.547200 0.042400 0.019200
0.210400 0.055200 0.016800
0.188800 0.056000 0.008800
0.201600 0.056000 0.008800
0.146400 0.056800 0.016800
0.165600 0.056800 0.011200
0.178400 0.056800 0.007200
0.824800 0.057600 0.028000
0.841600 0.057600 0.031200
0.582400 0.086400 0.014400
0.592000 0.086400 0.006400
0.244800 0.087200 0.008800
0.254400 0.087200 0.016800
0.601600 0.087200 0.005600
0.608800 0.087200 0.003200
0.613600 0.087200 0.013600
0.622400 0.087200 0.005600
0.632000 0.087200 0.008000
0.266400 0.088000 0.013600
0.643200 0.088000 0.008800
0.275200 0.088800 0.005600
0.651200 0.088800 0.013600
0.656000 0.088800 0.008800
0.764000 0.088800 0.008800
0.773600 0.088800 0.018400
0.786400 0.089600 0.008800
0.804800 0.089600 0.013600
0.816000 0.089600 0.008800
0.284000 0.090400 0.012800
0.796800 0.090400 0.005600
0.404000 0.098400 0.008800
0.411200 0.098400 0.010400
0.222400 0.110400 0.016800
0.538400 0.110400 0.008800
0.549600 0.110400 0.008800
0.607200 0.110400 0.011200
0.621600 0.110400 0.011200
0.654400 0.110400 0.005600
0.796800 0.110400 0.013600
0.130400 0.111200 0.012800
0.164800 0.111200 0.012800
0.212800 0.111200 0.007200
0.241600 0.111200 0.016800
0.427200 0.111200 0.011200
0.439200 0.111200 0.005600
0.593600 0.111200 0.011200
0.755200 0.111200 0.013600
0.772000 0.111200 0.012000
0.786400 0.111200 0.005600
0.844000 0.111200 0.013600
0.145600 0.112000 0.011200
0.181600 0.112000 0.012800
0.199200 0.112000 0.020000
0.253600 0.112000 0.008800
0.299200 0.112000 0.008800
0.308800 0.112000 0.005600
0.315200 0.112000 0.012000
0.356800 0.112000 0.011200
0.372000 0.112000 0.011200
0.387200 0.112000 0.020800
0.410400 0.112000 0.010400
0.448000 0.112000 0.013600
0.480000 0.112000 0.011200
0.634400 0.112000 0.007200
0.644800 0.112000 0.007200
0.662400 0.112000 0.013600
0.720800 0.112000 0.008800
0.739200 0.112000 0.013600
0.763200 0.112000 0.016800
0.777600 0.112000 0.011200
0.812800 0.112000 0.013600
0.827200 0.112000 0.011200
0.263200 0.112800 0.016800
0.286400 0.112800 0.008800
0.320800 0.112800 0.016000
0.335200 0.112800 0.013600
0.344800 0.112800 0.013600
0.396800 0.112800 0.005600
0.464800 0.112800 0.011200
0.492000 0.112800 0.013600
0.500800 0.112800 0.013600
0.514400 0.112800 0.010400
0.527200 0.112800 0.007200
0.576800 0.112800 0.012800
0.677600 0.112800 0.011200
0.708000 0.112800 0.024800
0.805600 0.112800 0.005600
0.863200 0.112800 0.013600
0.268800 0.113600 0.012000
0.692800 0.113600 0.013600
0.698400 0.115200 0.016800
0.644000 0.128000 0.007200
0.502400 0.128800 0.005600
0.564000 0.128800 0.003200
0.572800 0.128800 0.006400
0.596000 0.128800 0.005600
0.607200 0.128800 0.007200
0.624800 0.128800 0.007200
0.634400 0.128800 0.004800
0.781600 0.128800 0.008000
0.794400 0.128800 0.007200
0.130400 0.129600 0.007200
0.140800 0.129600 0.007200
0.153600 0.129600 0.005600
0.436800 0.129600 0.007200
0.445600 0.129600 0.005600
0.452800 0.129600 0.008800
0.465600 0.129600 0.008800
0.494400 0.129600 0.005600
0.512000 0.129600 0.006400
0.523200 0.129600 0.007200
0.539200 0.129600 0.010400
0.546400 0.129600 0.005600
0.556800 0.129600 0.008800
0.581600 0.129600 0.008800
0.586400 0.129600 0.008000
0.616000 0.129600 0.005600
0.770400 0.129600 0.008000
0.804000 0.129600 0.008800
0.147200 0.130400 0.005600
0.162400 0.130400 0.005600
0.183200 0.130400 0.007200
0.476800 0.130400 0.005600
0.485600 0.130400 0.005600
0.172000 0.131200 0.006400
0.354400 0.131200 0.005600
0.364800 0.131200 0.007200
0.308000 0.132000 0.007200
0.336800 0.132000 0.005600
0.344800 0.132000 0.005600
0.319200 0.132800 0.005600
0.328000 0.132800 0.005600
0.700800 0.132800 0.007200
0.711200 0.132800 0.007200
0.356800 0.145600 0.011200
0.386400 0.145600 0.013600
0.452000 0.145600 0.009600
0.495200 0.145600 0.005600
0.841600 0.145600 0.013600
0.149600 0.146400 0.011200
0.167200 0.146400 0.010400
0.371200 0.146400 0.010400
0.396800 0.146400 0.016000
0.416800 0.146400 0.008800
0.430400 0.146400 0.008800
0.439200 0.146400 0.008800
0.468000 0.146400 0.009600
0.484000 0.146400 0.009600
0.536000 0.146400 0.011200
0.572800 0.146400 0.011200
0.590400 0.146400 0.011200
0.601600 0.146400 0.008800
0.644800 0.146400 0.013600
0.832800 0.146400 0.005600
0.856000 0.146400 0.011200
0.183200 0.147200 0.010400
0.200800 0.147200 0.011200
0.249600 0.147200 0.011200
0.308800 0.147200 0.010400
0.339200 0.147200 0.009600
0.407200 0.147200 0.007200
0.556000 0.147200 0.011200
0.614400 0.147200 0.013600
0.630400 0.147200 0.011200
0.666400 0.147200 0.011200
0.768000 0.147200 0.012800
0.786400 0.147200 0.012800
0.871200 0.147200 0.013600
0.136000 0.148000 0.015200
0.220000 0.148000 0.011200
0.234400 0.148000 0.008800
0.294400 0.148000 0.008800
0.324000 0.148000 0.008800
0.508000 0.148000 0.013600
0.522400 0.148000 0.004800
0.655200 0.148000 0.005600
0.683200 0.148000 0.008800
0.697600 0.148000 0.008800
0.708000 0.148000 0.008800
0.734400 0.148000 0.011200
0.808000 0.148000 0.010400
0.822400 0.148000 0.008800
0.263200 0.148800 0.011200
0.283200 0.148800 0.008800
0.719200 0.148800 0.010400
0.274400 0.149600 0.005600
0.747200 0.149600 0.003200
0.751200 0.149600 0.008800
0.421600 0.162400 0.008000
0.669600 0.162400 0.008000
0.389600 0.163200 0.005600
0.399200 0.163200 0.006400
0.410400 0.163200 0.007200
0.656800 0.163200 0.008800
0.682400 0.163200 0.006400
0.380000 0.164000 0.007200
0.693600 0.164000 0.007200
0.704800 0.164000 0.007200
0.712800 0.164000 0.007200
0.732800 0.164000 0.004800
0.802400 0.164000 0.007200
0.724000 0.164800 0.007200
0.812800 0.164800 0.005600
0.823200 0.164800 0.008000
0.847200 0.164800 0.007200
0.859200 0.164800 0.008800
0.771200 0.165600 0.006400
0.836000 0.165600 0.007200
0.623200 0.167200 0.007200
0.173600 0.168000 0.008800
0.132800 0.168800 0.012800
0.168000 0.168800 0.011200
0.141600 0.169600 0.007200
0.152000 0.169600 0.007200
0.160800 0.169600 0.005600
0.618400 0.180000 0.005600
0.625600 0.180800 0.013600
0.377600 0.181600 0.013600
0.440800 0.181600 0.011200
0.454400 0.181600 0.008800
0.652800 0.181600 0.013600
0.428000 0.182400 0.011200
0.796800 0.182400 0.011200
0.272800 0.183200 0.011200
0.320800 0.183200 0.019200
0.412000 0.183200 0.012800
0.464800 0.183200 0.008800
0.476000 0.183200 0.008800
0.487200 0.183200 0.008800
0.518400 0.183200 0.011200
0.533600 0.183200 0.011200
0.566400 0.183200 0.012800
0.598400 0.183200 0.008800
0.608000 0.183200 0.015200
0.669600 0.183200 0.013600
0.761600 0.183200 0.026400
0.778400 0.183200 0.013600
0.299200 0.184000 0.016800
0.344800 0.184000 0.007200
0.356000 0.184000 0.008800
0.402400 0.184000 0.004000
0.501600 0.184000 0.011200
0.548000 0.184000 0.011200
0.584800 0.184000 0.011200
0.732000 0.184000 0.013600
0.749600 0.184000 0.022400
0.845600 0.184000 0.012800
0.866400 0.184000 0.012800
0.168000 0.184800 0.011200
0.286400 0.184800 0.021600
0.332000 0.184800 0.019200
0.336800 0.184800 0.003200
0.641600 0.184800 0.008800
0.688800 0.184800 0.013600
0.720000 0.184800 0.013600
0.816800 0.184800 0.015200
0.828800 0.184800 0.005600
0.244000 0.185600 0.022400
0.257600 0.185600 0.013600
0.363200 0.185600 0.013600
0.394400 0.185600 0.013600
0.143200 0.186400 0.011200
0.184000 0.186400 0.011200
0.202400 0.186400 0.013600
0.228800 0.186400 0.019200
0.704800 0.186400 0.011200
0.614400 0.202400 0.008800
0.582400 0.203200 0.008800
0.604800 0.203200 0.007200
0.625600 0.203200 0.007200
0.594400 0.204000 0.007200
0.639200 0.204000 0.008800
0.184000 0.204800 0.005600
0.172800 0.205600 0.009600
0.160800 0.206400 0.011200
0.141600 0.207200 0.008800
0.153600 0.207200 0.004800
0.120000 0.208000 0.016000
0.130400 0.208000 0.008800
0.388800 0.212800 0.010400
0.275200 0.221600 0.024000
0.812800 0.222400 0.013600
0.794400 0.223200 0.008800
0.339200 0.224000 0.011200
0.780800 0.224000 0.008800
0.855200 0.224000 0.029600
0.864800 0.224000 0.020800
0.258400 0.224800 0.013600
0.294400 0.224800 0.024800
0.369600 0.224800 0.013600
0.483200 0.224800 0.005600
0.492000 0.224800 0.005600
0.499200 0.224800 0.012800
0.545600 0.224800 0.011200
0.557600 0.224800 0.007200
0.572800 0.224800 0.011200
0.688800 0.224800 0.016800
0.714400 0.224800 0.022400
0.728800 0.224800 0.011200
0.745600 0.224800 0.011200
0.763200 0.224800 0.012800
0.836000 0.224800 0.016800
0.244000 0.225600 0.011200
0.322400 0.225600 0.010400
0.357600 0.225600 0.011200
0.418400 0.225600 0.013600
0.437600 0.225600 0.013600
0.588800 0.225600 0.013600
0.599200 0.225600 0.008800
0.612000 0.225600 0.011200
0.630400 0.225600 0.012800
0.667200 0.225600 0.015200
0.677600 0.225600 0.005600
0.705600 0.225600 0.016800
0.230400 0.226400 0.005600
0.306400 0.226400 0.011200
0.455200 0.226400 0.013600
0.473600 0.226400 0.015200
0.511200 0.226400 0.011200
0.528000 0.226400 0.011200
0.211200 0.227200 0.007200
0.221600 0.227200 0.007200
0.380000 0.227200 0.008800
0.402400 0.227200 0.008800
0.649600 0.227200 0.013600
0.188800 0.228000 0.011200
0.200800 0.228000 0.008000
0.392000 0.228000 0.007200
0.170400 0.229600 0.011200
0.132800 0.230400 0.013600
0.140800 0.230400 0.019200
0.156000 0.231200 0.013600
0.304800 0.239200 0.009600
0.312000 0.239200 0.003200
0.340000 0.239200 0.005600
0.346400 0.239200 0.005600
0.318400 0.240000 0.008000
0.329600 0.240000 0.007200
0.356800 0.240000 0.005600
0.380000 0.240000 0.005600
0.388800 0.240000 0.005600
0.397600 0.240000 0.005600
0.366400 0.240800 0.007200
0.496800 0.243200 0.009600
0.511200 0.243200 0.007200
0.543200 0.243200 0.007200
0.521600 0.244000 0.005600
0.531200 0.244000 0.007200
0.552800 0.244000 0.005600
0.558400 0.244000 0.008800
0.611200 0.244000 0.008000
0.174400 0.244800 0.006400
0.183200 0.244800 0.005600
0.197600 0.244800 0.007200
0.222400 0.244800 0.008000
0.235200 0.244800 0.007200
0.248000 0.244800 0.007200
0.259200 0.244800 0.007200
0.570400 0.244800 0.007200
0.580000 0.244800 0.005600
0.600000 0.244800 0.007200
0.188800 0.245600 0.005600
0.210400 0.245600 0.008000
0.269600 0.245600 0.005600
0.589600 0.245600 0.007200
0.276800 0.246400 0.004800
0.384800 0.250400 0.006400
0.394400 0.250400 0.005600
0.402400 0.250400 0.005600
0.363200 0.251200 0.006400
0.374400 0.251200 0.005600
0.160000 0.262400 0.016000
0.216800 0.263200 0.005600
0.108800 0.264000 0.011200
0.114400 0.264000 0.017600
0.136800 0.264000 0.013600
0.206400 0.264000 0.013600
0.229600 0.264000 0.015200
0.238400 0.264000 0.016800
0.424800 0.264000 0.019200
0.446400 0.264000 0.016800
0.545600 0.264000 0.016000
0.562400 0.264000 0.013600
0.867200 0.264000 0.005600
0.148000 0.264800 0.008800
0.176800 0.264800 0.011200
0.188800 0.264800 0.012800
0.252000 0.264800 0.011200
0.388000 0.264800 0.010400
0.409600 0.264800 0.013600
0.494400 0.264800 0.011200
0.508800 0.264800 0.008800
0.520800 0.264800 0.011200
0.536800 0.264800 0.016800
0.602400 0.264800 0.005600
0.610400 0.264800 0.005600
0.640800 0.264800 0.012800
0.858400 0.264800 0.012800
0.125600 0.265600 0.008800
0.268800 0.265600 0.012800
0.308800 0.265600 0.013600
0.341600 0.265600 0.012800
0.360800 0.265600 0.011200
0.376800 0.265600 0.005600
0.402400 0.265600 0.011200
0.465600 0.265600 0.013600
0.480800 0.265600 0.007200
0.594400 0.265600 0.005600
0.621600 0.265600 0.008800
0.663200 0.265600 0.013600
0.758400 0.265600 0.011200
0.812800 0.265600 0.011200
0.829600 0.265600 0.010400
0.843200 0.265600 0.011200
0.289600 0.266400 0.013600
0.327200 0.266400 0.011200
0.673600 0.266400 0.005600
0.688800 0.266400 0.013600
0.716000 0.266400 0.019200
0.741600 0.266400 0.011200
0.776800 0.266400 0.012800
0.796800 0.266400 0.011200
0.581600 0.267200 0.011200
0.704000 0.267200 0.019200
0.724800 0.267200 0.015200
0.140000 0.282400 0.007200
0.308000 0.282400 0.007200
0.404000 0.282400 0.005600
0.130400 0.283200 0.008800
0.178400 0.283200 0.005600
0.188000 0.283200 0.007200
0.207200 0.283200 0.007200
0.318400 0.283200 0.006400
0.328800 0.283200 0.006400
0.338400 0.283200 0.005600
0.348000 0.283200 0.006400
0.357600 0.283200 0.006400
0.368000 0.283200 0.007200
0.377600 0.283200 0.005600
0.386400 0.283200 0.007200
0.396800 0.283200 0.005600
0.652000 0.283200 0.007200
0.150400 0.284000 0.007200
0.160000 0.284000 0.005600
0.168000 0.284000 0.008800
0.197600 0.284000 0.008000
0.212000 0.284000 0.003200
0.219200 0.284000 0.005600
0.225600 0.284000 0.005600
0.476000 0.284000 0.012000
0.524800 0.284000 0.012800
0.622400 0.284000 0.007200
0.632800 0.284000 0.005600
0.641600 0.284000 0.006400
0.662400 0.284000 0.005600
0.672000 0.284000 0.007200
0.680800 0.284000 0.008800
0.484800 0.284800 0.008800
0.496800 0.284800 0.008000
0.506400 0.284800 0.005600
0.515200 0.284800 0.005600
0.592800 0.284800 0.008800
0.601600 0.284800 0.005600
0.611200 0.284800 0.007200
0.801600 0.285600 0.008800
0.809600 0.285600 0.005600
0.827200 0.285600 0.005600
0.833600 0.285600 0.005600
0.841600 0.285600 0.010400
0.819200 0.286400 0.005600
0.132800 0.303200 0.015200
0.216000 0.303200 0.005600
0.195200 0.304000 0.016800
0.261600 0.304000 0.005600
0.136800 0.304800 0.015200
0.206400 0.304800 0.008800
0.248000 0.304800 0.016000
0.289600 0.304800 0.013600
0.310400 0.304800 0.011200
0.324800 0.304800 0.005600
0.175200 0.305600 0.015200
0.226400 0.305600 0.008000
0.236800 0.305600 0.005600
0.272000 0.305600 0.015200
0.334400 0.305600 0.014400
0.352000 0.305600 0.011200
0.365600 0.305600 0.008800
0.416800 0.305600 0.011200
0.461600 0.305600 0.013600
0.468000 0.305600 0.015200
0.654400 0.305600 0.004000
0.775200 0.305600 0.005600
0.798400 0.305600 0.013600
0.157600 0.306400 0.013600
0.377600 0.306400 0.011200
0.398400 0.306400 0.012800
0.444800 0.306400 0.011200
0.491200 0.306400 0.015200
0.508800 0.306400 0.005600
0.520800 0.306400 0.011200
0.539200 0.306400 0.013600
0.562400 0.306400 0.019200
0.577600 0.306400 0.008800
0.611200 0.306400 0.008800
0.643200 0.306400 0.014400
0.764800 0.306400 0.007200
0.782400 0.306400 0.012800
0.431200 0.307200 0.008800
0.588000 0.307200 0.008800
0.600800 0.307200 0.008800
0.625600 0.307200 0.011200
0.661600 0.307200 0.005600
0.677600 0.307200 0.013600
0.756000 0.307200 0.005600
0.818400 0.307200 0.008800
0.839200 0.307200 0.007200
0.848000 0.307200 0.015200
0.478400 0.308000 0.005600
0.745600 0.308000 0.003200
0.829600 0.308000 0.005600
0.699200 0.308800 0.011200
0.716000 0.308800 0.011200
0.736000 0.308800 0.016800
0.869600 0.308800 0.013600
0.858400 0.309600 0.008800
0.384000 0.324000 0.008800
0.418400 0.324000 0.008000
0.429600 0.324000 0.005600
0.463200 0.324000 0.005600
0.370400 0.324800 0.008000
0.396800 0.324800 0.007200
0.438400 0.324800 0.005600
0.448000 0.324800 0.011200
0.455200 0.324800 0.005600
0.248800 0.325600 0.011200
0.258400 0.325600 0.008800
0.270400 0.325600 0.008000
0.359200 0.325600 0.008000
0.406400 0.325600 0.007200
0.232000 0.326400 0.007200
0.242400 0.326400 0.005600
0.832000 0.326400 0.008800
0.222400 0.327200 0.008000
0.841600 0.327200 0.008800
0.846400 0.327200 0.008800
0.854400 0.327200 0.010400
0.868000 0.327200 0.008800
0.878400 0.327200 0.008800
0.890400 0.327200 0.011200
0.685600 0.328800 0.008800
0.704800 0.328800 0.005600
0.722400 0.328800 0.006400
0.208000 0.329600 0.007200
0.695200 0.329600 0.006400
0.713600 0.329600 0.005600
0.732000 0.329600 0.011200
0.600000 0.336000 0.007200
0.352800 0.345600 0.011200
0.312800 0.346400 0.016800
0.331200 0.346400 0.013600
0.369600 0.346400 0.011200
0.488800 0.346400 0.011200
0.133600 0.347200 0.021600
0.258400 0.347200 0.004800
0.265600 0.347200 0.004800
0.292800 0.347200 0.013600
0.428000 0.347200 0.016800
0.467200 0.347200 0.019200
0.475200 0.347200 0.022400
0.532000 0.347200 0.020800
0.228800 0.348000 0.016000
0.243200 0.348000 0.013600
0.251200 0.348000 0.004800
0.276000 0.348000 0.013600
0.405600 0.348000 0.016800
0.441600 0.348000 0.019200
0.453600 0.348000 0.008800
0.520000 0.348000 0.011200
0.585600 0.348000 0.020800
0.148000 0.348800 0.008800
0.159200 0.348800 0.024800
0.175200 0.348800 0.011200
0.206400 0.348800 0.011200
0.218400 0.348800 0.005600
0.384800 0.348800 0.016800
0.392800 0.348800 0.016800
0.504000 0.348800 0.011200
0.540800 0.348800 0.015200
0.576000 0.348800 0.008800
0.600000 0.348800 0.008800
0.610400 0.348800 0.005600
0.638400 0.348800 0.005600
0.673600 0.348800 0.005600
0.192000 0.349600 0.011200
0.559200 0.349600 0.012800
0.625600 0.349600 0.013600
0.651200 0.349600 0.008800
0.663200 0.349600 0.008800
0.765600 0.349600 0.005600
0.772800 0.349600 0.004800
0.684800 0.350400 0.015200
0.796800 0.350400 0.014400
0.846400 0.350400 0.018400
0.702400 0.351200 0.011200
0.746400 0.351200 0.005600
0.755200 0.351200 0.007200
0.779200 0.351200 0.005600
0.788000 0.351200 0.021600
0.815200 0.351200 0.013600
0.824000 0.351200 0.004000
0.833600 0.351200 0.008800
0.852800 0.351200 0.013600
0.720000 0.352000 0.011200
0.735200 0.352000 0.008800
0.805600 0.352000 0.005600
0.871200 0.353600 0.013600
