2112
2112
2112
2112
2112
2112
2118
2118
2114
2114
2114
2114
2114
2114
2114
2114
2114
2113
2113
2113
2113
2113
2117
2117
2117
2114
2114
2114
2116
2117
2117
2117
2117
2117
2117
2117
2114
2114
2114
2116
2117
2114
2116
2116
2113
2116
2116
2116
2109
2109
2109
2109
2109
2109
2109
2109
2109
2109
2109
2109
2109
2109
2109
2109
2109
2109
2109
2109
2109
2109
2109
2109
2111
2111
2109
2109
2109
2109
2109
2109
2109
2109
2109
2109
2109
2109
2109
2109
2109
2109
2109
2109
2109
2109
2109
2109
2109
2109
2109
2109
2109
2136
2138
2138
2138
2138
2137
2137
2137
2137
2138
2137
2137
2137
2137
2137
2136
2136
2119
2119
2138
2137
2137
2136
2136
2119
2119
2111
2109
2109
2109
2109
2109
2109
2109
2109
2109
2109
2109
2109
2109
2109
2109
2109
2109
2109
2109
2109
2109
2109
2109
2109
2109
2109
2109
2109
2109
2109
2109
2109
2109
2109
2109
2109
2109
2109
2109
2109
2109
2109
2109
2109
2109
2109
2109
2109
2109
2109
2109
2120
2120
2120
2120
2120
2120
2120
2120
2120
2120
2120
2120
2120
2120
2134
2134
2134
2120
2120
2120
2120
2134
2134
2134
2135
2135
2135
2134
2134
2135
2135
2135
2135
2135
2135
2135
2135
2135
2135
2135
2134
2134
2134
2134
2135
2135
2120
2120
2120
2120
2120
2120
2120
2120
2120
2120
2120
2120
2120
2120
2120
2120
2120
2120
2120
2109
2121
2109
2109
2109
2109
2109
2109
2109
2121
2121
2109
2109
2109
2109
2109
2109
2109
2109
2109
2109
2109
2109
2109
2121
2121
2121
2109
2109
2109
2109
2109
2109
2109
2109
2109
2109
2109
2109
2109
2109
2109
2109
2121
2121
2121
2109
2109
2109
2109
2109
2109
2109
2109
2109
2109
2109
2109
2109
2109
2109
2121
2121
2121
2121
2121
2121
2121
2121
2121
2121
2121
2133
2133
2133
2133
2133
2133
2133
2133
2133
2133
2133
2133
2133
2133
2133
2133
2133
2132
2132
2132
2132
2132
2132
2132
2109
2109
2109
2109
2109
2109
2109
2109
2109
2109
2109
2109
2109
2109
2109
2109
2109
2109
2109
2109
2109
2109
2109
2109
2109
2109
2109
2109
2109
2109
2109
2109
2109
2109
2109
2109
2109
2109
2109
2109
2109
2109
2109
2109
2109
2109
2109
2109
2109
2109
2109
2109
2109
2109
2109
2109
2131
2131
2130
2131
2131
2131
2131
2131
2130
2130
2131
2131
2131
2131
2130
2130
2131
2129
2129
2129
2129
2129
2129
2129
2131
2130
2130
2129
2129
2129
2129
2129
2129
2131
2131
2131
2131
2131
2131
2110
2110
2109
2109
2109
2110
2110
2110
2109
2109
2109
2109
2109
2110
2110
2109
2109
2109
2109
2109
2109
2110
2109
2109
2109
2109
2109
2110
2109
2109
2109
2109
2109
2109
2109
2109
2109
2109
2109
2109
2109
2109
2109
2109
2109
2109
2109
2109
2109
2109
2109
2109
2109
2109
2109
2109
2109
2109
2109
2109
2109
2109
2109
2110
2110
2110
2110
2110
2110
2110
2110
2110
2110
2128
2128
2110
2128
2128
2128
2128
2128
2128
2110
2128
2128
2128
2128
2128
2128
2128
2128
2128
2127
2128
2127
2127
2127
2127
2127
2128
2127
2127
2127
2128
2128
2128
2128
2128
2128
2126
2128
2128
2126
2126
2126
2126
2126
2126
2126
2126
2126
2126
2126
2126
2126
2127
2127
2127
2127
2127
2127
2110
2110
2109
2109
2109
2109
2109
2109
2109
2109
2109
2109
2109
2109
2109
2109
2109
2109
2109
2109
2109
2109
2109
2109
2109
2109
2109
2109
2109
2109
2109
2109
2109
2109
2109
2109
2109
2109
2109
2109
2109
2109
2109
2109
2109
2109
2109
2109
2109
2109
2109
2109
2109
2109
2109
2125
2125
2125
2125
2125
2125
2125
2125
2125
2125
2125
2125
2125
2125
2125
2125
2125
2125
2125
2125
2125
2125
2125
2125
2125
2125
2125
2125
2125
2125
2125
2125
2125
2125
2125
2122
2122
2122
2122
2124
2124
2124
2124
2124
2124
2124
2123
2109
2109
2109
2109
2109
2109
2109
2109
2109
2109
2109
2109
2109
2109
2109
2109
2109
2109
2109
2109
2109
2109
2109
2109
2109
2109
2109
2109
2109
2109
2109
2109
2109
2109
2109
2109
2109
2109
2109
2109
2109
2109
2109
2109
2109
2109
2109
2109
2109
2109
2109
2109
2109
2109
2109
2109
2109
2109