945
945
945
945
945
945
945
945
945
945
945
945
945
945
945
945
945
945
945
945
945
945
945
945
945
945
945
945
945
945
945
945
945
945
945
945
943
943
943
943
943
943
946
946
944
944
944
944
944
944
944
944
944
944
944
944
944
944
944
944
944
944
944
944
944
944
944
944
944
944
944
944
944
944
944
944
944
944
948
948
948
948
948
948
948
948
948
948
947
947
949
949
949
949
949
947
950
950
949
949
949
949
947
947
935
935
935
935
935
935
942
942
935
935
935
935
935
935
935
935
935
942
942
942
942
935
935
935
935
935
935
935
935
935
935
935
935
942
942
935
935
935
935
935
935
935
935
935
935
935
942
935
935
935
935
935
935
935
935
935
935
935
935
935
942
935
935
935
935
935
935
935
935
935
942
942
942
942
942
942
942
942
942
952
942
951
951
951
951
951
951
951
951
951
951
952
952
952
951
951
951
951
951
951
951
952
952
952
952
952
942
942
942
942
942
942
942
942
942
935
942
942
935
935
935
935
935
935
935
935
935
935
935
935
935
935
935
935
935
935
935
935
935
935
935
935
935
935
935
935
935
935
935
935
935
935
935
935
935
935
935
935
935
935
935
935
935
935
935
935
935
935
935
935
935
935
935
935
935
935
935
935
935
935
942
942
942
942
942
942
942
956
956
956
956
955
955
955
955
955
955
954
954
954
956
956
955
955
955
955
954
954
954
954
954
953
953
953
953
953
953
953
953
953
953
953
935
935
935
935
935
935
935
935
935
935
935
935
935
935
935
935
935
935
935
935
935
935
935
935
935
935
935
935
935
935
935
935
935
935
935
935
935
935
935
935
935
935
935
935
935
935
935
935
935
935
935
935
935
935
935
935
935
935
935
935
936
936
936
936
936
936
936
936
936
957
957
957
957
957
957
957
957
957
957
957
957
957
957
957
957
957
957
957
957
957
957
957
957
957
957
957
957
957
957
957
957
957
958
958
958
959
959
959
958
959
958
936
936
936
936
936
936
936
936
935
935
935
935
935
935
935
935
935
935
935
935
935
935
935
935
935
935
935
935
935
935
935
935
935
935
935
935
935
935
935
935
935
935
935
935
935
935
935
935
935
935
935
935
935
935
935
935
935
935
935
935
935
935
935
935
935
935
935
936
935
936
936
936
936
936
936
936
936
936
961
961
961
961
961
961
961
936
961
961
961
961
961
960
960
936
960
960
960
960
936
936
961
960
960
960
960
960
960
936
936
936
936
962
962
-1
936
936
936
936
936
941
941
941
935
941
935
941
941
941
941
941
935
935
935
935
935
935
935
935
935
935
935
935
935
935
935
935
935
935
935
935
935
941
935
935
935
935
935
935
935
935
935
935
935
935
935
935
935
935
935
935
935
935
935
935
935
935
935
935
935
935
935
935
935
935
941
941
941
941
941
965
965
963
963
964
965
965
963
963
963
964
964
964
965
965
963
963
963
964
964
964
964
964
965
965
963
935
935
935
935
935
935
935
935
935
935
935
935
935
935
935
935
935
935
935
935
935
935
935
935
935
935
935
935
935
935
935
935
935
935
935
935
935
935
935
935
935
935
935
935
935
935
935
935
935
935
968
968
968
968
966
969
969
968
968
966
969
969
969
967
966
969
969
969
967
967
967
966
966
935
935
935
935
935
935
935
935
935
935
935
935
935
935
935
935
935
935
935
935
935
935
935
935
935
935
935
935
935
935
935
935
935
935
935
935
935
935
935
935
935
935
935
935
935
935
935
935
935
935
935
935
935
935
935
935
935
935
935
935
937
940
940
940
937
937
940
940
937
937
940
940
940
940
940
940
937
937
937
937
937
939
939
938
938
938
938
938
938
938