1545
1545
1545
1545
1545
1545
1545
1545
1545
1545
1545
1545
1545
1545
1545
1545
1545
1545
1545
1545
1545
1545
1545
1545
1545
1545
1545
1545
1545
1545
1545
1545
1545
1545
1545
1545
1545
1545
1545
1545
1545
1545
1545
1545
1545
1545
1545
1545
1545
1545
1545
1545
1545
1545
1545
1545
1545
1545
1545
1545
1545
1545
1545
1545
1545
1545
1545
1545
1545
1545
1545
1545
1545
1545
1545
1545
1545
1545
1545
1545
1545
1545
1545
1545
1545
1545
1545
1545
1545
1545
1545
1545
1545
1545
1545
1545
1545
1545
1545
1545
1545
1545
1545
1544
1544
1544
1544
1544
1544
1544
1544
1544
1544
1544
1544
1544
1544
1544
1544
1544
1544
1544
1544
1544
1544
1548
1548
1548
1543
1543
1544
1544
1544
1544
1544
1544
1544
1544
1544
1548
1548
1548
1548
1548
1548
1548
1548
1548
1543
1543
1543
1543
1543
1543
1543
1544
1544
1548
1548
1548
1548
1548
1548
1543
1543
1543
1543
1543
1543
1543
1543
1543
1543
1546
1546
1546
1546
1546
1546
1546
1546
1546
1546
1546
1546
1546
1546
1546
1546
1546
1548
1544
1544
1544
1544
1544
1544
1544
1544
1548
1548
1548
1544
1544
1544
1544
1544
1544
1544
1544
1544
1544
1544
1544
1544
1548
1548
1548
1548
1548
1548
1544
1544
1544
1544
1548
1548
1548
1548
1548
1548
1548
1548
1548
1548
1548
1548
1548
1548
1548
1543
1543
1544
1544
1548
1543
1544
1544
1543
1543
1543
1543
1543
1543
1543
1543
1543
1543
1543
1543
1543
1543
1543
1543
1543
1543
1546
1546
1546
1546
1546
1546
1546
1546
1546
1546
1546
1546
1546
1546
1546
1548
1548
1546
1548
1548
1548
1548
1548
1548
1548
1548
1548
1548
1548
1548
1548
1548
1548
1543
1548
1548
1548
1548
1548
1548
1548
1548
1543
1543
1548
1543
1543
1543
1543
1543
1543
1553
1553
1548
1547
1547
1547
1547
1547
1547
1547
1548
1548
1547
1547
1547
1547
1547
1547
1548
1548
1547
1547
1547
1547
1547
1547
1552
1548
1548
1547
1547
1552
1552
1552
1552
1549
1548
1548
1549
1548
1548
1548
1548
1547
1549
1548
1548
1548
1548
1548
1548
1548
1548
1520
1520
1548
1548
1548
1552
1548
1548
1548
1548
1520
1548
1541
1520
1520
1548
1548
1541
1520
1520
1548
1548
1548
1541
1541
1541
1541
1520
1520
1548
1548
1520
1520
1520
1548
1548
1548
1548
1548
1520
1520
1520
1520
1520
1520
1520
1520
1520
1520
1520
1520
1520
1520
1520
1520
1520
1520
1520
1520
1520
1520
1520
1520
1520
1520
1520
1520
1520
1520
1520
1520
1520
1520
1520
1520
1520
1520
1520
1548
1548
1548
1548
1548
1520
1520
1548
1548
1548
1548
1541
1541
1541
1542
1540
1539
1539
1538
1520
1520
1537
1520
1520
1537
1537
1537
1520
1537
1537
1537
1537
1537
1537
1520
1520
1520
1537
1520
1520
1520
1520
1520
1520
1520
1520
1520
1524
1520
1520
1520
1520
1520
1520
1524
1524
1520
1520
1520
1524
1524
1520
1520
1520
1524
1520
1520
1520
1520
1520
1520
1520
1520
1520
1520
1520
1520
1520
1520
1520
1520
1520
1520
1520
1520
1520
1520
1520
1537
1537
1537
1537
1537
1537
1537
1537
1537
1537
1537
1537
1537
1528
1528
1528
1520
1520
1520
1520
1520
1520
1520
1520
1520
1520
1520
1520
1520
1520
1520
1520
1520
1520
1520
1520
1520
1520
1520
1520
1520
1520
1520
1520
1520
1520
1520
1520
1520
1520
1520
1520
1520
1520
1520
1520
1520
1520
1520
1520
1520
1520
1520
1520
1520
1520
1527
1527
1527
1527
1527
1527
1527
1527
1527
1527
1527
1536
1523
1523
1523
1523
1523
1523
1523
1523
1523
1523
1536
1523
1527
1527
1527
1523
1523
1523
1523
1523
1523
1523
1520
1527
1527
1523
1523
1523
1523
1523
1520
1520
1527
1527
1527
1527
1520
1520
1520
1520
1520
1520
1520
1529
1520
1520
1520
1520
1520
1520
1520
1520
1520
1520
1520
1520
1520
1520
1520
1520
1520
1520
1520
1520
1520
1520
1520
1520
1520
1520
1527
1520
1520
1527
1520
1520
1520
1527
1520
1520
1520
1520
1527
1523
1527
1527
1527
1527
1523
1523
1523
1523
1520
1520
1527
1520
1520
1527
1527
1533
1527
1527
1533
1533
1533
1533
1527
1533
1533
1533
1533
1533
1533
1534
1534
1534
1533
1532
1532
1527
1532
1527
1527
1535
1535
1532
1527
1532
1532
1532
1532
1532
1527
1527
1527
1527
1527
1527
1527
1527
1520
1527
1520
1520
1520
1520
1520
1527
1527
1527
1520
1520
1520
1520
1520
1520
1520
1520
1520
1520
1520
1520
1527
1527
1520
1520
1520
1520
1531
1520
1520
1520
1520
1522
1527
1522
1522
1522
1522
1520
1520
1520
1522
1522
1522
1522
1522
1527
1522
1522
1520
1520
1520
1520
1520
1527
1520
1520
1520
1520
1527
1520
1527
1520
1520
1527
1527
1520
1527
1520
1520
1520
1520
1520
1520
1520
1527
1520
1527
1520
1527
1520
1520
1522
1522
1522
1522
1522
1522
1522
1522
1522
1522
1522
1527
1527
1527
1554
1527
1530
1527
1530
1527
1527
1527
1527
1527
1520
1520
1522
1520
1522
1522
1522
1522
1522
1522
1522
1522
1522
1522
1522
1520
1520
1520
1520
1520
1520
1520
1520
1520
1520
1520
1520
1520
1520
1527
1520
1520
1520
1520
1520
1527
1520
1520
1520
1520
1527
1520
1527
1520
1527
1520
1520
1527
1527
1527
1520
1520
1520
1520
1527
1527
1520
1520
1520
1522
1522
1520
1520
1520
1522
1522
1520
1520
1520
1522
1522
1522
1522
1522
1522
1522
1520
1520
1520
1520
1522
1522
1522
1520
1520
1522
1520
1520
1527
1527
1527
1527
1527
1527
1527
1527
1522
1527
1522
1522
1522
1522
1522
1522
1527
1522
1522
1522
1522
1526
1526
1526
1526
1526
1526
1526
1526
1526
1526
1526
1527
1527
1527
1527
1526
1520
1527
1520
1520
1520
1526
1522
1522
1522
1520
1520
1522
1522
1520
1520
1520
1520
1526
1526
1522
1522
1522
1520
1520
1526
1526
1522
1522
1522
1520
1526
1526
1520
1520
1520
1520
1520
1520
1520
1520
1520
1520
1520
1520
1520
1520
1520
1520
1520
1520
1520
1520
1520
1520
1520
1520
1520
1520
1520
1520
1520
1520
1520
1520
1520
1520
1520
1520
1520
1520
1520
1520
1520
1525
1525
1525
1525
1525