0.159200 0.053600 0.016800
0.177600 0.054400 0.008800
0.190400 0.054400 0.008800
0.202400 0.054400 0.008800
0.226400 0.054400 0.017600
0.216800 0.055200 0.008800
0.863200 0.060000 0.016800
0.883200 0.061600 0.015200
0.751200 0.084000 0.013600
0.759200 0.085600 0.005600
0.769600 0.086400 0.008800
0.140000 0.087200 0.008800
0.169600 0.087200 0.007200
0.807200 0.087200 0.007200
0.818400 0.087200 0.012800
0.150400 0.088000 0.015200
0.158400 0.088000 0.013600
0.779200 0.088000 0.007200
0.796800 0.088000 0.005600
0.826400 0.088000 0.005600
0.835200 0.088000 0.007200
0.179200 0.088800 0.007200
0.268800 0.088800 0.013600
0.276000 0.088800 0.011200
0.788000 0.088800 0.005600
0.188000 0.089600 0.013600
0.589600 0.089600 0.008800
0.598400 0.089600 0.005600
0.636000 0.089600 0.003200
0.846400 0.089600 0.008800
0.195200 0.090400 0.010400
0.288800 0.090400 0.008000
0.304000 0.090400 0.010400
0.315200 0.090400 0.010400
0.607200 0.090400 0.005600
0.616800 0.090400 0.007200
0.628000 0.090400 0.007200
0.640800 0.090400 0.008000
0.331200 0.091200 0.007200
0.340800 0.091200 0.011200
0.345600 0.091200 0.009600
0.650400 0.091200 0.005600
0.659200 0.092000 0.005600
0.668000 0.092000 0.005600
0.682400 0.092000 0.009600
0.676000 0.092800 0.005600
0.482400 0.108000 0.016800
0.642400 0.108000 0.011200
0.181600 0.108800 0.016000
0.457600 0.108800 0.011200
0.471200 0.108800 0.005600
0.512800 0.108800 0.008800
0.527200 0.108800 0.009600
0.553600 0.108800 0.016800
0.562400 0.108800 0.015200
0.870400 0.108800 0.015200
0.136000 0.109600 0.015200
0.156800 0.109600 0.011200
0.171200 0.109600 0.008800
0.194400 0.109600 0.011200
0.232800 0.109600 0.012800
0.248800 0.109600 0.011200
0.270400 0.109600 0.013600
0.499200 0.109600 0.011200
0.541600 0.109600 0.011200
0.572800 0.109600 0.005600
0.584800 0.109600 0.009600
0.633600 0.109600 0.013600
0.656800 0.109600 0.011200
0.706400 0.109600 0.011200
0.214400 0.110400 0.013600
0.262400 0.110400 0.005600
0.284000 0.110400 0.019200
0.296800 0.110400 0.009600
0.320000 0.110400 0.005600
0.328000 0.110400 0.004800
0.335200 0.110400 0.003200
0.341600 0.110400 0.005600
0.416800 0.110400 0.005600
0.432000 0.110400 0.005600
0.599200 0.110400 0.011200
0.615200 0.110400 0.011200
0.673600 0.110400 0.011200
0.690400 0.110400 0.011200
0.722400 0.110400 0.011200
0.745600 0.110400 0.015200
0.799200 0.110400 0.011200
0.814400 0.110400 0.011200
0.832800 0.110400 0.011200
0.851200 0.110400 0.012800
0.055200 0.111200 0.016000
0.206400 0.111200 0.005600
0.309600 0.111200 0.008800
0.353600 0.111200 0.009600
0.367200 0.111200 0.013600
0.374400 0.111200 0.013600
0.387200 0.111200 0.008800
0.402400 0.111200 0.011200
0.424000 0.111200 0.004800
0.440000 0.111200 0.013600
0.445600 0.111200 0.011200
0.766400 0.111200 0.012800
0.783200 0.112000 0.011200
0.734400 0.112800 0.007200
0.522400 0.128800 0.007200
0.174400 0.129600 0.008800
0.340000 0.129600 0.008800
0.369600 0.129600 0.007200
0.469600 0.129600 0.012000
0.477600 0.129600 0.005600
0.532000 0.129600 0.005600
0.643200 0.129600 0.008800
0.648800 0.129600 0.003200
0.655200 0.129600 0.005600
0.863200 0.129600 0.008800
0.879200 0.129600 0.012800
0.359200 0.130400 0.007200
0.380000 0.130400 0.008800
0.487200 0.130400 0.005600
0.498400 0.130400 0.007200
0.540800 0.130400 0.005600
0.560000 0.130400 0.007200
0.569600 0.130400 0.006400
0.579200 0.130400 0.005600
0.632000 0.130400 0.007200
0.664000 0.130400 0.005600
0.674400 0.130400 0.007200
0.684800 0.130400 0.008800
0.708000 0.130400 0.007200
0.720000 0.130400 0.008000
0.853600 0.130400 0.006400
0.868000 0.130400 0.008800
0.887200 0.130400 0.005600
0.896800 0.130400 0.007200
0.184000 0.131200 0.007200
0.208800 0.131200 0.008800
0.224000 0.131200 0.008000
0.349600 0.131200 0.007200
0.507200 0.131200 0.008800
0.549600 0.131200 0.007200
0.588800 0.131200 0.008800
0.697600 0.131200 0.008000
0.735200 0.131200 0.008000
0.745600 0.131200 0.005600
0.754400 0.131200 0.007200
0.799200 0.131200 0.005600
0.808000 0.131200 0.006400
0.819200 0.131200 0.007200
0.827200 0.131200 0.005600
0.834400 0.131200 0.005600
0.843200 0.131200 0.005600
0.905600 0.131200 0.014400
0.195200 0.132000 0.008800
0.236000 0.132000 0.010400
0.244000 0.132000 0.004800
0.765600 0.132000 0.007200
0.775200 0.132000 0.005600
0.780800 0.132000 0.008800
0.790400 0.132000 0.005600
0.055200 0.132800 0.016800
0.249600 0.132800 0.008800
0.254400 0.132800 0.008800
0.261600 0.132800 0.009600
0.049600 0.133600 0.016000
0.136800 0.147200 0.019200
0.165600 0.148000 0.016800
0.602400 0.148000 0.020000
0.616800 0.148000 0.020000
0.638400 0.148000 0.011200
0.774400 0.148000 0.012800
0.840800 0.148000 0.011200
0.216000 0.148800 0.009600
0.276800 0.148800 0.011200
0.519200 0.148800 0.013600
0.591200 0.148800 0.008800
0.686400 0.148800 0.010400
0.720800 0.148800 0.011200
0.765600 0.148800 0.005600
0.857600 0.148800 0.011200
0.871200 0.148800 0.012800
0.149600 0.149600 0.022400
0.172800 0.149600 0.013600
0.300800 0.149600 0.005600
0.311200 0.149600 0.008800
0.340800 0.149600 0.008800
0.357600 0.149600 0.012800
0.379200 0.149600 0.013600
0.398400 0.149600 0.011200
0.428000 0.149600 0.011200
0.444800 0.149600 0.013600
0.476800 0.149600 0.012800
0.574400 0.149600 0.012000
0.580000 0.149600 0.012800
0.627200 0.149600 0.007200
0.671200 0.149600 0.010400
0.703200 0.149600 0.010400
0.734400 0.149600 0.011200
0.740000 0.149600 0.013600
0.751200 0.149600 0.011200
0.790400 0.149600 0.011200
0.807200 0.149600 0.011200
0.824800 0.149600 0.010400
0.200800 0.150400 0.008800
0.228800 0.150400 0.008800
0.325600 0.150400 0.011200
0.368000 0.150400 0.005600
0.388800 0.150400 0.005600
0.413600 0.150400 0.011200
0.497600 0.150400 0.012800
0.561600 0.150400 0.008800
0.656000 0.150400 0.011200
0.187200 0.151200 0.010400
0.241600 0.151200 0.011200
0.258400 0.151200 0.011200
0.292000 0.151200 0.016800
0.459200 0.151200 0.008800
0.548000 0.152000 0.008800
0.536000 0.152800 0.011200
0.338400 0.167200 0.007200
0.190400 0.168000 0.010400
0.197600 0.168000 0.005600
0.535200 0.168000 0.005600
0.574400 0.168000 0.010400
0.836000 0.168000 0.007200
0.845600 0.168000 0.005600
0.853600 0.168000 0.005600
0.206400 0.168800 0.005600
0.215200 0.168800 0.007200
0.348000 0.168800 0.005600
0.369600 0.168800 0.005600
0.378400 0.168800 0.005600
0.389600 0.168800 0.007200
0.402400 0.168800 0.007200
0.413600 0.168800 0.007200
0.544800 0.168800 0.005600
0.552800 0.168800 0.004800
0.560800 0.168800 0.005600
0.568000 0.168800 0.005600
0.826400 0.168800 0.005600
0.860800 0.168800 0.010400
0.874400 0.168800 0.008800
0.358400 0.169600 0.007200
0.487200 0.169600 0.005600
0.495200 0.169600 0.005600
0.661600 0.169600 0.007200
0.676800 0.169600 0.004800
0.684000 0.169600 0.004800
0.691200 0.169600 0.005600
0.797600 0.169600 0.008000
0.818400 0.169600 0.007200
0.108000 0.170400 0.016800
0.512800 0.170400 0.005600
0.518400 0.170400 0.005600
0.669600 0.170400 0.005600
0.701600 0.170400 0.007200
0.712800 0.170400 0.008000
0.807200 0.170400 0.008000
0.100000 0.171200 0.010400
0.112800 0.171200 0.012000
0.120800 0.171200 0.005600
0.135200 0.171200 0.005600
0.143200 0.171200 0.005600
0.504800 0.171200 0.005600
0.128000 0.172000 0.005600
0.152000 0.172800 0.012800
0.430400 0.172800 0.006400
0.528800 0.176000 0.007200
0.218400 0.184800 0.007200
0.228800 0.184800 0.008800
0.242400 0.184800 0.019200
0.264000 0.184800 0.008800
0.276000 0.184800 0.008800
0.324800 0.185600 0.011200
0.252000 0.186400 0.019200
0.289600 0.186400 0.019200
0.309600 0.186400 0.011200
0.340800 0.186400 0.011200
0.380800 0.186400 0.011200
0.399200 0.186400 0.011200
0.178400 0.187200 0.016000
0.200000 0.187200 0.015200
0.209600 0.187200 0.005600
0.454400 0.187200 0.008800
0.468000 0.187200 0.008800
0.483200 0.187200 0.011200
0.656000 0.187200 0.011200
0.808800 0.187200 0.011200
0.854400 0.187200 0.008800
0.871200 0.187200 0.012800
0.136800 0.188000 0.012800
0.143200 0.188000 0.030400
0.362400 0.188000 0.012800
0.415200 0.188000 0.011200
0.432000 0.188000 0.008800
0.442400 0.188000 0.007200
0.506400 0.188000 0.013600
0.527200 0.188000 0.013600
0.544000 0.188000 0.013600
0.557600 0.188000 0.011200
0.576000 0.188000 0.012000
0.596000 0.188000 0.012800
0.613600 0.188000 0.019200
0.640800 0.188000 0.016800
0.668800 0.188000 0.011200
0.685600 0.188000 0.011200
0.700800 0.188000 0.008800
0.729600 0.188000 0.011200
0.799200 0.188000 0.007200
0.824800 0.188000 0.010400
0.168800 0.188800 0.008800
0.187200 0.188800 0.013600
0.714400 0.188800 0.010400
0.743200 0.188800 0.008800
0.756000 0.188800 0.008800
0.766400 0.188800 0.005600
0.781600 0.188800 0.012000
0.789600 0.188800 0.011200
0.840800 0.188800 0.011200
0.156800 0.189600 0.011200
0.496000 0.190400 0.008800
0.774400 0.190400 0.005600
0.787200 0.204000 0.011200
0.795200 0.205600 0.005600
0.827200 0.205600 0.009600
0.652800 0.206400 0.008800
0.662400 0.206400 0.007200
0.743200 0.206400 0.007200
0.673600 0.207200 0.005600
0.681600 0.207200 0.005600
0.734400 0.207200 0.005600
0.754400 0.207200 0.008800
0.804000 0.207200 0.005600
0.813600 0.207200 0.008800
0.496000 0.208000 0.008800
0.552800 0.208000 0.008800
0.688800 0.208000 0.005600
0.696800 0.208000 0.005600
0.707200 0.208000 0.006400
0.717600 0.208000 0.006400
0.726400 0.208000 0.005600
0.820000 0.208000 0.012000
0.474400 0.208800 0.008800
0.483200 0.208800 0.005600
0.505600 0.208800 0.005600
0.512800 0.208800 0.005600
0.524800 0.208800 0.007200
0.543200 0.208800 0.005600
0.535200 0.210400 0.005600
0.772000 0.214400 0.006400
0.379200 0.215200 0.008000
0.855200 0.224800 0.019200
0.693600 0.225600 0.011200
0.868800 0.225600 0.018400
0.315200 0.226400 0.025600
0.708000 0.226400 0.008800
0.781600 0.226400 0.011200
0.797600 0.226400 0.011200
0.432000 0.227200 0.008800
0.505600 0.227200 0.013600
0.515200 0.227200 0.005600
0.718400 0.227200 0.005600
0.729600 0.227200 0.008800
0.744000 0.227200 0.016800
0.766400 0.227200 0.013600
0.845600 0.227200 0.016800
0.443200 0.228000 0.008800
0.455200 0.228000 0.011200
0.470400 0.228000 0.013600
0.489600 0.228000 0.013600
0.526400 0.228000 0.011200
0.544800 0.228000 0.012000
0.564800 0.228000 0.012800
0.580800 0.228000 0.011200
0.655200 0.228000 0.011200
0.670400 0.228000 0.015200
0.679200 0.228000 0.007200
0.756800 0.228000 0.005600
0.814400 0.228000 0.011200
0.832000 0.228000 0.012800
0.301600 0.228800 0.011200
0.333600 0.228800 0.011200
0.347200 0.228800 0.011200
0.360800 0.228800 0.011200
0.406400 0.228800 0.008800
0.420000 0.228800 0.008800
0.609600 0.228800 0.012800
0.644800 0.228800 0.005600
0.280000 0.229600 0.022400
0.479200 0.229600 0.005600
0.592800 0.229600 0.008800
0.629600 0.229600 0.019200
0.638400 0.229600 0.013600
0.250400 0.230400 0.012800
0.265600 0.230400 0.008800
0.392000 0.230400 0.011200
0.176800 0.231200 0.016800
0.231200 0.231200 0.011200
0.378400 0.231200 0.009600
0.618400 0.231200 0.003200
0.624000 0.231200 0.003200
0.092000 0.232000 0.011200
0.096800 0.232000 0.008800
0.106400 0.232000 0.007200
0.167200 0.232000 0.024000
0.114400 0.232800 0.010400
0.150400 0.232800 0.013600
0.196000 0.232800 0.013600
0.212000 0.232800 0.013600
0.084800 0.233600 0.005600
0.136800 0.233600 0.019200
0.040000 0.234400 0.005600
0.068000 0.234400 0.007200
0.077600 0.234400 0.005600
0.031200 0.235200 0.012800
0.047200 0.235200 0.005600
0.059200 0.235200 0.015200
0.053600 0.236000 0.003200
0.101600 0.243200 0.008800
0.107200 0.244000 0.008000
0.336000 0.247200 0.007200
0.344000 0.247200 0.005600
0.353600 0.247200 0.005600
0.362400 0.248800 0.007200
0.861600 0.248800 0.008800
0.373600 0.249600 0.008000
0.383200 0.249600 0.006400
0.434400 0.249600 0.005600
0.441600 0.249600 0.005600
0.828000 0.249600 0.009600
0.849600 0.249600 0.008800
0.393600 0.250400 0.006400
0.404000 0.250400 0.007200
0.452000 0.250400 0.006400
0.840000 0.250400 0.008000
0.872000 0.250400 0.013600
0.880000 0.250400 0.005600
0.888800 0.250400 0.013600
0.413600 0.251200 0.006400
0.424000 0.251200 0.007200
0.460800 0.251200 0.005600
0.468800 0.251200 0.005600
0.489600 0.251200 0.008800
0.520000 0.251200 0.008800
0.528800 0.251200 0.005600
0.560800 0.251200 0.007200
0.570400 0.251200 0.005600
0.580000 0.251200 0.007200
0.208000 0.252000 0.011200
0.216000 0.252000 0.004800
0.231200 0.252000 0.005600
0.244800 0.252000 0.010400
0.253600 0.252000 0.007200
0.479200 0.252000 0.007200
0.540800 0.252000 0.007200
0.550400 0.252000 0.005600
0.223200 0.252800 0.005600
0.239200 0.252800 0.005600
0.811200 0.270400 0.005600
0.830400 0.270400 0.015200
0.523200 0.271200 0.010400
0.732000 0.271200 0.011200
0.768000 0.271200 0.016000
0.802400 0.271200 0.020800
0.850400 0.271200 0.015200
0.861600 0.271200 0.005600
0.868800 0.271200 0.012800
0.174400 0.272000 0.011200
0.212800 0.272000 0.015200
0.238400 0.272000 0.016800
0.452000 0.272000 0.005600
0.569600 0.272000 0.008800
0.600800 0.272000 0.011200
0.616800 0.272000 0.011200
0.751200 0.272000 0.012800
0.777600 0.272000 0.005600
0.788000 0.272000 0.008800
0.190400 0.272800 0.013600
0.287200 0.272800 0.013600
0.305600 0.272800 0.013600
0.393600 0.272800 0.011200
0.408800 0.272800 0.013600
0.417600 0.272800 0.004800
0.440800 0.272800 0.008800
0.502400 0.272800 0.004800
0.537600 0.272800 0.016800
0.556000 0.272800 0.013600
0.584000 0.272800 0.008800
0.636800 0.272800 0.012800
0.654400 0.272800 0.011200
0.691200 0.272800 0.014400
0.820000 0.272800 0.005600
0.326400 0.273600 0.021600
0.340000 0.273600 0.008800
0.372800 0.273600 0.016800
0.381600 0.273600 0.005600
0.426400 0.273600 0.012000
0.460800 0.273600 0.013600
0.495200 0.273600 0.011200
0.509600 0.273600 0.011200
0.669600 0.273600 0.009600
0.682400 0.273600 0.020000
0.712800 0.273600 0.012800
0.251200 0.274400 0.011200
0.268800 0.274400 0.012800
0.353600 0.274400 0.021600
0.362400 0.274400 0.005600
0.476800 0.275200 0.011200
0.137600 0.276000 0.016000
0.158400 0.276000 0.011200
0.484800 0.276000 0.003200
0.204000 0.276800 0.005600
0.574400 0.288800 0.005600
0.583200 0.289600 0.005600
0.593600 0.289600 0.006400
0.604000 0.289600 0.007200
0.646400 0.289600 0.006400
0.665600 0.289600 0.005600
0.675200 0.289600 0.005600
0.614400 0.290400 0.005600
0.638400 0.290400 0.005600
0.656800 0.290400 0.005600
0.428800 0.291200 0.007200
0.451200 0.291200 0.005600
0.727200 0.291200 0.005600
0.738400 0.291200 0.007200
0.751200 0.291200 0.008000
0.248800 0.292000 0.005600
0.257600 0.292000 0.007200
0.269600 0.292000 0.005600
0.438400 0.292000 0.005600
0.445600 0.292000 0.010400
0.459200 0.292000 0.005600
0.470400 0.292000 0.007200
0.480800 0.292000 0.006400
0.492000 0.292000 0.005600
0.500000 0.292000 0.008800
0.709600 0.292000 0.007200
0.717600 0.292000 0.005600
0.280000 0.292800 0.005600
0.286400 0.292800 0.010400
0.628000 0.292800 0.004800
0.042400 0.302400 0.010400
0.049600 0.304000 0.003200
0.055200 0.304000 0.013600
0.063200 0.304000 0.005600
0.116800 0.304000 0.005600
0.868800 0.304000 0.024000
0.071200 0.304800 0.008800
0.081600 0.304800 0.005600
0.092000 0.304800 0.007200
0.101600 0.304800 0.005600
0.109600 0.304800 0.005600
0.124000 0.304800 0.005600
0.689600 0.304800 0.014400
0.815200 0.304800 0.008800
0.513600 0.306400 0.011200
0.547200 0.306400 0.013600
0.681600 0.306400 0.008800
0.727200 0.306400 0.010400
0.756800 0.306400 0.013600
0.764000 0.306400 0.013600
0.801600 0.306400 0.012800
0.830400 0.306400 0.013600
0.850400 0.306400 0.012800
0.500000 0.307200 0.010400
0.668800 0.307200 0.011200
0.708800 0.307200 0.011200
0.744000 0.307200 0.010400
0.781600 0.307200 0.013600
0.840000 0.307200 0.005600
0.252000 0.308000 0.013600
0.289600 0.308000 0.012800
0.304000 0.308000 0.008800
0.489600 0.308000 0.011200
0.528800 0.308000 0.011200
0.565600 0.308000 0.011200
0.581600 0.308000 0.012000
0.196000 0.308800 0.013600
0.229600 0.308800 0.011200
0.241600 0.308800 0.005600
0.269600 0.308800 0.011200
0.316800 0.308800 0.008800
0.382400 0.308800 0.015200
0.413600 0.308800 0.007200
0.476800 0.308800 0.008800
0.599200 0.308800 0.011200
0.617600 0.308800 0.012000
0.636000 0.308800 0.011200
0.653600 0.308800 0.010400
0.212800 0.309600 0.013600
0.329600 0.309600 0.013600
0.349600 0.309600 0.011200
0.365600 0.309600 0.011200
0.403200 0.309600 0.008800
0.421600 0.309600 0.011200
0.436800 0.309600 0.011200
0.448800 0.309600 0.010400
0.464000 0.309600 0.009600
0.139200 0.310400 0.013600
0.148800 0.310400 0.005600
0.158400 0.310400 0.016800
0.170400 0.310400 0.018400
0.180800 0.310400 0.016800
0.808800 0.324000 0.008800
0.817600 0.324000 0.005600
0.827200 0.324800 0.007200
0.837600 0.324800 0.007200
0.848800 0.324800 0.008800
0.668000 0.326400 0.006400
0.320000 0.327200 0.011200
0.404800 0.327200 0.008800
0.414400 0.327200 0.007200
0.424800 0.327200 0.008000
0.445600 0.327200 0.007200
0.658400 0.327200 0.008800
0.328000 0.328000 0.005600
0.436000 0.328000 0.007200
0.677600 0.328000 0.007200
0.687200 0.328000 0.006400
0.696800 0.328000 0.008800
0.342400 0.328800 0.008800
0.352000 0.328800 0.005600
0.336800 0.329600 0.005600
0.374400 0.329600 0.008000
0.453600 0.329600 0.012000
0.364800 0.330400 0.008000
0.678400 0.346400 0.012800
0.786400 0.346400 0.013600
0.808800 0.346400 0.011200
0.823200 0.346400 0.015200
0.832800 0.346400 0.005600
0.144000 0.347200 0.013600
0.407200 0.347200 0.011200
0.416000 0.347200 0.003200
0.422400 0.347200 0.005600
0.434400 0.347200 0.013600
0.657600 0.347200 0.013600
0.771200 0.347200 0.011200
0.859200 0.347200 0.013600
0.322400 0.348000 0.010400
0.339200 0.348000 0.011200
0.356000 0.348000 0.011200
0.372000 0.348000 0.013600
0.393600 0.348000 0.008800
0.605600 0.348000 0.011200
0.699200 0.348000 0.016000
0.710400 0.348000 0.005600
0.720800 0.348000 0.015200
0.739200 0.348000 0.012800
0.756800 0.348000 0.011200
0.841600 0.348000 0.014400
0.877600 0.348000 0.027200
0.510400 0.348800 0.018400
0.524000 0.348800 0.013600
0.622400 0.348800 0.013600
0.638400 0.348800 0.009600
0.161600 0.349600 0.011200
0.309600 0.349600 0.009600
0.383200 0.349600 0.005600
0.451200 0.349600 0.008800
0.464000 0.349600 0.017600
0.474400 0.349600 0.019200
0.532000 0.349600 0.005600
0.542400 0.349600 0.016800
0.590400 0.349600 0.024800
0.633600 0.349600 0.003200
0.175200 0.350400 0.008800
0.190400 0.350400 0.011200
0.245600 0.350400 0.011200
0.304800 0.350400 0.015200
0.487200 0.350400 0.021600
0.502400 0.350400 0.013600
0.569600 0.350400 0.013600
0.204800 0.351200 0.008800
0.216000 0.351200 0.007200
0.229600 0.351200 0.010400
0.270400 0.351200 0.019200
0.295200 0.351200 0.007200
0.552000 0.351200 0.016800
0.030400 0.352000 0.008000
0.084800 0.352000 0.005600
0.285600 0.352000 0.016000
0.066400 0.352800 0.013600
0.076000 0.352800 0.012800
0.092000 0.352800 0.005600
0.100000 0.352800 0.005600
0.041600 0.353600 0.008800
0.052000 0.353600 0.016800
0.059200 0.353600 0.005600
0.109600 0.353600 0.005600
0.280000 0.353600 0.012000
0.116800 0.354400 0.005600
0.125600 0.356000 0.012800
0.112000 0.367200 0.008800
0.383200 0.373600 0.011200
0.448000 0.373600 0.013600
0.364800 0.374400 0.011200
0.400000 0.374400 0.011200
0.416000 0.374400 0.013600
0.432000 0.374400 0.016800
0.349600 0.375200 0.011200
0.336800 0.376000 0.019200
0.167200 0.429600 0.020800
0.204800 0.429600 0.011200
0.159200 0.430400 0.016800
0.180800 0.430400 0.008800
0.192800 0.430400 0.008800
0.228000 0.430400 0.016800
0.219200 0.431200 0.021600
