1669
1669
1669
1669
1669
1669
1669
1669
1669
1669
1669
1669
1668
1669
1668
1668
1669
1668
1668
1668
1674
1674
1673
1673
1673
1673
1671
1673
1673
1673
1673
1673
1671
1671
1671
1671
1671
1671
1671
1671
1671
1671
1671
1671
1671
1672
1672
1672
1672
1672
1672
1672
1672
1670
1672
1672
1672
1672
1670
1670
1670
1670
1670
1670
1670
1670
1670
1670
1670
1670
1670
1670
1665
1665
1665
1665
1665
1665
1665
1665
1665
1665
1665
1665
1665
1665
1665
1665
1665
1665
1665
1665
1665
1665
1665
1665
1665
1665
1665
1665
1665
1665
1665
1665
1665
1665
1665
1665
1665
1665
1665
1665
1665
1665
1665
1665
1665
1665
1665
1665
1665
1665
1665
1665
1665
1665
1665
1665
1666
1675
1675
1675
1675
1675
1675
1675
1693
1693
1693
1694
1694
1693
1693
1693
1694
1694
1694
1694
1694
1693
1693
1693
1693
1693
1693
1693
1694
1694
1694
1693
1693
1693
1693
1693
1693
1693
1693
1693
1693
1693
1693
1693
1693
1693
1695
1666
1676
1676
1676
1676
1676
1676
1676
1676
1676
1676
1665
1665
1665
1665
1665
1665
1665
1665
1665
1665
1665
1665
1665
1665
1665
1665
1665
1665
1665
1665
1665
1665
1665
1665
1665
1665
1665
1665
1665
1665
1665
1665
1665
1665
1665
1665
1665
1665
1665
1665
1665
1665
1665
1665
1665
1665
1665
1676
1676
1665
1665
1676
1676
1676
1676
1676
1676
1665
1691
1691
1691
1691
1691
1691
1691
1689
1691
1691
1691
1689
1689
1689
1689
1689
1689
1689
1689
1691
1691
1691
1691
1691
1691
1691
1691
1691
1689
1689
1689
1689
1689
1691
1691
1691
1691
1692
1692
1692
1692
1692
1692
1692
1692
1692
1692
1691
1692
1692
1692
1692
1692
1692
1692
1692
1692
1691
1691
1691
1691
1665
1665
1665
1665
1665
1665
1665
1665
1665
1665
1667
1665
1665
1665
1665
1665
1665
1665
1665
1665
1667
1667
1665
1665
1665
1665
1665
1665
1665
1665
1665
1665
1665
1665
1665
1665
1665
1665
1667
1667
1667
1667
1667
1665
1665
1665
1665
1665
1665
1665
1665
1665
1665
1667
1667
1665
1665
1665
1665
1665
1665
1665
1665
1665
1667
1688
1688
1688
1688
1688
1688
1667
1667
1688
1688
1688
1688
1688
1688
1688
1688
1688
1688
1688
1688
1688
1688
1688
1688
1688
1688
1667
1667
1667
1667
1667
1688
1688
1688
1688
1688
1688
1688
1688
1688
1688
1688
1688
1688
1688
1688
1688
1688
1688
1688
1688
1688
1688
1688
1688
1688
1688
1688
1687
1687
1687
1687
1687
1687
1687
1687
1688
1667
1667
1667
1667
1667
1667
1667
1665
1665
1665
1665
1665
1665
1665
1665
1665
1665
1665
1665
1665
1665
1665
1665
1665
1665
1665
1665
1665
1665
1665
1665
1665
1665
1665
1665
1665
1665
1665
1665
1665
1665
1665
1665
1665
1665
1665
1665
1665
1665
1665
1665
1665
1665
1665
1665
1665
1665
1665
1665
1665
1665
1665
1685
1685
1685
1685
1685
1685
1685
1685
1685
1685
1685
1685
1685
1685
1685
1685
1685
1685
1685
1685
1685
1685
1686
1686
1686
1686
1686
1686
1686
1686
1686
1686
1686
1686
1686
1686
1686
1686
1686
1686
1686
1686
1686
1686
1686
1686
1684
1684
1684
1684
1686
1684
1684
1665
1665
1665
1665
1665
1665
1665
1665
1665
1665
1665
1665
1665
1665
1665
1665
1665
1665
1665
1665
1665
1665
1665
1665
1665
1665
1665
1665
1665
1665
1665
1665
1665
1665
1665
1665
1665
1665
1665
1665
1665
1665
1665
1665
1665
1665
1665
1665
1665
1665
1665
1665
1665
1665
1665
1665
1683
1683
1683
1683
1683
1683
1683
1683
1683
1683
1683
1683
1681
1681
1681
1681
1681
1681
1681
1677
1677
1677
1677
1677
1677
1677
1682
1665
1665
1665
1665
1665
1665
1665
1665
1665
1665
1665
1665
1665
1677
1665
1665
1665
1665
1665
1677
1665
1665
1665
1665
1665
1677
1677
1677
1665
1665
1665
1665
1665
1665
1665
1665
1665
1665
1677
1677
1665
1665
1677
1665
1665
1665
1665
1665
1665
1665
1665
1677
1677
1665
1665
1665
1665
1665
1677
1665
1665
1665
1665
1665
1680
1680
1680
1680
1680
1680
1680
1680
1680
1680
1680
1680
1680
1680
1680
1680
1680
1680
1680
1680
1680
1680
1680
1680
1680
1680
1680
1680
1680
1680
1680
1680
1680
1680
1680
1680
1680
1680
1680
1680
1680
1680
1680
1680
1680
1680
1680
1680
1680
1665
1665
1665
1665
1665
1665
1665
1665
1665
1665
1665
1665
1665
1665
1665
1665
1665
1665
1665
1665
1665
1665
1665
1665
1665
1665
1665
1665
1665
1665
1665
1665
1665
1665
1665
1665
1665
1665
1665
1665
1665
1665
1665
1665
1665
1665
1665
1665
1665
1665
1665
1665
1665
1665
1679
1679
1679
1679
1678
1678
1678