0.858400 0.056000 0.013600
0.230400 0.057600 0.017600
0.842400 0.057600 0.024800
0.194400 0.058400 0.011200
0.205600 0.058400 0.008800
0.220800 0.058400 0.008800
0.157600 0.060800 0.016800
0.177600 0.060800 0.011200
0.529600 0.084800 0.013600
0.689600 0.084800 0.013600
0.539200 0.085600 0.011200
0.544800 0.085600 0.013600
0.703200 0.085600 0.008800
0.553600 0.086400 0.007200
0.730400 0.086400 0.011200
0.563200 0.087200 0.005600
0.572000 0.087200 0.005600
0.580800 0.087200 0.005600
0.590400 0.087200 0.007200
0.602400 0.087200 0.008800
0.713600 0.087200 0.013600
0.240800 0.088800 0.008800
0.855200 0.088800 0.010400
0.221600 0.089600 0.008800
0.231200 0.089600 0.007200
0.832000 0.089600 0.008800
0.867200 0.089600 0.010400
0.875200 0.089600 0.012800
0.253600 0.090400 0.008800
0.842400 0.090400 0.008800
0.265600 0.091200 0.008800
0.808800 0.107200 0.019200
0.792800 0.108000 0.011200
0.819200 0.108000 0.008800
0.833600 0.108000 0.011200
0.637600 0.108800 0.013600
0.855200 0.108800 0.011200
0.868800 0.108800 0.013600
0.520800 0.109600 0.013600
0.656800 0.109600 0.024800
0.672800 0.109600 0.011200
0.685600 0.109600 0.008800
0.728000 0.109600 0.011200
0.777600 0.109600 0.011200
0.841600 0.109600 0.016800
0.220800 0.110400 0.013600
0.482400 0.110400 0.013600
0.526400 0.110400 0.019200
0.539200 0.110400 0.008800
0.700800 0.110400 0.011200
0.714400 0.110400 0.022400
0.744000 0.110400 0.011200
0.761600 0.110400 0.010400
0.239200 0.111200 0.011200
0.253600 0.111200 0.011200
0.293600 0.111200 0.008800
0.370400 0.111200 0.016800
0.376800 0.111200 0.016800
0.392000 0.111200 0.012800
0.443200 0.111200 0.015200
0.463200 0.111200 0.016000
0.553600 0.111200 0.011200
0.574400 0.111200 0.004800
0.616800 0.111200 0.016800
0.266400 0.112000 0.008800
0.325600 0.112000 0.007200
0.336800 0.112000 0.008800
0.355200 0.112000 0.013600
0.410400 0.112000 0.008800
0.435200 0.112000 0.013600
0.501600 0.112000 0.013600
0.567200 0.112000 0.005600
0.132000 0.112800 0.019200
0.278400 0.112800 0.011200
0.307200 0.112800 0.008800
0.316800 0.112800 0.005600
0.346400 0.112800 0.004000
0.421600 0.112800 0.008800
0.512000 0.112800 0.005600
0.583200 0.112800 0.012800
0.600800 0.112800 0.011200
0.628000 0.112800 0.003200
0.155200 0.114400 0.012800
0.172000 0.114400 0.009600
0.188000 0.115200 0.008800
0.198400 0.115200 0.018400
0.204000 0.115200 0.010400
0.738400 0.128000 0.007200
0.748800 0.128000 0.008000
0.761600 0.128000 0.008800
0.389600 0.128800 0.008000
0.400000 0.128800 0.005600
0.408800 0.128800 0.005600
0.416800 0.128800 0.005600
0.424000 0.128800 0.004800
0.430400 0.128800 0.005600
0.436800 0.128800 0.005600
0.794400 0.128800 0.006400
0.803200 0.128800 0.008000
0.304000 0.129600 0.007200
0.316000 0.129600 0.008000
0.325600 0.129600 0.008800
0.772800 0.129600 0.007200
0.783200 0.129600 0.007200
0.272800 0.130400 0.008800
0.280800 0.130400 0.008800
0.285600 0.130400 0.008800
0.294400 0.130400 0.005600
0.260800 0.131200 0.008000
0.245600 0.133600 0.007200
0.630400 0.147200 0.012800
0.676800 0.147200 0.019200
0.391200 0.148000 0.008800
0.555200 0.148000 0.004800
0.561600 0.148000 0.013600
0.576000 0.148000 0.011200
0.163200 0.148800 0.011200
0.181600 0.148800 0.011200
0.240800 0.148800 0.005600
0.252000 0.148800 0.008800
0.612800 0.148800 0.011200
0.651200 0.148800 0.012800
0.661600 0.148800 0.008800
0.817600 0.148800 0.019200
0.844000 0.148800 0.016800
0.849600 0.148800 0.024800
0.147200 0.149600 0.011200
0.196000 0.149600 0.008800
0.224800 0.149600 0.012800
0.266400 0.149600 0.008800
0.300800 0.149600 0.008800
0.344000 0.149600 0.011200
0.365600 0.149600 0.007200
0.453600 0.149600 0.013600
0.473600 0.149600 0.011200
0.492800 0.149600 0.011200
0.544000 0.149600 0.013600
0.595200 0.149600 0.011200
0.708800 0.149600 0.016800
0.732800 0.149600 0.015200
0.793600 0.149600 0.008800
0.827200 0.149600 0.019200
0.864800 0.149600 0.027200
0.129600 0.150400 0.016800
0.210400 0.150400 0.011200
0.232000 0.150400 0.005600
0.280000 0.150400 0.008800
0.291200 0.150400 0.005600
0.328800 0.150400 0.008800
0.375200 0.150400 0.003200
0.380000 0.150400 0.008800
0.402400 0.150400 0.016800
0.418400 0.150400 0.011200
0.432000 0.150400 0.016800
0.780800 0.150400 0.011200
0.357600 0.151200 0.020800
0.804000 0.151200 0.015200
0.315200 0.152000 0.009600
0.507200 0.152000 0.011200
0.753600 0.152000 0.013600
0.525600 0.152800 0.024800
0.769600 0.152800 0.011200
0.489600 0.164800 0.007200
0.620000 0.164800 0.008000
0.632000 0.164800 0.007200
0.641600 0.164800 0.005600
0.649600 0.164800 0.004800
0.460000 0.165600 0.007200
0.469600 0.165600 0.005600
0.478400 0.165600 0.005600
0.656800 0.165600 0.005600
0.663200 0.165600 0.009600
0.502400 0.166400 0.007200
0.780800 0.168000 0.005600
0.795200 0.168000 0.003200
0.300800 0.168800 0.007200
0.789600 0.168800 0.005600
0.800800 0.168800 0.005600
0.808800 0.168800 0.005600
0.310400 0.169600 0.006400
0.320000 0.169600 0.005600
0.329600 0.169600 0.007200
0.340000 0.169600 0.007200
0.746400 0.181600 0.011200
0.581600 0.182400 0.019200
0.542400 0.183200 0.013600
0.696000 0.183200 0.019200
0.763200 0.183200 0.011200
0.427200 0.184000 0.004000
0.482400 0.184000 0.012800
0.521600 0.184000 0.011200
0.607200 0.184000 0.019200
0.687200 0.184000 0.004800
0.293600 0.184800 0.012000
0.362400 0.184800 0.011200
0.403200 0.184800 0.008800
0.418400 0.184800 0.013600
0.440000 0.184800 0.016800
0.461600 0.184800 0.013600
0.501600 0.184800 0.012000
0.563200 0.184800 0.013600
0.596000 0.184800 0.008800
0.677600 0.184800 0.013600
0.722400 0.184800 0.015200
0.732800 0.184800 0.005600
0.780800 0.184800 0.013600
0.858400 0.184800 0.016800
0.374400 0.185600 0.022400
0.380800 0.185600 0.019200
0.392000 0.185600 0.008800
0.624000 0.185600 0.011200
0.792000 0.185600 0.013600
0.836800 0.185600 0.022400
0.308800 0.186400 0.008800
0.808000 0.186400 0.011200
0.824000 0.186400 0.008800
0.175200 0.187200 0.024800
0.244000 0.187200 0.015200
0.321600 0.187200 0.013600
0.327200 0.187200 0.012800
0.339200 0.187200 0.015200
0.347200 0.187200 0.013600
0.639200 0.187200 0.018400
0.649600 0.187200 0.008800
0.662400 0.187200 0.011200
0.705600 0.187200 0.013600
0.159200 0.188000 0.010400
0.186400 0.188000 0.005600
0.196000 0.188000 0.016800
0.213600 0.188000 0.011200
0.225600 0.188000 0.005600
0.234400 0.188000 0.005600
0.269600 0.188000 0.008800
0.144800 0.188800 0.011200
0.280000 0.188800 0.008800
0.284800 0.189600 0.003200
0.128800 0.190400 0.024000
0.258400 0.190400 0.008800
0.270400 0.205600 0.008000
0.703200 0.205600 0.009600
0.716000 0.205600 0.008800
0.254400 0.206400 0.005600
0.294400 0.206400 0.011200
0.728000 0.206400 0.005600
0.737600 0.206400 0.007200
0.752800 0.206400 0.005600
0.247200 0.207200 0.005600
0.280000 0.207200 0.005600
0.287200 0.207200 0.005600
0.299200 0.207200 0.003200
0.745600 0.207200 0.005600
0.770400 0.207200 0.008000
0.228800 0.208000 0.007200
0.238400 0.208000 0.005600
0.760000 0.208000 0.005600
0.685600 0.209600 0.006400
0.853600 0.224800 0.011200
0.866400 0.224800 0.016800
0.161600 0.226400 0.013600
0.267200 0.226400 0.015200
0.546400 0.226400 0.013600
0.592800 0.226400 0.008800
0.645600 0.226400 0.005600
0.655200 0.226400 0.005600
0.675200 0.226400 0.005600
0.689600 0.226400 0.020000
0.752800 0.226400 0.013600
0.836800 0.226400 0.008800
0.327200 0.227200 0.011200
0.454400 0.227200 0.011200
0.494400 0.227200 0.013600
0.561600 0.227200 0.013600
0.580800 0.227200 0.009600
0.664800 0.227200 0.007200
0.702400 0.227200 0.011200
0.717600 0.227200 0.011200
0.739200 0.227200 0.013600
0.761600 0.227200 0.005600
0.772800 0.227200 0.013600
0.181600 0.228000 0.020800
0.206400 0.228000 0.007200
0.215200 0.228000 0.003200
0.231200 0.228000 0.011200
0.310400 0.228000 0.011200
0.436000 0.228000 0.012800
0.473600 0.228000 0.012800
0.524800 0.228000 0.013600
0.622400 0.228000 0.008800
0.636000 0.228000 0.008800
0.681600 0.228000 0.013600
0.733600 0.228000 0.013600
0.799200 0.228000 0.005600
0.824800 0.228000 0.011200
0.220000 0.228800 0.008800
0.247200 0.228800 0.012800
0.256000 0.228800 0.004800
0.276000 0.228800 0.016800
0.291200 0.228800 0.011200
0.380800 0.228800 0.013600
0.396000 0.228800 0.013600
0.512000 0.228800 0.011200
0.536000 0.228800 0.008800
0.603200 0.228800 0.016800
0.788000 0.228800 0.011200
0.809600 0.228800 0.024800
0.134400 0.229600 0.019200
0.192000 0.229600 0.012800
0.196800 0.229600 0.011200
0.345600 0.229600 0.012800
0.404000 0.229600 0.007200
0.531200 0.229600 0.011200
0.361600 0.230400 0.013600
0.372000 0.230400 0.005600
0.416800 0.230400 0.011200
0.275200 0.246400 0.008800
0.287200 0.246400 0.007200
0.308800 0.246400 0.010400
0.314400 0.246400 0.009600
0.437600 0.246400 0.009600
0.442400 0.246400 0.008800
0.450400 0.246400 0.004800
0.457600 0.246400 0.005600
0.466400 0.246400 0.007200
0.554400 0.246400 0.008000
0.212000 0.247200 0.005600
0.230400 0.247200 0.008000
0.236000 0.247200 0.003200
0.240800 0.247200 0.003200
0.245600 0.247200 0.007200
0.253600 0.247200 0.010400
0.300000 0.247200 0.008800
0.324000 0.247200 0.008000
0.335200 0.247200 0.008000
0.340000 0.247200 0.008800
0.347200 0.247200 0.005600
0.429600 0.247200 0.005600
0.518400 0.247200 0.009600
0.523200 0.247200 0.008800
0.532000 0.247200 0.005600
0.541600 0.247200 0.005600
0.549600 0.247200 0.012000
0.565600 0.247200 0.005600
0.572000 0.247200 0.011200
0.846400 0.247200 0.011200
0.855200 0.247200 0.008800
0.189600 0.248000 0.008000
0.200000 0.248000 0.008000
0.220800 0.248000 0.006400
0.355200 0.248000 0.005600
0.419200 0.248000 0.006400
0.498400 0.248000 0.007200
0.508800 0.248000 0.008000
0.582400 0.248000 0.008000
0.370400 0.248800 0.008800
0.377600 0.248800 0.008800
0.383200 0.248800 0.008800
0.388800 0.248800 0.008800
0.409600 0.248800 0.005600
0.401600 0.249600 0.005600
0.867200 0.249600 0.011200
0.452000 0.257600 0.004800
0.851200 0.265600 0.014400
0.130400 0.266400 0.013600
0.155200 0.266400 0.012800
0.206400 0.266400 0.011200
0.303200 0.266400 0.005600
0.496000 0.266400 0.014400
0.759200 0.266400 0.013600
0.844000 0.266400 0.012800
0.060000 0.267200 0.003200
0.102400 0.267200 0.005600
0.108800 0.267200 0.010400
0.189600 0.267200 0.011200
0.218400 0.267200 0.005600
0.366400 0.267200 0.012800
0.552000 0.267200 0.016000
0.643200 0.267200 0.013600
0.703200 0.267200 0.013600
0.720800 0.267200 0.011200
0.777600 0.267200 0.011200
0.793600 0.267200 0.013600
0.827200 0.267200 0.011200
0.860800 0.267200 0.005600
0.054400 0.268000 0.008800
0.065600 0.268000 0.011200
0.072800 0.268000 0.005600
0.093600 0.268000 0.005600
0.176000 0.268000 0.013600
0.232000 0.268000 0.016800
0.252000 0.268000 0.015200
0.292800 0.268000 0.013600
0.316000 0.268000 0.011200
0.347200 0.268000 0.011200
0.477600 0.268000 0.010400
0.516800 0.268000 0.011200
0.564000 0.268000 0.005600
0.736000 0.268000 0.011200
0.810400 0.268000 0.025600
0.820000 0.268000 0.005600
0.030400 0.268800 0.011200
0.039200 0.268800 0.005600
0.047200 0.268800 0.005600
0.080000 0.268800 0.004800
0.087200 0.268800 0.004800
0.332800 0.268800 0.008800
0.407200 0.268800 0.011200
0.425600 0.268800 0.011200
0.463200 0.268800 0.012800
0.472000 0.268800 0.004800
0.572800 0.268800 0.013600
0.868800 0.268800 0.012800
0.263200 0.269600 0.005600
0.275200 0.269600 0.009600
0.442400 0.269600 0.011200
0.534400 0.269600 0.013600
0.605600 0.269600 0.011200
0.622400 0.269600 0.011200
0.664000 0.269600 0.011200
0.681600 0.269600 0.016800
0.387200 0.270400 0.011200
0.544800 0.270400 0.004800
0.588800 0.270400 0.011200
0.087200 0.280800 0.005600
0.108000 0.280800 0.008000
0.064800 0.281600 0.008000
0.076000 0.281600 0.007200
0.099200 0.281600 0.007200
0.041600 0.282400 0.008000
0.052800 0.282400 0.008800
0.028800 0.283200 0.008800
0.749600 0.284000 0.005600
0.137600 0.284800 0.006400
0.289600 0.284800 0.003200
0.740000 0.284800 0.008000
0.128000 0.285600 0.007200
0.148000 0.285600 0.006400
0.157600 0.285600 0.008800
0.163200 0.285600 0.003200
0.295200 0.285600 0.008800
0.396800 0.285600 0.003200
0.414400 0.285600 0.005600
0.716800 0.285600 0.007200
0.728000 0.285600 0.007200
0.756800 0.285600 0.005600
0.770400 0.285600 0.008800
0.272800 0.286400 0.007200
0.282400 0.286400 0.005600
0.307200 0.286400 0.008800
0.343200 0.286400 0.008000
0.401600 0.286400 0.008000
0.424000 0.286400 0.005600
0.436800 0.286400 0.008800
0.457600 0.286400 0.005600
0.764800 0.286400 0.011200
0.170400 0.287200 0.005600
0.321600 0.287200 0.008800
0.388000 0.287200 0.007200
0.430400 0.287200 0.003200
0.447200 0.287200 0.007200
0.469600 0.287200 0.008800
0.840800 0.287200 0.011200
0.848800 0.287200 0.005600
0.177600 0.288000 0.008000
0.331200 0.288000 0.007200
0.478400 0.288000 0.008800
0.857600 0.288000 0.011200
0.871200 0.288000 0.007200
0.880000 0.288000 0.008800
0.863200 0.288800 0.003200
0.572800 0.289600 0.010400
0.586400 0.289600 0.011200
0.579200 0.290400 0.005600
0.592000 0.291200 0.008800
0.086400 0.293600 0.008000
0.097600 0.294400 0.007200
0.107200 0.294400 0.008800
0.358400 0.295200 0.008800
0.149600 0.305600 0.011200
0.703200 0.305600 0.017600
0.168000 0.306400 0.011200
0.404800 0.306400 0.013600
0.422400 0.306400 0.011200
0.712000 0.306400 0.015200
0.730400 0.306400 0.013600
0.130400 0.307200 0.013600
0.182400 0.307200 0.008800
0.377600 0.307200 0.013600
0.392800 0.307200 0.011200
0.434400 0.307200 0.005600
0.752000 0.307200 0.014400
0.196800 0.308000 0.011200
0.231200 0.308000 0.013600
0.275200 0.308000 0.011200
0.308800 0.308000 0.011200
0.355200 0.308000 0.013600
0.443200 0.308000 0.013600
0.604800 0.308000 0.011200
0.773600 0.308000 0.011200
0.829600 0.308000 0.016800
0.214400 0.308800 0.011200
0.260000 0.308800 0.022400
0.290400 0.308800 0.011200
0.339200 0.308800 0.008800
0.460800 0.308800 0.011200
0.478400 0.308800 0.011200
0.495200 0.308800 0.011200
0.530400 0.308800 0.011200
0.549600 0.308800 0.013600
0.635200 0.308800 0.013600
0.696000 0.308800 0.005600
0.788800 0.308800 0.011200
0.805600 0.308800 0.011200
0.248800 0.309600 0.022400
0.568000 0.309600 0.011200
0.588000 0.309600 0.011200
0.617600 0.309600 0.008800
0.654400 0.309600 0.016800
0.665600 0.309600 0.024800
0.672800 0.309600 0.013600
0.682400 0.309600 0.016800
0.822400 0.309600 0.016800
0.846400 0.309600 0.011200
0.324800 0.310400 0.011200
0.515200 0.310400 0.011200
0.864800 0.311200 0.013600
0.308000 0.327200 0.003200
0.281600 0.328000 0.006400
0.300000 0.328000 0.005600
0.381600 0.328000 0.010400
0.759200 0.328000 0.008800
0.772800 0.328000 0.008800
0.272000 0.328800 0.006400
0.292000 0.328800 0.005600
0.314400 0.328800 0.005600
0.320800 0.328800 0.004800
0.326400 0.328800 0.003200
0.332800 0.328800 0.005600
0.368800 0.328800 0.008800
0.373600 0.328800 0.011200
0.748000 0.328800 0.008000
0.783200 0.328800 0.005600
0.801600 0.328800 0.007200
0.812800 0.328800 0.008800
0.343200 0.329600 0.007200
0.356000 0.329600 0.008000
0.792000 0.329600 0.006400
0.559200 0.332800 0.007200
0.233600 0.346400 0.011200
0.249600 0.347200 0.013600
0.270400 0.347200 0.015200
0.280800 0.347200 0.016800
0.135200 0.348000 0.024800
0.216800 0.348000 0.011200
0.366400 0.348000 0.011200
0.401600 0.348000 0.011200
0.716000 0.348000 0.013600
0.746400 0.348000 0.012000
0.866400 0.348000 0.019200
0.167200 0.348800 0.024800
0.181600 0.348800 0.011200
0.200000 0.348800 0.011200
0.386400 0.348800 0.011200
0.151200 0.349600 0.027200
0.300000 0.349600 0.013600
0.315200 0.349600 0.011200
0.437600 0.349600 0.011200
0.450400 0.349600 0.011200
0.463200 0.349600 0.005600
0.507200 0.349600 0.011200
0.521600 0.349600 0.005600
0.604800 0.349600 0.012800
0.656800 0.349600 0.012800
0.774400 0.349600 0.005600
0.348800 0.350400 0.011200
0.421600 0.350400 0.013600
0.475200 0.350400 0.011200
0.492800 0.350400 0.011200
0.532000 0.350400 0.008800
0.599200 0.350400 0.016000
0.611200 0.350400 0.005600
0.623200 0.350400 0.011200
0.698400 0.350400 0.013600
0.730400 0.350400 0.008800
0.787200 0.350400 0.011200
0.856800 0.350400 0.024000
0.331200 0.351200 0.012000
0.547200 0.351200 0.011200
0.580000 0.351200 0.005600
0.639200 0.351200 0.011200
0.763200 0.351200 0.016800
0.804000 0.351200 0.011200
0.566400 0.352000 0.011200
0.588800 0.352000 0.005600
0.819200 0.352000 0.016800
0.842400 0.352000 0.011200
0.672000 0.352800 0.019200
0.679200 0.352800 0.016000
0.383200 0.367200 0.009600
0.396000 0.368000 0.011200
0.411200 0.368000 0.004800
0.404000 0.368800 0.005600
0.881600 0.434400 0.015200
