0.229600 0.075200 0.018400
0.193600 0.076800 0.008800
0.204800 0.076800 0.008800
0.219200 0.076800 0.008800
0.160000 0.077600 0.016800
0.180000 0.078400 0.011200
0.782400 0.080800 0.024000
0.795200 0.081600 0.024800
0.808800 0.099200 0.013600
0.828800 0.099200 0.008000
0.560800 0.100000 0.009600
0.817600 0.100000 0.005600
0.840800 0.100000 0.007200
0.850400 0.100000 0.007200
0.548800 0.100800 0.008000
0.632000 0.100800 0.008800
0.861600 0.100800 0.007200
0.872000 0.100800 0.016000
0.492800 0.101600 0.013600
0.536800 0.101600 0.008800
0.575200 0.101600 0.011200
0.641600 0.101600 0.007200
0.652800 0.101600 0.008800
0.684000 0.101600 0.007200
0.695200 0.101600 0.008800
0.581600 0.102400 0.005600
0.601600 0.102400 0.008000
0.614400 0.102400 0.008800
0.664800 0.102400 0.008800
0.673600 0.102400 0.005600
0.590400 0.103200 0.007200
0.897600 0.115200 0.010400
0.911200 0.115200 0.008800
0.947200 0.115200 0.008800
0.933600 0.116000 0.008800
0.959200 0.116000 0.007200
0.968800 0.116000 0.007200
0.922400 0.116800 0.007200
0.792000 0.120000 0.016800
0.436000 0.120800 0.008800
0.446400 0.121600 0.005600
0.632000 0.121600 0.015200
0.696800 0.121600 0.011200
0.413600 0.122400 0.005600
0.527200 0.122400 0.005600
0.542400 0.122400 0.012800
0.564000 0.122400 0.013600
0.580800 0.122400 0.011200
0.596800 0.122400 0.011200
0.615200 0.122400 0.011200
0.655200 0.122400 0.013600
0.680000 0.122400 0.013600
0.713600 0.122400 0.011200
0.732000 0.122400 0.013600
0.784000 0.122400 0.022400
0.829600 0.122400 0.012800
0.241600 0.123200 0.008800
0.421600 0.123200 0.013600
0.458400 0.123200 0.016000
0.469600 0.123200 0.017600
0.482400 0.123200 0.019200
0.512000 0.123200 0.011200
0.752800 0.123200 0.013600
0.767200 0.123200 0.013600
0.811200 0.123200 0.013600
0.845600 0.123200 0.011200
0.860800 0.123200 0.016800
0.161600 0.124000 0.024800
0.183200 0.124000 0.013600
0.200000 0.124000 0.016800
0.212000 0.124000 0.016800
0.229600 0.124000 0.019200
0.309600 0.124000 0.011200
0.323200 0.124000 0.008800
0.364000 0.124000 0.022400
0.384800 0.124000 0.011200
0.402400 0.124000 0.013600
0.476800 0.124000 0.003200
0.496000 0.124000 0.011200
0.868000 0.124000 0.013600
0.173600 0.124800 0.006400
0.220800 0.124800 0.005600
0.252800 0.124800 0.016800
0.268800 0.124800 0.011200
0.293600 0.124800 0.011200
0.144800 0.125600 0.011200
0.281600 0.125600 0.007200
0.336000 0.125600 0.008800
0.351200 0.125600 0.011200
0.129600 0.126400 0.013600
0.897600 0.130400 0.008800
0.906400 0.130400 0.005600
0.916800 0.131200 0.007200
0.936800 0.131200 0.005600
0.965600 0.131200 0.008000
0.928000 0.132000 0.007200
0.946400 0.132000 0.005600
0.975200 0.132000 0.013600
0.955200 0.132800 0.005600
0.184800 0.143200 0.008000
0.588800 0.143200 0.008800
0.599200 0.143200 0.007200
0.610400 0.143200 0.005600
0.619200 0.143200 0.005600
0.628000 0.143200 0.005600
0.657600 0.143200 0.007200
0.196000 0.144000 0.006400
0.217600 0.144000 0.008800
0.638400 0.144000 0.005600
0.647200 0.144000 0.005600
0.699200 0.144000 0.008800
0.720800 0.144000 0.007200
0.206400 0.144800 0.006400
0.298400 0.144800 0.005600
0.308800 0.144800 0.008000
0.709600 0.144800 0.007200
0.730400 0.144800 0.007200
0.739200 0.144800 0.005600
0.748800 0.144800 0.011200
0.256000 0.145600 0.008000
0.265600 0.145600 0.005600
0.276000 0.145600 0.006400
0.287200 0.145600 0.007200
0.432000 0.145600 0.005600
0.440800 0.145600 0.005600
0.459200 0.145600 0.008800
0.411200 0.146400 0.007200
0.421600 0.146400 0.007200
0.449600 0.146400 0.005600
0.845600 0.146400 0.008000
0.867200 0.146400 0.008800
0.389600 0.147200 0.008800
0.400000 0.147200 0.007200
0.856000 0.147200 0.007200
0.160800 0.161600 0.008800
0.301600 0.161600 0.011200
0.147200 0.162400 0.011200
0.184800 0.162400 0.016800
0.193600 0.162400 0.005600
0.205600 0.162400 0.008800
0.220800 0.162400 0.008800
0.236800 0.162400 0.011200
0.251200 0.162400 0.010400
0.284000 0.162400 0.011200
0.474400 0.162400 0.020000
0.665600 0.162400 0.013600
0.836000 0.162400 0.005600
0.172000 0.163200 0.008800
0.268000 0.163200 0.010400
0.316800 0.163200 0.008800
0.500800 0.163200 0.012800
0.534400 0.163200 0.011200
0.561600 0.163200 0.008800
0.574400 0.163200 0.008800
0.605600 0.163200 0.011200
0.618400 0.163200 0.008800
0.827200 0.163200 0.019200
0.862400 0.163200 0.012800
0.129600 0.164000 0.013600
0.333600 0.164000 0.013600
0.428000 0.164000 0.012000
0.448000 0.164000 0.010400
0.482400 0.164000 0.016800
0.518400 0.164000 0.011200
0.548800 0.164000 0.008800
0.634400 0.164000 0.011200
0.648800 0.164000 0.008800
0.681600 0.164000 0.011200
0.697600 0.164000 0.012800
0.714400 0.164000 0.011200
0.784000 0.164000 0.013600
0.847200 0.164000 0.011200
0.345600 0.164800 0.005600
0.354400 0.164800 0.007200
0.364000 0.164800 0.005600
0.372800 0.164800 0.007200
0.387200 0.164800 0.011200
0.407200 0.164800 0.011200
0.460800 0.164800 0.008800
0.588800 0.164800 0.011200
0.732000 0.164800 0.011200
0.752000 0.164800 0.013600
0.820000 0.164800 0.005600
0.802400 0.165600 0.016800
0.812000 0.165600 0.005600
0.768000 0.166400 0.011200
0.291200 0.182400 0.008800
0.330400 0.182400 0.008000
0.132000 0.183200 0.008800
0.318400 0.183200 0.005600
0.339200 0.183200 0.005600
0.348800 0.183200 0.007200
0.140800 0.184000 0.005600
0.150400 0.184000 0.007200
0.300000 0.184000 0.005600
0.308800 0.184800 0.006400
0.619200 0.185600 0.008800
0.644800 0.185600 0.006400
0.732800 0.185600 0.007200
0.633600 0.186400 0.007200
0.655200 0.186400 0.008000
0.743200 0.186400 0.007200
0.774400 0.186400 0.005600
0.783200 0.186400 0.007200
0.598400 0.187200 0.008000
0.608000 0.187200 0.007200
0.762400 0.187200 0.008800
0.754400 0.188000 0.006400
0.234400 0.198400 0.013600
0.132800 0.200000 0.012800
0.286400 0.200000 0.011200
0.481600 0.200000 0.004800
0.154400 0.200800 0.012000
0.192800 0.200800 0.016800
0.220800 0.200800 0.010400
0.360800 0.200800 0.011200
0.474400 0.200800 0.005600
0.261600 0.201600 0.005600
0.269600 0.201600 0.012800
0.303200 0.201600 0.011200
0.314400 0.201600 0.012800
0.347200 0.201600 0.008800
0.415200 0.201600 0.024800
0.434400 0.201600 0.013600
0.515200 0.201600 0.008800
0.662400 0.201600 0.016800
0.172800 0.202400 0.013600
0.240800 0.202400 0.004800
0.381600 0.202400 0.011200
0.426400 0.202400 0.005600
0.448800 0.202400 0.022400
0.468000 0.202400 0.004800
0.491200 0.202400 0.019200
0.500000 0.202400 0.021600
0.533600 0.202400 0.005600
0.543200 0.202400 0.007200
0.558400 0.202400 0.011200
0.694400 0.202400 0.011200
0.742400 0.202400 0.011200
0.764000 0.202400 0.010400
0.781600 0.202400 0.010400
0.206400 0.203200 0.011200
0.251200 0.203200 0.008800
0.321600 0.203200 0.011200
0.369600 0.203200 0.004800
0.399200 0.203200 0.010400
0.459200 0.203200 0.020800
0.525600 0.203200 0.005600
0.575200 0.203200 0.013600
0.584000 0.203200 0.003200
0.599200 0.203200 0.012800
0.680800 0.203200 0.011200
0.709600 0.203200 0.008800
0.726400 0.203200 0.011200
0.797600 0.203200 0.011200
0.812000 0.203200 0.008800
0.332000 0.204000 0.011200
0.589600 0.204000 0.004800
0.621600 0.204000 0.010400
0.636000 0.204000 0.008800
0.821600 0.204000 0.008800
0.857600 0.204000 0.013600
0.865600 0.204000 0.013600
0.651200 0.204800 0.008800
0.835200 0.204800 0.012800
0.320800 0.218400 0.007200
0.355200 0.218400 0.005600
0.379200 0.218400 0.007200
0.388800 0.218400 0.006400
0.244000 0.219200 0.007200
0.330400 0.219200 0.006400
0.343200 0.219200 0.008000
0.368800 0.219200 0.008800
0.400000 0.219200 0.007200
0.232000 0.220000 0.007200
0.264800 0.220000 0.008000
0.302400 0.220000 0.008000
0.761600 0.220000 0.005600
0.149600 0.220800 0.008000
0.158400 0.220800 0.007200
0.222400 0.220800 0.007200
0.255200 0.220800 0.005600
0.285600 0.220800 0.008800
0.652000 0.220800 0.007200
0.712000 0.220800 0.011200
0.720800 0.220800 0.005600
0.772000 0.220800 0.006400
0.168800 0.221600 0.005600
0.174400 0.221600 0.005600
0.184000 0.221600 0.005600
0.295200 0.221600 0.005600
0.633600 0.221600 0.010400
0.663200 0.221600 0.006400
0.673600 0.221600 0.007200
0.727200 0.221600 0.010400
0.738400 0.221600 0.007200
0.747200 0.221600 0.010400
0.792800 0.221600 0.007200
0.807200 0.221600 0.008800
0.819200 0.221600 0.008800
0.190400 0.222400 0.004800
0.640800 0.222400 0.007200
0.782400 0.222400 0.005600
0.833600 0.222400 0.008800
0.849600 0.222400 0.008800
0.858400 0.223200 0.005600
0.867200 0.223200 0.008000
0.879200 0.223200 0.011200
0.884800 0.223200 0.011200
0.199200 0.224800 0.008800
0.286400 0.230400 0.005600
0.598400 0.238400 0.015200
0.164800 0.239200 0.011200
0.220800 0.239200 0.012800
0.240000 0.239200 0.010400
0.267200 0.239200 0.005600
0.285600 0.239200 0.007200
0.296000 0.239200 0.010400
0.308800 0.239200 0.017600
0.318400 0.239200 0.005600
0.147200 0.240000 0.013600
0.255200 0.240000 0.009600
0.328000 0.240000 0.015200
0.345600 0.240000 0.013600
0.384000 0.240000 0.013600
0.520000 0.240000 0.008800
0.588800 0.240000 0.008800
0.139200 0.240800 0.018400
0.180800 0.240800 0.011200
0.198400 0.240800 0.012800
0.364800 0.240800 0.013600
0.450400 0.240800 0.011200
0.464000 0.240800 0.010400
0.477600 0.240800 0.023200
0.494400 0.240800 0.011200
0.529600 0.240800 0.005600
0.562400 0.240800 0.009600
0.576800 0.240800 0.008800
0.605600 0.240800 0.005600
0.618400 0.240800 0.010400
0.630400 0.240800 0.008800
0.644000 0.240800 0.016800
0.800000 0.240800 0.012000
0.840000 0.240800 0.013600
0.129600 0.241600 0.016800
0.372800 0.241600 0.005600
0.469600 0.241600 0.004800
0.507200 0.241600 0.008800
0.540800 0.241600 0.007200
0.665600 0.241600 0.011200
0.680800 0.241600 0.008800
0.694400 0.241600 0.020800
0.760000 0.241600 0.016000
0.819200 0.241600 0.013600
0.828800 0.241600 0.004800
0.400800 0.242400 0.011200
0.416800 0.242400 0.011200
0.549600 0.242400 0.005600
0.716800 0.242400 0.012000
0.771200 0.242400 0.005600
0.433600 0.243200 0.011200
0.734400 0.243200 0.016000
0.744000 0.243200 0.016800
0.783200 0.243200 0.011200
0.859200 0.243200 0.013600
0.188800 0.257600 0.009600
0.201600 0.257600 0.007200
0.211200 0.258400 0.005600
0.218400 0.258400 0.008800
0.240800 0.258400 0.007200
0.500000 0.258400 0.007200
0.229600 0.259200 0.006400
0.509600 0.259200 0.005600
0.519200 0.259200 0.006400
0.529600 0.259200 0.005600
0.538400 0.259200 0.005600
0.353600 0.260000 0.006400
0.557600 0.260000 0.008000
0.362400 0.260800 0.005600
0.382400 0.260800 0.006400
0.393600 0.260800 0.008000
0.547200 0.260800 0.007200
0.372800 0.261600 0.005600
0.132800 0.276800 0.004000
0.252800 0.276800 0.005600
0.157600 0.277600 0.013600
0.224800 0.277600 0.011200
0.237600 0.277600 0.013600
0.284800 0.277600 0.016800
0.300800 0.277600 0.013600
0.322400 0.277600 0.013600
0.659200 0.277600 0.019200
0.124000 0.278400 0.016800
0.141600 0.278400 0.013600
0.184800 0.278400 0.016800
0.208800 0.278400 0.016800
0.246400 0.278400 0.004800
0.264000 0.278400 0.008800
0.280000 0.278400 0.013600
0.352000 0.278400 0.024800
0.704800 0.278400 0.016800
0.173600 0.279200 0.011200
0.194400 0.279200 0.016800
0.340000 0.279200 0.011200
0.455200 0.279200 0.008800
0.635200 0.279200 0.016000
0.684800 0.279200 0.018400
0.694400 0.279200 0.005600
0.813600 0.279200 0.015200
0.368000 0.280000 0.011200
0.404000 0.280000 0.016800
0.425600 0.280000 0.019200
0.440800 0.280000 0.011200
0.464800 0.280000 0.013600
0.480800 0.280000 0.007200
0.489600 0.280000 0.005600
0.596000 0.280000 0.013600
0.613600 0.280000 0.008800
0.624800 0.280000 0.005600
0.902400 0.280000 0.012800
0.416000 0.280800 0.019200
0.502400 0.280800 0.011200
0.537600 0.280800 0.013600
0.545600 0.280800 0.004800
0.564000 0.280800 0.016000
0.579200 0.280800 0.011200
0.643200 0.280800 0.004800
0.672800 0.280800 0.008800
0.716000 0.280800 0.005600
0.728000 0.280800 0.016800
0.748000 0.280800 0.011200
0.775200 0.280800 0.004800
0.910400 0.280800 0.005600
0.386400 0.281600 0.013600
0.470400 0.281600 0.011200
0.524800 0.281600 0.018400
0.764000 0.281600 0.009600
0.919200 0.281600 0.013600
0.783200 0.282400 0.005600
0.793600 0.282400 0.016000
0.838400 0.282400 0.016800
0.930400 0.282400 0.008800
0.943200 0.282400 0.008800
0.860800 0.283200 0.019200
0.952800 0.283200 0.013600
0.959200 0.283200 0.004000
0.968000 0.284000 0.011200
0.469600 0.297600 0.005600
0.488000 0.297600 0.008000
0.450400 0.298400 0.005600
0.460000 0.298400 0.006400
0.477600 0.298400 0.005600
0.441600 0.299200 0.007200
0.220000 0.300800 0.008800
0.156800 0.301600 0.008800
0.126400 0.316800 0.016800
0.240800 0.316800 0.019200
0.261600 0.316800 0.007200
0.146400 0.317600 0.008800
0.156800 0.317600 0.022400
0.272000 0.317600 0.008800
0.369600 0.317600 0.005600
0.444000 0.317600 0.013600
0.135200 0.318400 0.007200
0.225600 0.318400 0.005600
0.252000 0.318400 0.005600
0.284000 0.318400 0.008800
0.330400 0.318400 0.008800
0.343200 0.318400 0.021600
0.360800 0.318400 0.005600
0.379200 0.318400 0.008800
0.410400 0.318400 0.008800
0.424800 0.318400 0.011200
0.449600 0.318400 0.015200
0.171200 0.319200 0.008800
0.316800 0.319200 0.008800
0.350400 0.319200 0.015200
0.398400 0.319200 0.016800
0.466400 0.319200 0.011200
0.560800 0.319200 0.016800
0.201600 0.320000 0.011200
0.216800 0.320000 0.012800
0.301600 0.320000 0.011200
0.389600 0.320000 0.005600
0.482400 0.320000 0.011200
0.536000 0.320000 0.011200
0.547200 0.320000 0.011200
0.184000 0.320800 0.011200
0.520800 0.320800 0.011200
0.553600 0.320800 0.013600
0.574400 0.320800 0.009600
0.628800 0.320800 0.005600
0.634400 0.320800 0.011200
0.720000 0.320800 0.005600
0.750400 0.320800 0.013600
0.771200 0.320800 0.013600
0.788000 0.320800 0.013600
0.835200 0.320800 0.016800
0.857600 0.320800 0.008800
0.500000 0.321600 0.013600
0.617600 0.321600 0.011200
0.647200 0.321600 0.011200
0.664800 0.321600 0.012800
0.713600 0.321600 0.005600
0.732800 0.321600 0.011200
0.840000 0.321600 0.013600
0.868800 0.321600 0.018400
0.587200 0.322400 0.020800
0.597600 0.322400 0.015200
0.603200 0.322400 0.013600
0.697600 0.322400 0.012800
0.808000 0.322400 0.013600
0.684000 0.323200 0.011200
0.704000 0.323200 0.013600
0.824000 0.323200 0.005600
0.169600 0.336000 0.005600
0.178400 0.336000 0.005600
0.186400 0.336800 0.005600
0.205600 0.336800 0.006400
0.217600 0.336800 0.008000
0.508800 0.336800 0.009600
0.532000 0.336800 0.005600
0.196000 0.337600 0.006400
0.516000 0.337600 0.003200
0.522400 0.337600 0.005600
0.551200 0.338400 0.005600
0.568800 0.338400 0.008800
0.541600 0.339200 0.006400
0.558400 0.339200 0.008800
0.447200 0.340800 0.007200
0.456800 0.340800 0.005600
0.466400 0.340800 0.005600
0.668800 0.341600 0.007200
0.706400 0.341600 0.005600
0.716000 0.341600 0.007200
0.697600 0.342400 0.006400
0.679200 0.343200 0.005600
0.688000 0.343200 0.005600
0.166400 0.355200 0.016800
0.140800 0.356000 0.024800
0.360000 0.356000 0.011200
0.417600 0.356000 0.016800
0.528000 0.356000 0.011200
0.637600 0.356000 0.005600
0.199200 0.356800 0.011200
0.216000 0.356800 0.011200
0.232000 0.356800 0.011200
0.295200 0.356800 0.008800
0.305600 0.356800 0.019200
0.322400 0.356800 0.011200
0.376000 0.356800 0.013600
0.436800 0.356800 0.013600
0.456000 0.356800 0.011200
0.487200 0.356800 0.011200
0.500000 0.356800 0.011200
0.512000 0.356800 0.008800
0.543200 0.356800 0.008800
0.628000 0.356800 0.008800
0.188000 0.357600 0.016800
0.251200 0.357600 0.013600
0.272000 0.357600 0.016800
0.284000 0.357600 0.007200
0.310400 0.357600 0.011200
0.395200 0.357600 0.011200
0.473600 0.357600 0.011200
0.344000 0.358400 0.013600
0.552800 0.358400 0.016000
0.680800 0.359200 0.012000
0.700000 0.359200 0.011200
0.735200 0.359200 0.011200
0.750400 0.359200 0.008800
0.570400 0.360000 0.013600
0.591200 0.360000 0.016800
0.612800 0.360000 0.022400
0.717600 0.360000 0.011200
0.644800 0.360800 0.005600
0.770400 0.360800 0.008800
0.791200 0.360800 0.008800
0.804000 0.360800 0.007200
0.814400 0.360800 0.008800
0.828000 0.360800 0.008800
0.840800 0.360800 0.011200
0.845600 0.360800 0.016800
0.659200 0.361600 0.013600
0.760800 0.361600 0.005600
0.780000 0.362400 0.007200
0.854400 0.362400 0.005600
0.863200 0.363200 0.005600
0.869600 0.363200 0.013600
