0.342400 0.040000 0.011200
0.350400 0.040800 0.005600
0.359200 0.040800 0.005600
0.368000 0.040800 0.005600
0.375200 0.040800 0.004800
0.382400 0.041600 0.005600
0.390400 0.041600 0.005600
0.397600 0.041600 0.005600
0.405600 0.041600 0.005600
0.419200 0.041600 0.005600
0.427200 0.041600 0.008800
0.412000 0.042400 0.004800
0.439200 0.043200 0.005600
0.446400 0.043200 0.008800
0.450400 0.044000 0.008800
0.458400 0.044000 0.005600
0.465600 0.044000 0.008800
0.476000 0.044000 0.008000
0.486400 0.044000 0.008800
0.547200 0.044000 0.008800
0.495200 0.044800 0.005600
0.503200 0.044800 0.007200
0.516000 0.044800 0.005600
0.537600 0.044800 0.011200
0.556800 0.044800 0.008800
0.579200 0.044800 0.011200
0.523200 0.045600 0.005600
0.531200 0.045600 0.005600
0.564000 0.045600 0.005600
0.572000 0.045600 0.019200
0.340800 0.054400 0.007200
0.349600 0.054400 0.006400
0.360000 0.055200 0.005600
0.368800 0.055200 0.005600
0.377600 0.055200 0.005600
0.385600 0.055200 0.005600
0.409600 0.055200 0.005600
0.420000 0.055200 0.007200
0.392800 0.056000 0.005600
0.400800 0.056000 0.005600
0.428800 0.056000 0.008000
0.438400 0.056800 0.003200
0.444000 0.057600 0.011200
0.181600 0.058400 0.028800
0.452000 0.058400 0.007200
0.463200 0.058400 0.005600
0.482400 0.058400 0.007200
0.505600 0.058400 0.007200
0.529600 0.058400 0.011200
0.471200 0.059200 0.008800
0.492000 0.059200 0.007200
0.513600 0.059200 0.005600
0.520800 0.059200 0.005600
0.536800 0.059200 0.005600
0.544800 0.059200 0.011200
0.200800 0.060800 0.011200
0.218400 0.060800 0.008800
0.229600 0.060800 0.008800
0.251200 0.060800 0.005600
0.242400 0.061600 0.020000
0.831200 0.075200 0.022400
0.842400 0.075200 0.027200
0.860800 0.076000 0.016800
0.191200 0.089600 0.007200
0.556800 0.090400 0.005600
0.564000 0.091200 0.005600
0.589600 0.091200 0.008800
0.570400 0.092000 0.005600
0.579200 0.092000 0.007200
0.167200 0.106400 0.016800
0.200800 0.106400 0.016800
0.220000 0.106400 0.005600
0.332800 0.106400 0.013600
0.159200 0.107200 0.015200
0.212800 0.107200 0.019200
0.262400 0.107200 0.022400
0.294400 0.107200 0.013600
0.392000 0.107200 0.007200
0.400800 0.107200 0.016800
0.179200 0.108000 0.015200
0.187200 0.108000 0.016000
0.229600 0.108000 0.024000
0.245600 0.108000 0.011200
0.314400 0.108000 0.012800
0.375200 0.108000 0.004800
0.382400 0.108000 0.005600
0.413600 0.108000 0.011200
0.426400 0.108000 0.005600
0.433600 0.108000 0.005600
0.442400 0.108000 0.004800
0.665600 0.108000 0.011200
0.276000 0.108800 0.022400
0.350400 0.108800 0.012800
0.367200 0.108800 0.013600
0.449600 0.108800 0.005600
0.460000 0.108800 0.008800
0.472800 0.108800 0.020000
0.480000 0.108800 0.005600
0.694400 0.109600 0.005600
0.509600 0.110400 0.011200
0.542400 0.110400 0.008800
0.556800 0.110400 0.011200
0.607200 0.110400 0.008800
0.620000 0.110400 0.011200
0.649600 0.110400 0.011200
0.488000 0.111200 0.019200
0.575200 0.111200 0.013600
0.595200 0.111200 0.016800
0.635200 0.111200 0.023200
0.682400 0.111200 0.011200
0.704000 0.111200 0.008800
0.767200 0.111200 0.007200
0.499200 0.112000 0.015200
0.752800 0.112000 0.011200
0.776800 0.112000 0.005600
0.526400 0.112800 0.012800
0.738400 0.112800 0.011200
0.793600 0.112800 0.013600
0.828000 0.112800 0.013600
0.808000 0.113600 0.011200
0.847200 0.113600 0.013600
0.864000 0.113600 0.013600
0.720800 0.114400 0.013600
0.136800 0.128000 0.007200
0.147200 0.128800 0.007200
0.158400 0.128800 0.008800
0.169600 0.128800 0.009600
0.175200 0.128800 0.012800
0.184000 0.128800 0.005600
0.192000 0.128800 0.005600
0.200000 0.128800 0.008800
0.211200 0.128800 0.010400
0.205600 0.129600 0.008800
0.487200 0.131200 0.009600
0.492800 0.131200 0.011200
0.501600 0.131200 0.005600
0.509600 0.131200 0.005600
0.747200 0.131200 0.008800
0.752000 0.132000 0.008000
0.761600 0.132000 0.008800
0.774400 0.132800 0.008800
0.258400 0.134400 0.007200
0.849600 0.134400 0.010400
0.857600 0.134400 0.007200
0.267200 0.135200 0.005600
0.276000 0.135200 0.007200
0.868800 0.135200 0.008800
0.156000 0.147200 0.011200
0.446400 0.148800 0.008800
0.468800 0.148800 0.009600
0.606400 0.148800 0.022400
0.169600 0.149600 0.013600
0.371200 0.149600 0.016800
0.376800 0.149600 0.019200
0.432000 0.149600 0.011200
0.456000 0.149600 0.005600
0.484000 0.149600 0.008800
0.522400 0.149600 0.008800
0.534400 0.149600 0.007200
0.670400 0.149600 0.008800
0.185600 0.150400 0.013600
0.252800 0.150400 0.009600
0.337600 0.150400 0.011200
0.350400 0.150400 0.022400
0.397600 0.150400 0.007200
0.409600 0.150400 0.016800
0.494400 0.150400 0.005600
0.508000 0.150400 0.011200
0.570400 0.150400 0.022400
0.584000 0.150400 0.022400
0.596000 0.150400 0.019200
0.636800 0.150400 0.011200
0.204800 0.151200 0.013600
0.232800 0.151200 0.021600
0.268000 0.151200 0.009600
0.283200 0.151200 0.011200
0.304000 0.151200 0.016800
0.321600 0.151200 0.011200
0.418400 0.151200 0.024800
0.543200 0.151200 0.005600
0.555200 0.151200 0.008800
0.621600 0.151200 0.011200
0.652000 0.151200 0.013600
0.683200 0.151200 0.022400
0.717600 0.151200 0.013600
0.725600 0.151200 0.004800
0.220000 0.152000 0.011200
0.292000 0.152000 0.005600
0.384800 0.152000 0.003200
0.702400 0.152000 0.019200
0.740000 0.152000 0.005600
0.749600 0.152000 0.015200
0.389600 0.152800 0.016800
0.732000 0.152800 0.004000
0.766400 0.152800 0.011200
0.778400 0.152800 0.007200
0.829600 0.153600 0.020800
0.786400 0.154400 0.016800
0.797600 0.154400 0.008800
0.806400 0.154400 0.016800
0.842400 0.154400 0.011200
0.821600 0.155200 0.019200
0.860000 0.155200 0.013600
0.285600 0.170400 0.003200
0.293600 0.170400 0.010400
0.251200 0.171200 0.011200
0.267200 0.171200 0.005600
0.275200 0.171200 0.012800
0.245600 0.172000 0.009600
0.259200 0.172000 0.005600
0.696000 0.175200 0.010400
0.703200 0.175200 0.005600
0.710400 0.175200 0.011200
0.154400 0.188000 0.020800
0.168000 0.188000 0.008800
0.179200 0.188800 0.005600
0.188800 0.189600 0.008800
0.200000 0.190400 0.024800
0.216000 0.191200 0.008800
0.228000 0.191200 0.024800
0.244000 0.192000 0.022400
0.409600 0.193600 0.008800
0.263200 0.194400 0.016800
0.268800 0.194400 0.016000
0.368800 0.194400 0.019200
0.420000 0.194400 0.019200
0.654400 0.194400 0.005600
0.311200 0.195200 0.019200
0.379200 0.195200 0.024000
0.395200 0.195200 0.011200
0.683200 0.195200 0.005600
0.336800 0.196000 0.011200
0.438400 0.196000 0.022400
0.452800 0.196000 0.008800
0.484800 0.196000 0.005600
0.491200 0.196000 0.003200
0.509600 0.196000 0.011200
0.530400 0.196000 0.013600
0.546400 0.196000 0.016800
0.558400 0.196000 0.022400
0.636800 0.196000 0.008800
0.647200 0.196000 0.005600
0.665600 0.196000 0.007200
0.693600 0.196000 0.008800
0.880800 0.196000 0.012800
0.887200 0.196000 0.011200
0.900000 0.196000 0.008800
0.293600 0.196800 0.015200
0.349600 0.196800 0.008800
0.359200 0.196800 0.005600
0.464000 0.196800 0.008800
0.476000 0.196800 0.005600
0.496800 0.196800 0.019200
0.578400 0.196800 0.016800
0.598400 0.196800 0.016800
0.620000 0.196800 0.013600
0.714400 0.196800 0.015200
0.729600 0.196800 0.008800
0.910400 0.196800 0.007200
0.943200 0.196800 0.005600
0.952000 0.196800 0.005600
0.567200 0.197600 0.019200
0.676800 0.197600 0.024800
0.706400 0.197600 0.016800
0.740000 0.197600 0.004800
0.747200 0.197600 0.004800
0.936000 0.197600 0.005600
0.963200 0.197600 0.008800
0.811200 0.198400 0.004800
0.824000 0.198400 0.011200
0.921600 0.198400 0.012800
0.928800 0.198400 0.005600
0.756000 0.199200 0.013600
0.772800 0.199200 0.011200
0.788000 0.199200 0.011200
0.801600 0.199200 0.008800
0.835200 0.199200 0.005600
0.843200 0.199200 0.005600
0.857600 0.199200 0.013600
0.939200 0.212800 0.007200
0.928800 0.213600 0.008800
0.948800 0.213600 0.005600
0.956800 0.214400 0.005600
0.539200 0.218400 0.011200
0.546400 0.218400 0.011200
0.711200 0.218400 0.009600
0.718400 0.218400 0.003200
0.723200 0.218400 0.003200
0.748800 0.218400 0.007200
0.432000 0.219200 0.008800
0.729600 0.219200 0.004800
0.740000 0.219200 0.007200
0.416000 0.220000 0.010400
0.422400 0.220000 0.005600
0.585600 0.220000 0.008800
0.595200 0.220000 0.008800
0.344800 0.232800 0.019200
0.324800 0.234400 0.017600
0.335200 0.234400 0.005600
0.355200 0.234400 0.024800
0.156000 0.235200 0.014400
0.176800 0.235200 0.016800
0.223200 0.235200 0.005600
0.212000 0.236000 0.008800
0.231200 0.236000 0.013600
0.249600 0.236000 0.022400
0.273600 0.236000 0.019200
0.392000 0.236000 0.018400
0.417600 0.236000 0.011200
0.197600 0.236800 0.011200
0.303200 0.236800 0.022400
0.312000 0.236800 0.022400
0.370400 0.236800 0.013600
0.404000 0.236800 0.007200
0.446400 0.236800 0.013600
0.463200 0.236800 0.011200
0.480000 0.236800 0.013600
0.513600 0.236800 0.024800
0.263200 0.237600 0.008800
0.289600 0.237600 0.012800
0.529600 0.237600 0.019200
0.499200 0.238400 0.027200
0.684800 0.238400 0.019200
0.724800 0.238400 0.013600
0.604800 0.239200 0.004000
0.658400 0.239200 0.011200
0.551200 0.240000 0.019200
0.612800 0.240000 0.011200
0.628800 0.240000 0.010400
0.672000 0.240000 0.005600
0.814400 0.240000 0.011200
0.564000 0.240800 0.008800
0.641600 0.240800 0.011200
0.707200 0.240800 0.013600
0.744000 0.240800 0.013600
0.780800 0.240800 0.008800
0.844000 0.240800 0.011200
0.860000 0.240800 0.022400
0.574400 0.241600 0.005600
0.598400 0.241600 0.005600
0.757600 0.241600 0.008800
0.793600 0.241600 0.019200
0.799200 0.241600 0.012800
0.829600 0.241600 0.010400
0.586400 0.242400 0.009600
0.768800 0.243200 0.008800
0.156800 0.258400 0.011200
0.424800 0.259200 0.008800
0.487200 0.259200 0.008000
0.436800 0.260000 0.008800
0.476800 0.260000 0.008000
0.268800 0.272800 0.019200
0.222400 0.273600 0.016800
0.245600 0.273600 0.016800
0.684000 0.273600 0.022400
0.159200 0.274400 0.030400
0.198400 0.274400 0.011200
0.230400 0.274400 0.005600
0.236800 0.274400 0.016800
0.669600 0.274400 0.009600
0.704000 0.274400 0.024800
0.212000 0.275200 0.016800
0.182400 0.276000 0.013600
0.320800 0.276000 0.011200
0.339200 0.276000 0.012800
0.356800 0.276000 0.011200
0.407200 0.276000 0.012800
0.583200 0.276000 0.022400
0.627200 0.276000 0.011200
0.645600 0.276000 0.024800
0.692800 0.276000 0.022400
0.718400 0.276000 0.027200
0.289600 0.276800 0.024800
0.305600 0.276800 0.011200
0.372800 0.276800 0.011200
0.388800 0.276800 0.011200
0.520800 0.276800 0.019200
0.592800 0.276800 0.020800
0.452000 0.277600 0.015200
0.541600 0.277600 0.008800
0.567200 0.277600 0.021600
0.605600 0.277600 0.018400
0.728800 0.277600 0.004000
0.738400 0.277600 0.019200
0.424800 0.278400 0.011200
0.477600 0.278400 0.013600
0.483200 0.278400 0.013600
0.505600 0.278400 0.013600
0.553600 0.278400 0.011200
0.613600 0.278400 0.024800
0.657600 0.278400 0.008800
0.531200 0.279200 0.018400
0.773600 0.279200 0.011200
0.751200 0.280000 0.019200
0.789600 0.280000 0.011200
0.758400 0.280800 0.016800
0.804800 0.282400 0.008800
0.818400 0.282400 0.008800
0.835200 0.282400 0.011200
0.851200 0.283200 0.026400
0.864800 0.284000 0.021600
0.196800 0.293600 0.008000
0.205600 0.293600 0.005600
0.214400 0.294400 0.005600
0.352800 0.294400 0.008800
0.224000 0.295200 0.007200
0.409600 0.295200 0.005600
0.235200 0.296000 0.007200
0.245600 0.296000 0.008000
0.360800 0.296000 0.008800
0.396800 0.296000 0.005600
0.404000 0.296000 0.003200
0.371200 0.296800 0.008800
0.385600 0.296800 0.007200
0.423200 0.296800 0.008800
0.433600 0.296800 0.007200
0.444800 0.296800 0.008000
0.416800 0.297600 0.005600
0.455200 0.297600 0.005600
0.464000 0.297600 0.005600
0.471200 0.297600 0.004800
0.489600 0.297600 0.008000
0.480000 0.298400 0.005600
0.309600 0.300000 0.007200
0.278400 0.315200 0.005600
0.192800 0.316000 0.012800
0.288800 0.316000 0.008800
0.301600 0.316000 0.008800
0.610400 0.316000 0.008800
0.625600 0.316000 0.020800
0.164800 0.316800 0.005600
0.212000 0.316800 0.011200
0.257600 0.316800 0.013600
0.272000 0.316800 0.013600
0.414400 0.316800 0.005600
0.634400 0.316800 0.005600
0.643200 0.316800 0.004000
0.154400 0.317600 0.016800
0.227200 0.317600 0.008800
0.240000 0.317600 0.011200
0.323200 0.317600 0.016800
0.383200 0.317600 0.005600
0.403200 0.317600 0.008800
0.427200 0.317600 0.011200
0.580800 0.317600 0.013600
0.588000 0.317600 0.005600
0.598400 0.317600 0.008800
0.668000 0.317600 0.013600
0.684000 0.317600 0.005600
0.692800 0.317600 0.019200
0.175200 0.318400 0.008800
0.333600 0.318400 0.005600
0.343200 0.318400 0.008800
0.356000 0.318400 0.019200
0.372800 0.318400 0.008800
0.392000 0.318400 0.005600
0.652000 0.318400 0.013600
0.443200 0.319200 0.011200
0.457600 0.319200 0.005600
0.526400 0.319200 0.011200
0.544000 0.319200 0.013600
0.564000 0.319200 0.012800
0.699200 0.319200 0.022400
0.713600 0.319200 0.022400
0.311200 0.320000 0.005600
0.449600 0.320000 0.005600
0.465600 0.320000 0.005600
0.474400 0.320000 0.005600
0.728000 0.320000 0.024000
0.736800 0.320000 0.005600
0.484800 0.320800 0.008800
0.500000 0.320800 0.008800
0.745600 0.320800 0.005600
0.755200 0.320800 0.007200
0.780800 0.320800 0.011200
0.804800 0.320800 0.008800
0.840800 0.320800 0.019200
0.852800 0.320800 0.008800
0.872800 0.320800 0.005600
0.764800 0.321600 0.016800
0.793600 0.321600 0.008000
0.833600 0.321600 0.024800
0.864000 0.321600 0.024800
0.881600 0.321600 0.013600
0.511200 0.322400 0.007200
0.820000 0.322400 0.011200
0.225600 0.337600 0.010400
0.233600 0.337600 0.005600
0.240800 0.337600 0.011200
0.193600 0.357600 0.013600
0.159200 0.358400 0.027200
0.273600 0.358400 0.005600
0.178400 0.359200 0.011200
0.202400 0.359200 0.004800
0.266400 0.359200 0.004800
0.279200 0.359200 0.016800
0.312800 0.359200 0.007200
0.552000 0.359200 0.024800
0.210400 0.360000 0.004800
0.218400 0.360000 0.012800
0.256800 0.360000 0.015200
0.288000 0.360000 0.005600
0.340000 0.360000 0.011200
0.356800 0.360000 0.011200
0.829600 0.360000 0.013600
0.857600 0.360000 0.022400
0.236000 0.360800 0.011200
0.248800 0.360800 0.005600
0.298400 0.360800 0.022400
0.324000 0.360800 0.008800
0.446400 0.360800 0.017600
0.568000 0.360800 0.011200
0.593600 0.360800 0.007200
0.668800 0.360800 0.016800
0.681600 0.360800 0.005600
0.692800 0.360800 0.024800
0.797600 0.360800 0.022400
0.808000 0.360800 0.005600
0.373600 0.361600 0.011200
0.392000 0.361600 0.011200
0.469600 0.361600 0.011200
0.515200 0.361600 0.005600
0.524800 0.361600 0.016000
0.582400 0.361600 0.008800
0.606400 0.361600 0.008800
0.619200 0.361600 0.008800
0.638400 0.361600 0.005600
0.648000 0.361600 0.016800
0.708000 0.361600 0.011200
0.723200 0.361600 0.008800
0.814400 0.361600 0.012000
0.850400 0.361600 0.029600
0.407200 0.362400 0.008800
0.420000 0.362400 0.022400
0.456800 0.362400 0.007200
0.484800 0.362400 0.008800
0.494400 0.362400 0.007200
0.506400 0.362400 0.008800
0.532800 0.362400 0.014400
0.627200 0.362400 0.016000
0.743200 0.362400 0.016800
0.439200 0.363200 0.013600
0.772800 0.363200 0.005600
0.779200 0.363200 0.003200
0.784800 0.363200 0.009600
0.733600 0.364000 0.005600
0.761600 0.364000 0.008800
0.789600 0.364000 0.015200
