0
0
0
0
0
0
1
1
1
3
3
2
4
3
3
2
2
2
2
2
4
4
3
2
2
4
4
4
4
4
4
5
5
3
5
5
6
7
8
8
8
8
8
8
8
8
8
8
8
8
8
8
8
8
8
8
8
8
8
8
8
8
8
8
8
8
8
8
8
8
8
8
8
8
8
8
8
8
8
8
8
8
8
8
8
8
8
8
9
9
9
9
9
9
9
10
10
10
10
10
11
10
10
11
11
11
12
12
12
12
11
11
11
13
14
14
14
14
14
14
14
14
14
14
14
14
14
14
14
14
14
14
14
14
14
14
14
14
14
14
14
14
14
14
14
14
14
14
14
14
14
14
14
14
14
14
14
14
14
14
14
14
14
14
14
14
14
14
14
15
15
16
15
17
17
17
17
16
16
16
16
16
16
18
15
15
18
18
18
17
17
18
19
20
20
20
20
20
20
21
22
22
22
22
22
22
22
22
22
22
22
22
22
22
22
22
22
22
22
22
22
22
22
22
22
22
22
22
22
22
22
22
22
22
22
22
22
22
22
22
22
22
22
22
22
22
22
22
22
22
22
22
22
22
22
22
22
22
23
25
23
23
23
25
25
25
24
24
24
23
25
25
25
25
24
24
26
25
25
24
24
26
26
26
26
26
26
25
25
27
28
28
28
28
28
28
28
28
28
28
28
28
28
28
28
28
28
28
28
28
28
28
28
28
28
28
28
28
28
28
28
28
28
28
28
28
28
28
28
28
28
28
28
28
28
28
28
28
28
28
28
28
28
28
28
29
29
30
30
30
30
29
29
29
29
29
29
31
30
30
30
30
30
30
30
30
30
32
33
33
33
33
33
33
33
33
33
33
33
33
33
33
33
33
33
33
33
33
33
33
33
33
33
33
33
33
33
33
33
33
33
33
33
33
33
33
33
33
33
33
33
33
33
33
33
33
33
33
33
33
33
33
33
33
33
34
34
34
34
34
35
35
35
36
34
37
37
35
35
35
40
39
37
37
38
38
38
38
40
37
37
38
38
38
38
40
40
40
39
39
39
39
37
37
40
40
40
40
41
42
43
43
43
43
43
43
43
43
43
43
43
43
43
43
43
43
43
43
43
43
43
43
43
43
43
43
43
43
43
43
43
43
43
43
43
43
43
43
43
43
43
43
43
43
43
43
43
43
43
43
43
43
46
44
44
44
44
45
46
44
44
44
44
44
44
44
44
45
45
45
45
46
46
46
46
44
47
47
45
46
47
45
46
48
48
48
48
47
50
50
48
48
48
49
49
49
49
47
47
50
50
50
50
48
49
50
51
52
52
52
52
52
52
52
52
52
52
52
52
52
52
52
52
52
52
52
52
52
52
52
52
52
52
52
52
52
52
52
52
52
52
52
52
52
52
52
52
52
52
52
52
52
52
52
52
52
52
52
52
52
52
52
52
53
53
53
53
53
53