0.271200 0.047200 0.011200
0.276000 0.047200 0.011200
0.262400 0.048000 0.007200
0.288000 0.048000 0.008800
0.296800 0.048000 0.007200
0.307200 0.048000 0.007200
0.330400 0.048000 0.005600
0.340000 0.048000 0.005600
0.208800 0.048800 0.010400
0.216800 0.048800 0.005600
0.223200 0.048800 0.011200
0.232000 0.048800 0.005600
0.241600 0.048800 0.005600
0.250400 0.048800 0.007200
0.316000 0.048800 0.005600
0.322400 0.048800 0.005600
0.347200 0.048800 0.005600
0.353600 0.048800 0.011200
0.359200 0.048800 0.003200
0.364000 0.048800 0.008000
0.375200 0.048800 0.008000
0.386400 0.048800 0.007200
0.423200 0.048800 0.007200
0.196000 0.049600 0.008800
0.395200 0.049600 0.005600
0.403200 0.049600 0.005600
0.412800 0.049600 0.007200
0.432800 0.049600 0.007200
0.202400 0.050400 0.003200
0.443200 0.050400 0.008000
0.455200 0.050400 0.016800
0.463200 0.050400 0.005600
0.484000 0.050400 0.005600
0.494400 0.050400 0.008800
0.473600 0.051200 0.007200
0.506400 0.052000 0.016800
0.524000 0.052000 0.005600
0.542400 0.052000 0.008800
0.516000 0.052800 0.005600
0.533600 0.052800 0.006400
0.553600 0.052800 0.007200
0.563200 0.052800 0.016000
0.572800 0.053600 0.008800
0.584000 0.053600 0.016800
0.150400 0.064800 0.016800
0.183200 0.064800 0.008800
0.193600 0.064800 0.008800
0.208000 0.064800 0.008000
0.217600 0.064800 0.011200
0.168800 0.065600 0.009600
0.874400 0.066400 0.013600
0.860000 0.068000 0.013600
0.084000 0.070400 0.003200
0.067200 0.071200 0.008800
0.076800 0.071200 0.005600
0.088800 0.071200 0.008800
0.096800 0.071200 0.005600
0.053600 0.072000 0.006400
0.104800 0.072000 0.005600
0.112800 0.072000 0.011200
0.035200 0.072800 0.013600
0.044800 0.072800 0.005600
0.070400 0.085600 0.008800
0.081600 0.085600 0.007200
0.090400 0.086400 0.009600
0.115200 0.086400 0.011200
0.056800 0.087200 0.007200
0.064800 0.087200 0.003200
0.095200 0.087200 0.008800
0.106400 0.087200 0.007200
0.046400 0.088800 0.007200
0.036000 0.089600 0.008800
0.842400 0.091200 0.008800
0.591200 0.092000 0.012800
0.793600 0.092000 0.012000
0.801600 0.092000 0.005600
0.809600 0.092000 0.005600
0.819200 0.092000 0.007200
0.852800 0.092000 0.005600
0.829600 0.092800 0.008800
0.863200 0.092800 0.008800
0.266400 0.093600 0.008800
0.274400 0.093600 0.007200
0.285600 0.093600 0.007200
0.599200 0.093600 0.005600
0.609600 0.093600 0.008000
0.663200 0.093600 0.005600
0.296800 0.094400 0.008000
0.442400 0.094400 0.011200
0.466400 0.094400 0.005600
0.620000 0.094400 0.007200
0.629600 0.094400 0.008800
0.644000 0.094400 0.008800
0.672000 0.094400 0.005600
0.679200 0.094400 0.005600
0.688000 0.094400 0.012800
0.447200 0.095200 0.008800
0.458400 0.095200 0.005600
0.475200 0.095200 0.006400
0.485600 0.095200 0.005600
0.654400 0.095200 0.008800
0.493600 0.096000 0.005600
0.503200 0.096000 0.007200
0.080800 0.098400 0.008800
0.097600 0.100800 0.008800
0.143200 0.109600 0.030400
0.149600 0.109600 0.016800
0.129600 0.110400 0.019200
0.167200 0.111200 0.024800
0.233600 0.111200 0.012800
0.251200 0.111200 0.013600
0.180000 0.112000 0.013600
0.197600 0.112000 0.011200
0.214400 0.112000 0.011200
0.269600 0.112000 0.012800
0.289600 0.112000 0.012800
0.348800 0.112800 0.011200
0.503200 0.112800 0.005600
0.328800 0.113600 0.012800
0.442400 0.113600 0.011200
0.459200 0.113600 0.010400
0.474400 0.113600 0.011200
0.492000 0.113600 0.008800
0.513600 0.113600 0.016800
0.527200 0.113600 0.008800
0.309600 0.114400 0.013600
0.364000 0.114400 0.013600
0.384000 0.114400 0.008800
0.397600 0.114400 0.011200
0.431200 0.114400 0.019200
0.541600 0.114400 0.008800
0.563200 0.114400 0.016000
0.411200 0.115200 0.008800
0.416000 0.115200 0.012000
0.424000 0.115200 0.005600
0.553600 0.115200 0.007200
0.578400 0.115200 0.013600
0.868000 0.115200 0.016800
0.585600 0.116000 0.014400
0.813600 0.116000 0.013600
0.832000 0.116000 0.007200
0.841600 0.116000 0.004800
0.855200 0.116000 0.005600
0.595200 0.116800 0.005600
0.604800 0.116800 0.016800
0.779200 0.116800 0.011200
0.796800 0.116800 0.011200
0.821600 0.116800 0.005600
0.848800 0.116800 0.004800
0.700800 0.117600 0.011200
0.728000 0.117600 0.013600
0.763200 0.117600 0.011200
0.636800 0.118400 0.011200
0.654400 0.118400 0.011200
0.669600 0.118400 0.008800
0.685600 0.118400 0.011200
0.744800 0.118400 0.011200
0.620800 0.119200 0.011200
0.052000 0.121600 0.016000
0.061600 0.121600 0.020800
0.656800 0.134400 0.005600
0.556800 0.136000 0.007200
0.565600 0.136000 0.005600
0.664800 0.136000 0.005600
0.674400 0.136000 0.007200
0.686400 0.136000 0.007200
0.696800 0.136000 0.007200
0.708800 0.136000 0.008800
0.577600 0.136800 0.007200
0.587200 0.136800 0.005600
0.593600 0.136800 0.004000
0.053600 0.140800 0.012800
0.267200 0.150400 0.008800
0.347200 0.150400 0.011200
0.152000 0.151200 0.013600
0.252800 0.151200 0.011200
0.314400 0.151200 0.013600
0.330400 0.151200 0.013600
0.381600 0.151200 0.011200
0.132000 0.152000 0.013600
0.360800 0.152000 0.024800
0.450400 0.152000 0.005600
0.602400 0.152000 0.012800
0.168000 0.152800 0.011200
0.204000 0.152800 0.011200
0.220800 0.152800 0.011200
0.237600 0.152800 0.011200
0.280000 0.152800 0.011200
0.297600 0.152800 0.011200
0.398400 0.152800 0.011200
0.412800 0.152800 0.011200
0.441600 0.152800 0.022400
0.565600 0.152800 0.011200
0.656000 0.152800 0.010400
0.185600 0.153600 0.012000
0.428000 0.153600 0.011200
0.459200 0.153600 0.013600
0.494400 0.153600 0.011200
0.533600 0.153600 0.016800
0.552800 0.153600 0.012800
0.585600 0.153600 0.011200
0.610400 0.153600 0.004000
0.628000 0.153600 0.015200
0.644000 0.153600 0.008800
0.521600 0.154400 0.008800
0.544800 0.154400 0.005600
0.617600 0.154400 0.005600
0.669600 0.154400 0.013600
0.678400 0.154400 0.016000
0.692000 0.154400 0.011200
0.507200 0.155200 0.011200
0.774400 0.155200 0.022400
0.475200 0.156000 0.012800
0.704000 0.156000 0.005600
0.714400 0.156000 0.008800
0.746400 0.156000 0.012800
0.764800 0.156000 0.019200
0.789600 0.156000 0.011200
0.831200 0.156000 0.007200
0.841600 0.156000 0.016800
0.857600 0.156000 0.008800
0.870400 0.156000 0.008800
0.728000 0.156800 0.011200
0.804800 0.156800 0.011200
0.819200 0.156800 0.008800
0.538400 0.172800 0.008800
0.499200 0.173600 0.007200
0.508800 0.173600 0.005600
0.519200 0.173600 0.007200
0.532000 0.173600 0.008800
0.476000 0.174400 0.007200
0.487200 0.174400 0.006400
0.636000 0.178400 0.008000
0.469600 0.188800 0.020800
0.509600 0.188800 0.008800
0.132800 0.189600 0.014400
0.170400 0.189600 0.013600
0.224800 0.189600 0.016000
0.234400 0.189600 0.019200
0.476000 0.189600 0.011200
0.573600 0.189600 0.011200
0.152000 0.190400 0.008800
0.186400 0.190400 0.013600
0.264800 0.190400 0.008800
0.276800 0.190400 0.008800
0.348800 0.190400 0.015200
0.533600 0.190400 0.011200
0.865600 0.190400 0.008800
0.206400 0.191200 0.013600
0.243200 0.191200 0.005600
0.253600 0.191200 0.008800
0.289600 0.191200 0.008800
0.304800 0.191200 0.013600
0.356000 0.191200 0.015200
0.367200 0.191200 0.016800
0.379200 0.191200 0.003200
0.384800 0.191200 0.008800
0.394400 0.191200 0.007200
0.404800 0.191200 0.016800
0.413600 0.191200 0.024800
0.455200 0.191200 0.011200
0.462400 0.191200 0.004800
0.518400 0.191200 0.013600
0.553600 0.191200 0.013600
0.589600 0.191200 0.008800
0.605600 0.191200 0.013600
0.614400 0.191200 0.005600
0.325600 0.192000 0.011200
0.339200 0.192000 0.005600
0.373600 0.192000 0.004000
0.428800 0.192000 0.011200
0.443200 0.192000 0.008800
0.492000 0.192000 0.011200
0.630400 0.192000 0.011200
0.648000 0.192000 0.011200
0.673600 0.192000 0.016800
0.834400 0.192000 0.013600
0.851200 0.192000 0.008800
0.692000 0.192800 0.015200
0.716000 0.192800 0.012800
0.819200 0.192800 0.013600
0.840800 0.192800 0.005600
0.875200 0.192800 0.018400
0.662400 0.193600 0.008800
0.796000 0.193600 0.011200
0.810400 0.193600 0.019200
0.734400 0.194400 0.012800
0.784000 0.194400 0.008800
0.804000 0.194400 0.004800
0.768800 0.195200 0.011200
0.763200 0.196000 0.016800
0.752000 0.196800 0.008800
0.789600 0.212000 0.005600
0.799200 0.212000 0.007200
0.772000 0.212800 0.005600
0.780800 0.212800 0.005600
0.740800 0.213600 0.008000
0.763200 0.213600 0.005600
0.752800 0.214400 0.007200
0.438400 0.215200 0.008800
0.139200 0.216000 0.008000
0.500000 0.216000 0.008000
0.852800 0.224800 0.011200
0.866400 0.226400 0.016800
0.824000 0.228000 0.008800
0.838400 0.228000 0.011200
0.622400 0.228800 0.008800
0.564800 0.229600 0.011200
0.780800 0.229600 0.008800
0.790400 0.229600 0.015200
0.804800 0.229600 0.013600
0.612800 0.230400 0.022400
0.706400 0.230400 0.009600
0.720800 0.230400 0.016000
0.731200 0.230400 0.005600
0.137600 0.231200 0.016000
0.369600 0.231200 0.016800
0.548800 0.231200 0.013600
0.581600 0.231200 0.011200
0.598400 0.231200 0.011200
0.638400 0.231200 0.011200
0.689600 0.231200 0.013600
0.758400 0.231200 0.013600
0.147200 0.232000 0.028800
0.160000 0.232000 0.011200
0.438400 0.232000 0.011200
0.468800 0.232000 0.013600
0.654400 0.232000 0.011200
0.670400 0.232000 0.011200
0.743200 0.232000 0.011200
0.766400 0.232000 0.013600
0.176000 0.232800 0.012800
0.394400 0.232800 0.016800
0.405600 0.232800 0.008800
0.419200 0.232800 0.011200
0.491200 0.232800 0.011200
0.505600 0.232800 0.008800
0.527200 0.232800 0.009600
0.540000 0.232800 0.005600
0.312800 0.233600 0.008800
0.326400 0.233600 0.008800
0.347200 0.233600 0.014400
0.362400 0.233600 0.005600
0.452800 0.233600 0.011200
0.515200 0.233600 0.007200
0.194400 0.234400 0.013600
0.213600 0.234400 0.022400
0.274400 0.234400 0.008800
0.296000 0.234400 0.005600
0.303200 0.234400 0.016800
0.336800 0.234400 0.005600
0.477600 0.234400 0.004800
0.226400 0.235200 0.024800
0.241600 0.235200 0.013600
0.259200 0.235200 0.011200
0.285600 0.235200 0.008800
0.204800 0.236000 0.004800
0.860800 0.248800 0.008800
0.867200 0.248800 0.003200
0.849600 0.249600 0.008000
0.837600 0.251200 0.007200
0.493600 0.252000 0.008800
0.503200 0.252000 0.007200
0.676800 0.252000 0.008800
0.696800 0.252000 0.007200
0.707200 0.252000 0.007200
0.826400 0.252000 0.007200
0.478400 0.252800 0.008000
0.512800 0.252800 0.008800
0.530400 0.252800 0.005600
0.539200 0.252800 0.005600
0.548000 0.252800 0.007200
0.560800 0.252800 0.008000
0.571200 0.252800 0.007200
0.582400 0.252800 0.008000
0.595200 0.252800 0.008800
0.687200 0.252800 0.007200
0.716800 0.252800 0.005600
0.784000 0.252800 0.007200
0.793600 0.252800 0.008800
0.807200 0.252800 0.005600
0.156000 0.253600 0.005600
0.164800 0.253600 0.005600
0.176000 0.253600 0.007200
0.186400 0.253600 0.008800
0.194400 0.253600 0.005600
0.467200 0.253600 0.008800
0.519200 0.253600 0.008800
0.725600 0.253600 0.007200
0.735200 0.253600 0.011200
0.768000 0.253600 0.005600
0.775200 0.253600 0.012800
0.799200 0.253600 0.011200
0.816000 0.253600 0.007200
0.147200 0.254400 0.008800
0.200000 0.254400 0.008800
0.741600 0.254400 0.010400
0.748800 0.254400 0.008800
0.759200 0.254400 0.008800
0.612000 0.256000 0.008000
0.329600 0.258400 0.008800
0.340000 0.259200 0.008800
0.382400 0.259200 0.007200
0.444800 0.259200 0.005600
0.860000 0.259200 0.003200
0.864800 0.259200 0.005600
0.351200 0.260000 0.008800
0.357600 0.260000 0.003200
0.363200 0.260000 0.008000
0.372800 0.260000 0.006400
0.916000 0.269600 0.008800
0.928800 0.269600 0.008800
0.904800 0.270400 0.008800
0.143200 0.271200 0.013600
0.938400 0.271200 0.007200
0.854400 0.272000 0.015200
0.948800 0.272000 0.007200
0.957600 0.272000 0.012800
0.965600 0.272000 0.012800
0.168000 0.272800 0.012800
0.247200 0.272800 0.019200
0.523200 0.272800 0.011200
0.540800 0.272800 0.011200
0.560800 0.272800 0.013600
0.646400 0.272800 0.008800
0.660000 0.272800 0.008800
0.672000 0.272800 0.006400
0.684800 0.272800 0.011200
0.825600 0.272800 0.013600
0.844000 0.272800 0.008800
0.973600 0.272800 0.011200
0.285600 0.273600 0.022400
0.294400 0.273600 0.016800
0.581600 0.273600 0.012800
0.701600 0.273600 0.011200
0.792800 0.273600 0.011200
0.807200 0.273600 0.005600
0.813600 0.273600 0.005600
0.185600 0.274400 0.012000
0.228800 0.274400 0.016800
0.271200 0.274400 0.011200
0.511200 0.274400 0.005600
0.632000 0.274400 0.011200
0.722400 0.274400 0.013600
0.736800 0.274400 0.011200
0.752000 0.274400 0.013600
0.834400 0.274400 0.015200
0.872000 0.274400 0.014400
0.879200 0.274400 0.016800
0.205600 0.275200 0.013600
0.312000 0.275200 0.011200
0.355200 0.275200 0.011200
0.371200 0.275200 0.012800
0.443200 0.275200 0.009600
0.454400 0.275200 0.004800
0.461600 0.275200 0.005600
0.474400 0.275200 0.011200
0.502400 0.275200 0.005600
0.600000 0.275200 0.011200
0.773600 0.275200 0.011200
0.218400 0.276000 0.024000
0.328000 0.276000 0.012800
0.343200 0.276000 0.011200
0.380000 0.276000 0.004800
0.387200 0.276000 0.005600
0.395200 0.276000 0.012800
0.406400 0.276000 0.008800
0.416000 0.276000 0.005600
0.426400 0.276000 0.011200
0.492000 0.276000 0.013600
0.617600 0.276000 0.011200
0.904800 0.284000 0.008800
0.914400 0.284800 0.005600
0.932000 0.285600 0.007200
0.924000 0.286400 0.007200
0.944000 0.286400 0.007200
0.957600 0.288000 0.008800
0.968000 0.288800 0.007200
0.976000 0.290400 0.013600
0.148800 0.292000 0.008000
0.403200 0.292000 0.007200
0.413600 0.292000 0.005600
0.508800 0.292000 0.005600
0.521600 0.292000 0.007200
0.530400 0.292000 0.008800
0.842400 0.292000 0.008000
0.139200 0.292800 0.007200
0.388800 0.292800 0.008000
0.422400 0.292800 0.005600
0.435200 0.292800 0.008800
0.448000 0.292800 0.008000
0.467200 0.292800 0.005600
0.474400 0.292800 0.010400
0.816000 0.292800 0.007200
0.827200 0.292800 0.008000
0.854400 0.292800 0.008800
0.127200 0.293600 0.008800
0.158400 0.293600 0.004800
0.181600 0.293600 0.005600
0.457600 0.293600 0.006400
0.488800 0.293600 0.008000
0.499200 0.293600 0.006400
0.647200 0.293600 0.008000
0.794400 0.293600 0.005600
0.804000 0.293600 0.007200
0.165600 0.294400 0.005600
0.173600 0.294400 0.005600
0.190400 0.294400 0.005600
0.200000 0.294400 0.006400
0.210400 0.294400 0.005600
0.222400 0.294400 0.008000
0.634400 0.294400 0.008000
0.657600 0.294400 0.008800
0.742400 0.294400 0.008000
0.762400 0.294400 0.007200
0.773600 0.294400 0.007200
0.784800 0.294400 0.006400
0.596800 0.295200 0.008000
0.751200 0.295200 0.005600
0.606400 0.296000 0.006400
0.616800 0.296000 0.005600
0.624800 0.296000 0.005600
0.141600 0.309600 0.012000
0.497600 0.309600 0.008800
0.156800 0.310400 0.011200
0.272000 0.310400 0.011200
0.287200 0.310400 0.013600
0.308000 0.310400 0.011200
0.368000 0.310400 0.008800
0.386400 0.310400 0.012800
0.466400 0.310400 0.010400
0.554400 0.310400 0.008000
0.617600 0.310400 0.008800
0.627200 0.310400 0.011200
0.179200 0.311200 0.011200
0.192000 0.311200 0.005600
0.251200 0.311200 0.013600
0.296800 0.311200 0.004800
0.323200 0.311200 0.008800
0.336800 0.311200 0.008800
0.401600 0.311200 0.008800
0.416800 0.311200 0.012800
0.435200 0.311200 0.008800
0.448800 0.311200 0.010400
0.483200 0.311200 0.010400
0.521600 0.311200 0.008800
0.565600 0.311200 0.008000
0.595200 0.311200 0.011200
0.603200 0.311200 0.011200
0.643200 0.311200 0.011200
0.648800 0.311200 0.013600
0.724800 0.311200 0.013600
0.795200 0.311200 0.009600
0.217600 0.312000 0.008800
0.352800 0.312000 0.010400
0.508000 0.312000 0.016800
0.531200 0.312000 0.005600
0.544000 0.312000 0.009600
0.579200 0.312000 0.008800
0.744000 0.312000 0.008800
0.808000 0.312000 0.005600
0.817600 0.312000 0.008000
0.204000 0.312800 0.010400
0.243200 0.312800 0.019200
0.539200 0.312800 0.011200
0.668800 0.312800 0.013600
0.689600 0.312800 0.013600
0.704800 0.312800 0.011200
0.760000 0.312800 0.011200
0.832000 0.312800 0.011200
0.845600 0.312800 0.008800
0.859200 0.312800 0.011200
0.875200 0.312800 0.021600
0.230400 0.313600 0.008800
0.678400 0.313600 0.005600
0.780000 0.313600 0.013600
0.346400 0.332000 0.011200
0.244800 0.332800 0.005600
0.256000 0.332800 0.008000
0.273600 0.332800 0.004800
0.279200 0.332800 0.011200
0.303200 0.332800 0.011200
0.315200 0.332800 0.008800
0.324800 0.332800 0.007200
0.336800 0.332800 0.007200
0.460800 0.332800 0.008000
0.469600 0.332800 0.008800
0.224800 0.333600 0.007200
0.236000 0.333600 0.006400
0.265600 0.333600 0.005600
0.288000 0.333600 0.005600
0.294400 0.333600 0.011200
0.309600 0.333600 0.003200
0.480800 0.333600 0.007200
0.490400 0.333600 0.008800
0.746400 0.333600 0.007200
0.846400 0.333600 0.012800
0.139200 0.334400 0.008800
0.148000 0.334400 0.005600
0.158400 0.334400 0.008800
0.198400 0.334400 0.005600
0.204800 0.334400 0.005600
0.214400 0.334400 0.007200
0.687200 0.334400 0.011200
0.735200 0.334400 0.007200
0.756800 0.334400 0.007200
0.800800 0.334400 0.007200
0.811200 0.334400 0.013600
0.855200 0.334400 0.012800
0.171200 0.335200 0.005600
0.189600 0.335200 0.007200
0.616800 0.335200 0.008800
0.626400 0.335200 0.005600
0.633600 0.335200 0.005600
0.641600 0.335200 0.011200
0.692000 0.335200 0.008800
0.702400 0.335200 0.007200
0.712000 0.335200 0.008800
0.725600 0.335200 0.007200
0.772000 0.335200 0.008800
0.782400 0.335200 0.005600
0.791200 0.335200 0.005600
0.179200 0.336000 0.005600
0.647200 0.336000 0.011200
0.656000 0.336000 0.005600
0.664800 0.336000 0.006400
0.674400 0.336000 0.008800
0.572000 0.337600 0.009600
0.519200 0.340800 0.008000
0.141600 0.351200 0.012800
0.160800 0.352000 0.012000
0.180800 0.352800 0.011200
0.196800 0.352800 0.013600
0.432000 0.352800 0.020000
0.861600 0.352800 0.011200
0.216800 0.353600 0.008800
0.312800 0.353600 0.012800
0.440800 0.353600 0.016800
0.551200 0.353600 0.011200
0.836000 0.353600 0.005600
0.872800 0.353600 0.020800
0.884800 0.353600 0.019200
0.205600 0.354400 0.016000
0.228000 0.354400 0.016800
0.240800 0.354400 0.018400
0.296800 0.354400 0.005600
0.332800 0.354400 0.011200
0.400800 0.354400 0.012800
0.460000 0.354400 0.012800
0.476000 0.354400 0.011200
0.532800 0.354400 0.012800
0.567200 0.354400 0.011200
0.846400 0.354400 0.013600
0.252000 0.355200 0.011200
0.267200 0.355200 0.011200
0.346400 0.355200 0.011200
0.372800 0.355200 0.005600
0.418400 0.355200 0.011200
0.492000 0.355200 0.011200
0.826400 0.355200 0.015200
0.286400 0.356000 0.014400
0.364000 0.356000 0.014400
0.508000 0.356000 0.024800
0.582400 0.356000 0.016800
0.633600 0.356000 0.005600
0.773600 0.356000 0.013600
0.384800 0.356800 0.008800
0.619200 0.356800 0.011200
0.626400 0.356800 0.005600
0.646400 0.356800 0.011200
0.731200 0.356800 0.011200
0.743200 0.356800 0.003200
0.789600 0.356800 0.011200
0.808000 0.356800 0.012000
0.604000 0.357600 0.011200
0.662400 0.357600 0.011200
0.680000 0.357600 0.011200
0.712800 0.357600 0.013600
0.749600 0.357600 0.004000
0.694400 0.358400 0.011200
0.755200 0.358400 0.011200
0.303200 0.376000 0.008800
0.142400 0.376800 0.013600
0.314400 0.376800 0.008800
0.925600 0.376800 0.013600
0.944000 0.376800 0.012800
0.164000 0.377600 0.008000
0.175200 0.377600 0.005600
0.187200 0.377600 0.008800
0.195200 0.377600 0.005600
0.201600 0.377600 0.005600
0.209600 0.377600 0.010400
0.327200 0.377600 0.007200
0.152000 0.378400 0.008800
0.338400 0.378400 0.008000
0.348800 0.378400 0.007200
0.360000 0.378400 0.008000
0.384000 0.378400 0.008000
0.372000 0.379200 0.008000
0.396800 0.381600 0.008800
0.860800 0.385600 0.013600
0.875200 0.386400 0.008800
0.852000 0.387200 0.005600
0.892800 0.387200 0.012000
0.839200 0.388000 0.011200
0.844000 0.388000 0.011200
0.815200 0.388800 0.008800
0.828800 0.388800 0.008800
0.802400 0.389600 0.008800
0.761600 0.391200 0.008800
0.776000 0.391200 0.009600
0.789600 0.391200 0.008800
0.732000 0.392000 0.011200
0.737600 0.392000 0.016800
0.747200 0.392000 0.013600
0.682400 0.392800 0.010400
0.695200 0.392800 0.008800
0.705600 0.392800 0.021600
0.720000 0.392800 0.008800
0.539200 0.393600 0.005600
0.650400 0.393600 0.016800
0.656800 0.393600 0.005600
0.666400 0.393600 0.008800
0.528000 0.394400 0.008800
0.532800 0.394400 0.010400
0.547200 0.394400 0.011200
0.558400 0.394400 0.007200
0.624800 0.394400 0.010400
0.640000 0.394400 0.008800
0.517600 0.395200 0.008800
0.599200 0.395200 0.008000
0.611200 0.395200 0.008800
0.144800 0.396000 0.011200
0.156800 0.396000 0.008000
0.179200 0.396000 0.005600
0.188000 0.396000 0.007200
0.210400 0.396000 0.008800
0.508000 0.396000 0.013600
0.572000 0.396000 0.008800
0.586400 0.396000 0.008800
0.168800 0.396800 0.007200
0.199200 0.396800 0.008000
0.477600 0.396800 0.008800
0.502400 0.396800 0.011200
0.224000 0.397600 0.008800
0.246400 0.397600 0.008800
0.252800 0.397600 0.003200
0.263200 0.397600 0.008800
0.287200 0.397600 0.007200
0.298400 0.397600 0.007200
0.416800 0.397600 0.008800
0.439200 0.397600 0.008800
0.452800 0.397600 0.008800
0.462400 0.397600 0.013600
0.488000 0.397600 0.011200
0.234400 0.398400 0.008800
0.272800 0.398400 0.011200
0.308000 0.398400 0.015200
0.313600 0.398400 0.011200
0.356000 0.398400 0.008800
0.401600 0.398400 0.011200
0.427200 0.398400 0.007200
0.324000 0.399200 0.007200
0.332000 0.399200 0.004800
0.342400 0.399200 0.008800
0.382400 0.399200 0.008800
0.393600 0.399200 0.003200
0.370400 0.400800 0.008800
0.924800 0.404800 0.020000
0.936000 0.404800 0.019200
0.800000 0.408000 0.008800
0.812000 0.408000 0.011200
0.783200 0.408800 0.011200
0.842400 0.414400 0.016800
0.851200 0.414400 0.019200
