592
592
592
592
592
592
594
594
593
593
593
593
593
593
593
593
593
593
593
593
593
593
593
593
593
593
593
593
593
593
593
593
593
593
593
593
593
593
593
593
593
593
593
593
593
593
593
593
593
593
593
593
593
593
593
593
593
593
593
593
593
593
593
593
593
593
588
588
588
588
588
588
588
588
588
588
588
588
588
588
588
588
588
588
588
599
599
599
600
600
600
600
600
600
600
600
600
600
587
587
587
587
587
587
587
597
597
597
597
597
597
597
597
597
597
597
597
597
597
597
597
597
597
597
597
597
597
597
597
597
597
597
597
597
597
597
597
597
597
597
597
597
597
597
597
597
597
597
597
597
597
597
597
597
597
597
597
597
597
597
597
597
587
587
587
587
587
587
587
587
587
596
596
596
596
596
596
596
596
596
598
598
598
598
598
598
598
587
587
587
587
587
587
587
587
597
597
597
597
597
597
597
597
597
597
597
597
597
597
597
597
597
597
597
597
597
587
587
587
597
597
597
597
597
597
587
597
597
597
597
597
597
597
597
597
597
597
587
587
597
597
597
597
597
597
597
597
597
587
597
597
597
597
597
597
597
597
587
587
587
587
587
587
587
587
590
590
590
590
590
590
590
590
590
590
589
590
589
589
589
589
589
589
591
591
591
591
591
591
591
591
591
591
591
591
591
591
591
591
591
591
591
591
591
591
587
587
587
587
587
587
587
587
587
597
597
597
597
597
597
597
597
597
597
597
597
597
597
597
597
597
597
597
597
597
597
597
597
597
597
597
597
597
597
597
597
597
597
597
597
597
597
597
597
597
597
597
597
597
597
597
597
597
597
597
597
597
597
597
597
597
597
587
587
587
587
587
587
587
587
604
604
604
604
604
604
604
604
604
604
604
604
604
602
602
602
603
602
602
602
603
601
603
603
603
603
603
603
601
601
603
601
601
587
587
587
587
587
587
587
587
-1
597
597
597
597
597
597
597
597
597
597
597
597
597
597
597
597
597
597
597
597
597
597
597
597
597
597
587
587
587
587
597
597
597
597
597
597
597
597
597
597
597
597
597
597
597
597
597
597
597
597
597
597
597
597
597
597
597
597
597
597
597
597
597
597
597
597
587
606
607
607
607
607
606
606
606
606
605
607
607
607
605
605
607
607
605
605
605
605
605
605
607
605
607
597
597
597
597
597
597
597
597
597
597
597
597
597
597
597
597
597
597
597
597
597
597
597
597
597
597
597
597
597
597
597
597
597
597
597
597
597
597
597
597
597
597
597
597
597
597
597
597
597
597
597
597
597
597
597
597
609
609
609
609
609
609
609
608
608
608
608
608
608
613
597
597
597
597
597
597
597
597
597
597
597
597
597
597
597
597
597
597
597
597
597
597
597
597
597
597
597
597
597
597
597
597
597
597
597
597
597
597
597
597
597
597
597
597
597
597
597
597
597
597
597
597
597
597
597
597
597
597
597
597
597
597
610
612
612
611
610
610
612
612
612
610
610
610
610
612
612
612
612
611
611
611
611
612
611
611
610
610
610
611
597
597
597
597
597
597
597
597
597
597
597
597
597
597
597
597
597
597
597
597
597
597
597
597
597
597
597
597
597
597
597
597
597
597
597
597
597
597
597
597
597
597
597
597
597
597
597
597
597
597
597
597
597
597
597
597