1973
1973
1970
1970
1973
1973
1973
1973
1970
1970
1972
1973
1972
1972
1972
1972
1972
1972
1973
1974
1974
1974
1972
1972
1972
1973
1973
1974
1974
1974
1974
1974
1974
1974
1972
1972
1972
1972
1974
1974
1974
1972
1974
1975
1975
1975
1970
1970
1970
1970
1970
1970
1970
1970
1970
1970
1970
1970
1970
1970
1972
1972
1972
1968
1972
1974
1968
1968
1968
1972
1972
1972
1972
1974
1974
1974
1974
1974
1974
1974
1974
1968
1968
1974
1972
1972
1972
1972
1974
1974
1972
1972
1972
1970
1970
1970
1970
1970
1970
1970
1970
1972
1970
1970
1970
1972
1972
1974
1974
1972
1974
1972
1972
1972
1974
1974
1974
1974
1974
1974
1972
1974
1972
1972
1972
1972
1971
1971
1971
1971
1971
1971
1971
1971
1971
1971
1971
1971
1971
1971
1971
1971
1971
1971
1971
1967
1971
1971
1971
1967
1967
1967
1967
1967
1967
1967
1967
1967
1971
1971
1967
1967
1967
1967
1967
1971
1967
1977
1977
1977
1976
1976
1977
1977
1976
1976
1976
1967
1967
1967
1967
1967
1978
1978
1978
1978
1978
1978
1978
1978
1963
1963
1963
1963
1963
1963
1963
1963
1963
1963
1963
1963
1963
1963
1963
1963
1963
1963
1963
1963
1963
1963
1963
1963
1963
1963
1963
1963
1963
1963
1963
1963
1963
1963
1963
1963
1963
1963
1963
1963
1963
1963
1963
1963
1963
1963
1963
1963
1963
1963
1963
1963
1963
1963
1982
1982
1979
1979
1982
1982
1982
1983
1983
1979
1983
1983
1983
1979
1979
1983
1979
1983
1984
1984
1979
1979
1981
1981
1981
1981
1984
1984
1984
1980
1980
1980
1980
1980
1980
1980
1980
1980
1982
1982
1982
1982
1983
1983
1983
1983
1983
1983
1984
1984
1963
1963
1963
1963
1963
1963
1963
1963
1963
1963
1963
1963
1963
1963
1963
1963
1963
1963
1963
1963
1963
1963
1963
1963
1963
1963
1963
1963
1963
1963
1963
1963
1963
1963
1963
1963
1963
1963
1963
1963
1963
1963
1963
1963
1963
1963
1963
1963
2004
2004
2004
2004
2004
2004
2004
2004
2004
2004
1999
1999
1999
1999
1999
1999
1999
1999
1999
1999
1999
2000
1999
2000
2000
2000
2000
2000
2000
2000
1998
1998
1998
1998
1998
1997
2001
2001
2001
1999
2001
2001
2001
2001
1966
2001
1999
1966
1966
1999
1999
1999
1999
1999
2004
1966
1966
1966
1966
1966
1966
1999
1999
1999
1999
2004
2004
2004
1966
1966
1966
1999
1966
2004
1999
1999
2004
2004
2004
2004
2004
2004
2004
1963
1963
1963
1963
1963
1966
1966
1966
1963
1963
1963
1963
1963
1963
1963
1963
1963
1963
1966
1966
1966
1966
1966
1966
1966
1966
1966
1963
1963
1963
1963
1963
1963
1963
1963
1963
1963
1966
1966
1963
1963
1963
1963
1963
1963
2004
1963
1963
1963
1963
1963
1963
1963
2004
2004
2004
1963
1963
1963
1963
1963
2004
2004
2004
2004
2004
2004
2004
1996
1996
1966
1996
1996
1996
1996
1996
1996
1996
1996
1996
1996
1996
1996
1996
1996
1966
1966
1966
1996
1996
1996
1996
1996
1966
1966
1966
1966
1966
1995
2003
2003
2003
2003
2003
2003
2003
2003
2003
2003
1963
1963
1963
1963
1963
1963
1963
1963
1963
1963
1963
1963
1963
1963
1963
1963
1963
1963
1963
1963
1963
1963
1963
1963
1963
1963
1963
1963
1963
1963
1963
1963
1963
1963
1963
1963
1963
1963
1963
1963
1963
1963
1963
1963
1963
1963
1963
1963
1963
1963
1963
1963
2003
2003
2003
2003
2003
2003
2003
2003
2003
2003
1992
1992
1992
1992
1992
1993
1992
1992
1993
1989
1992
1992
1992
1989
1989
1989
1990
1992
1992
1989
1992
1992
1992
1993
1993
1992
1992
1992
1991
1991
1992
1992
1992
1992
2003
1991
2003
2003
2003
2003
2003
2003
1965
2003
2003
2003
1965
1965
1965
1965
1965
1965
1965
1965
1965
2003
1965
1965
1965
1965
1965
2003
1963
2003
2003
1963
1963
1963
1963
1963
1963
1963
1963
1963
1963
1963
1963
1963
1963
1963
1963
1963
1963
1963
2003
2003
2003
1963
1963
1963
1963
1963
1963
1963
2003
1963
1963
1963
1963
1963
1963
1963
1963
2003
2003
1965
1965
1965
1963
1963
1963
1963
1963
2003
2003
1965
1965
1965
1965
1965
1963
1963
1965
1965
1963
1963
1963
1963
1965
1963
1963
1963
2003
2003
2003
2003
2003
2002
2002
2002
2002
2002
2002
2002
2002
2003
2002
2002
2002
2002
2002
2002
2002
2002
2002
2002
2002
2002
2002
2002
2002
2002
2002
2002
2002
1987
2002
2002
2002
2003
2003
2003
1965
1987
1987
1988
1988
1988
2002
2002
2002
2002
2002
2002
2002
2003
1965
1988
2002
2002
2002
2003
1965
1965
1965
1965
1965
1965
2002
1965
1965
1965
1965
2002
2002
2002
2002
2002
2002
2002
2002
2002
2002
2002
2002
2002
2002
2002
2002
2002
2002
2002
2002
2002
2002
2002
2002
2002
2002
2002
2002
2002
2002
2002
2002
2002
2002
2002
2002
2002
2002
2002
2002
2002
2002
2002
2002
2002
2002
2002
2003
2002
2003
2002
2002
2002
2002
2003
2002
1965
2002
2002
1965
1965
2002
1965
1965
1965
1965
1965
1965
2002
2002
2002
2002
1965
1965
1965
1965
1963
1963
1965
1963
1963
1963
1963
1963
1963
1963
1963
1963
1963
1963
1963
1963
1963
1963
1963
1963
1963
1963
1963
1963
1963
1963
1963
1963
1963
1963
1963
1963
1963
1963
1963
1963
1963
1963
1963
1963
1963
1963
1963
1963
2002
2002
1963
1963
1963
1963
1963
2002
1963
1963
1963
2002
2002
1963
2002
1963
1963
2002
2002
2002
2002
2002
2002
2002
2002
2002
2002
1985
2002
1985
2002
2002
1985
1985
1985
1985
1985
1986
1963
1963
1963
1963
1963
1963
1963
1963
1963
1963
1963
1963
1963
1963
1963
1963
1963
1963
1963
1963
1963
1963
1963
1963
1963
1963
1963
1963
1963
1963
1963
1963
1963
1963
1963
1963
1963
1963
1963
1963
1963
1963
1963
1963
1963
1963
1963
1963
1964
1964
1964
1964
1964
1964
1964
1964
1964
1964
1964
1964
1964
1964
1964
1964
1964
1964
1964
1964
1964
1964
1964
1964
1964
1964
1964
1964
1964
1964
1964
1964
1964
1964
1964
1964
1964
1964
1964
1964
1964
1964
1964
1964
1964
1964
1964
1964
1964
1964
1964
1964
1964
1964
1964
1964
1964
1964
1964
1964
1964
1964
1964
1964
1964
1964
1964
1964
1964
1964
1964
1964
1964
1964
1964
1964
1964
1964
1964
1964
1964
1964
1964
1964
1964
1964
1964
1964
1964
1964
1964
1964
1964
1964
1964
1964
1964
1964
1964
1964
1964
1964
1964
1964
1964
1964
1964
1964
1964
1964
1964
1964
1964
1964
1964
1964
1964
1964
1964
1964
1964
1964
1964
1964
1964
1964
1964
1964
1964
1964
1964
1964
1964
1964
1964
1964
1964
1964
1964
1964
1964
1964
1964
1964
1964
1964
1964
1964
1964
1964
1964
1964
1964
1964
1964
1964
1964
1964
1964
1964
1964
1964
1964
1964
1964
1964
1964
1964
1964
1964
1964
1964
1964
1964
1964
1964
1964
1964
1964
1964
1964
1964
1964
1964
1964
1964
1964
1964
1964
1964
1964
1964
1964
1964
1964
1964
1964
1964
1964
1964
1964
1964
1964
1964
1964
1964
1964
1964
1964
1964
1964
1964
1964
1964
1964
1964
1964
1964
1964
1964
1964
1964
1964
1964
1964
1964
1964
1964
1964
1964
1964
1964
1964
1964
1964
1964
1964
1964
1964
1964
1964
1964
1964
1964
1964
1964
1964
1964
1964
1964
1964
1964
1964
1964
1964
1964
1964
1964
1964
1964
1964
1964
1964
1964
1964
1964
1964
1964
1964
1964
1964
1964
1964
1964
1964
1964
1964
1964
1964
1964
1964
1964
1964
1964
1964
1964
1964
1964
1964
1964
1964
1964
1964
1964