1801
1801
1801
1801
1801
1801
1801
1801
1801
1801
1801
1801
1801
1801
1801
1801
1801
1801
1801
1801
1801
1801
1801
1801
1801
1801
1801
1801
1801
1801
1801
1801
1801
1801
1801
1801
1801
1801
1801
1801
1801
1801
1801
1801
1801
1801
1801
1801
1801
1801
1801
1801
1801
1801
1801
1801
1801
1801
1801
1801
1801
1801
1801
1801
1801
1801
1801
1801
1801
1801
1801
1801
1801
1801
1801
1801
1801
1801
1801
1801
1801
1801
1801
1801
1801
1801
1801
1801
1801
1801
1801
1801
1801
1801
1801
1801
1801
1801
1801
1801
1801
1801
1801
1801
1801
1801
1801
1801
1801
1801
1801
1801
1801
1801
1801
1801
1801
1801
1801
1801
1801
1801
1801
1801
1801
1801
1801
1801
1801
1801
1801
1801
1801
1801
1801
1801
1801
1801
1801
1801
1801
1801
1801
1801
1801
1801
1801
1801
1801
1801
1801
1801
1801
1801
1801
1801
1801
1801
1801
1801
1801
1801
1801
1801
1801
1801
1801
1801
1801
1801
1801
1801
1801
1801
1801
1801
1801
1801
1801
1801
1801
1800
1800
1800
1800
1800
1800
1800
1800
1800
1800
1800
1800
1800
1800
1800
1800
1800
1800
1800
1800
1800
1800
1800
1800
1800
1800
1800
1800
1800
1800
1800
1800
1800
1800
1800
1800
1800
1800
1800
1800
1800
1800
1800
1800
1800
1800
1800
1800
1800
1800
1800
1800
1798
1798
1798
1798
1798
1798
1802
1802
1802
1803
1803
1803
1807
1803
1803
1803
1807
1807
1807
1807
1807
1807
1808
1807
1807
1807
1807
1807
1807
1789
1789
1789
1789
1789
1789
1789
1789
1789
1789
1789
1789
1789
1789
1789
1789
1789
1789
1789
1789
1789
1789
1789
1789
1789
1789
1789
1789
1789
1789
1789
1789
1789
1789
1789
1789
1789
1789
1789
1789
1789
1789
1789
1789
1789
1789
1789
1789
1789
1789
1789
1789
1789
1789
1789
1797
1797
1797
1804
1804
1804
1804
1804
1804
1804
1804
1804
1804
1804
1804
1804
1804
1804
1804
1804
1804
1804
1806
1806
1806
1806
1805
1805
1805
1804
1804
1804
1804
1804
1804
1804
1804
1804
1804
1804
1804
1804
1804
1796
1804
1804
1804
1804
1796
1795
1795
1795
1795
1795
1795
1795
1795
1795
1789
1795
1795
1795
1789
1789
1789
1789
1789
1789
1789
1789
1789
1789
1789
1789
1789
1789
1789
1789
1789
1789
1789
1789
1789
1789
1789
1789
1789
1789
1789
1789
1789
1789
1789
1789
1789
1789
1789
1789
1789
1789
1789
1789
1789
1789
1789
1789
1789
1789
1789
1789
1789
1789
1789
1795
1795
1795
1795
1795
1795
1795
1795
1795
1795
1795
1795
1795
1795
1795
1795
1795
1795
1795
1795
1795
1795
1795
1795
1795
1789
1789
1789
1789
1789
1789
1789
1789
1795
1795
1789
1789
1789
1795
1795
1795
1795
1789
1789
1789
1789
1789
1795
1795
1795
1795
1789
1789
1789
1789
1789
1789
1789
1789
1789
1789
1789
1795
1795
1789
1789
1789
1789
1789
1789
1789
1789
1789
1789
1789
1789
1789
1789
1789
1789
1789
1789
1789
1789
1789
1789
1789
1789
1789
1789
1789
1789
1795
1795
1795
1795
1795
1795
1795
1795
1795
1795
1795
1795
1795
1795
1790
1790
1790
1790
1790
1790
1790
1790
1790
1790
1790
1790
1835
1836
1834
1833
1795
1795
1795
1795
1795
1795
1795
1795
1790
1790
1790
1790
1790
1790
1790
1790
1790
1790
1790
1790
1790
1790
1789
1789
1789
1789
1789
1789
1789
1789
1789
1789
1789
1789
1789
1789
1789
1789
1789
1789
1789
1789
1789
1794
1789
1789
1789
1789
1789
1789
1789
1789
1794
1794
1789
1789
1789
1789
1789
1789
1789
1789
1789
1789
1794
1789
1789
1789
1789
1789
1794
1794
1794
1794
1789
1789
1789
1790
1794
1794
1794
1794
1794
1789
1789
1789
1790
1794
1789
1789
1790
1790
1790
1790
1790
1790
1790
1790
1790
1790
1790
1794
1794
1794
1794
1794
1794
1794
1794
1794
1794
1794
1794
1794
1790
1794
1794
1790
1790
1790
1790
1831
1790
1790
1790
1790
1790
1831
1831
1790
1832
1832
1831
1790
1832
1832
1794
1794
1794
1794
1794
1794
1794
1794
1794
1794
1794
1794
1794
1794
1790
1790
1790
1790
1790
1790
1790
1790
1790
1790
1790
1790
1789
1789
1789
1789
1789
1794
1789
1789
1789
1789
1794
1789
1789
1794
1789
1789
1789
1789
1789
1789
1794
1794
1794
1794
1794
1794
1794
1789
1789
1789
1789
1789
1789
1789
1789
1789
1789
1789
1789
1789
1789
1789
1789
1789
1789
1789
1789
1789
1789
1789
1789
1789
1789
1789
1789
1789
1789
1789
1789
1789
1789
1789
1789
1790
1790
1790
1790
1790
1790
1790
1790
1790
1790
1790
1790
1790
1818
1818
1818
1826
1826
1826
1826
1790
1822
1826
1828
1820
1822
1822
1822
1823
1828
1828
1828
1828
1830
1790
1790
1820
1820
1822
1822
1822
1823
1823
1823
1824
1825
1827
1827
1828
1828
1828
1790
1790
1790
1790
1790
1790
1820
1824
1824
1824
1825
1825
1825
1828
1830
1830
1790
1790
1790
1790
1820
1821
1821
1821
1826
1826
1826
1793
1793
1793
1793
1790
1790
1790
1793
1793
1793
1790
1790
1790
1793
1793
1790
1790
1790
1790
1790
1793
1790
1790
1789
1789
1789
1789
1789
1789
1789
1789
1789
1789
1789
1789
1789
1789
1789
1789
1789
1789
1789
1789
1789
1789
1789
1789
1789
1789
1789
1789
1789
1789
1789
1789
1789
1789
1789
1789
1789
1789
1789
1789
1789
1789
1789
1789
1789
1789
1789
1789
1789
1790
1790
1790
1790
1790
1790
1790
1790
1790
1790
1790
1790
1790
1809
1809
1809
1809
1790
1815
1812
1812
1812
1812
1811
1790
1815
1815
1815
1814
1811
1790
1817
1815
1815
1815
1790
1790
1790
1790
1817
1817
1817
1817
1815
1814
1814
1814
1810
1790
1790
1817
1817
1817
1813
1810
1790
1816
1813
1813
1813
1813
1790
1816
1816
1816
1816
1790
1792
1790
1790
1790
1792
1792
1790
1792
1792
1792
1790
1790
1790
1790
1790
1790
1790
1790
1789
1789
1789
1789
1789
1789
1789
1789
1789
1789
1789
1789
1789
1789
1789
1789
1789
1789
1789
1789
1789
1789
1789
1789
1789
1789
1789
1789
1789
1789
1789
1789
1789
1789
1789
1789
1789
1789
1789
1789
1789
1789
1789
1789
1789
1789
1789
1789
1789
1789
1789
1789
1789
1789
1791
1791
1791
1791
1791
1791
1791
1791
1791
1791
1791
1791
1791
1791
1791
1791
1791
1791
1791
1791
1791
1791
1791
1791
1791
1791
1791
1791
1791
1791
1791
1791
1791
1791
1791
1791
1791
1791
1791
1791
1791
1791
1791
1791
1791
1791
1791
1791
1791
1791
1791
1791
1791
1791
1791
1791
1791
1791
1791
1791
1791
1791
1791
1791
1791
1791
1791
1791
1791
1791
1791
1791
1791
1791
1791
1791