0.549600 0.028000 0.008800
0.572000 0.028000 0.007200
0.246400 0.028800 0.008800
0.260000 0.028800 0.005600
0.561600 0.028800 0.005600
0.580800 0.028800 0.008800
0.592000 0.028800 0.005600
0.598400 0.028800 0.003200
0.251200 0.029600 0.008800
0.268800 0.029600 0.005600
0.324800 0.029600 0.008800
0.604000 0.029600 0.008800
0.329600 0.030400 0.008800
0.338400 0.030400 0.005600
0.350400 0.030400 0.008000
0.384000 0.030400 0.005600
0.392800 0.030400 0.005600
0.406400 0.030400 0.010400
0.613600 0.030400 0.012800
0.659200 0.030400 0.005600
0.665600 0.030400 0.011200
0.728800 0.030400 0.005600
0.362400 0.031200 0.008000
0.400000 0.031200 0.005600
0.418400 0.031200 0.005600
0.620800 0.031200 0.005600
0.627200 0.031200 0.010400
0.643200 0.031200 0.011200
0.651200 0.031200 0.005600
0.673600 0.031200 0.008800
0.686400 0.031200 0.005600
0.693600 0.031200 0.005600
0.721600 0.031200 0.005600
0.748800 0.031200 0.008000
0.374400 0.032000 0.007200
0.412000 0.032000 0.011200
0.428000 0.032000 0.012800
0.443200 0.032000 0.011200
0.703200 0.032000 0.007200
0.713600 0.032000 0.005600
0.760800 0.032000 0.008000
0.436800 0.032800 0.005600
0.737600 0.032800 0.007200
0.852000 0.036800 0.008800
0.840000 0.037600 0.008800
0.827200 0.038400 0.020800
0.163200 0.041600 0.008800
0.216800 0.041600 0.008800
0.236800 0.041600 0.008000
0.173600 0.042400 0.007200
0.186400 0.042400 0.008000
0.196000 0.042400 0.005600
0.204800 0.042400 0.005600
0.226400 0.042400 0.005600
0.295200 0.042400 0.005600
0.249600 0.043200 0.008800
0.265600 0.043200 0.008800
0.282400 0.043200 0.009600
0.288800 0.043200 0.003200
0.304800 0.044000 0.013600
0.324800 0.044000 0.008000
0.334400 0.044000 0.007200
0.341600 0.044000 0.005600
0.132000 0.045600 0.005600
0.350400 0.045600 0.005600
0.656000 0.045600 0.008000
0.100000 0.046400 0.008800
0.110400 0.046400 0.008800
0.123200 0.046400 0.007200
0.358400 0.046400 0.005600
0.365600 0.046400 0.005600
0.375200 0.046400 0.006400
0.386400 0.046400 0.007200
0.642400 0.046400 0.007200
0.667200 0.046400 0.007200
0.680000 0.046400 0.008800
0.692000 0.046400 0.007200
0.702400 0.046400 0.006400
0.714400 0.046400 0.008000
0.734400 0.046400 0.006400
0.745600 0.046400 0.005600
0.071200 0.047200 0.023200
0.088000 0.047200 0.007200
0.724000 0.047200 0.007200
0.396800 0.048000 0.008000
0.408000 0.048000 0.005600
0.413600 0.048000 0.010400
0.420800 0.048000 0.005600
0.755200 0.048000 0.007200
0.765600 0.048000 0.008800
0.428000 0.048800 0.010400
0.450400 0.049600 0.008800
0.439200 0.050400 0.008000
0.164800 0.056000 0.008800
0.178400 0.056800 0.008800
0.189600 0.057600 0.008800
0.198400 0.057600 0.007200
0.210400 0.057600 0.008000
0.220000 0.057600 0.005600
0.227200 0.057600 0.011200
0.243200 0.057600 0.007200
0.324800 0.057600 0.008800
0.252000 0.058400 0.005600
0.264000 0.058400 0.008800
0.276800 0.058400 0.008000
0.333600 0.058400 0.006400
0.344800 0.059200 0.006400
0.640000 0.059200 0.008000
0.660000 0.059200 0.007200
0.353600 0.060000 0.005600
0.650400 0.060000 0.007200
0.362400 0.060800 0.005600
0.368800 0.060800 0.011200
0.375200 0.060800 0.008800
0.684000 0.060800 0.007200
0.704000 0.060800 0.007200
0.670400 0.061600 0.008000
0.693600 0.061600 0.005600
0.716800 0.061600 0.008800
0.732000 0.062400 0.008800
0.389600 0.063200 0.008800
0.744000 0.064000 0.008800
0.397600 0.064800 0.011200
0.404000 0.064800 0.005600
0.413600 0.065600 0.007200
0.424000 0.067200 0.008800
0.269600 0.073600 0.005600
0.287200 0.073600 0.005600
0.278400 0.074400 0.005600
0.296000 0.074400 0.005600
0.311200 0.074400 0.006400
0.332800 0.074400 0.008000
0.302400 0.075200 0.005600
0.322400 0.075200 0.007200
0.241600 0.084000 0.008800
0.253600 0.084000 0.008000
0.262400 0.084800 0.005600
0.272000 0.085600 0.005600
0.281600 0.085600 0.005600
0.291200 0.086400 0.005600
0.302400 0.088000 0.007200
0.312000 0.088000 0.006400
0.323200 0.088800 0.005600
0.332000 0.089600 0.013600
0.304000 0.096800 0.005600
0.032000 0.097600 0.011200
0.245600 0.097600 0.008000
0.256800 0.097600 0.007200
0.266400 0.097600 0.006400
0.040000 0.098400 0.005600
0.047200 0.098400 0.005600
0.055200 0.098400 0.005600
0.062400 0.099200 0.005600
0.077600 0.099200 0.005600
0.085600 0.099200 0.005600
0.091200 0.099200 0.011200
0.100000 0.099200 0.005600
0.138400 0.099200 0.011200
0.276800 0.099200 0.005600
0.284000 0.099200 0.005600
0.071200 0.100000 0.011200
0.109600 0.100000 0.005600
0.116800 0.100000 0.005600
0.130400 0.100000 0.005600
0.150400 0.100000 0.010400
0.292000 0.100000 0.005600
0.124000 0.100800 0.005600
0.503200 0.108000 0.007200
0.482400 0.108800 0.008800
0.492000 0.108800 0.007200
0.552800 0.108800 0.010400
0.570400 0.108800 0.008000
0.512800 0.109600 0.005600
0.519200 0.109600 0.010400
0.559200 0.109600 0.005600
0.593600 0.109600 0.008000
0.582400 0.110400 0.007200
0.032000 0.112000 0.008800
0.043200 0.112800 0.007200
0.054400 0.113600 0.008800
0.068800 0.114400 0.008800
0.063200 0.115200 0.012800
0.094400 0.116800 0.012800
0.103200 0.118400 0.005600
0.112000 0.118400 0.005600
0.119200 0.118400 0.005600
0.127200 0.119200 0.005600
0.134400 0.120000 0.013600
0.144800 0.120000 0.005600
0.152000 0.121600 0.004800
0.533600 0.124800 0.005600
0.609600 0.124800 0.009600
0.718400 0.124800 0.008800
0.516000 0.125600 0.013600
0.524800 0.125600 0.013600
0.541600 0.125600 0.005600
0.552800 0.125600 0.008800
0.568800 0.125600 0.010400
0.597600 0.125600 0.011200
0.621600 0.125600 0.016800
0.696800 0.125600 0.008800
0.707200 0.125600 0.008800
0.844800 0.125600 0.016800
0.164800 0.126400 0.011200
0.173600 0.126400 0.016800
0.220800 0.126400 0.013600
0.376800 0.126400 0.011200
0.388800 0.126400 0.008800
0.450400 0.126400 0.008800
0.465600 0.126400 0.011200
0.480800 0.126400 0.010400
0.498400 0.126400 0.011200
0.584800 0.126400 0.009600
0.669600 0.126400 0.010400
0.683200 0.126400 0.008800
0.730400 0.126400 0.008800
0.829600 0.126400 0.010400
0.184800 0.127200 0.008800
0.274400 0.127200 0.005600
0.344000 0.127200 0.015200
0.361600 0.127200 0.011200
0.403200 0.127200 0.013600
0.424000 0.127200 0.022400
0.438400 0.127200 0.008800
0.631200 0.127200 0.007200
0.641600 0.127200 0.008800
0.652000 0.127200 0.024000
0.744000 0.127200 0.011200
0.796800 0.127200 0.013600
0.815200 0.127200 0.011200
0.199200 0.128000 0.010400
0.212800 0.128000 0.005600
0.231200 0.128000 0.016800
0.246400 0.128000 0.023200
0.264800 0.128000 0.016800
0.298400 0.128000 0.021600
0.312800 0.128000 0.009600
0.777600 0.128000 0.011200
0.259200 0.128800 0.021600
0.324800 0.128800 0.005600
0.332800 0.128800 0.004800
0.792000 0.128800 0.027200
0.284800 0.129600 0.008800
0.759200 0.129600 0.011200
0.705600 0.143200 0.005600
0.715200 0.143200 0.008800
0.166400 0.144000 0.003200
0.172000 0.144000 0.008000
0.670400 0.144000 0.006400
0.681600 0.144000 0.005600
0.694400 0.144000 0.007200
0.735200 0.144000 0.006400
0.788800 0.144000 0.005600
0.159200 0.144800 0.009600
0.748000 0.144800 0.007200
0.769600 0.144800 0.005600
0.778400 0.144800 0.006400
0.183200 0.145600 0.005600
0.195200 0.145600 0.007200
0.761600 0.145600 0.004800
0.204000 0.146400 0.007200
0.755200 0.146400 0.003200
0.808000 0.146400 0.006400
0.827200 0.146400 0.005600
0.215200 0.147200 0.008000
0.224000 0.147200 0.008800
0.591200 0.147200 0.008800
0.601600 0.147200 0.007200
0.612000 0.147200 0.007200
0.621600 0.147200 0.008800
0.816800 0.147200 0.005600
0.839200 0.147200 0.008800
0.848800 0.147200 0.008800
0.542400 0.148800 0.012800
0.508800 0.149600 0.011200
0.533600 0.149600 0.005600
0.516000 0.150400 0.005600
0.524800 0.150400 0.005600
0.477600 0.152000 0.003200
0.482400 0.152000 0.013600
0.491200 0.152000 0.011200
0.469600 0.152800 0.010400
0.672000 0.153600 0.006400
0.708000 0.153600 0.006400
0.684000 0.154400 0.007200
0.696000 0.154400 0.006400
0.734400 0.155200 0.008000
0.747200 0.156000 0.008800
0.772000 0.156000 0.005600
0.761600 0.156800 0.006400
0.795200 0.156800 0.008000
0.783200 0.157600 0.006400
0.812800 0.157600 0.007200
0.824000 0.158400 0.006400
0.229600 0.168800 0.005600
0.239200 0.168800 0.016000
0.587200 0.168800 0.007200
0.616800 0.168800 0.016800
0.263200 0.169600 0.013600
0.296000 0.169600 0.011200
0.361600 0.169600 0.015200
0.370400 0.169600 0.005600
0.380000 0.169600 0.007200
0.218400 0.170400 0.008800
0.308800 0.170400 0.016800
0.328000 0.170400 0.014400
0.392000 0.170400 0.008800
0.405600 0.170400 0.011200
0.456800 0.170400 0.016800
0.466400 0.170400 0.007200
0.500800 0.170400 0.011200
0.574400 0.170400 0.011200
0.601600 0.170400 0.011200
0.165600 0.171200 0.022400
0.280000 0.171200 0.011200
0.345600 0.171200 0.012800
0.428800 0.171200 0.012800
0.444800 0.171200 0.010400
0.515200 0.171200 0.011200
0.543200 0.171200 0.009600
0.559200 0.171200 0.008800
0.624000 0.171200 0.013600
0.656000 0.171200 0.011200
0.672800 0.171200 0.011200
0.706400 0.171200 0.011200
0.775200 0.171200 0.011200
0.180800 0.172000 0.011200
0.197600 0.172000 0.016800
0.317600 0.172000 0.005600
0.480800 0.172000 0.010400
0.640000 0.172000 0.011200
0.688800 0.172000 0.010400
0.724800 0.172000 0.011200
0.738400 0.172000 0.008800
0.748800 0.172000 0.005600
0.759200 0.172000 0.008800
0.531200 0.172800 0.008800
0.792800 0.173600 0.008800
0.818400 0.173600 0.008800
0.831200 0.173600 0.008800
0.847200 0.173600 0.012800
0.805600 0.174400 0.008800
0.869600 0.180000 0.011200
0.908000 0.180000 0.008800
0.878400 0.180800 0.008800
0.891200 0.180800 0.005600
0.898400 0.181600 0.005600
0.923200 0.181600 0.008800
0.937600 0.181600 0.008800
0.950400 0.181600 0.008800
0.965600 0.181600 0.009600
0.960800 0.183200 0.016000
0.550400 0.184000 0.005600
0.593600 0.184000 0.007200
0.560000 0.184800 0.005600
0.571200 0.184800 0.005600
0.582400 0.184800 0.007200
0.483200 0.185600 0.007200
0.492800 0.185600 0.005600
0.532000 0.185600 0.005600
0.541600 0.185600 0.005600
0.507200 0.186400 0.004800
0.516000 0.186400 0.005600
0.453600 0.187200 0.009600
0.501600 0.187200 0.005600
0.394400 0.188000 0.008800
0.422400 0.188000 0.004800
0.428800 0.188000 0.005600
0.404800 0.188800 0.008000
0.416000 0.188800 0.008800
0.439200 0.188800 0.006400
0.448800 0.188800 0.013600
0.739200 0.188800 0.005600
0.746400 0.189600 0.005600
0.752800 0.189600 0.005600
0.760800 0.189600 0.005600
0.768800 0.189600 0.007200
0.846400 0.191200 0.008000
0.346400 0.192000 0.008800
0.306400 0.192800 0.011200
0.341600 0.192800 0.011200
0.610400 0.192800 0.011200
0.291200 0.193600 0.008000
0.300800 0.193600 0.011200
0.315200 0.193600 0.006400
0.332000 0.193600 0.011200
0.038400 0.194400 0.005600
0.325600 0.194400 0.005600
0.602400 0.194400 0.005600
0.029600 0.195200 0.008800
0.048000 0.195200 0.005600
0.518400 0.195200 0.004800
0.528800 0.195200 0.005600
0.537600 0.195200 0.005600
0.547200 0.195200 0.005600
0.590400 0.195200 0.008000
0.860000 0.195200 0.010400
0.057600 0.196000 0.005600
0.066400 0.196000 0.007200
0.076800 0.196000 0.005600
0.092000 0.196000 0.006400
0.102400 0.196000 0.007200
0.112800 0.196000 0.005600
0.553600 0.196000 0.005600
0.562400 0.196000 0.005600
0.568800 0.196000 0.005600
0.577600 0.196000 0.005600
0.867200 0.196000 0.008800
0.877600 0.196000 0.007200
0.890400 0.196000 0.008000
0.084000 0.196800 0.003200
0.121600 0.196800 0.007200
0.144800 0.196800 0.009600
0.508800 0.196800 0.006400
0.132800 0.197600 0.008800
0.904000 0.197600 0.008000
0.482400 0.198400 0.007200
0.492800 0.198400 0.006400
0.915200 0.198400 0.007200
0.924000 0.198400 0.005600
0.930400 0.198400 0.011200
0.939200 0.198400 0.006400
0.948800 0.199200 0.008800
0.961600 0.200000 0.008800
0.972800 0.200800 0.008800
0.790400 0.208800 0.010400
0.812000 0.208800 0.016000
0.824000 0.208800 0.024000
0.833600 0.208800 0.005600
0.841600 0.208800 0.013600
0.027200 0.210400 0.008800
0.035200 0.210400 0.005600
0.043200 0.210400 0.005600
0.705600 0.210400 0.011200
0.724000 0.210400 0.011200
0.759200 0.210400 0.009600
0.482400 0.211200 0.020800
0.515200 0.211200 0.013600
0.588800 0.211200 0.011200
0.604800 0.211200 0.008800
0.688800 0.211200 0.009600
0.744000 0.211200 0.011200
0.775200 0.211200 0.010400
0.052000 0.212000 0.005600
0.066400 0.212000 0.003200
0.074400 0.212000 0.007200
0.087200 0.212000 0.008800
0.101600 0.212000 0.005600
0.109600 0.212000 0.005600
0.117600 0.212000 0.011200
0.130400 0.212000 0.008800
0.139200 0.212000 0.008800
0.222400 0.212000 0.011200
0.405600 0.212000 0.003200
0.414400 0.212000 0.013600
0.453600 0.212000 0.015200
0.500800 0.212000 0.008800
0.572000 0.212000 0.010400
0.615200 0.212000 0.005600
0.627200 0.212000 0.010400
0.648000 0.212000 0.013600
0.672000 0.212000 0.010400
0.060000 0.212800 0.005600
0.094400 0.212800 0.003200
0.236800 0.212800 0.011200
0.301600 0.212800 0.011200
0.380800 0.212800 0.008800
0.396000 0.212800 0.013600
0.433600 0.212800 0.013600
0.554400 0.212800 0.011200
0.860800 0.212800 0.013600
0.164000 0.213600 0.016000
0.206400 0.213600 0.011200
0.251200 0.213600 0.013600
0.268000 0.213600 0.011200
0.284000 0.213600 0.011200
0.335200 0.213600 0.010400
0.534400 0.213600 0.013600
0.869600 0.213600 0.015200
0.880000 0.213600 0.007200
0.888800 0.213600 0.011200
0.182400 0.214400 0.016800
0.195200 0.214400 0.008800
0.320800 0.214400 0.013600
0.349600 0.214400 0.011200
0.365600 0.214400 0.011200
0.901600 0.214400 0.008800
0.912800 0.215200 0.007200
0.922400 0.215200 0.008800
0.934400 0.215200 0.008800
0.945600 0.215200 0.008800
0.960000 0.215200 0.008800
0.970400 0.216000 0.008800
0.789600 0.224800 0.005600
0.799200 0.224800 0.008800
0.028000 0.225600 0.008800
0.607200 0.225600 0.006400
0.637600 0.225600 0.005600
0.645600 0.225600 0.004800
0.654400 0.225600 0.006400
0.689600 0.225600 0.009600
0.704000 0.225600 0.005600
0.711200 0.225600 0.005600
0.721600 0.225600 0.006400
0.731200 0.225600 0.005600
0.740000 0.225600 0.004800
0.748000 0.225600 0.005600
0.756000 0.225600 0.004800
0.774400 0.225600 0.005600
0.781600 0.225600 0.005600
0.036800 0.226400 0.008000
0.096800 0.226400 0.007200
0.108000 0.226400 0.008000
0.617600 0.226400 0.005600
0.624000 0.226400 0.010400
0.667200 0.226400 0.005600
0.675200 0.226400 0.005600
0.764000 0.226400 0.005600
0.048000 0.227200 0.005600
0.057600 0.227200 0.005600
0.065600 0.227200 0.005600
0.075200 0.227200 0.006400
0.084800 0.227200 0.007200
0.181600 0.237600 0.007200
0.886400 0.242400 0.008800
0.868000 0.243200 0.010400
0.875200 0.243200 0.008800
0.906400 0.244000 0.011200
0.924000 0.244000 0.011200
0.940800 0.244000 0.008800
0.932000 0.244800 0.005600
0.953600 0.244800 0.008000
0.964000 0.244800 0.007200
0.973600 0.245600 0.013600
0.672800 0.251200 0.005600
0.680800 0.251200 0.005600
0.240000 0.252000 0.019200
0.457600 0.252000 0.012800
0.586400 0.252000 0.008800
0.604800 0.252000 0.013600
0.644000 0.252000 0.008800
0.657600 0.252000 0.008800
0.690400 0.252000 0.008800
0.732000 0.252000 0.011200
0.761600 0.252000 0.011200
0.775200 0.252000 0.008800
0.164000 0.252800 0.013600
0.440000 0.252800 0.013600
0.571200 0.252800 0.011200
0.595200 0.252800 0.004800
0.629600 0.252800 0.011200
0.708000 0.252800 0.011200
0.746400 0.252800 0.005600
0.754400 0.252800 0.004000
0.799200 0.252800 0.004800
0.809600 0.252800 0.013600
0.177600 0.253600 0.005600
0.220000 0.253600 0.013600
0.235200 0.253600 0.013600
0.252000 0.253600 0.008800
0.553600 0.253600 0.011200
0.186400 0.254400 0.012800
0.264000 0.254400 0.008800
0.316000 0.254400 0.024800
0.328000 0.254400 0.016000
0.373600 0.254400 0.024800
0.418400 0.254400 0.019200
0.471200 0.254400 0.008800
0.487200 0.254400 0.011200
0.504000 0.254400 0.011200
0.519200 0.254400 0.011200
0.534400 0.254400 0.011200
0.788800 0.254400 0.013600
0.824000 0.254400 0.009600
0.851200 0.254400 0.011200
0.200800 0.255200 0.011200
0.276800 0.255200 0.008800
0.289600 0.255200 0.011200
0.305600 0.255200 0.016800
0.332000 0.255200 0.011200
0.345600 0.255200 0.005600
0.392000 0.255200 0.008800
0.837600 0.255200 0.008800
0.360000 0.256000 0.011200
0.404800 0.256000 0.008800
0.381600 0.256800 0.005600
0.865600 0.257600 0.007200
0.876000 0.257600 0.007200
0.887200 0.258400 0.008000
0.900000 0.259200 0.008800
0.908000 0.260000 0.004000
0.921600 0.260000 0.009600
0.935200 0.261600 0.007200
0.944800 0.261600 0.007200
0.956000 0.261600 0.008800
0.972800 0.263200 0.011200
0.703200 0.266400 0.005600
0.732000 0.266400 0.007200
0.711200 0.267200 0.005600
0.717600 0.267200 0.010400
0.721600 0.267200 0.007200
0.151200 0.268800 0.012000
0.680800 0.268800 0.007200
0.691200 0.268800 0.007200
0.157600 0.269600 0.008800
0.453600 0.269600 0.005600
0.656800 0.269600 0.005600
0.664800 0.269600 0.005600
0.671200 0.269600 0.005600
0.462400 0.270400 0.007200
0.482400 0.270400 0.006400
0.492000 0.270400 0.007200
0.639200 0.270400 0.006400
0.648800 0.270400 0.005600
0.818400 0.270400 0.007200
0.473600 0.271200 0.005600
0.744800 0.271200 0.008800
0.760800 0.271200 0.005600
0.808800 0.271200 0.007200
0.168000 0.272000 0.008000
0.181600 0.272000 0.008000
0.752800 0.272000 0.005600
0.768000 0.272000 0.005600
0.847200 0.272000 0.008000
0.594400 0.272800 0.011200
0.608000 0.272800 0.011200
0.776800 0.272800 0.007200
0.790400 0.272800 0.007200
0.799200 0.272800 0.006400
0.836800 0.272800 0.008800
0.863200 0.272800 0.008800
0.616800 0.273600 0.010400
0.888000 0.276000 0.010400
0.875200 0.276800 0.008800
0.903200 0.276800 0.008800
0.912800 0.277600 0.011200
0.926400 0.277600 0.008800
0.952800 0.278400 0.007200
0.146400 0.279200 0.007200
0.935200 0.279200 0.005600
0.942400 0.279200 0.011200
0.963200 0.279200 0.007200
0.112000 0.280000 0.005600
0.121600 0.280000 0.005600
0.129600 0.280000 0.004800
0.136800 0.280000 0.005600
0.038400 0.280800 0.003200
0.094400 0.280800 0.006400
0.104000 0.280800 0.005600
0.029600 0.281600 0.011200
0.044000 0.281600 0.005600
0.975200 0.281600 0.008800
0.061600 0.282400 0.005600
0.069600 0.282400 0.005600
0.078400 0.282400 0.005600
0.085600 0.282400 0.004800
0.052000 0.283200 0.005600
0.860000 0.291200 0.008800
0.416000 0.292000 0.013600
0.872800 0.292800 0.008000
0.884000 0.292800 0.007200
0.183200 0.293600 0.013600
0.376800 0.293600 0.016800
0.393600 0.293600 0.013600
0.173600 0.294400 0.016800
0.225600 0.294400 0.011200
0.240800 0.294400 0.011200
0.261600 0.294400 0.013600
0.269600 0.294400 0.005600
0.300000 0.294400 0.013600
0.319200 0.294400 0.019200
0.326400 0.294400 0.019200
0.344000 0.294400 0.019200
0.365600 0.294400 0.008800
0.160800 0.295200 0.015200
0.204000 0.295200 0.015200
0.255200 0.295200 0.013600
0.281600 0.295200 0.011200
0.352800 0.295200 0.019200
0.532800 0.295200 0.005600
0.896000 0.295200 0.008000
0.908800 0.295200 0.008000
0.920800 0.295200 0.007200
0.433600 0.296000 0.011200
0.464000 0.296000 0.009600
0.513600 0.296000 0.004800
0.520000 0.296000 0.009600
0.540000 0.296000 0.011200
0.572000 0.296000 0.011200
0.684000 0.296000 0.011200
0.953600 0.296000 0.004800
0.448800 0.296800 0.008800
0.502400 0.296800 0.011200
0.552800 0.296800 0.011200
0.587200 0.296800 0.008800
0.614400 0.296800 0.008800
0.643200 0.296800 0.005600
0.700000 0.296800 0.011200
0.716800 0.296800 0.011200
0.933600 0.296800 0.008800
0.944800 0.296800 0.007200
0.029600 0.297600 0.008800
0.130400 0.297600 0.005600
0.137600 0.297600 0.011200
0.482400 0.297600 0.011200
0.601600 0.297600 0.008800
0.634400 0.297600 0.013600
0.657600 0.297600 0.011200
0.668800 0.297600 0.008800
0.960800 0.297600 0.010400
0.971200 0.297600 0.008800
0.039200 0.298400 0.008800
0.064000 0.298400 0.007200
0.100800 0.298400 0.008800
0.109600 0.298400 0.008800
0.120800 0.298400 0.008800
0.731200 0.298400 0.008800
0.740800 0.298400 0.011200
0.053600 0.299200 0.007200
0.087200 0.299200 0.008800
0.771200 0.299200 0.008800
0.790400 0.299200 0.012000
0.808000 0.299200 0.011200
0.846400 0.299200 0.013600
0.074400 0.300000 0.008800
0.756800 0.300000 0.010400
0.828000 0.300800 0.007200
0.820000 0.301600 0.020000
0.864800 0.306400 0.007200
0.876000 0.307200 0.006400
0.885600 0.308000 0.005600
0.892800 0.308800 0.004000
0.901600 0.309600 0.006400
0.442400 0.310400 0.004800
0.451200 0.310400 0.004800
0.460000 0.311200 0.004800
0.472000 0.311200 0.007200
0.527200 0.311200 0.005600
0.534400 0.311200 0.004800
0.619200 0.311200 0.005600
0.640800 0.311200 0.005600
0.917600 0.311200 0.009600
0.484000 0.312000 0.005600
0.494400 0.312000 0.005600
0.504000 0.312000 0.005600
0.512800 0.312000 0.005600
0.520000 0.312000 0.005600
0.541600 0.312000 0.005600
0.550400 0.312000 0.005600
0.559200 0.312000 0.005600
0.570400 0.312000 0.006400
0.577600 0.312000 0.003200
0.584800 0.312000 0.005600
0.597600 0.312000 0.005600
0.608000 0.312000 0.005600
0.628800 0.312000 0.005600
0.651200 0.312000 0.006400
0.660800 0.312000 0.005600
0.668800 0.312000 0.003200
0.699200 0.312000 0.005600
0.708000 0.312000 0.005600
0.233600 0.312800 0.007200
0.682400 0.312800 0.005600
0.720000 0.312800 0.006400
0.732800 0.312800 0.005600
0.931200 0.312800 0.008800
0.938400 0.312800 0.005600
0.950400 0.312800 0.008800
0.030400 0.313600 0.008800
0.243200 0.313600 0.005600
0.251200 0.313600 0.007200
0.376000 0.313600 0.010400
0.383200 0.313600 0.005600
0.389600 0.313600 0.004000
0.673600 0.313600 0.007200
0.746400 0.313600 0.004800
0.755200 0.313600 0.004800
0.766400 0.313600 0.005600
0.775200 0.313600 0.005600
0.792000 0.313600 0.004800
0.801600 0.313600 0.005600
0.964000 0.313600 0.008800
0.100000 0.314400 0.005600
0.395200 0.314400 0.008800
0.784800 0.314400 0.005600
0.813600 0.314400 0.005600
0.832800 0.314400 0.006400
0.973600 0.314400 0.008800
0.044000 0.315200 0.008000
0.113600 0.315200 0.010400
0.121600 0.315200 0.008800
0.127200 0.315200 0.008800
0.136800 0.315200 0.008000
0.145600 0.315200 0.008800
0.823200 0.315200 0.005600
0.054400 0.316000 0.007200
0.064000 0.316000 0.007200
0.075200 0.316000 0.008000
0.087200 0.316000 0.008000
0.842400 0.316000 0.005600
0.852000 0.316800 0.005600
0.858400 0.317600 0.004800
0.868000 0.317600 0.005600
0.879200 0.319200 0.007200
0.438400 0.320000 0.005600
0.682400 0.320000 0.004800
0.894400 0.320000 0.005600
0.446400 0.320800 0.005600
0.690400 0.320800 0.007200
0.454400 0.321600 0.005600
0.460800 0.321600 0.005600
0.613600 0.321600 0.004000
0.668000 0.321600 0.004800
0.704000 0.321600 0.005600
0.904800 0.321600 0.006400
0.469600 0.322400 0.005600
0.547200 0.322400 0.005600
0.561600 0.322400 0.005600
0.570400 0.322400 0.005600
0.580000 0.322400 0.005600
0.588800 0.322400 0.005600
0.593600 0.322400 0.007200
0.606400 0.322400 0.005600
0.619200 0.322400 0.008000
0.639200 0.322400 0.006400
0.658400 0.322400 0.005600
0.716800 0.322400 0.007200
0.476800 0.323200 0.004800
0.488000 0.323200 0.007200
0.500000 0.323200 0.006400
0.510400 0.323200 0.005600
0.520800 0.323200 0.005600
0.529600 0.323200 0.005600
0.540000 0.323200 0.005600
0.628800 0.323200 0.007200
0.648800 0.323200 0.005600
0.726400 0.323200 0.007200
0.732000 0.323200 0.005600
0.740800 0.323200 0.005600
0.752000 0.323200 0.007200
0.764000 0.324800 0.007200
0.776000 0.325600 0.007200
0.787200 0.325600 0.005600
0.796000 0.325600 0.005600
0.804800 0.325600 0.005600
0.814400 0.326400 0.005600
0.928800 0.326400 0.006400
0.823200 0.327200 0.005600
0.939200 0.327200 0.007200
0.832800 0.328000 0.005600
0.840800 0.328000 0.005600
0.849600 0.328000 0.005600
0.855200 0.328000 0.005600
0.950400 0.328000 0.008800
0.868800 0.328800 0.005600
0.029600 0.330400 0.009600
0.876800 0.330400 0.005600
0.882400 0.331200 0.008000
0.042400 0.332000 0.008000
0.065600 0.332000 0.005600
0.893600 0.332000 0.005600
0.058400 0.332800 0.004800
0.074400 0.332800 0.005600
0.082400 0.332800 0.007200
0.092800 0.332800 0.005600
0.101600 0.332800 0.005600
0.108800 0.332800 0.012800
0.900800 0.332800 0.004800
0.908000 0.332800 0.004800
0.916000 0.332800 0.005600
0.924000 0.332800 0.004800
0.051200 0.333600 0.005600
0.118400 0.333600 0.007200
0.127200 0.333600 0.005600
0.136000 0.333600 0.005600
0.316800 0.333600 0.013600
0.363200 0.333600 0.011200
0.144000 0.334400 0.012800
0.159200 0.334400 0.012800
0.256000 0.334400 0.013600
0.334400 0.334400 0.024800
0.346400 0.334400 0.008800
0.439200 0.334400 0.005600
0.449600 0.334400 0.007200
0.180800 0.335200 0.012800
0.216000 0.335200 0.011200
0.236000 0.335200 0.014400
0.297600 0.335200 0.027200
0.307200 0.335200 0.004800
0.326400 0.335200 0.004800
0.399200 0.335200 0.005600
0.429600 0.335200 0.005600
0.200000 0.336000 0.011200
0.282400 0.336000 0.022400
0.377600 0.336000 0.008800
0.389600 0.336000 0.007200
0.409600 0.336000 0.008800
0.423200 0.336000 0.005600
0.458400 0.336000 0.003200
0.464000 0.336800 0.008800
0.474400 0.337600 0.008800
0.483200 0.338400 0.005600
0.491200 0.338400 0.012000
0.567200 0.338400 0.012000
0.572800 0.338400 0.011200
0.518400 0.339200 0.013600
0.586400 0.339200 0.011200
0.616000 0.339200 0.003200
0.506400 0.340000 0.008800
0.534400 0.340000 0.005600
0.542400 0.340000 0.005600
0.611200 0.340000 0.003200
0.620800 0.340000 0.008000
0.527200 0.340800 0.013600
0.554400 0.340800 0.011200
0.604000 0.340800 0.011200
0.634400 0.340800 0.011200
0.702400 0.340800 0.013600
0.710400 0.340800 0.015200
0.858400 0.340800 0.005600
0.867200 0.340800 0.005600
0.659200 0.341600 0.011200
0.674400 0.341600 0.011200
0.726400 0.341600 0.011200
0.688000 0.342400 0.011200
0.742400 0.342400 0.009600
0.876800 0.342400 0.005600
0.759200 0.343200 0.011200
0.811200 0.343200 0.005600
0.825600 0.343200 0.011200
0.885600 0.343200 0.006400
0.898400 0.343200 0.005600
0.800800 0.344000 0.013600
0.907200 0.344000 0.005600
0.782400 0.344800 0.011200
0.844800 0.344800 0.011200
0.920800 0.344800 0.008000
0.932800 0.345600 0.007200
0.942400 0.346400 0.008800
0.953600 0.346400 0.008000
0.963200 0.346400 0.005600
0.972000 0.347200 0.013600
0.860800 0.352000 0.007200
0.871200 0.353600 0.005600
0.880000 0.354400 0.005600
0.889600 0.354400 0.005600
0.736800 0.355200 0.007200
0.898400 0.355200 0.005600
0.747200 0.356000 0.006400
0.909600 0.356800 0.007200
0.922400 0.356800 0.007200
0.759200 0.357600 0.005600
0.770400 0.357600 0.006400
0.757600 0.365600 0.004000
0.765600 0.365600 0.005600
0.751200 0.366400 0.005600
0.505600 0.367200 0.007200
0.705600 0.377600 0.005600
0.554400 0.378400 0.006400
0.563200 0.378400 0.005600
0.571200 0.378400 0.004800
0.580000 0.378400 0.011200
0.596000 0.378400 0.011200
0.714400 0.378400 0.005600
0.184000 0.379200 0.011200
0.260000 0.379200 0.016800
0.277600 0.379200 0.004800
0.319200 0.379200 0.011200
0.332800 0.379200 0.005600
0.632000 0.379200 0.011200
0.724000 0.379200 0.013600
0.844000 0.379200 0.016000
0.164000 0.380000 0.013600
0.230400 0.380000 0.013600
0.270400 0.380000 0.005600
0.285600 0.380000 0.012800
0.303200 0.380000 0.011200
0.343200 0.380000 0.008800
0.354400 0.380000 0.016800
0.366400 0.380000 0.004800
0.376800 0.380000 0.008800
0.544000 0.380000 0.008800
0.650400 0.380000 0.011200
0.668800 0.380000 0.011200
0.685600 0.380000 0.008800
0.697600 0.380000 0.013600
0.742400 0.380000 0.011200
0.816800 0.380000 0.013600
0.836000 0.380000 0.013600
0.200000 0.380800 0.011200
0.215200 0.380800 0.011200
0.389600 0.380800 0.008800
0.400000 0.380800 0.005600
0.408800 0.380800 0.008800
0.421600 0.380800 0.016800
0.478400 0.380800 0.011200
0.498400 0.380800 0.010400
0.512000 0.380800 0.011200
0.614400 0.380800 0.011200
0.769600 0.380800 0.012800
0.776000 0.380800 0.011200
0.790400 0.380800 0.012800
0.530400 0.381600 0.008800
0.464000 0.382400 0.009600
0.446400 0.383200 0.011200
0.564000 0.394400 0.005600
0.587200 0.394400 0.005600
0.643200 0.394400 0.004800
0.571200 0.395200 0.005600
0.579200 0.395200 0.005600
0.595200 0.395200 0.005600
0.599200 0.395200 0.008000
0.609600 0.395200 0.005600
0.628800 0.395200 0.005600
0.636800 0.395200 0.004800
0.650400 0.395200 0.005600
0.657600 0.395200 0.003200
0.546400 0.396000 0.005600
0.556000 0.396000 0.005600
0.618400 0.396000 0.005600
0.664000 0.396000 0.005600
0.681600 0.396000 0.006400
0.693600 0.396000 0.007200
0.705600 0.396000 0.008000
0.717600 0.396000 0.008000
0.727200 0.396000 0.006400
0.738400 0.396000 0.008000
0.404800 0.396800 0.004800
0.412000 0.396800 0.006400
0.420800 0.396800 0.005600
0.428800 0.396800 0.004800
0.436000 0.396800 0.005600
0.444800 0.396800 0.005600
0.457600 0.396800 0.003200
0.463200 0.396800 0.008000
0.491200 0.396800 0.008000
0.502400 0.396800 0.005600
0.511200 0.396800 0.005600
0.518400 0.396800 0.005600
0.528000 0.396800 0.005600
0.672800 0.396800 0.005600
0.744000 0.396800 0.003200
0.785600 0.396800 0.007200
0.828800 0.396800 0.007200
0.848800 0.396800 0.005600
0.856000 0.396800 0.003200
0.880800 0.396800 0.003200
0.885600 0.396800 0.011200
0.385600 0.397600 0.005600
0.393600 0.397600 0.005600
0.451200 0.397600 0.004800
0.476800 0.397600 0.007200
0.536800 0.397600 0.005600
0.776000 0.397600 0.005600
0.797600 0.397600 0.007200
0.862400 0.397600 0.004800
0.950400 0.397600 0.013600
0.957600 0.397600 0.005600
0.966400 0.397600 0.013600
0.367200 0.398400 0.007200
0.377600 0.398400 0.005600
0.752800 0.398400 0.010400
0.757600 0.398400 0.007200
0.766400 0.398400 0.005600
0.807200 0.398400 0.005600
0.816000 0.398400 0.008000
0.840000 0.398400 0.005600
0.871200 0.398400 0.008800
0.898400 0.398400 0.008800
0.909600 0.398400 0.016800
0.931200 0.398400 0.008800
0.334400 0.399200 0.008000
0.918400 0.399200 0.008800
0.940800 0.399200 0.013600
0.282400 0.400000 0.005600
0.324800 0.400000 0.005600
0.348000 0.400000 0.008800
0.275200 0.400800 0.003200
0.291200 0.400800 0.005600
0.304800 0.400800 0.008000
0.316000 0.400800 0.005600
0.157600 0.401600 0.005600
0.165600 0.401600 0.005600
0.208800 0.401600 0.005600
0.247200 0.401600 0.007200
0.257600 0.401600 0.005600
0.267200 0.401600 0.006400
0.029600 0.402400 0.011200
0.036800 0.402400 0.005600
0.055200 0.402400 0.005600
0.063200 0.402400 0.011200
0.076000 0.402400 0.011200
0.081600 0.402400 0.003200
0.089600 0.402400 0.003200
0.149600 0.402400 0.005600
0.172000 0.402400 0.009600
0.182400 0.402400 0.008000
0.191200 0.402400 0.005600
0.201600 0.402400 0.005600
0.217600 0.402400 0.007200
0.228000 0.402400 0.005600
0.236800 0.402400 0.005600
0.045600 0.403200 0.007200
0.070400 0.403200 0.010400
0.099200 0.403200 0.007200
0.119200 0.403200 0.007200
0.132800 0.403200 0.005600
0.140800 0.403200 0.005600
0.109600 0.404000 0.007200
0.594400 0.408000 0.003200
0.600000 0.408000 0.008000
0.622400 0.408000 0.008800
0.548000 0.408800 0.007200
0.569600 0.408800 0.005600
0.578400 0.408800 0.005600
0.587200 0.408800 0.005600
0.608800 0.408800 0.007200
0.488000 0.409600 0.011200
0.536000 0.409600 0.008000
0.560000 0.409600 0.007200
0.635200 0.409600 0.005600
0.644000 0.409600 0.005600
0.653600 0.409600 0.007200
0.714400 0.409600 0.007200
0.725600 0.409600 0.007200
0.737600 0.409600 0.008000
0.404800 0.410400 0.007200
0.413600 0.410400 0.005600
0.424800 0.410400 0.008800
0.431200 0.410400 0.005600
0.439200 0.410400 0.005600
0.448000 0.410400 0.005600
0.456000 0.410400 0.005600
0.464800 0.410400 0.005600
0.480000 0.410400 0.007200
0.524000 0.410400 0.006400
0.667200 0.410400 0.008800
0.747200 0.410400 0.003200
0.756000 0.410400 0.006400
0.768000 0.410400 0.008000
0.396000 0.411200 0.004800
0.493600 0.411200 0.008800
0.503200 0.411200 0.007200
0.690400 0.411200 0.008000
0.703200 0.411200 0.008000
0.781600 0.411200 0.007200
0.360000 0.412000 0.005600
0.371200 0.412000 0.007200
0.380800 0.412000 0.007200
0.390400 0.412000 0.008800
0.472000 0.412000 0.005600
0.514400 0.412000 0.007200
0.681600 0.412000 0.006400
0.330400 0.412800 0.007200
0.282400 0.413600 0.007200
0.292000 0.413600 0.005600
0.300800 0.413600 0.005600
0.319200 0.413600 0.007200
0.340000 0.413600 0.005600
0.348800 0.413600 0.007200
0.252800 0.414400 0.008800
0.265600 0.414400 0.005600
0.272800 0.414400 0.008800
0.308800 0.414400 0.005600
0.202400 0.415200 0.008800
0.232800 0.415200 0.005600
0.240000 0.415200 0.009600
0.245600 0.415200 0.005600
0.164800 0.416000 0.007200
0.174400 0.416000 0.008000
0.195200 0.416000 0.005600
0.215200 0.416000 0.006400
0.224000 0.416000 0.005600
0.128800 0.416800 0.011200
0.144000 0.416800 0.005600
0.152000 0.416800 0.007200
0.186400 0.416800 0.005600
0.083200 0.417600 0.005600
0.089600 0.417600 0.010400
0.110400 0.417600 0.008800
0.120800 0.417600 0.007200
0.028000 0.418400 0.010400
0.033600 0.418400 0.008800
0.053600 0.418400 0.005600
0.060800 0.418400 0.005600
0.068800 0.418400 0.005600
0.093600 0.418400 0.007200
0.044800 0.419200 0.006400
0.103200 0.419200 0.011200
0.874400 0.420000 0.008800
0.882400 0.420000 0.013600
0.922400 0.420000 0.008800
0.934400 0.420000 0.014400
0.944000 0.420000 0.005600
0.841600 0.420800 0.008800
0.853600 0.420800 0.007200
0.862400 0.420800 0.005600
0.916800 0.420800 0.003200
0.952800 0.420800 0.005600
0.961600 0.420800 0.005600
0.970400 0.420800 0.014400
0.888800 0.421600 0.008800
0.810400 0.422400 0.008000
0.832800 0.422400 0.008800
0.899200 0.422400 0.008000
0.599200 0.423200 0.007200
0.652800 0.423200 0.005600
0.660800 0.423200 0.005600
0.673600 0.423200 0.008000
0.750400 0.423200 0.008800
0.798400 0.423200 0.008800
0.821600 0.423200 0.007200
0.909600 0.423200 0.011200
0.608000 0.424000 0.008800
0.612800 0.424000 0.008800
0.620800 0.424000 0.008800
0.634400 0.424000 0.007200
0.644800 0.424000 0.005600
0.683200 0.424000 0.007200
0.708800 0.424000 0.006400
0.742400 0.424000 0.007200
0.760800 0.424000 0.008800
0.772000 0.424000 0.008800
0.784000 0.424000 0.008800
0.549600 0.424800 0.003200
0.556000 0.424800 0.005600
0.564800 0.424800 0.007200
0.575200 0.424800 0.008800
0.583200 0.424800 0.005600
0.590400 0.424800 0.011200
0.698400 0.424800 0.008000
0.719200 0.424800 0.005600
0.728000 0.424800 0.008000
0.768000 0.424800 0.011200
0.496000 0.425600 0.003200
0.530400 0.425600 0.005600
0.536000 0.425600 0.010400
0.544000 0.425600 0.008800
0.436000 0.426400 0.008800
0.448000 0.426400 0.007200
0.458400 0.426400 0.008800
0.490400 0.426400 0.008800
0.501600 0.426400 0.008000
0.517600 0.426400 0.011200
0.523200 0.426400 0.003200
0.419200 0.427200 0.005600
0.427200 0.427200 0.005600
0.470400 0.427200 0.011200
0.478400 0.427200 0.008800
0.510400 0.427200 0.005600
0.299200 0.428800 0.008000
0.384800 0.428800 0.007200
0.395200 0.428800 0.008800
0.408000 0.428800 0.008800
0.262400 0.429600 0.007200
0.272000 0.429600 0.007200
0.280000 0.429600 0.006400
0.289600 0.429600 0.007200
0.310400 0.429600 0.008000
0.320000 0.429600 0.007200
0.333600 0.429600 0.008000
0.343200 0.429600 0.008000
0.354400 0.429600 0.008800
0.363200 0.429600 0.013600
0.376000 0.429600 0.008800
0.244800 0.430400 0.005600
0.253600 0.430400 0.005600
0.172800 0.431200 0.005600
0.199200 0.431200 0.007200
0.208800 0.431200 0.005600
0.215200 0.431200 0.003200
0.224000 0.431200 0.007200
0.232000 0.431200 0.008800
0.161600 0.432000 0.007200
0.180800 0.432000 0.007200
0.189600 0.432000 0.008800
0.087200 0.432800 0.005600
0.093600 0.432800 0.010400
0.102400 0.432800 0.007200
0.133600 0.432800 0.005600
0.143200 0.432800 0.007200
0.153600 0.432800 0.005600
0.041600 0.433600 0.008000
0.052000 0.433600 0.008800
0.062400 0.433600 0.008800
0.079200 0.433600 0.005600
0.112800 0.433600 0.006400
0.122400 0.433600 0.008000
0.028800 0.434400 0.010400
0.073600 0.434400 0.009600
0.038400 0.451200 0.011200
0.044000 0.451200 0.003200
0.052000 0.452000 0.005600
0.064000 0.452000 0.008800
0.085600 0.452000 0.005600
0.093600 0.452000 0.012800
0.029600 0.452800 0.012000
0.072800 0.452800 0.011200
0.078400 0.452800 0.012000
