0.541600 0.032800 0.011200
0.547200 0.032800 0.008800
0.579200 0.032800 0.005600
0.484800 0.033600 0.005600
0.492800 0.033600 0.008000
0.503200 0.033600 0.005600
0.525600 0.033600 0.005600
0.534400 0.033600 0.005600
0.557600 0.033600 0.005600
0.565600 0.033600 0.005600
0.572800 0.033600 0.004800
0.587200 0.033600 0.005600
0.465600 0.034400 0.005600
0.475200 0.034400 0.005600
0.510400 0.034400 0.005600
0.516800 0.034400 0.005600
0.456800 0.035200 0.007200
0.598400 0.035200 0.007200
0.608800 0.035200 0.005600
0.619200 0.036000 0.007200
0.640800 0.036000 0.005600
0.630400 0.036800 0.007200
0.651200 0.037600 0.008800
0.664800 0.038400 0.008800
0.456800 0.046400 0.008000
0.474400 0.046400 0.005600
0.466400 0.047200 0.005600
0.482400 0.047200 0.008800
0.525600 0.047200 0.006400
0.557600 0.047200 0.007200
0.496000 0.048000 0.007200
0.504800 0.048000 0.005600
0.512800 0.048000 0.008800
0.535200 0.048000 0.007200
0.546400 0.048000 0.007200
0.582400 0.048000 0.005600
0.568800 0.048800 0.010400
0.574400 0.049600 0.011200
0.589600 0.049600 0.005600
0.600000 0.049600 0.008000
0.609600 0.049600 0.008800
0.618400 0.049600 0.005600
0.628000 0.050400 0.008800
0.643200 0.050400 0.008000
0.654400 0.051200 0.007200
0.666400 0.052800 0.008800
0.867200 0.056800 0.021600
0.880800 0.057600 0.020800
0.225600 0.059200 0.018400
0.215200 0.060800 0.008800
0.200800 0.061600 0.008800
0.190400 0.063200 0.008800
0.156800 0.064000 0.016800
0.175200 0.064000 0.011200
0.832800 0.080000 0.012800
0.838400 0.081600 0.003200
0.849600 0.082400 0.013600
0.859200 0.083200 0.005600
0.894400 0.083200 0.012800
0.661600 0.084000 0.007200
0.868800 0.084000 0.007200
0.878400 0.084000 0.005600
0.886400 0.084000 0.005600
0.631200 0.084800 0.008000
0.640800 0.084800 0.007200
0.672000 0.084800 0.005600
0.651200 0.085600 0.005600
0.269600 0.086400 0.008800
0.680000 0.086400 0.005600
0.688800 0.086400 0.005600
0.696800 0.086400 0.012000
0.280800 0.087200 0.007200
0.291200 0.088000 0.007200
0.312000 0.088000 0.008800
0.576800 0.088000 0.007200
0.302400 0.088800 0.005600
0.346400 0.088800 0.008800
0.133600 0.096800 0.008800
0.576800 0.102400 0.013600
0.606400 0.103200 0.011200
0.592800 0.104000 0.005600
0.619200 0.104000 0.008800
0.652800 0.104000 0.011200
0.734400 0.104000 0.008800
0.665600 0.104800 0.013600
0.695200 0.104800 0.013600
0.707200 0.104800 0.008800
0.720800 0.104800 0.008800
0.864800 0.104800 0.012800
0.564800 0.105600 0.016800
0.634400 0.105600 0.011200
0.682400 0.105600 0.013600
0.688800 0.105600 0.012000
0.748800 0.105600 0.009600
0.764800 0.105600 0.011200
0.804000 0.105600 0.008800
0.344800 0.106400 0.011200
0.557600 0.106400 0.016800
0.776800 0.106400 0.008800
0.789600 0.106400 0.008800
0.823200 0.106400 0.005600
0.832800 0.106400 0.015200
0.848800 0.106400 0.011200
0.172800 0.107200 0.011200
0.189600 0.107200 0.025600
0.211200 0.107200 0.016800
0.218400 0.107200 0.016800
0.303200 0.107200 0.005600
0.313600 0.107200 0.013600
0.329600 0.107200 0.008800
0.401600 0.107200 0.011200
0.456800 0.107200 0.013600
0.473600 0.107200 0.016800
0.511200 0.107200 0.011200
0.526400 0.107200 0.016000
0.545600 0.107200 0.007200
0.814400 0.107200 0.005600
0.139200 0.108000 0.016800
0.157600 0.108000 0.008800
0.264800 0.108000 0.008000
0.277600 0.108000 0.008800
0.289600 0.108000 0.016800
0.360000 0.108000 0.008800
0.373600 0.108000 0.008800
0.388000 0.108000 0.008800
0.417600 0.108000 0.013600
0.428000 0.108000 0.004800
0.437600 0.108000 0.013600
0.483200 0.108000 0.005600
0.495200 0.108000 0.011200
0.236000 0.108800 0.005600
0.244800 0.108800 0.005600
0.251200 0.108800 0.011200
0.536800 0.108800 0.005600
0.202400 0.109600 0.023200
0.229600 0.110400 0.005600
0.516000 0.126400 0.008800
0.416000 0.127200 0.003200
0.441600 0.127200 0.005600
0.451200 0.127200 0.008800
0.494400 0.127200 0.008000
0.505600 0.127200 0.008000
0.372800 0.128000 0.008000
0.382400 0.128000 0.005600
0.400000 0.128000 0.005600
0.408800 0.128000 0.005600
0.422400 0.128000 0.005600
0.431200 0.128000 0.007200
0.391200 0.128800 0.005600
0.853600 0.128800 0.008000
0.874400 0.128800 0.013600
0.684800 0.129600 0.013600
0.866400 0.129600 0.005600
0.694400 0.130400 0.005600
0.722400 0.130400 0.008800
0.896800 0.130400 0.011200
0.704000 0.131200 0.013600
0.711200 0.131200 0.012800
0.733600 0.131200 0.008000
0.744800 0.131200 0.008800
0.884000 0.131200 0.023200
0.891200 0.131200 0.014400
0.226400 0.147200 0.013600
0.281600 0.147200 0.013600
0.551200 0.147200 0.005600
0.567200 0.147200 0.005600
0.171200 0.148000 0.012800
0.244000 0.148000 0.016000
0.264800 0.148000 0.005600
0.272000 0.148000 0.004800
0.355200 0.148000 0.013600
0.378400 0.148000 0.012800
0.399200 0.148000 0.013600
0.471200 0.148000 0.011200
0.491200 0.148000 0.013600
0.502400 0.148000 0.016800
0.511200 0.148000 0.013600
0.539200 0.148000 0.011200
0.558400 0.148000 0.005600
0.140000 0.148800 0.013600
0.203200 0.148800 0.013600
0.207200 0.148800 0.013600
0.254400 0.148800 0.008800
0.299200 0.148800 0.008800
0.324800 0.148800 0.010400
0.339200 0.148800 0.008800
0.439200 0.148800 0.013600
0.448800 0.148800 0.005600
0.457600 0.148800 0.013600
0.524800 0.148800 0.008800
0.576800 0.148800 0.013600
0.594400 0.148800 0.008800
0.637600 0.148800 0.016800
0.796800 0.148800 0.024800
0.809600 0.148800 0.011200
0.825600 0.148800 0.008800
0.154400 0.149600 0.008800
0.187200 0.149600 0.011200
0.310400 0.149600 0.008800
0.429600 0.149600 0.008800
0.582400 0.149600 0.011200
0.608000 0.149600 0.008800
0.624800 0.149600 0.011200
0.648000 0.149600 0.007200
0.777600 0.149600 0.008800
0.790400 0.149600 0.022400
0.841600 0.149600 0.013600
0.364000 0.150400 0.005600
0.419200 0.150400 0.008800
0.617600 0.150400 0.004800
0.658400 0.150400 0.007200
0.668000 0.150400 0.015200
0.676000 0.150400 0.004800
0.687200 0.150400 0.011200
0.719200 0.150400 0.011200
0.835200 0.150400 0.005600
0.848000 0.150400 0.003200
0.868800 0.150400 0.013600
0.703200 0.151200 0.009600
0.752000 0.151200 0.008800
0.764800 0.151200 0.008800
0.856000 0.151200 0.017600
0.737600 0.152000 0.011200
0.336000 0.165600 0.007200
0.428000 0.165600 0.007200
0.438400 0.165600 0.007200
0.446400 0.165600 0.011200
0.263200 0.166400 0.005600
0.272800 0.166400 0.005600
0.289600 0.166400 0.005600
0.310400 0.166400 0.008000
0.323200 0.166400 0.008800
0.345600 0.166400 0.005600
0.386400 0.166400 0.008800
0.400000 0.166400 0.008000
0.461600 0.166400 0.005600
0.469600 0.166400 0.005600
0.476000 0.166400 0.003200
0.481600 0.166400 0.008800
0.576800 0.166400 0.009600
0.215200 0.167200 0.008000
0.234400 0.167200 0.005600
0.244000 0.167200 0.006400
0.253600 0.167200 0.005600
0.280800 0.167200 0.005600
0.300000 0.167200 0.007200
0.354400 0.167200 0.005600
0.367200 0.167200 0.008800
0.377600 0.167200 0.005600
0.409600 0.167200 0.005600
0.418400 0.167200 0.005600
0.591200 0.167200 0.005600
0.601600 0.167200 0.007200
0.225600 0.168000 0.007200
0.612000 0.168000 0.007200
0.622400 0.168000 0.008800
0.164800 0.168800 0.003200
0.171200 0.168800 0.005600
0.184800 0.168800 0.011200
0.160000 0.169600 0.008000
0.178400 0.169600 0.005600
0.193600 0.169600 0.011200
0.706400 0.169600 0.011200
0.723200 0.169600 0.007200
0.736800 0.169600 0.008000
0.748000 0.169600 0.007200
0.760000 0.169600 0.008000
0.126400 0.170400 0.003200
0.130400 0.170400 0.008800
0.139200 0.170400 0.006400
0.149600 0.170400 0.008000
0.155200 0.170400 0.003200
0.714400 0.170400 0.005600
0.110400 0.171200 0.013600
0.852800 0.171200 0.008800
0.120000 0.172000 0.008800
0.861600 0.172800 0.011200
0.380800 0.187200 0.011200
0.524000 0.187200 0.011200
0.314400 0.188000 0.008800
0.346400 0.188000 0.013600
0.356000 0.188000 0.005600
0.365600 0.188000 0.008800
0.401600 0.188000 0.016800
0.412800 0.188000 0.008800
0.206400 0.188800 0.011200
0.223200 0.188800 0.013600
0.300800 0.188800 0.011200
0.323200 0.188800 0.005600
0.330400 0.188800 0.004800
0.337600 0.188800 0.005600
0.396000 0.188800 0.013600
0.424000 0.188800 0.005600
0.432000 0.188800 0.005600
0.441600 0.188800 0.008800
0.452800 0.188800 0.005600
0.463200 0.188800 0.008800
0.544000 0.188800 0.005600
0.554400 0.188800 0.016000
0.573600 0.188800 0.012800
0.606400 0.188800 0.011200
0.668800 0.188800 0.013600
0.176800 0.189600 0.013600
0.197600 0.189600 0.016000
0.232800 0.189600 0.005600
0.248000 0.189600 0.013600
0.264000 0.189600 0.012800
0.284000 0.189600 0.013600
0.293600 0.189600 0.003200
0.476000 0.189600 0.008800
0.508800 0.189600 0.011200
0.536000 0.189600 0.005600
0.590400 0.189600 0.011200
0.623200 0.189600 0.012800
0.639200 0.189600 0.011200
0.144000 0.190400 0.015200
0.162400 0.190400 0.011200
0.492000 0.190400 0.011200
0.652800 0.190400 0.024800
0.687200 0.190400 0.011200
0.730400 0.190400 0.016800
0.756800 0.190400 0.008800
0.701600 0.191200 0.011200
0.719200 0.191200 0.013600
0.738400 0.191200 0.012800
0.769600 0.191200 0.008800
0.799200 0.191200 0.013600
0.813600 0.191200 0.009600
0.828800 0.191200 0.011200
0.846400 0.191200 0.011200
0.860000 0.191200 0.013600
0.781600 0.192000 0.016800
0.789600 0.192000 0.005600
0.179200 0.211200 0.008000
0.166400 0.212000 0.008000
0.743200 0.212000 0.012000
0.760800 0.212000 0.008800
0.153600 0.212800 0.007200
0.751200 0.212800 0.005600
0.143200 0.213600 0.007200
0.772800 0.213600 0.008800
0.780800 0.214400 0.005600
0.788800 0.214400 0.005600
0.798400 0.214400 0.005600
0.808800 0.214400 0.007200
0.819200 0.214400 0.007200
0.830400 0.214400 0.008800
0.614400 0.215200 0.008800
0.203200 0.228800 0.013600
0.219200 0.229600 0.011200
0.251200 0.229600 0.005600
0.232000 0.230400 0.008800
0.244000 0.230400 0.005600
0.262400 0.230400 0.015200
0.279200 0.230400 0.005600
0.395200 0.230400 0.005600
0.616800 0.230400 0.011200
0.632800 0.230400 0.013600
0.148000 0.231200 0.012800
0.165600 0.231200 0.011200
0.184800 0.231200 0.011200
0.269600 0.231200 0.014400
0.288800 0.231200 0.008800
0.318400 0.231200 0.005600
0.325600 0.231200 0.012800
0.361600 0.231200 0.013600
0.370400 0.231200 0.005600
0.531200 0.231200 0.011200
0.545600 0.231200 0.011200
0.599200 0.231200 0.011200
0.713600 0.231200 0.019200
0.403200 0.232000 0.012800
0.428000 0.232000 0.005600
0.444800 0.232000 0.012800
0.459200 0.232000 0.011200
0.477600 0.232000 0.011200
0.496800 0.232000 0.011200
0.514400 0.232000 0.011200
0.586400 0.232000 0.004800
0.648800 0.232000 0.008800
0.856000 0.232000 0.019200
0.303200 0.232800 0.011200
0.342400 0.232800 0.011200
0.383200 0.232800 0.009600
0.411200 0.232800 0.003200
0.436800 0.232800 0.005600
0.448800 0.232800 0.008800
0.558400 0.232800 0.020800
0.573600 0.232800 0.011200
0.579200 0.232800 0.005600
0.674400 0.232800 0.008800
0.688800 0.232800 0.008800
0.702400 0.232800 0.008800
0.732000 0.232800 0.011200
0.845600 0.232800 0.008800
0.861600 0.232800 0.011200
0.419200 0.233600 0.007200
0.660800 0.233600 0.008000
0.748800 0.233600 0.011200
0.774400 0.233600 0.008800
0.784000 0.233600 0.005600
0.832000 0.233600 0.015200
0.761600 0.234400 0.008800
0.812000 0.234400 0.008000
0.822400 0.234400 0.005600
0.798400 0.235200 0.011200
0.642400 0.246400 0.006400
0.651200 0.247200 0.005600
0.181600 0.248000 0.007200
0.450400 0.248000 0.008000
0.659200 0.248000 0.004800
0.665600 0.248000 0.005600
0.675200 0.248000 0.006400
0.135200 0.248800 0.008800
0.169600 0.248800 0.008000
0.353600 0.248800 0.008000
0.366400 0.248800 0.007200
0.387200 0.248800 0.005600
0.407200 0.248800 0.007200
0.461600 0.248800 0.007200
0.471200 0.248800 0.005600
0.685600 0.248800 0.005600
0.144800 0.249600 0.005600
0.151200 0.249600 0.005600
0.158400 0.249600 0.005600
0.338400 0.249600 0.011200
0.377600 0.249600 0.006400
0.396000 0.249600 0.005600
0.418400 0.249600 0.008000
0.484800 0.249600 0.008800
0.696000 0.249600 0.007200
0.304000 0.250400 0.005600
0.312800 0.250400 0.006400
0.322400 0.250400 0.005600
0.331200 0.250400 0.005600
0.493600 0.250400 0.005600
0.523200 0.250400 0.011200
0.504000 0.251200 0.006400
0.514400 0.251200 0.005600
0.652000 0.256800 0.005600
0.238400 0.260000 0.010400
0.588000 0.268000 0.011200
0.077600 0.269600 0.011200
0.102400 0.269600 0.009600
0.116800 0.269600 0.008000
0.194400 0.269600 0.011200
0.260000 0.269600 0.016000
0.455200 0.269600 0.013600
0.602400 0.269600 0.005600
0.068800 0.270400 0.008800
0.084000 0.270400 0.005600
0.092000 0.270400 0.007200
0.128000 0.270400 0.008800
0.156000 0.270400 0.013600
0.306400 0.270400 0.013600
0.344800 0.270400 0.013600
0.399200 0.270400 0.011200
0.413600 0.270400 0.008800
0.433600 0.270400 0.016800
0.472000 0.270400 0.013600
0.480800 0.270400 0.005600
0.496000 0.270400 0.012800
0.509600 0.270400 0.013600
0.527200 0.270400 0.016800
0.538400 0.270400 0.016800
0.574400 0.270400 0.008800
0.055200 0.271200 0.008000
0.143200 0.271200 0.011200
0.221600 0.271200 0.022400
0.234400 0.271200 0.011200
0.299200 0.271200 0.005600
0.327200 0.271200 0.008800
0.337600 0.271200 0.016000
0.354400 0.271200 0.004800
0.366400 0.271200 0.010400
0.382400 0.271200 0.011200
0.424800 0.271200 0.005600
0.559200 0.271200 0.013600
0.611200 0.271200 0.007200
0.623200 0.271200 0.011200
0.637600 0.271200 0.019200
0.032000 0.272000 0.008800
0.043200 0.272000 0.008000
0.172800 0.272000 0.015200
0.208000 0.272000 0.011200
0.280000 0.272000 0.014400
0.289600 0.272000 0.008800
0.517600 0.272000 0.015200
0.649600 0.272000 0.008800
0.660000 0.272000 0.016800
0.730400 0.272000 0.012800
0.853600 0.272000 0.029600
0.181600 0.272800 0.020000
0.248000 0.272800 0.008800
0.669600 0.272800 0.008800
0.681600 0.272800 0.011200
0.713600 0.272800 0.011200
0.746400 0.272800 0.013600
0.756000 0.272800 0.005600
0.764800 0.272800 0.013600
0.847200 0.272800 0.012800
0.268800 0.273600 0.007200
0.697600 0.273600 0.011200
0.779200 0.273600 0.011200
0.807200 0.273600 0.008800
0.817600 0.273600 0.007200
0.840000 0.273600 0.004800
0.865600 0.273600 0.016800
0.794400 0.275200 0.008800
0.830400 0.275200 0.008800
0.089600 0.284000 0.010400
0.096000 0.284800 0.005600
0.104000 0.284800 0.008800
0.116000 0.284800 0.008800
0.264000 0.288000 0.005600
0.293600 0.288000 0.007200
0.256000 0.288800 0.005600
0.270400 0.288800 0.003200
0.284000 0.288800 0.005600
0.276800 0.289600 0.005600
0.756800 0.290400 0.008800
0.766400 0.290400 0.006400
0.775200 0.291200 0.005600
0.784800 0.292000 0.007200
0.864800 0.292800 0.011200
0.810400 0.304800 0.013600
0.522400 0.305600 0.019200
0.863200 0.305600 0.022400
0.547200 0.306400 0.011200
0.723200 0.306400 0.011200
0.828800 0.306400 0.008800
0.436800 0.307200 0.016800
0.492800 0.307200 0.011200
0.500800 0.307200 0.003200
0.532800 0.307200 0.008800
0.564000 0.307200 0.011200
0.579200 0.307200 0.013600
0.598400 0.307200 0.013600
0.743200 0.307200 0.012000
0.762400 0.307200 0.011200
0.780000 0.307200 0.009600
0.795200 0.307200 0.008800
0.843200 0.307200 0.011200
0.144000 0.308000 0.016800
0.236800 0.308000 0.011200
0.314400 0.308000 0.011200
0.420800 0.308000 0.005600
0.428000 0.308000 0.005600
0.447200 0.308000 0.008800
0.461600 0.308000 0.011200
0.507200 0.308000 0.010400
0.616800 0.308000 0.012800
0.635200 0.308000 0.011200
0.647200 0.308000 0.005600
0.658400 0.308000 0.016800
0.678400 0.308000 0.011200
0.182400 0.308800 0.016000
0.300800 0.308800 0.011200
0.328000 0.308800 0.011200
0.343200 0.308800 0.010400
0.376000 0.308800 0.011200
0.412000 0.308800 0.013600
0.476800 0.308800 0.011200
0.692000 0.308800 0.016800
0.709600 0.308800 0.005600
0.193600 0.309600 0.007200
0.206400 0.309600 0.011200
0.254400 0.309600 0.013600
0.284800 0.309600 0.012800
0.359200 0.309600 0.011200
0.392000 0.309600 0.013600
0.699200 0.309600 0.016000
0.160800 0.310400 0.008800
0.172000 0.310400 0.008000
0.221600 0.310400 0.008800
0.267200 0.311200 0.019200
0.837600 0.328800 0.012800
0.444000 0.329600 0.008800
0.792000 0.329600 0.008800
0.828000 0.329600 0.005600
0.456800 0.330400 0.008800
0.466400 0.330400 0.008000
0.478400 0.330400 0.005600
0.487200 0.330400 0.008800
0.803200 0.330400 0.012800
0.812000 0.330400 0.005600
0.820000 0.330400 0.005600
0.179200 0.331200 0.011200
0.184800 0.331200 0.011200
0.202400 0.331200 0.013600
0.169600 0.332000 0.007200
0.300000 0.332000 0.005600
0.628000 0.332000 0.008800
0.637600 0.332000 0.007200
0.648800 0.332000 0.007200
0.705600 0.332000 0.005600
0.145600 0.332800 0.008800
0.192800 0.332800 0.007200
0.291200 0.332800 0.008800
0.308000 0.332800 0.008800
0.658400 0.332800 0.007200
0.668000 0.332800 0.007200
0.156800 0.333600 0.008800
0.318400 0.333600 0.008000
0.679200 0.333600 0.007200
0.699200 0.333600 0.005600
0.689600 0.334400 0.005600
0.473600 0.349600 0.014400
0.484000 0.349600 0.005600
0.492000 0.349600 0.005600
0.579200 0.349600 0.024800
0.402400 0.350400 0.008800
0.456800 0.350400 0.011200
0.503200 0.350400 0.016800
0.585600 0.350400 0.027200
0.144800 0.351200 0.012800
0.239200 0.351200 0.013600
0.414400 0.351200 0.008800
0.532000 0.351200 0.009600
0.208000 0.352000 0.011200
0.258400 0.352000 0.008800
0.270400 0.352000 0.008800
0.284000 0.352000 0.019200
0.324800 0.352000 0.005600
0.335200 0.352000 0.007200
0.344000 0.352000 0.005600
0.439200 0.352000 0.011200
0.519200 0.352000 0.005600
0.548000 0.352000 0.011200
0.564800 0.352000 0.011200
0.602400 0.352000 0.011200
0.756000 0.352000 0.008800
0.166400 0.352800 0.012000
0.224000 0.352800 0.011200
0.314400 0.352800 0.008000
0.354400 0.352800 0.008800
0.386400 0.352800 0.011200
0.619200 0.352800 0.011200
0.764800 0.352800 0.005600
0.772800 0.352800 0.013600
0.185600 0.353600 0.013600
0.303200 0.353600 0.016000
0.369600 0.353600 0.011200
0.666400 0.353600 0.016800
0.726400 0.353600 0.016800
0.734400 0.353600 0.004000
0.744800 0.353600 0.008000
0.854400 0.353600 0.024800
0.864000 0.353600 0.020800
0.424800 0.354400 0.007200
0.635200 0.354400 0.013600
0.673600 0.354400 0.013600
0.686400 0.354400 0.008800
0.696000 0.354400 0.005600
0.704800 0.354400 0.015200
0.712000 0.354400 0.012800
0.803200 0.354400 0.011200
0.821600 0.354400 0.013600
0.836800 0.354400 0.011200
0.644000 0.355200 0.004000
0.654400 0.355200 0.008800
0.740000 0.355200 0.003200
0.787200 0.356000 0.011200
