0.155200 0.068800 0.016800
0.204800 0.068800 0.008800
0.217600 0.068800 0.019200
0.226400 0.068800 0.005600
0.175200 0.069600 0.012800
0.193600 0.069600 0.019200
0.843200 0.071200 0.020800
0.852000 0.071200 0.028800
0.554400 0.098400 0.011200
0.718400 0.098400 0.016000
0.812000 0.098400 0.011200
0.441600 0.099200 0.014400
0.775200 0.099200 0.015200
0.796800 0.099200 0.008800
0.565600 0.100000 0.008000
0.577600 0.100000 0.008800
0.588000 0.100000 0.008800
0.597600 0.100000 0.007200
0.633600 0.100000 0.012800
0.785600 0.100000 0.007200
0.451200 0.100800 0.007200
0.461600 0.100800 0.007200
0.511200 0.100800 0.012800
0.607200 0.100800 0.005600
0.614400 0.100800 0.013600
0.709600 0.100800 0.008000
0.472800 0.101600 0.007200
0.484000 0.101600 0.005600
0.625600 0.101600 0.005600
0.493600 0.102400 0.006400
0.503200 0.102400 0.005600
0.166400 0.104000 0.007200
0.177600 0.104000 0.007200
0.187200 0.104000 0.008800
0.192000 0.104000 0.003200
0.134400 0.104800 0.013600
0.143200 0.104800 0.008800
0.153600 0.104800 0.008000
0.199200 0.104800 0.009600
0.699200 0.108000 0.007200
0.392800 0.120800 0.013600
0.400800 0.120800 0.005600
0.524800 0.120800 0.016800
0.570400 0.120800 0.013600
0.376000 0.121600 0.012800
0.434400 0.121600 0.012800
0.584800 0.121600 0.008800
0.600000 0.121600 0.011200
0.764800 0.121600 0.008800
0.777600 0.121600 0.008800
0.789600 0.121600 0.008800
0.804000 0.121600 0.011200
0.817600 0.121600 0.005600
0.869600 0.121600 0.016000
0.228000 0.122400 0.008800
0.281600 0.122400 0.004000
0.301600 0.122400 0.008800
0.318400 0.122400 0.011200
0.332000 0.122400 0.008800
0.344000 0.122400 0.011200
0.358400 0.122400 0.011200
0.408000 0.122400 0.003200
0.454400 0.122400 0.012800
0.537600 0.122400 0.004800
0.548800 0.122400 0.011200
0.611200 0.122400 0.013600
0.718400 0.122400 0.013600
0.734400 0.122400 0.005600
0.743200 0.122400 0.005600
0.831200 0.122400 0.011200
0.859200 0.122400 0.021600
0.239200 0.123200 0.005600
0.252000 0.123200 0.011200
0.270400 0.123200 0.015200
0.412800 0.123200 0.003200
0.507200 0.123200 0.011200
0.624000 0.123200 0.008800
0.636000 0.123200 0.005600
0.655200 0.123200 0.011200
0.671200 0.123200 0.011200
0.686400 0.123200 0.011200
0.848000 0.123200 0.016800
0.135200 0.124000 0.013600
0.155200 0.124000 0.010400
0.167200 0.124000 0.005600
0.178400 0.124000 0.008800
0.212000 0.124000 0.011200
0.288800 0.124000 0.011200
0.419200 0.124000 0.005600
0.643200 0.124000 0.004800
0.752800 0.124000 0.008800
0.472000 0.124800 0.011200
0.489600 0.124800 0.013600
0.701600 0.124800 0.011200
0.194400 0.125600 0.011200
0.540000 0.140000 0.008800
0.552800 0.140000 0.008000
0.584800 0.140000 0.005600
0.562400 0.140800 0.008000
0.575200 0.140800 0.006400
0.592800 0.140800 0.012800
0.601600 0.140800 0.005600
0.609600 0.140800 0.010400
0.212000 0.141600 0.007200
0.224000 0.141600 0.006400
0.234400 0.141600 0.007200
0.244800 0.141600 0.005600
0.344000 0.141600 0.008800
0.356000 0.141600 0.007200
0.384800 0.141600 0.005600
0.512800 0.141600 0.005600
0.200800 0.142400 0.007200
0.366400 0.142400 0.006400
0.376000 0.142400 0.005600
0.391200 0.142400 0.005600
0.398400 0.142400 0.010400
0.776000 0.142400 0.007200
0.788000 0.142400 0.008000
0.732000 0.143200 0.008800
0.744800 0.143200 0.008000
0.755200 0.143200 0.005600
0.765600 0.143200 0.007200
0.692800 0.144000 0.011200
0.700800 0.144000 0.007200
0.710400 0.144000 0.007200
0.866400 0.157600 0.019200
0.240800 0.158400 0.012800
0.493600 0.158400 0.012800
0.513600 0.158400 0.013600
0.847200 0.158400 0.013600
0.141600 0.159200 0.005600
0.174400 0.159200 0.016800
0.217600 0.159200 0.012800
0.244800 0.159200 0.013600
0.285600 0.159200 0.019200
0.296000 0.159200 0.019200
0.669600 0.159200 0.013600
0.829600 0.159200 0.013600
0.131200 0.160000 0.016800
0.154400 0.160000 0.016800
0.192800 0.160000 0.005600
0.204000 0.160000 0.008800
0.309600 0.160000 0.020800
0.316000 0.160000 0.015200
0.336800 0.160000 0.011200
0.460800 0.160000 0.005600
0.652800 0.160000 0.011200
0.687200 0.160000 0.011200
0.185600 0.160800 0.005600
0.260800 0.160800 0.011200
0.355200 0.160800 0.009600
0.384000 0.160800 0.008800
0.393600 0.160800 0.005600
0.450400 0.160800 0.016800
0.475200 0.160800 0.012000
0.534400 0.160800 0.011200
0.600000 0.160800 0.008800
0.621600 0.160800 0.007200
0.732800 0.160800 0.011200
0.809600 0.160800 0.013600
0.272800 0.161600 0.008800
0.324000 0.161600 0.022400
0.369600 0.161600 0.008800
0.408000 0.161600 0.011200
0.424800 0.161600 0.011200
0.437600 0.161600 0.008800
0.573600 0.161600 0.008800
0.588000 0.161600 0.008800
0.612000 0.161600 0.007200
0.632000 0.161600 0.015200
0.702400 0.161600 0.011200
0.717600 0.161600 0.011200
0.751200 0.161600 0.011200
0.788800 0.161600 0.011200
0.545600 0.162400 0.012800
0.562400 0.162400 0.007200
0.640800 0.162400 0.005600
0.771200 0.163200 0.012800
0.519200 0.177600 0.008800
0.336000 0.178400 0.008800
0.528800 0.178400 0.006400
0.268800 0.179200 0.007200
0.280800 0.179200 0.006400
0.344800 0.179200 0.005600
0.354400 0.179200 0.007200
0.369600 0.179200 0.008800
0.540000 0.179200 0.006400
0.572000 0.179200 0.005600
0.578400 0.179200 0.010400
0.193600 0.180000 0.008800
0.203200 0.180000 0.007200
0.216000 0.180000 0.006400
0.248800 0.180000 0.007200
0.258400 0.180000 0.005600
0.377600 0.180000 0.005600
0.386400 0.180000 0.005600
0.395200 0.180000 0.011200
0.550400 0.180000 0.007200
0.562400 0.180000 0.008000
0.226400 0.180800 0.005600
0.234400 0.180800 0.008800
0.876000 0.185600 0.027200
0.866400 0.186400 0.024000
0.130400 0.196800 0.021600
0.157600 0.197600 0.018400
0.195200 0.197600 0.012800
0.528800 0.197600 0.014400
0.822400 0.197600 0.019200
0.145600 0.198400 0.011200
0.166400 0.198400 0.016000
0.216000 0.198400 0.011200
0.228800 0.198400 0.011200
0.328800 0.198400 0.005600
0.704000 0.198400 0.011200
0.806400 0.198400 0.013600
0.250400 0.199200 0.013600
0.339200 0.199200 0.008800
0.384000 0.199200 0.016800
0.396000 0.199200 0.011200
0.565600 0.199200 0.009600
0.580800 0.199200 0.011200
0.617600 0.199200 0.013600
0.690400 0.199200 0.007200
0.742400 0.199200 0.016800
0.752800 0.199200 0.005600
0.765600 0.199200 0.011200
0.864800 0.199200 0.016000
0.178400 0.200000 0.011200
0.287200 0.200000 0.011200
0.300000 0.200000 0.008800
0.310400 0.200000 0.005600
0.320000 0.200000 0.013600
0.347200 0.200000 0.013600
0.375200 0.200000 0.016800
0.497600 0.200000 0.008800
0.508000 0.200000 0.016800
0.551200 0.200000 0.011200
0.656800 0.200000 0.019200
0.679200 0.200000 0.008800
0.723200 0.200000 0.013600
0.784800 0.200000 0.014400
0.274400 0.200800 0.011200
0.363200 0.200800 0.016800
0.415200 0.200800 0.013600
0.437600 0.200800 0.013600
0.485600 0.200800 0.010400
0.596800 0.200800 0.013600
0.843200 0.200800 0.011200
0.470400 0.201600 0.011200
0.636800 0.202400 0.027200
0.453600 0.203200 0.013600
0.645600 0.203200 0.022400
0.148800 0.217600 0.007200
0.272000 0.217600 0.008800
0.319200 0.217600 0.005600
0.137600 0.218400 0.008000
0.160800 0.218400 0.008000
0.300000 0.218400 0.007200
0.311200 0.218400 0.005600
0.329600 0.218400 0.007200
0.547200 0.218400 0.008800
0.172000 0.219200 0.007200
0.183200 0.219200 0.007200
0.284000 0.219200 0.010400
0.340800 0.219200 0.008800
0.562400 0.219200 0.008800
0.572800 0.219200 0.005600
0.794400 0.219200 0.008800
0.194400 0.220000 0.008800
0.290400 0.220000 0.005600
0.581600 0.220000 0.007200
0.804000 0.220000 0.008800
0.818400 0.220000 0.007200
0.592800 0.220800 0.008000
0.604800 0.220800 0.008800
0.830400 0.220800 0.008000
0.841600 0.220800 0.007200
0.852800 0.220800 0.008000
0.875200 0.220800 0.008800
0.888000 0.220800 0.009600
0.866400 0.221600 0.008800
0.130400 0.236000 0.016800
0.244800 0.236000 0.016800
0.252800 0.236000 0.016800
0.517600 0.236000 0.013600
0.626400 0.236000 0.018400
0.501600 0.236800 0.013600
0.207200 0.237600 0.013600
0.226400 0.237600 0.013600
0.263200 0.237600 0.016800
0.272000 0.237600 0.013600
0.288800 0.237600 0.011200
0.482400 0.237600 0.013600
0.728800 0.237600 0.012800
0.765600 0.237600 0.011200
0.153600 0.238400 0.016800
0.187200 0.238400 0.011200
0.312800 0.238400 0.014400
0.436800 0.238400 0.007200
0.462400 0.238400 0.013600
0.533600 0.238400 0.008800
0.670400 0.238400 0.013600
0.748800 0.238400 0.011200
0.782400 0.238400 0.011200
0.797600 0.238400 0.013600
0.173600 0.239200 0.012800
0.335200 0.239200 0.013600
0.383200 0.239200 0.011200
0.400800 0.239200 0.012800
0.447200 0.239200 0.008800
0.548000 0.239200 0.011200
0.651200 0.239200 0.013600
0.692800 0.239200 0.013600
0.711200 0.239200 0.011200
0.820000 0.239200 0.011200
0.352800 0.240000 0.011200
0.368000 0.240000 0.009600
0.410400 0.240000 0.003200
0.427200 0.240000 0.005600
0.839200 0.240000 0.011200
0.877600 0.240000 0.012800
0.415200 0.240800 0.003200
0.420800 0.240800 0.003200
0.581600 0.240800 0.011200
0.598400 0.240800 0.013600
0.857600 0.240800 0.011200
0.564000 0.241600 0.011200
0.838400 0.256800 0.007200
0.849600 0.256800 0.007200
0.880000 0.256800 0.007200
0.862400 0.257600 0.010400
0.867200 0.257600 0.010400
0.890400 0.257600 0.008800
0.904800 0.257600 0.011200
0.723200 0.258400 0.005600
0.732800 0.258400 0.006400
0.764800 0.258400 0.008800
0.363200 0.259200 0.012000
0.370400 0.259200 0.011200
0.528800 0.259200 0.008800
0.538400 0.259200 0.007200
0.697600 0.259200 0.008800
0.715200 0.259200 0.005600
0.743200 0.259200 0.007200
0.754400 0.259200 0.006400
0.383200 0.260000 0.008800
0.548800 0.260000 0.005600
0.556800 0.260000 0.005600
0.565600 0.260000 0.005600
0.579200 0.260000 0.008000
0.706400 0.260000 0.007200
0.390400 0.260800 0.008800
0.594400 0.261600 0.008000
0.810400 0.274400 0.022400
0.834400 0.274400 0.013600
0.658400 0.275200 0.016800
0.169600 0.276000 0.005600
0.484800 0.276000 0.005600
0.503200 0.276000 0.016800
0.715200 0.276000 0.007200
0.780800 0.276000 0.011200
0.796800 0.276000 0.011200
0.818400 0.276000 0.005600
0.853600 0.276000 0.011200
0.868800 0.276000 0.011200
0.880000 0.276000 0.016000
0.307200 0.276800 0.011200
0.322400 0.276800 0.013600
0.331200 0.276800 0.005600
0.340800 0.276800 0.007200
0.351200 0.276800 0.008800
0.436800 0.276800 0.010400
0.450400 0.276800 0.022400
0.493600 0.276800 0.014400
0.612000 0.276800 0.011200
0.640000 0.276800 0.013600
0.728000 0.276800 0.008800
0.745600 0.276800 0.011200
0.762400 0.276800 0.011200
0.130400 0.277600 0.024000
0.226400 0.277600 0.016800
0.279200 0.277600 0.008800
0.292000 0.277600 0.011200
0.364000 0.277600 0.008800
0.393600 0.277600 0.011200
0.404800 0.277600 0.005600
0.417600 0.277600 0.011200
0.475200 0.277600 0.019200
0.523200 0.277600 0.011200
0.562400 0.277600 0.011200
0.597600 0.277600 0.008800
0.624000 0.277600 0.013600
0.669600 0.277600 0.004800
0.676000 0.277600 0.011200
0.691200 0.277600 0.013600
0.705600 0.277600 0.008800
0.147200 0.278400 0.027200
0.160000 0.278400 0.019200
0.246400 0.278400 0.013600
0.258400 0.278400 0.016800
0.268000 0.278400 0.016000
0.377600 0.278400 0.008800
0.511200 0.278400 0.005600
0.543200 0.278400 0.012800
0.574400 0.278400 0.011200
0.585600 0.278400 0.010400
0.681600 0.278400 0.004800
0.186400 0.279200 0.013600
0.207200 0.280000 0.013600
0.382400 0.294400 0.008800
0.412000 0.294400 0.005600
0.424000 0.294400 0.008800
0.266400 0.295200 0.005600
0.275200 0.295200 0.005600
0.286400 0.295200 0.007200
0.305600 0.295200 0.005600
0.403200 0.295200 0.005600
0.436000 0.295200 0.010400
0.443200 0.295200 0.005600
0.609600 0.295200 0.005600
0.298400 0.296000 0.010400
0.392000 0.296000 0.007200
0.596000 0.296000 0.005600
0.603200 0.296000 0.004800
0.616000 0.296000 0.009600
0.243200 0.296800 0.008800
0.255200 0.296800 0.007200
0.582400 0.296800 0.008800
0.628000 0.296800 0.007200
0.640000 0.296800 0.008800
0.560800 0.297600 0.008000
0.571200 0.297600 0.007200
0.884800 0.312800 0.016800
0.193600 0.313600 0.015200
0.158400 0.314400 0.011200
0.223200 0.314400 0.016000
0.313600 0.314400 0.013600
0.329600 0.314400 0.011200
0.352800 0.314400 0.005600
0.487200 0.314400 0.022400
0.588800 0.314400 0.012800
0.756800 0.314400 0.005600
0.873600 0.314400 0.020800
0.176000 0.315200 0.011200
0.204000 0.315200 0.004800
0.212000 0.315200 0.016000
0.232000 0.315200 0.005600
0.243200 0.315200 0.011200
0.276000 0.315200 0.011200
0.289600 0.315200 0.016000
0.344000 0.315200 0.022400
0.366400 0.315200 0.017600
0.379200 0.315200 0.028800
0.510400 0.315200 0.011200
0.524800 0.315200 0.008800
0.607200 0.315200 0.012000
0.678400 0.315200 0.007200
0.694400 0.315200 0.018400
0.744800 0.315200 0.010400
0.764800 0.315200 0.005600
0.773600 0.315200 0.022400
0.141600 0.316000 0.011200
0.261600 0.316000 0.011200
0.393600 0.316000 0.013600
0.493600 0.316000 0.013600
0.568800 0.316000 0.009600
0.628000 0.316000 0.012800
0.668800 0.316000 0.008800
0.705600 0.316000 0.022400
0.715200 0.316000 0.022400
0.728000 0.316000 0.011200
0.788800 0.316000 0.009600
0.802400 0.316000 0.008800
0.820000 0.316000 0.014400
0.831200 0.316000 0.005600
0.838400 0.316000 0.004800
0.847200 0.316000 0.012800
0.130400 0.316800 0.024800
0.415200 0.316800 0.011200
0.435200 0.316800 0.012800
0.455200 0.316800 0.013600
0.472800 0.316800 0.011200
0.554400 0.316800 0.010400
0.652000 0.316800 0.011200
0.856000 0.316800 0.004800
0.864000 0.316800 0.013600
0.541600 0.317600 0.013600
0.130400 0.333600 0.008000
0.140800 0.333600 0.008000
0.155200 0.333600 0.008800
0.171200 0.334400 0.008000
0.185600 0.334400 0.008800
0.795200 0.334400 0.008800
0.816000 0.334400 0.007200
0.856000 0.334400 0.008800
0.805600 0.335200 0.007200
0.827200 0.335200 0.010400
0.834400 0.336000 0.005600
0.843200 0.336000 0.008800
0.246400 0.352000 0.005600
0.206400 0.352800 0.011200
0.128800 0.353600 0.016800
0.140800 0.353600 0.013600
0.155200 0.353600 0.011200
0.225600 0.353600 0.011200
0.237600 0.353600 0.005600
0.252800 0.353600 0.011200
0.266400 0.353600 0.008800
0.294400 0.353600 0.020000
0.409600 0.353600 0.019200
0.542400 0.353600 0.011200
0.188800 0.354400 0.011200
0.281600 0.354400 0.009600
0.302400 0.354400 0.015200
0.401600 0.354400 0.013600
0.449600 0.354400 0.008800
0.471200 0.354400 0.022400
0.480800 0.354400 0.005600
0.504000 0.354400 0.012800
0.746400 0.354400 0.008800
0.172000 0.355200 0.011200
0.349600 0.355200 0.011200
0.366400 0.355200 0.013600
0.385600 0.355200 0.011200
0.419200 0.355200 0.013600
0.424800 0.355200 0.005600
0.435200 0.355200 0.008800
0.462400 0.355200 0.021600
0.488000 0.355200 0.013600
0.526400 0.355200 0.013600
0.558400 0.355200 0.008800
0.569600 0.355200 0.008800
0.584000 0.355200 0.010400
0.600000 0.355200 0.008800
0.610400 0.355200 0.005600
0.622400 0.355200 0.011200
0.649600 0.355200 0.024800
0.666400 0.355200 0.013600
0.683200 0.355200 0.011200
0.699200 0.355200 0.013600
0.707200 0.355200 0.016800
0.728000 0.355200 0.016000
0.757600 0.355200 0.005600
0.775200 0.355200 0.005600
0.318400 0.356000 0.011200
0.332800 0.356000 0.011200
0.718400 0.356000 0.024800
0.767200 0.356000 0.005600
0.793600 0.356000 0.015200
0.813600 0.356000 0.015200
0.822400 0.356000 0.016800
0.638400 0.356800 0.011200
0.784800 0.356800 0.007200
0.800000 0.356800 0.013600
0.836000 0.356800 0.011200
0.850400 0.357600 0.011200
0.861600 0.357600 0.033600
0.875200 0.359200 0.020800
0.941600 0.420000 0.008800
