0.231200 0.052000 0.018400
0.452000 0.052000 0.003200
0.220800 0.053600 0.008800
0.419200 0.053600 0.017600
0.428000 0.053600 0.021600
0.432800 0.053600 0.010400
0.440000 0.053600 0.010400
0.445600 0.053600 0.009600
0.457600 0.053600 0.008800
0.468000 0.053600 0.011200
0.197600 0.054400 0.008800
0.208000 0.054400 0.008800
0.474400 0.054400 0.005600
0.483200 0.055200 0.011200
0.166400 0.056000 0.024800
0.184000 0.056000 0.010400
0.852000 0.062400 0.013600
0.869600 0.062400 0.013600
0.674400 0.084000 0.012000
0.624800 0.084800 0.008000
0.657600 0.084800 0.005600
0.667200 0.084800 0.005600
0.590400 0.085600 0.007200
0.599200 0.085600 0.005600
0.612000 0.085600 0.005600
0.634400 0.085600 0.005600
0.643200 0.085600 0.005600
0.650400 0.085600 0.005600
0.400000 0.086400 0.011200
0.605600 0.086400 0.003200
0.413600 0.087200 0.013600
0.513600 0.087200 0.007200
0.526400 0.087200 0.007200
0.422400 0.088000 0.005600
0.432000 0.088000 0.007200
0.440000 0.088000 0.005600
0.500800 0.088000 0.008000
0.537600 0.088000 0.006400
0.548000 0.088000 0.005600
0.558400 0.088000 0.008800
0.448800 0.088800 0.005600
0.458400 0.088800 0.013600
0.476800 0.088800 0.007200
0.487200 0.088800 0.008800
0.467200 0.089600 0.013600
0.264800 0.090400 0.012000
0.272000 0.090400 0.005600
0.280800 0.091200 0.005600
0.298400 0.091200 0.007200
0.308800 0.091200 0.007200
0.319200 0.091200 0.007200
0.329600 0.091200 0.013600
0.289600 0.092000 0.005600
0.776000 0.092800 0.008000
0.744000 0.093600 0.008800
0.786400 0.093600 0.008800
0.608000 0.094400 0.007200
0.764800 0.094400 0.005600
0.594400 0.095200 0.008000
0.617600 0.095200 0.005600
0.631200 0.095200 0.004800
0.755200 0.095200 0.008000
0.625600 0.096000 0.003200
0.640000 0.096000 0.005600
0.510400 0.097600 0.005600
0.518400 0.097600 0.005600
0.531200 0.098400 0.007200
0.542400 0.099200 0.007200
0.276800 0.112000 0.013600
0.460800 0.112000 0.016800
0.479200 0.112000 0.013600
0.222400 0.112800 0.016800
0.320000 0.112800 0.012800
0.500800 0.112800 0.012800
0.625600 0.112800 0.011200
0.676800 0.112800 0.011200
0.692800 0.112800 0.012800
0.711200 0.112800 0.011200
0.152800 0.113600 0.012800
0.202400 0.113600 0.027200
0.211200 0.113600 0.005600
0.236000 0.113600 0.012800
0.297600 0.113600 0.012000
0.340000 0.113600 0.013600
0.376800 0.113600 0.013600
0.387200 0.113600 0.004800
0.397600 0.113600 0.013600
0.436800 0.113600 0.013600
0.563200 0.113600 0.012800
0.610400 0.113600 0.011200
0.640800 0.113600 0.012000
0.850400 0.113600 0.022400
0.170400 0.114400 0.011200
0.187200 0.114400 0.011200
0.259200 0.114400 0.005600
0.362400 0.114400 0.011200
0.410400 0.114400 0.019200
0.419200 0.114400 0.013600
0.520000 0.114400 0.008800
0.592800 0.114400 0.012800
0.660000 0.114400 0.011200
0.244000 0.115200 0.005600
0.252000 0.115200 0.005600
0.350400 0.115200 0.008000
0.534400 0.115200 0.010400
0.548000 0.115200 0.011200
0.572000 0.115200 0.004800
0.577600 0.115200 0.009600
0.740800 0.116000 0.004000
0.803200 0.116000 0.011200
0.836000 0.116000 0.008800
0.877600 0.116000 0.019200
0.732000 0.116800 0.013600
0.749600 0.116800 0.013600
0.764800 0.116800 0.011200
0.780000 0.116800 0.008800
0.791200 0.116800 0.005600
0.820800 0.116800 0.011200
0.333600 0.130400 0.005600
0.343200 0.130400 0.005600
0.388000 0.130400 0.005600
0.509600 0.130400 0.005600
0.516800 0.130400 0.004800
0.637600 0.130400 0.007200
0.188000 0.131200 0.007200
0.268000 0.131200 0.011200
0.315200 0.131200 0.007200
0.324000 0.131200 0.005600
0.352800 0.131200 0.005600
0.361600 0.131200 0.005600
0.369600 0.131200 0.005600
0.378400 0.131200 0.005600
0.395200 0.131200 0.004000
0.402400 0.131200 0.005600
0.428800 0.131200 0.008800
0.488000 0.131200 0.008000
0.500000 0.131200 0.006400
0.647200 0.131200 0.007200
0.660000 0.131200 0.005600
0.140000 0.132000 0.008800
0.173600 0.132000 0.004000
0.179200 0.132000 0.008000
0.258400 0.132000 0.008000
0.274400 0.132000 0.005600
0.284000 0.132000 0.005600
0.292800 0.132000 0.005600
0.304000 0.132000 0.007200
0.408800 0.132000 0.005600
0.418400 0.132000 0.006400
0.574400 0.132000 0.005600
0.668800 0.132000 0.005600
0.678400 0.132000 0.006400
0.691200 0.132000 0.005600
0.697600 0.132000 0.005600
0.168000 0.132800 0.004800
0.527200 0.132800 0.005600
0.536000 0.132800 0.005600
0.544000 0.132800 0.005600
0.553600 0.132800 0.005600
0.564000 0.132800 0.007200
0.583200 0.132800 0.011200
0.588800 0.132800 0.008000
0.150400 0.133600 0.007200
0.160800 0.133600 0.005600
0.612000 0.133600 0.006400
0.838400 0.148000 0.016000
0.488800 0.149600 0.016000
0.499200 0.149600 0.019200
0.528000 0.149600 0.011200
0.786400 0.149600 0.013600
0.199200 0.150400 0.019200
0.243200 0.150400 0.014400
0.310400 0.150400 0.012800
0.348800 0.150400 0.013600
0.386400 0.150400 0.008800
0.397600 0.150400 0.008800
0.512000 0.150400 0.011200
0.559200 0.150400 0.011200
0.577600 0.150400 0.012800
0.610400 0.150400 0.013600
0.616800 0.150400 0.013600
0.624800 0.150400 0.019200
0.639200 0.150400 0.012800
0.673600 0.150400 0.013600
0.683200 0.150400 0.005600
0.692800 0.150400 0.013600
0.738400 0.150400 0.013600
0.804800 0.150400 0.008800
0.814400 0.150400 0.016800
0.856000 0.150400 0.011200
0.868000 0.150400 0.020000
0.171200 0.151200 0.011200
0.187200 0.151200 0.011200
0.207200 0.151200 0.013600
0.224800 0.151200 0.013600
0.260800 0.151200 0.005600
0.272800 0.151200 0.008800
0.292800 0.151200 0.012800
0.332000 0.151200 0.011200
0.370400 0.151200 0.011200
0.412800 0.151200 0.012800
0.464800 0.151200 0.019200
0.546400 0.151200 0.011200
0.592800 0.151200 0.013600
0.656800 0.151200 0.011200
0.704000 0.151200 0.016800
0.731200 0.151200 0.005600
0.752800 0.151200 0.011200
0.768800 0.151200 0.011200
0.252800 0.152000 0.005600
0.432000 0.152000 0.011200
0.448800 0.152000 0.011200
0.602400 0.152000 0.005600
0.719200 0.152000 0.011200
0.154400 0.152800 0.012800
0.476000 0.152800 0.008000
0.293600 0.169600 0.008800
0.304000 0.169600 0.007200
0.250400 0.170400 0.007200
0.260000 0.170400 0.007200
0.280000 0.170400 0.005600
0.316000 0.170400 0.008000
0.271200 0.171200 0.005600
0.224000 0.175200 0.006400
0.793600 0.184800 0.008800
0.780800 0.185600 0.008800
0.427200 0.186400 0.019200
0.548000 0.186400 0.022400
0.579200 0.186400 0.016800
0.608000 0.186400 0.022400
0.700000 0.186400 0.005600
0.748000 0.186400 0.005600
0.759200 0.186400 0.008800
0.770400 0.186400 0.005600
0.806400 0.186400 0.020000
0.812800 0.186400 0.014400
0.832800 0.186400 0.015200
0.856000 0.186400 0.011200
0.440800 0.187200 0.011200
0.500000 0.187200 0.011200
0.529600 0.187200 0.016800
0.561600 0.187200 0.022400
0.707200 0.187200 0.013600
0.727200 0.187200 0.005600
0.737600 0.187200 0.007200
0.822400 0.187200 0.005600
0.869600 0.187200 0.016800
0.216000 0.188000 0.016800
0.406400 0.188000 0.013600
0.516800 0.188000 0.011200
0.538400 0.188000 0.016800
0.678400 0.188000 0.011200
0.720000 0.188000 0.012800
0.285600 0.188800 0.013600
0.300000 0.188800 0.008800
0.310400 0.188800 0.027200
0.352800 0.188800 0.016000
0.362400 0.188800 0.016800
0.377600 0.188800 0.011200
0.397600 0.188800 0.014400
0.460000 0.188800 0.016800
0.624000 0.188800 0.013600
0.660000 0.188800 0.011200
0.689600 0.188800 0.008800
0.151200 0.189600 0.016800
0.176800 0.189600 0.013600
0.195200 0.189600 0.013600
0.226400 0.189600 0.005600
0.237600 0.189600 0.016800
0.251200 0.189600 0.015200
0.259200 0.189600 0.014400
0.268800 0.189600 0.005600
0.277600 0.189600 0.005600
0.482400 0.189600 0.016800
0.643200 0.189600 0.013600
0.323200 0.190400 0.016800
0.339200 0.190400 0.011200
0.678400 0.205600 0.008000
0.765600 0.205600 0.011200
0.499200 0.206400 0.007200
0.688000 0.206400 0.006400
0.697600 0.206400 0.005600
0.706400 0.206400 0.005600
0.716000 0.206400 0.005600
0.724800 0.206400 0.005600
0.746400 0.206400 0.008000
0.758400 0.206400 0.008000
0.827200 0.206400 0.008800
0.840800 0.206400 0.008800
0.850400 0.206400 0.007200
0.508000 0.207200 0.005600
0.526400 0.207200 0.008800
0.734400 0.207200 0.005600
0.836000 0.207200 0.008800
0.860000 0.207200 0.005600
0.516000 0.208000 0.005600
0.868000 0.208000 0.005600
0.875200 0.208000 0.005600
0.336800 0.208800 0.011200
0.345600 0.208800 0.005600
0.372000 0.208800 0.008800
0.376800 0.208800 0.008800
0.389600 0.208800 0.008800
0.884000 0.208800 0.012800
0.352800 0.209600 0.005600
0.360800 0.209600 0.008800
0.384000 0.209600 0.010400
0.400800 0.209600 0.008800
0.408000 0.209600 0.011200
0.414400 0.210400 0.009600
0.494400 0.226400 0.013600
0.572800 0.226400 0.011200
0.611200 0.226400 0.011200
0.626400 0.226400 0.012800
0.634400 0.226400 0.004800
0.688800 0.226400 0.013600
0.305600 0.227200 0.013600
0.389600 0.227200 0.005600
0.405600 0.227200 0.005600
0.558400 0.227200 0.011200
0.589600 0.227200 0.016800
0.642400 0.227200 0.005600
0.151200 0.228000 0.024800
0.332800 0.228000 0.015200
0.356800 0.228000 0.011200
0.397600 0.228000 0.013600
0.420000 0.228000 0.011200
0.471200 0.228000 0.013600
0.481600 0.228000 0.016800
0.508800 0.228000 0.008800
0.596800 0.228000 0.022400
0.652000 0.228000 0.008800
0.664000 0.228000 0.008800
0.708000 0.228000 0.016800
0.806400 0.228000 0.011200
0.220000 0.228800 0.011200
0.288800 0.228800 0.012800
0.372800 0.228800 0.012800
0.436000 0.228800 0.011200
0.454400 0.228800 0.013600
0.522400 0.228800 0.008800
0.539200 0.228800 0.013600
0.674400 0.228800 0.008800
0.764800 0.228800 0.008800
0.777600 0.228800 0.007200
0.792000 0.228800 0.009600
0.169600 0.229600 0.013600
0.191200 0.229600 0.013600
0.206400 0.229600 0.011200
0.236000 0.229600 0.011200
0.251200 0.229600 0.011200
0.268800 0.229600 0.011200
0.382400 0.229600 0.004800
0.823200 0.229600 0.011200
0.864000 0.229600 0.016000
0.733600 0.230400 0.011200
0.749600 0.230400 0.011200
0.839200 0.230400 0.009600
0.852000 0.230400 0.005600
0.493600 0.246400 0.005600
0.618400 0.246400 0.008000
0.628000 0.246400 0.005600
0.654400 0.246400 0.011200
0.476000 0.247200 0.008000
0.487200 0.247200 0.009600
0.501600 0.247200 0.008800
0.514400 0.247200 0.009600
0.637600 0.247200 0.005600
0.646400 0.247200 0.005600
0.507200 0.248000 0.003200
0.782400 0.248000 0.008800
0.792800 0.248000 0.008000
0.804800 0.248000 0.008800
0.815200 0.248800 0.007200
0.437600 0.264000 0.021600
0.379200 0.264800 0.016800
0.408800 0.264800 0.016800
0.448800 0.265600 0.022400
0.571200 0.265600 0.008000
0.662400 0.265600 0.013600
0.679200 0.265600 0.013600
0.699200 0.265600 0.011200
0.248000 0.266400 0.011200
0.357600 0.266400 0.019200
0.367200 0.266400 0.019200
0.388800 0.266400 0.016800
0.399200 0.266400 0.005600
0.424800 0.266400 0.021600
0.525600 0.266400 0.011200
0.560800 0.266400 0.008800
0.589600 0.266400 0.005600
0.599200 0.266400 0.005600
0.621600 0.266400 0.009600
0.650400 0.266400 0.008800
0.687200 0.266400 0.005600
0.743200 0.266400 0.007200
0.192800 0.267200 0.013600
0.265600 0.267200 0.013600
0.313600 0.267200 0.015200
0.332800 0.267200 0.016000
0.464000 0.267200 0.008800
0.546400 0.267200 0.013600
0.580800 0.267200 0.003200
0.606400 0.267200 0.003200
0.732800 0.267200 0.008800
0.756800 0.267200 0.011200
0.174400 0.268000 0.011200
0.210400 0.268000 0.011200
0.230400 0.268000 0.012800
0.291200 0.268000 0.016000
0.324000 0.268000 0.016000
0.342400 0.268000 0.022400
0.477600 0.268000 0.011200
0.492000 0.268000 0.011200
0.509600 0.268000 0.011200
0.538400 0.268000 0.005600
0.576000 0.268000 0.003200
0.636000 0.268000 0.008800
0.716000 0.268000 0.011200
0.805600 0.268000 0.011200
0.772000 0.268800 0.011200
0.788800 0.268800 0.011200
0.821600 0.268800 0.011200
0.835200 0.268800 0.011200
0.153600 0.269600 0.019200
0.305600 0.269600 0.016800
0.851200 0.269600 0.011200
0.867200 0.269600 0.013600
0.635200 0.285600 0.008000
0.648000 0.285600 0.008000
0.807200 0.285600 0.010400
0.552800 0.286400 0.006400
0.692000 0.286400 0.008000
0.252000 0.287200 0.008800
0.261600 0.287200 0.011200
0.276800 0.287200 0.006400
0.296800 0.287200 0.006400
0.305600 0.287200 0.005600
0.491200 0.287200 0.007200
0.500800 0.287200 0.007200
0.521600 0.287200 0.005600
0.542400 0.287200 0.006400
0.660800 0.287200 0.008000
0.670400 0.287200 0.007200
0.680000 0.287200 0.008000
0.704000 0.287200 0.007200
0.814400 0.287200 0.005600
0.822400 0.287200 0.007200
0.287200 0.288000 0.005600
0.313600 0.288000 0.005600
0.321600 0.288000 0.005600
0.512000 0.288000 0.007200
0.532800 0.288000 0.007200
0.561600 0.288000 0.005600
0.571200 0.288000 0.007200
0.713600 0.288000 0.005600
0.723200 0.288000 0.008800
0.832800 0.288000 0.005600
0.841600 0.288000 0.008800
0.328800 0.288800 0.010400
0.262400 0.304000 0.009600
0.156000 0.304800 0.019200
0.278400 0.304800 0.010400
0.541600 0.304800 0.011200
0.636000 0.305600 0.019200
0.171200 0.306400 0.011200
0.187200 0.306400 0.011200
0.201600 0.306400 0.022400
0.230400 0.306400 0.011200
0.246400 0.306400 0.011200
0.440800 0.306400 0.015200
0.489600 0.306400 0.010400
0.215200 0.307200 0.024000
0.328800 0.307200 0.011200
0.434400 0.307200 0.012800
0.468800 0.307200 0.007200
0.476800 0.307200 0.005600
0.502400 0.307200 0.011200
0.518400 0.307200 0.008800
0.528800 0.307200 0.007200
0.564000 0.307200 0.013600
0.626400 0.307200 0.019200
0.653600 0.307200 0.013600
0.750400 0.307200 0.005600
0.780800 0.307200 0.016800
0.789600 0.307200 0.016800
0.294400 0.308000 0.011200
0.309600 0.308000 0.012800
0.458400 0.308000 0.012800
0.581600 0.308000 0.011200
0.597600 0.308000 0.011200
0.762400 0.308000 0.011200
0.364000 0.308800 0.011200
0.379200 0.308800 0.011200
0.412800 0.308800 0.013600
0.452000 0.308800 0.011200
0.611200 0.308800 0.008800
0.672800 0.308800 0.012000
0.699200 0.308800 0.005600
0.740800 0.308800 0.008800
0.346400 0.309600 0.011200
0.688800 0.309600 0.016800
0.726400 0.309600 0.008800
0.808800 0.309600 0.015200
0.396800 0.310400 0.013600
0.712800 0.310400 0.011200
0.835200 0.311200 0.013600
0.855200 0.312000 0.011200
0.872000 0.312000 0.013600
0.480800 0.324000 0.008000
0.492800 0.324000 0.008800
0.431200 0.324800 0.007200
0.441600 0.324800 0.007200
0.452800 0.324800 0.008800
0.468800 0.324800 0.008000
0.464800 0.325600 0.008800
0.280800 0.327200 0.008000
0.271200 0.328000 0.005600
0.150400 0.328800 0.008800
0.240000 0.328800 0.008800
0.263200 0.328800 0.005600
0.752800 0.328800 0.008800
0.771200 0.328800 0.005600
0.779200 0.328800 0.005600
0.160000 0.329600 0.005600
0.168800 0.329600 0.012000
0.249600 0.329600 0.005600
0.257600 0.329600 0.005600
0.763200 0.329600 0.005600
0.788800 0.329600 0.007200
0.797600 0.330400 0.012800
0.283200 0.345600 0.013600
0.222400 0.346400 0.013600
0.291200 0.346400 0.021600
0.321600 0.346400 0.011200
0.445600 0.346400 0.004800
0.201600 0.347200 0.019200
0.265600 0.347200 0.014400
0.376000 0.347200 0.022400
0.435200 0.347200 0.008800
0.451200 0.347200 0.005600
0.257600 0.348000 0.013600
0.305600 0.348000 0.011200
0.412000 0.348000 0.005600
0.461600 0.348000 0.008800
0.476800 0.348000 0.011200
0.490400 0.348000 0.016800
0.514400 0.348000 0.011200
0.241600 0.348800 0.011200
0.338400 0.348800 0.011200
0.352800 0.348800 0.022400
0.390400 0.348800 0.003200
0.402400 0.348800 0.005600
0.423200 0.348800 0.007200
0.496800 0.348800 0.013600
0.530400 0.348800 0.011200
0.546400 0.348800 0.011200
0.564000 0.348800 0.011200
0.728800 0.348800 0.013600
0.174400 0.349600 0.011200
0.188800 0.349600 0.008800
0.385600 0.349600 0.003200
0.395200 0.349600 0.003200
0.577600 0.349600 0.005600
0.585600 0.349600 0.016800
0.612000 0.349600 0.005600
0.155200 0.350400 0.016000
0.600800 0.350400 0.010400
0.663200 0.350400 0.016800
0.696000 0.350400 0.005600
0.620800 0.351200 0.016800
0.676000 0.351200 0.008800
0.684800 0.351200 0.016800
0.710400 0.351200 0.011200
0.773600 0.352000 0.016800
0.783200 0.352000 0.005600
0.644800 0.352800 0.019200
0.756800 0.352800 0.013600
0.827200 0.352800 0.008800
0.635200 0.353600 0.020800
0.815200 0.353600 0.008800
0.840000 0.353600 0.008800
0.800000 0.354400 0.013600
0.854400 0.355200 0.010400
0.868800 0.356000 0.022400
