785.000000 48.000000 18.000000
658.000000 49.000000 7.000000
667.000000 49.000000 7.000000
679.000000 49.000000 17.000000
771.000000 49.000000 14.000000
779.000000 49.000000 4.000000
688.000000 50.000000 7.000000
722.000000 50.000000 7.000000
730.000000 50.000000 4.000000
741.000000 50.000000 16.000000
751.000000 50.000000 17.000000
764.000000 50.000000 4.000000
230.000000 51.000000 14.000000
246.000000 51.000000 16.000000
268.000000 51.000000 17.000000
385.000000 51.000000 7.000000
395.000000 51.000000 6.000000
433.000000 51.000000 11.000000
448.000000 51.000000 11.000000
544.000000 51.000000 14.000000
553.000000 51.000000 7.000000
561.000000 51.000000 24.000000
569.000000 51.000000 4.000000
575.000000 51.000000 19.000000
586.000000 51.000000 9.000000
598.000000 51.000000 7.000000
609.000000 51.000000 11.000000
623.000000 51.000000 20.000000
632.000000 51.000000 7.000000
647.000000 51.000000 21.000000
697.000000 51.000000 7.000000
710.000000 51.000000 9.000000
210.000000 52.000000 15.000000
257.000000 52.000000 7.000000
279.000000 52.000000 17.000000
373.000000 52.000000 7.000000
405.000000 52.000000 7.000000
419.000000 52.000000 11.000000
323.000000 53.000000 7.000000
335.000000 53.000000 9.000000
350.000000 53.000000 11.000000
364.000000 53.000000 7.000000
287.000000 54.000000 4.000000
293.000000 54.000000 4.000000
301.000000 54.000000 7.000000
312.000000 54.000000 7.000000
1062.000000 55.000000 8.000000
1049.000000 56.000000 7.000000
1085.000000 57.000000 11.000000
1145.000000 57.000000 11.000000
1161.000000 57.000000 10.000000
1193.000000 57.000000 10.000000
1209.000000 57.000000 9.000000
1098.000000 58.000000 11.000000
1119.000000 58.000000 10.000000
1134.000000 58.000000 9.000000
1174.000000 58.000000 10.000000
1221.000000 59.000000 11.000000
1015.000000 60.000000 11.000000
1028.000000 60.000000 17.000000
1037.000000 60.000000 16.000000
986.000000 62.000000 7.000000
1001.000000 62.000000 10.000000
946.000000 63.000000 8.000000
961.000000 63.000000 10.000000
977.000000 63.000000 14.000000
880.000000 64.000000 11.000000
903.000000 64.000000 9.000000
914.000000 64.000000 7.000000
923.000000 64.000000 7.000000
934.000000 64.000000 7.000000
892.000000 65.000000 8.000000
830.000000 66.000000 11.000000
841.000000 66.000000 14.000000
867.000000 66.000000 10.000000
799.000000 67.000000 11.000000
805.000000 67.000000 11.000000
817.000000 67.000000 10.000000
855.000000 67.000000 10.000000
861.000000 67.000000 4.000000
1198.000000 76.000000 16.000000
1215.000000 76.000000 12.000000
1098.000000 77.000000 11.000000
1121.000000 77.000000 16.000000
1129.000000 77.000000 14.000000
1148.000000 77.000000 11.000000
1163.000000 77.000000 9.000000
1176.000000 77.000000 7.000000
1188.000000 77.000000 7.000000
1084.000000 78.000000 11.000000
1060.000000 79.000000 9.000000
1073.000000 79.000000 7.000000
1109.000000 79.000000 7.000000
1040.000000 80.000000 7.000000
1050.000000 80.000000 7.000000
271.000000 81.000000 11.000000
282.000000 81.000000 20.000000
1017.000000 81.000000 9.000000
1031.000000 81.000000 14.000000
253.000000 82.000000 11.000000
193.000000 83.000000 24.000000
237.000000 83.000000 11.000000
909.000000 83.000000 7.000000
954.000000 83.000000 9.000000
966.000000 83.000000 7.000000
979.000000 83.000000 9.000000
991.000000 83.000000 11.000000
1005.000000 83.000000 11.000000
218.000000 84.000000 14.000000
886.000000 84.000000 10.000000
898.000000 84.000000 7.000000
921.000000 84.000000 7.000000
932.000000 84.000000 7.000000
943.000000 84.000000 7.000000
803.000000 85.000000 11.000000
852.000000 85.000000 11.000000
867.000000 85.000000 11.000000
874.000000 85.000000 4.000000
815.000000 86.000000 7.000000
826.000000 86.000000 7.000000
840.000000 86.000000 10.000000
1145.000000 95.000000 10.000000
1162.000000 96.000000 10.000000
1178.000000 97.000000 11.000000
1079.000000 100.000000 11.000000
1093.000000 100.000000 11.000000
1110.000000 101.000000 14.000000
193.000000 128.000000 24.000000
210.000000 130.000000 7.000000
222.000000 130.000000 21.000000
233.000000 131.000000 21.000000
249.000000 131.000000 20.000000
259.000000 131.000000 21.000000
274.000000 131.000000 17.000000
559.000000 131.000000 21.000000
96.000000 132.000000 26.000000
294.000000 132.000000 30.000000
315.000000 132.000000 17.000000
360.000000 132.000000 15.000000
440.000000 132.000000 7.000000
468.000000 132.000000 7.000000
477.000000 132.000000 17.000000
525.000000 132.000000 17.000000
583.000000 132.000000 21.000000
336.000000 133.000000 14.000000
381.000000 133.000000 11.000000
431.000000 133.000000 21.000000
455.000000 133.000000 14.000000
499.000000 133.000000 17.000000
597.000000 133.000000 11.000000
617.000000 133.000000 19.000000
400.000000 134.000000 14.000000
416.000000 134.000000 11.000000
546.000000 134.000000 7.000000
79.000000 135.000000 11.000000
649.000000 135.000000 17.000000
683.000000 135.000000 24.000000
67.000000 136.000000 19.000000
669.000000 136.000000 28.000000
704.000000 136.000000 14.000000
769.000000 137.000000 31.000000
943.000000 137.000000 24.000000
727.000000 138.000000 17.000000
750.000000 138.000000 16.000000
783.000000 138.000000 27.000000
926.000000 138.000000 11.000000
966.000000 138.000000 11.000000
980.000000 138.000000 24.000000
1053.000000 138.000000 7.000000
814.000000 139.000000 6.000000
842.000000 139.000000 17.000000
867.000000 139.000000 19.000000
896.000000 139.000000 24.000000
911.000000 139.000000 23.000000
1062.000000 139.000000 7.000000
801.000000 140.000000 11.000000
824.000000 140.000000 7.000000
879.000000 140.000000 21.000000
1003.000000 140.000000 17.000000
1020.000000 140.000000 14.000000
1040.000000 140.000000 21.000000
1075.000000 140.000000 18.000000
82.000000 164.000000 24.000000
896.000000 164.000000 11.000000
856.000000 165.000000 7.000000
866.000000 165.000000 10.000000
915.000000 165.000000 13.000000
847.000000 166.000000 7.000000
905.000000 166.000000 4.000000
882.000000 167.000000 8.000000
65.000000 169.000000 28.000000
499.000000 180.000000 7.000000
1034.000000 183.000000 30.000000
247.000000 185.000000 11.000000
260.000000 185.000000 21.000000
182.000000 186.000000 23.000000
289.000000 186.000000 17.000000
343.000000 186.000000 19.000000
195.000000 187.000000 27.000000
231.000000 187.000000 28.000000
313.000000 187.000000 17.000000
486.000000 187.000000 11.000000
635.000000 187.000000 14.000000
1019.000000 187.000000 24.000000
211.000000 188.000000 24.000000
368.000000 188.000000 20.000000
397.000000 188.000000 14.000000
412.000000 188.000000 7.000000
426.000000 188.000000 28.000000
446.000000 188.000000 21.000000
468.000000 188.000000 14.000000
518.000000 188.000000 13.000000
533.000000 188.000000 11.000000
544.000000 188.000000 19.000000
563.000000 188.000000 16.000000
590.000000 188.000000 17.000000
833.000000 188.000000 24.000000
1001.000000 188.000000 7.000000
613.000000 189.000000 16.000000
703.000000 189.000000 21.000000
822.000000 189.000000 31.000000
981.000000 189.000000 17.000000
1050.000000 189.000000 38.000000
656.000000 190.000000 15.000000
691.000000 190.000000 11.000000
720.000000 190.000000 26.000000
731.000000 190.000000 17.000000
757.000000 190.000000 14.000000
778.000000 190.000000 14.000000
799.000000 190.000000 17.000000
884.000000 190.000000 7.000000
907.000000 190.000000 17.000000
930.000000 190.000000 17.000000
677.000000 191.000000 11.000000
739.000000 191.000000 28.000000
855.000000 191.000000 17.000000
872.000000 191.000000 9.000000
957.000000 191.000000 16.000000
1077.000000 191.000000 21.000000
500.000000 193.000000 10.000000
584.000000 214.000000 10.000000
659.000000 214.000000 6.000000
677.000000 214.000000 7.000000
517.000000 215.000000 11.000000
532.000000 215.000000 11.000000
570.000000 215.000000 7.000000
595.000000 215.000000 7.000000
649.000000 215.000000 7.000000
668.000000 215.000000 7.000000
687.000000 215.000000 7.000000
698.000000 215.000000 15.000000
546.000000 216.000000 7.000000
557.000000 216.000000 9.000000
603.000000 216.000000 5.000000
612.000000 216.000000 7.000000
622.000000 216.000000 11.000000
637.000000 216.000000 7.000000
440.000000 217.000000 11.000000
502.000000 217.000000 11.000000
228.000000 218.000000 16.000000
454.000000 218.000000 10.000000
467.000000 218.000000 9.000000
478.000000 218.000000 7.000000
488.000000 218.000000 16.000000
209.000000 219.000000 14.000000
219.000000 219.000000 8.000000
179.000000 221.000000 10.000000
191.000000 221.000000 7.000000
201.000000 221.000000 6.000000
820.000000 226.000000 10.000000
1089.000000 229.000000 17.000000
185.000000 243.000000 17.000000
314.000000 243.000000 17.000000
748.000000 243.000000 21.000000
828.000000 243.000000 6.000000
864.000000 243.000000 7.000000
396.000000 244.000000 19.000000
512.000000 244.000000 21.000000
617.000000 244.000000 19.000000
643.000000 244.000000 16.000000
666.000000 244.000000 14.000000
724.000000 244.000000 14.000000
762.000000 244.000000 7.000000
782.000000 244.000000 16.000000
852.000000 244.000000 9.000000
207.000000 245.000000 17.000000
233.000000 245.000000 14.000000
253.000000 245.000000 11.000000
269.000000 245.000000 28.000000
290.000000 245.000000 17.000000
363.000000 245.000000 19.000000
471.000000 245.000000 11.000000
484.000000 245.000000 9.000000
498.000000 245.000000 9.000000
522.000000 245.000000 19.000000
541.000000 245.000000 21.000000
571.000000 245.000000 11.000000
585.000000 245.000000 17.000000
705.000000 245.000000 14.000000
838.000000 245.000000 23.000000
876.000000 245.000000 7.000000
1012.000000 245.000000 31.000000
1042.000000 245.000000 34.000000
336.000000 246.000000 14.000000
441.000000 246.000000 20.000000
453.000000 246.000000 11.000000
555.000000 246.000000 11.000000
686.000000 246.000000 14.000000
801.000000 246.000000 33.000000
886.000000 246.000000 17.000000
1066.000000 246.000000 17.000000
1087.000000 246.000000 17.000000
416.000000 247.000000 17.000000
814.000000 247.000000 24.000000
909.000000 247.000000 28.000000
976.000000 247.000000 28.000000
990.000000 247.000000 11.000000
434.000000 248.000000 14.000000
926.000000 248.000000 28.000000
937.000000 248.000000 31.000000
957.000000 248.000000 14.000000
184.000000 277.000000 11.000000
170.000000 278.000000 11.000000
700.000000 281.000000 10.000000
816.000000 294.000000 14.000000
249.000000 296.000000 10.000000
262.000000 296.000000 9.000000
558.000000 296.000000 32.000000
570.000000 296.000000 7.000000
189.000000 297.000000 17.000000
306.000000 297.000000 17.000000
931.000000 297.000000 21.000000
210.000000 298.000000 33.000000
234.000000 298.000000 24.000000
274.000000 298.000000 7.000000
286.000000 298.000000 11.000000
366.000000 298.000000 14.000000
390.000000 298.000000 17.000000
467.000000 298.000000 6.000000
538.000000 298.000000 14.000000
582.000000 298.000000 21.000000
603.000000 298.000000 28.000000
769.000000 298.000000 17.000000
796.000000 298.000000 17.000000
846.000000 298.000000 31.000000
866.000000 298.000000 14.000000
885.000000 298.000000 11.000000
989.000000 298.000000 14.000000
1048.000000 298.000000 32.000000
411.000000 299.000000 16.000000
433.000000 299.000000 21.000000
456.000000 299.000000 17.000000
477.000000 299.000000 24.000000
490.000000 299.000000 11.000000
592.000000 299.000000 6.000000
746.000000 299.000000 14.000000
834.000000 299.000000 7.000000
900.000000 299.000000 14.000000
955.000000 299.000000 31.000000
969.000000 299.000000 30.000000
1007.000000 299.000000 11.000000
1035.000000 299.000000 11.000000
1068.000000 299.000000 27.000000
350.000000 300.000000 11.000000
447.000000 300.000000 7.000000
506.000000 300.000000 11.000000
675.000000 300.000000 14.000000
692.000000 300.000000 11.000000
708.000000 300.000000 11.000000
726.000000 300.000000 14.000000
917.000000 300.000000 11.000000
1022.000000 300.000000 7.000000
332.000000 301.000000 28.000000
521.000000 301.000000 10.000000
618.000000 301.000000 11.000000
650.000000 301.000000 28.000000
1088.000000 301.000000 29.000000
1098.000000 301.000000 21.000000
633.000000 302.000000 24.000000
210.000000 342.000000 34.000000
225.000000 343.000000 7.000000
236.000000 344.000000 7.000000
187.000000 345.000000 33.000000
248.000000 345.000000 21.000000
269.000000 345.000000 14.000000
307.000000 345.000000 7.000000
339.000000 345.000000 17.000000
433.000000 345.000000 7.000000
530.000000 345.000000 11.000000
582.000000 345.000000 9.000000
291.000000 346.000000 14.000000
318.000000 346.000000 9.000000
379.000000 346.000000 14.000000
456.000000 346.000000 11.000000
607.000000 346.000000 7.000000
361.000000 347.000000 14.000000
400.000000 347.000000 17.000000
421.000000 347.000000 31.000000
471.000000 347.000000 9.000000
501.000000 347.000000 12.000000
517.000000 347.000000 11.000000
595.000000 347.000000 7.000000
635.000000 347.000000 7.000000
646.000000 347.000000 21.000000
664.000000 347.000000 26.000000
675.000000 347.000000 24.000000
445.000000 348.000000 7.000000
567.000000 348.000000 11.000000
620.000000 348.000000 11.000000
486.000000 349.000000 11.000000
552.000000 349.000000 14.000000
794.000000 349.000000 14.000000
894.000000 349.000000 21.000000
692.000000 350.000000 7.000000
708.000000 350.000000 23.000000
744.000000 350.000000 14.000000
813.000000 350.000000 11.000000
838.000000 350.000000 7.000000
954.000000 350.000000 24.000000
972.000000 350.000000 17.000000
984.000000 350.000000 7.000000
995.000000 350.000000 19.000000
1061.000000 350.000000 7.000000
1069.000000 350.000000 17.000000
762.000000 351.000000 28.000000
850.000000 351.000000 9.000000
924.000000 351.000000 14.000000
943.000000 351.000000 34.000000
775.000000 352.000000 31.000000
827.000000 352.000000 7.000000
869.000000 352.000000 16.000000
904.000000 352.000000 31.000000
1020.000000 352.000000 17.000000
1044.000000 352.000000 14.000000
728.000000 353.000000 26.000000
519.000000 379.000000 17.000000
678.000000 379.000000 15.000000
462.000000 380.000000 15.000000
507.000000 380.000000 19.000000
442.000000 381.000000 11.000000
453.000000 381.000000 7.000000
698.000000 381.000000 7.000000
688.000000 382.000000 7.000000
711.000000 382.000000 9.000000
723.000000 382.000000 7.000000
734.000000 383.000000 17.000000
741.000000 383.000000 13.000000
250.000000 385.000000 10.000000
252.000000 406.000000 21.000000
212.000000 407.000000 37.000000
227.000000 407.000000 7.000000
239.000000 407.000000 11.000000
265.000000 407.000000 7.000000
336.000000 407.000000 20.000000
583.000000 407.000000 20.000000
599.000000 407.000000 22.000000
607.000000 407.000000 16.000000
635.000000 407.000000 19.000000
661.000000 407.000000 24.000000
675.000000 407.000000 35.000000
1010.000000 407.000000 28.000000
1065.000000 407.000000 34.000000
186.000000 408.000000 21.000000
393.000000 408.000000 31.000000
939.000000 408.000000 17.000000
964.000000 408.000000 17.000000
1076.000000 408.000000 23.000000
277.000000 409.000000 31.000000
347.000000 409.000000 21.000000
373.000000 409.000000 31.000000
446.000000 409.000000 17.000000
471.000000 409.000000 17.000000
542.000000 409.000000 11.000000
559.000000 409.000000 11.000000
693.000000 409.000000 17.000000
733.000000 409.000000 11.000000
771.000000 409.000000 14.000000
988.000000 409.000000 14.000000
1044.000000 409.000000 21.000000
294.000000 410.000000 24.000000
311.000000 410.000000 8.000000
322.000000 410.000000 21.000000
360.000000 410.000000 7.000000
407.000000 410.000000 7.000000
420.000000 410.000000 21.000000
492.000000 410.000000 17.000000
572.000000 410.000000 7.000000
717.000000 410.000000 11.000000
751.000000 410.000000 14.000000
818.000000 410.000000 18.000000
523.000000 411.000000 16.000000
795.000000 411.000000 17.000000
824.000000 411.000000 17.000000
847.000000 411.000000 21.000000
872.000000 411.000000 28.000000
888.000000 411.000000 14.000000
912.000000 411.000000 17.000000
503.000000 412.000000 7.000000
819.000000 433.000000 9.000000
807.000000 434.000000 9.000000
181.000000 454.000000 22.000000
327.000000 455.000000 11.000000
193.000000 456.000000 25.000000
236.000000 456.000000 6.000000
245.000000 456.000000 6.000000
722.000000 456.000000 17.000000
226.000000 457.000000 7.000000
254.000000 457.000000 24.000000
268.000000 457.000000 6.000000
312.000000 457.000000 7.000000
340.000000 457.000000 7.000000
460.000000 457.000000 11.000000
482.000000 457.000000 6.000000
514.000000 457.000000 28.000000
540.000000 457.000000 11.000000
589.000000 457.000000 21.000000
640.000000 457.000000 37.000000
769.000000 457.000000 21.000000
796.000000 457.000000 17.000000
209.000000 458.000000 14.000000
219.000000 458.000000 4.000000
299.000000 458.000000 11.000000
557.000000 458.000000 24.000000
619.000000 458.000000 17.000000
704.000000 458.000000 7.000000
742.000000 458.000000 14.000000
943.000000 458.000000 31.000000
1038.000000 458.000000 21.000000
1048.000000 458.000000 21.000000
286.000000 459.000000 6.000000
353.000000 459.000000 21.000000
420.000000 459.000000 14.000000
472.000000 459.000000 7.000000
494.000000 459.000000 18.000000
528.000000 459.000000 7.000000
666.000000 459.000000 17.000000
834.000000 459.000000 7.000000
994.000000 459.000000 7.000000
1008.000000 459.000000 24.000000
1025.000000 459.000000 7.000000
1076.000000 459.000000 21.000000
276.000000 460.000000 7.000000
373.000000 460.000000 14.000000
405.000000 460.000000 7.000000
441.000000 460.000000 13.000000
570.000000 460.000000 11.000000
690.000000 460.000000 38.000000
820.000000 460.000000 11.000000
930.000000 460.000000 7.000000
956.000000 460.000000 21.000000
980.000000 460.000000 21.000000
392.000000 461.000000 11.000000
850.000000 462.000000 31.000000
871.000000 462.000000 14.000000
918.000000 462.000000 21.000000
893.000000 463.000000 21.000000
536.000000 489.000000 6.000000
523.000000 490.000000 17.000000
317.000000 491.000000 12.000000
323.000000 491.000000 17.000000
345.000000 491.000000 7.000000
354.000000 491.000000 7.000000
393.000000 491.000000 7.000000
403.000000 491.000000 7.000000
413.000000 491.000000 7.000000
428.000000 491.000000 11.000000
494.000000 491.000000 7.000000
334.000000 492.000000 16.000000
362.000000 492.000000 7.000000
372.000000 492.000000 7.000000
382.000000 492.000000 7.000000
441.000000 492.000000 10.000000
456.000000 492.000000 12.000000
465.000000 492.000000 4.000000
472.000000 492.000000 17.000000
483.000000 492.000000 7.000000
505.000000 492.000000 14.000000
512.000000 492.000000 14.000000
211.000000 532.000000 30.000000
264.000000 532.000000 31.000000
