2161
2161
2161
2161
2161
2161
2168
2168
2163
2163
2163
2163
2163
2163
2166
2166
2166
2167
2164
2160
2160
2160
2160
2160
2160
2160
2160
2160
2160
2160
2160
2160
2160
2160
2160
2160
2160
2160
2160
2160
2160
2160
2160
2160
2160
2160
2160
2160
2160
2160
2160
2160
2160
2160
2160
2160
2160
2160
2160
2160
2160
2160
2160
2160
2160
2160
2160
2160
2160
2162
2162
2162
2162
2162
2162
2198
2184
2183
2183
2183
2183
2184
2184
2184
2184
2184
2183
2169
2169
2169
2169
2169
2169
2169
2162
2160
2160
2160
2162
2160
2160
2160
2160
2160
2160
2160
2160
2160
2160
2160
2160
2160
2160
2160
2160
2160
2160
2160
2160
2160
2160
2160
2160
2160
2160
2160
2160
2160
2160
2160
2160
2160
2160
2160
2160
2160
2160
2160
2160
2160
2160
2160
2160
2160
2160
2160
2160
2160
2160
2160
2160
2169
2169
2169
2185
2185
2185
2185
2185
2185
2182
2182
2182
2182
2182
2160
2160
2160
2160
2160
2160
2160
2160
2160
2160
2160
2160
2160
2160
2160
2160
2160
2160
2160
2160
2160
2160
2160
2160
2160
2160
2160
2160
2160
2160
2160
2160
2160
2160
2160
2160
2160
2160
2160
2160
2160
2160
2160
2160
2160
2160
2160
2160
2160
2160
2160
2160
2160
2160
2160
2160
2160
2160
2160
2186
2186
2187
2186
2186
2187
2186
2188
2188
2188
2188
2188
2188
2191
2191
2188
2160
2160
2160
2160
2160
2160
2160
2160
2160
2160
2160
2160
2160
2160
2160
2160
2160
2160
2160
2160
2160
2160
2160
2160
2160
2160
2160
2160
2160
2160
2160
2160
2160
2160
2160
2160
2160
2160
2160
2160
2160
2160
2160
2160
2160
2160
2160
2160
2160
2160
2160
2160
2160
2160
2160
2160
2160
2160
2160
2160
2160
2160
2160
2181
2181
2194
2181
2181
2181
2194
2194
2194
2194
2194
2194
2194
2193
2193
2192
2193
2193
2193
2192
2193
2193
2193
2192
2192
2192
2192
2192
2192
2192
2192
2192
2192
2192
2192
2160
2160
2160
2160
2160
2160
2160
2160
2160
2160
2160
2160
2160
2160
2160
2160
2160
2160
2160
2160
2160
2160
2160
2160
2160
2160
2160
2160
2160
2160
2160
2160
2160
2160
2160
2160
2160
2160
2160
2160
2160
2160
2160
2160
2160
2160
2160
2160
2160
2160
2160
2160
2160
2160
2160
2160
2179
2179
2179
2179
2179
2179
2180
2180
2180
2180
2180
2180
2195
2196
2196
2196
2196
2196
2195
2195
2195
2196
2195
2195
2195
2195
2196
2196
2196
2195
2197
2160
2160
2160
2160
2160
2160
2160
2160
2160
2160
2160
2160
2160
2160
2160
2160
2160
2160
2160
2160
2160
2160
2160
2160
2160
2160
2160
2160
2160
2160
2160
2160
2160
2160
2160
2160
2160
2160
2160
2160
2160
2160
2160
2160
2160
2160
2160
2160
2160
2160
2160
2160
2160
2160
2160
2176
2174
2173
2176
2176
2176
2176
2176
2174
2174
2174
2173
2173
2176
2176
2176
2174
2173
2173
2173
2173
2173
2176
2174
2172
2172
2172
2172
2172
2175
2160
2160
2160
2160
2160
2160
2160
2160
2160
2160
2160
2160
2160
2160
2160
2160
2160
2160
2160
2160
2160
2160
2160
2160
2160
2160
2160
2160
2160
2160
2160
2160
2160
2160
2160
2160
2160
2160
2160
2160
2160
2160
2160
2160
2160
2160
2160
2160
2160
2160
2160
2160
2160
2160
2160
2171
2171
2171
2171
2171
2178
2178
2178
2178
2178
2178
2178