2794
2794
2784
2784
2784
2784
2784
2784
2788
2788
2788
2788
2791
2791
2791
2791
2791
2791
2791
2792
2792
2791
2791
2791
2792
2791
2792
2792
2792
2789
2781
2781
2781
2781
2781
2781
2781
2781
2781
2781
2781
2781
2781
2781
2781
2781
2781
2781
2781
2781
2781
2783
2783
2781
2781
2781
2781
2781
2781
2783
2783
2783
2783
2783
2781
2781
2781
2781
2781
2781
2781
2781
2781
2781
2781
2783
2783
2783
2781
2781
2781
2781
2781
2781
2781
2781
2781
2781
2781
2781
2783
2783
2783
2783
2783
2783
2783
2783
2783
2783
2783
2798
2799
2798
2796
2796
2799
2799
2799
2798
2798
2798
2798
2796
2799
2798
2798
2796
2796
2796
2797
2797
2797
2797
2797
2797
2797
2781
2781
2781
2781
2781
2781
2781
2781
2781
2781
2781
2781
2781
2781
2781
2781
2781
2781
2781
2781
2781
2781
2781
2781
2781
2781
2781
2781
2781
2781
2781
2781
2781
2781
2781
2781
2781
2781
2781
2781
2781
2781
2781
2781
2781
2781
2781
2781
2781
2781
2781
2781
2781
2781
2781
2781
2781
2781
2781
2801
2800
2800
2801
2801
2801
2800
2800
2801
2801
2801
2801
2801
2801
2801
2802
2802
2802
2802
2802
2800
2800
2800
2800
2801
2802
2802
2804
2802
2804
2803
2781
2781
2781
2781
2781
2781
2781
2781
2781
2781
2781
2781
2781
2781
2781
2781
2781
2781
2781
2781
2781
2781
2781
2781
2781
2781
2781
2781
2781
2781
2781
2781
2781
2781
2781
2781
2781
2781
2781
2781
2781
2781
2781
2781
2781
2781
2781
2781
2781
2781
2808
2808
2808
2806
2806
2805
2805
2805
2808
2808
2808
2808
2808
2806
2806
2806
2806
2806
2806
2805
2805
2805
2805
2805
2808
2808
2806
2806
2806
2809
2809
2807
2809
2809
2808
2808
2808
2808
2808
2795
2795
2795
2795
2795
2795
2795
2795
2795
2781
2781
2781
2781
2781
2781
2781
2781
2795
2781
2781
2781
2781
2781
2781
2781
2781
2781
2781
2781
2781
2781
2781
2781
2781
2781
2781
2781
2781
2781
2781
2781
2781
2781
2781
2781
2781
2781
2781
2781
2781
2781
2781
2781
2781
2781
2781
2781
2781
2781
2814
2814
2814
2815
2814
2814
2815
2814
2814
2814
2814
2814
2814
2814
2814
2815
2815
2815
2811
2811
2811
2814
2814
2811
2811
2811
2811
2811
2811
2811
2811
2811
2813
2810
2810
2810
2810
2810
2810
2810
2810
2781
2781
2781
2781
2781
2781
2781
2781
2781
2781
2781
2781
2781
2781
2781
2781
2781
2781
2781
2781
2781
2781
2781
2781
2781
2781
2781
2781
2781
2781
2781
2781
2781
2781
2781
2781
2781
2781
2781
2781
2781
2781
2781
2781
2781
2781
2781
2781
2781
2781
2781
2781
2781
2816
2816
2819
2819
2816
2816
2816
2819
2818
2816
2819
2819
2819
2819
2818
2819
2818
2818
2817
2817
2818
2817
2817
2817
2818
2781
2781
2781
2781
2781
2781
2781
2781
2781
2781
2781
2781
2781
2781
2781
2781
2781
2781
2781
2781
2781
2781
2781
2781
2781
2781
2781
2781
2781
2781
2781
2781
2781
2781
2781
2781
2781
2781
2781
2781
2781
2781
2781
2781
2781
2781
2781
2781
2781
2781
2781
2781
2781
2820
2820
2820
2820
2820
2820
2821
2824
2824
2821
2821
2821
2821
2824
2821
2821
2821
2821
2821
2821
2823
2823
2823
2823
2823
2824
2824
2821
2821
2821
2821
2821
2824
2824
2781
2781
2781
2781
2781
2781
2781
2781
2781
2781
2781
2781
2781
2781
2781
2781
2781
2781
2781
2781
2781
2781
2781
2781
2781
2781
2781
2781
2781
2781
2781
2781
2781
2781
2781
2781
2781
2781
2781
2781
2781
2781
2781
2781
2781
2781
2781
2781
2781
2781
2781
2781
2781
2781
2781
2781
2781