3040
3040
3040
3040
3040
3040
3033
3033
3033
3039
3039
3038
3035
3039
3039
3038
3038
3038
3038
3038
3035
3035
3039
3038
3038
3035
3035
3035
3035
3035
3035
3036
3036
3039
3036
3036
3037
3034
2991
2991
2991
2991
2991
2991
2991
2991
2991
2991
2991
2991
2991
2991
2991
2991
2991
2991
2991
2991
2991
2991
2991
2991
2991
2991
2991
2991
2991
2991
2991
2991
2991
2991
2991
2991
2991
2991
2991
2991
2991
2991
2991
2991
2991
2991
2991
2991
2991
2991
3029
3029
3029
3029
3029
3029
3029
3030
3030
3030
3030
3030
3031
3030
3030
3031
3031
3031
3032
3032
3032
3032
3031
3031
3031
3023
2991
2991
2991
2991
2991
2991
2991
2991
2991
2991
2991
2991
2991
2991
2991
2991
2991
2991
2991
2991
2991
2991
2991
2991
2991
2991
2991
2991
2991
2991
2991
2991
2991
2991
2991
2991
2991
2991
2991
2991
2991
2991
2991
2991
2991
2991
2991
2991
2991
2991
2991
2991
2991
2991
2991
3028
3028
3026
3028
3027
3027
3027
3027
3026
3026
3026
3026
3026
3026
3024
3028
3028
3024
3024
3024
3027
3027
3024
3025
3022
3022
3022
3022
3022
3022
-1
2991
2991
2991
2991
2991
2991
2991
2991
2991
2991
2991
2991
2991
2991
2991
2991
2991
2991
2991
2991
2991
2991
2991
2991
2991
2991
2991
2991
2991
2991
2991
2991
2991
2991
2991
2991
2991
2991
2991
2991
2991
2991
2991
2991
2991
2991
2991
2991
2991
2991
2991
2991
2991
2991
2991
2991
2991
2991
2996
2992
2996
2996
2996
2992
2992
2992
2993
2993
2993
2996
2992
2992
2992
2992
2993
2993
2997
2992
2992
2993
2993
2997
2997
2997
2997
2997
2997
2992
2992
2994
2991
2991
2991
2991
2991
2991
2991
2991
2991
2991
2991
2991
2991
2991
2991
2991
2991
2991
2991
2991
2991
2991
2991
2991
2991
2991
2991
2991
2991
2991
2991
2991
2991
2991
2991
2991
2991
2991
2991
2991
2991
2991
2991
2991
2991
2991
2991
2991
2991
2991
2991
2991
2991
2991
2991
3000
3000
2998
2998
2998
2998
3000
3000
3000
3000
3000
3000
2999
2998
2998
2998
2998
2998
2998
2998
2998
2998
3001
2991
2991
2991
2991
2991
2991
2991
2991
2991
2991
2991
2991
2991
2991
2991
2991
2991
2991
2991
2991
2991
2991
2991
2991
2991
2991
2991
2991
2991
2991
2991
2991
2991
2991
2991
2991
2991
2991
2991
2991
2991
2991
2991
2991
2991
2991
2991
2991
2991
2991
2991
2991
2991
2991
2991
2991
2991
3002
3002
3002
3002
3002
3020
3020
3020
3003
3002
3015
3015
3020
3020
3020
3005
3007
3015
3015
3019
3019
3019
3019
3005
3015
3015
3019
3019
3019
3019
3005
3005
3005
3007
3007
3007
3007
3015
3015
3005
3005
3005
3005
3018
3004
2991
2991
2991
2991
2991
2991
2991
2991
2991
2991
2991
2991
2991
2991
2991
2991
2991
2991
2991
2991
2991
2991
2991
2991
2991
2991
2991
2991
2991
2991
2991
2991
2991
2991
2991
2991
2991
2991
2991
2991
2991
2991
2991
2991
2991
2991
2991
2991
2991
2991
2991
2991
3013
3012
3012
3012
3012
3008
3013
3012
3012
3012
3012
3012
3012
3012
3012
3008
3008
3008
3008
3013
3013
3013
3013
3012
3009
3009
3008
3013
3009
3008
3013
3011
3011
3011
3011
3009
3021
3021
3011
3011
3011
3010
3010
3010
3010
3009
3009
3021
3021
3021
3021
3011
3010
3021
-1
2991
2991
2991
2991
2991
2991
2991
2991
2991
2991
2991
2991
2991
2991
2991
2991
2991
2991
2991
2991
2991
2991
2991
2991
2991
2991
2991
2991
2991
2991
2991
2991
2991
2991
2991
2991
2991
2991
2991
2991
2991
2991
2991
2991
2991
2991
2991
2991
2991
2991
2991
2991
2991
2991
2991
2991
3014
3014
3014
3014
3014
3014