0.232000 0.056000 0.023200
0.204000 0.056800 0.008800
0.216800 0.056800 0.008800
0.167200 0.059200 0.016800
0.187200 0.059200 0.011200
0.858400 0.060800 0.025600
0.873600 0.060800 0.029600
0.324000 0.083200 0.008800
0.334400 0.083200 0.007200
0.344800 0.084000 0.008800
0.366400 0.084000 0.008800
0.376800 0.084000 0.008000
0.387200 0.084000 0.008800
0.352000 0.084800 0.012000
0.357600 0.084800 0.011200
0.220800 0.092000 0.008000
0.796000 0.100800 0.011200
0.839200 0.100800 0.013600
0.853600 0.100800 0.019200
0.774400 0.101600 0.016800
0.781600 0.101600 0.022400
0.812800 0.101600 0.008800
0.823200 0.101600 0.005600
0.830400 0.101600 0.005600
0.721600 0.102400 0.019200
0.866400 0.102400 0.016800
0.757600 0.103200 0.011200
0.873600 0.103200 0.015200
0.160800 0.104000 0.013600
0.552800 0.104000 0.013600
0.708000 0.104000 0.008800
0.742400 0.104000 0.027200
0.443200 0.104800 0.008800
0.647200 0.104800 0.016800
0.668000 0.104800 0.013600
0.687200 0.104800 0.016800
0.698400 0.104800 0.005600
0.382400 0.105600 0.005600
0.428000 0.105600 0.022400
0.452800 0.105600 0.005600
0.462400 0.105600 0.005600
0.538400 0.105600 0.011200
0.568000 0.105600 0.005600
0.580000 0.105600 0.008800
0.594400 0.105600 0.022400
0.603200 0.105600 0.005600
0.611200 0.105600 0.011200
0.620800 0.105600 0.007200
0.629600 0.105600 0.013600
0.659200 0.105600 0.005600
0.141600 0.106400 0.014400
0.184000 0.106400 0.024800
0.264000 0.106400 0.016800
0.317600 0.106400 0.016000
0.340800 0.106400 0.016800
0.372800 0.106400 0.008800
0.413600 0.106400 0.011200
0.418400 0.106400 0.016800
0.470400 0.106400 0.016800
0.481600 0.106400 0.016800
0.488800 0.106400 0.013600
0.503200 0.106400 0.013600
0.522400 0.106400 0.012800
0.270400 0.107200 0.013600
0.360000 0.107200 0.011200
0.397600 0.107200 0.012800
0.513600 0.107200 0.003200
0.230400 0.108000 0.011200
0.250400 0.108000 0.012800
0.308000 0.108000 0.016800
0.406400 0.108000 0.005600
0.200800 0.108800 0.011200
0.213600 0.108800 0.011200
0.287200 0.108800 0.016800
0.297600 0.108800 0.008800
0.280800 0.109600 0.013600
0.896000 0.124000 0.008800
0.838400 0.124800 0.007200
0.861600 0.124800 0.005600
0.885600 0.124800 0.005600
0.795200 0.125600 0.008800
0.804800 0.125600 0.008800
0.817600 0.125600 0.011200
0.828000 0.125600 0.007200
0.848800 0.125600 0.008800
0.870400 0.125600 0.005600
0.878400 0.125600 0.005600
0.620000 0.127200 0.011200
0.228000 0.128000 0.007200
0.272800 0.128000 0.008800
0.606400 0.128000 0.010400
0.628800 0.128000 0.005600
0.635200 0.128000 0.010400
0.647200 0.128000 0.008000
0.657600 0.128000 0.008800
0.208000 0.128800 0.008000
0.217600 0.128800 0.005600
0.240000 0.128800 0.008000
0.250400 0.128800 0.008000
0.262400 0.128800 0.008800
0.828800 0.145600 0.011200
0.838400 0.145600 0.008800
0.871200 0.145600 0.013600
0.772000 0.146400 0.005600
0.848800 0.146400 0.005600
0.856800 0.146400 0.005600
0.865600 0.146400 0.013600
0.139200 0.147200 0.013600
0.158400 0.147200 0.013600
0.168000 0.147200 0.003200
0.205600 0.147200 0.008800
0.336800 0.147200 0.008800
0.405600 0.147200 0.019200
0.548000 0.147200 0.011200
0.746400 0.147200 0.008800
0.797600 0.147200 0.010400
0.814400 0.147200 0.009600
0.175200 0.148000 0.016800
0.186400 0.148000 0.005600
0.195200 0.148000 0.005600
0.220000 0.148000 0.008800
0.280800 0.148000 0.011200
0.311200 0.148000 0.011200
0.326400 0.148000 0.008800
0.350400 0.148000 0.008800
0.364000 0.148000 0.008800
0.376800 0.148000 0.008800
0.392000 0.148000 0.009600
0.430400 0.148000 0.013600
0.481600 0.148000 0.011200
0.525600 0.148000 0.022400
0.534400 0.148000 0.022400
0.576800 0.148000 0.008800
0.612800 0.148000 0.011200
0.625600 0.148000 0.016800
0.711200 0.148000 0.005600
0.764000 0.148000 0.005600
0.248000 0.148800 0.013600
0.267200 0.148800 0.008800
0.437600 0.148800 0.005600
0.447200 0.148800 0.005600
0.467200 0.148800 0.010400
0.496000 0.148800 0.008800
0.509600 0.148800 0.021600
0.588000 0.148800 0.005600
0.596800 0.148800 0.014400
0.632800 0.148800 0.013600
0.652000 0.148800 0.014400
0.661600 0.148800 0.005600
0.670400 0.148800 0.016000
0.681600 0.148800 0.005600
0.689600 0.148800 0.019200
0.702400 0.148800 0.024800
0.717600 0.148800 0.013600
0.732800 0.148800 0.009600
0.781600 0.148800 0.008800
0.232800 0.149600 0.011200
0.256800 0.149600 0.005600
0.296000 0.149600 0.011200
0.418400 0.149600 0.016800
0.453600 0.149600 0.012800
0.564000 0.149600 0.008800
0.756000 0.149600 0.005600
0.818400 0.162400 0.006400
0.828000 0.162400 0.008800
0.749600 0.163200 0.008800
0.761600 0.163200 0.005600
0.771200 0.163200 0.005600
0.805600 0.163200 0.007200
0.734400 0.164000 0.008800
0.778400 0.164000 0.004800
0.785600 0.164000 0.005600
0.796000 0.164000 0.005600
0.384800 0.168000 0.008000
0.403200 0.168000 0.008000
0.415200 0.168000 0.005600
0.424000 0.168000 0.005600
0.394400 0.168800 0.005600
0.794400 0.180800 0.011200
0.760800 0.181600 0.012000
0.778400 0.181600 0.010400
0.824000 0.181600 0.012000
0.844800 0.181600 0.013600
0.869600 0.181600 0.016000
0.732000 0.182400 0.011200
0.746400 0.182400 0.008800
0.805600 0.182400 0.013600
0.857600 0.182400 0.005600
0.684800 0.183200 0.008800
0.712000 0.183200 0.014400
0.722400 0.183200 0.008800
0.636800 0.184000 0.005600
0.462400 0.184800 0.011200
0.568800 0.184800 0.015200
0.576800 0.184800 0.004800
0.587200 0.184800 0.013600
0.628800 0.184800 0.005600
0.644800 0.184800 0.013600
0.666400 0.184800 0.013600
0.702400 0.184800 0.005600
0.292000 0.185600 0.010400
0.358400 0.185600 0.012800
0.366400 0.185600 0.005600
0.373600 0.185600 0.005600
0.444000 0.185600 0.011200
0.456800 0.185600 0.024000
0.475200 0.185600 0.008800
0.517600 0.185600 0.011200
0.604800 0.185600 0.008800
0.617600 0.185600 0.008800
0.654400 0.185600 0.013600
0.673600 0.185600 0.013600
0.695200 0.185600 0.005600
0.307200 0.186400 0.008800
0.320000 0.186400 0.008800
0.331200 0.186400 0.014400
0.381600 0.186400 0.005600
0.391200 0.186400 0.008800
0.404000 0.186400 0.011200
0.426400 0.186400 0.013600
0.488000 0.186400 0.008800
0.549600 0.186400 0.013600
0.557600 0.186400 0.016800
0.245600 0.187200 0.008800
0.260000 0.187200 0.008800
0.276800 0.187200 0.010400
0.350400 0.187200 0.008800
0.416000 0.187200 0.008800
0.502400 0.187200 0.008800
0.534400 0.187200 0.011200
0.138400 0.188000 0.013600
0.163200 0.188800 0.011200
0.213600 0.188800 0.016800
0.222400 0.188800 0.005600
0.232000 0.188800 0.008800
0.147200 0.189600 0.011200
0.169600 0.189600 0.011200
0.192800 0.189600 0.005600
0.200000 0.189600 0.011200
0.181600 0.190400 0.008800
0.776800 0.199200 0.008000
0.827200 0.200000 0.007200
0.630400 0.200800 0.008800
0.788000 0.200800 0.008000
0.798400 0.200800 0.005600
0.816800 0.200800 0.005600
0.839200 0.200800 0.007200
0.850400 0.200800 0.008800
0.863200 0.200800 0.004800
0.880800 0.200800 0.008800
0.892000 0.200800 0.016000
0.664000 0.201600 0.005600
0.807200 0.201600 0.005600
0.871200 0.201600 0.008800
0.271200 0.202400 0.005600
0.286400 0.202400 0.005600
0.641600 0.202400 0.008800
0.648800 0.202400 0.010400
0.654400 0.202400 0.008800
0.671200 0.202400 0.005600
0.680800 0.202400 0.008000
0.278400 0.203200 0.004800
0.302400 0.203200 0.006400
0.352000 0.203200 0.005600
0.360800 0.203200 0.005600
0.495200 0.203200 0.007200
0.144800 0.204000 0.005600
0.155200 0.204000 0.005600
0.293600 0.204000 0.005600
0.314400 0.204000 0.007200
0.336800 0.204000 0.005600
0.343200 0.204000 0.005600
0.368800 0.204000 0.011200
0.383200 0.204000 0.011200
0.392000 0.204000 0.008800
0.506400 0.204000 0.007200
0.537600 0.204000 0.007200
0.136000 0.204800 0.005600
0.162400 0.204800 0.005600
0.171200 0.204800 0.007200
0.183200 0.204800 0.008000
0.324000 0.204800 0.008800
0.376800 0.204800 0.005600
0.517600 0.204800 0.007200
0.527200 0.204800 0.005600
0.197600 0.205600 0.008800
0.553600 0.209600 0.006400
0.867200 0.219200 0.014400
0.741600 0.220000 0.019200
0.761600 0.220000 0.020800
0.773600 0.220000 0.008800
0.858400 0.220000 0.007200
0.245600 0.220800 0.013600
0.444800 0.220800 0.011200
0.597600 0.220800 0.016800
0.736000 0.220800 0.016800
0.786400 0.220800 0.008800
0.799200 0.220800 0.011200
0.827200 0.220800 0.016800
0.833600 0.220800 0.013600
0.846400 0.220800 0.008800
0.140800 0.221600 0.013600
0.159200 0.221600 0.011200
0.230400 0.221600 0.011200
0.412800 0.221600 0.008800
0.430400 0.221600 0.013600
0.480000 0.221600 0.013600
0.670400 0.221600 0.005600
0.686400 0.221600 0.011200
0.700800 0.221600 0.011200
0.716800 0.221600 0.016800
0.727200 0.221600 0.005600
0.814400 0.221600 0.008800
0.176800 0.222400 0.011200
0.193600 0.222400 0.010400
0.210400 0.222400 0.013600
0.265600 0.222400 0.011200
0.277600 0.222400 0.004000
0.286400 0.222400 0.013600
0.460800 0.222400 0.012800
0.496000 0.222400 0.005600
0.537600 0.222400 0.011200
0.567200 0.222400 0.016800
0.588000 0.222400 0.008000
0.607200 0.222400 0.016800
0.620000 0.222400 0.013600
0.302400 0.223200 0.011200
0.325600 0.223200 0.012000
0.331200 0.223200 0.011200
0.359200 0.223200 0.008800
0.391200 0.223200 0.005600
0.400800 0.223200 0.008800
0.488000 0.223200 0.004800
0.525600 0.223200 0.013600
0.551200 0.223200 0.011200
0.576000 0.223200 0.016800
0.635200 0.223200 0.013600
0.648000 0.223200 0.008800
0.344000 0.224000 0.008800
0.369600 0.224000 0.005600
0.380000 0.224000 0.008800
0.505600 0.224000 0.014400
0.660800 0.224000 0.007200
0.313600 0.240000 0.007200
0.324000 0.240000 0.005600
0.332800 0.240000 0.005600
0.341600 0.240000 0.006400
0.621600 0.240800 0.007200
0.631200 0.240800 0.005600
0.640800 0.240800 0.008000
0.654400 0.240800 0.005600
0.664000 0.240800 0.007200
0.677600 0.240800 0.007200
0.688000 0.240800 0.005600
0.698400 0.240800 0.008800
0.354400 0.241600 0.008800
0.580800 0.242400 0.009600
0.368000 0.247200 0.007200
0.376800 0.247200 0.007200
0.288800 0.257600 0.013600
0.249600 0.258400 0.019200
0.791200 0.258400 0.011200
0.169600 0.259200 0.008800
0.192000 0.259200 0.017600
0.212000 0.259200 0.019200
0.283200 0.259200 0.018400
0.296800 0.259200 0.004800
0.429600 0.259200 0.016800
0.447200 0.259200 0.008800
0.544800 0.259200 0.012000
0.758400 0.259200 0.013600
0.806400 0.259200 0.008800
0.200000 0.260000 0.019200
0.262400 0.260000 0.008800
0.308000 0.260000 0.013600
0.324000 0.260000 0.008800
0.348000 0.260000 0.005600
0.389600 0.260000 0.013600
0.420000 0.260000 0.007200
0.459200 0.260000 0.007200
0.477600 0.260000 0.024000
0.489600 0.260000 0.008800
0.500800 0.260000 0.016000
0.560000 0.260000 0.016800
0.582400 0.260000 0.008800
0.620000 0.260000 0.012800
0.692000 0.260000 0.015200
0.701600 0.260000 0.013600
0.720000 0.260000 0.012800
0.737600 0.260000 0.013600
0.775200 0.260000 0.008800
0.820800 0.260000 0.008800
0.140000 0.260800 0.013600
0.155200 0.260800 0.011200
0.179200 0.260800 0.018400
0.184000 0.260800 0.021600
0.225600 0.260800 0.019200
0.232000 0.260800 0.015200
0.272800 0.260800 0.007200
0.337600 0.260800 0.008800
0.355200 0.260800 0.011200
0.370400 0.260800 0.008800
0.400800 0.260800 0.016800
0.469600 0.260800 0.005600
0.508800 0.260800 0.014400
0.520800 0.260800 0.005600
0.528000 0.260800 0.013600
0.568800 0.260800 0.021600
0.613600 0.260800 0.016800
0.638400 0.260800 0.013600
0.673600 0.260800 0.012800
0.834400 0.260800 0.008800
0.848000 0.260800 0.008800
0.408800 0.261600 0.016800
0.592800 0.261600 0.005600
0.658400 0.261600 0.012000
0.858400 0.261600 0.005600
0.868000 0.261600 0.013600
0.600800 0.262400 0.011200
0.714400 0.279200 0.007200
0.661600 0.280000 0.008800
0.704000 0.280000 0.005600
0.509600 0.280800 0.007200
0.595200 0.280800 0.011200
0.671200 0.280800 0.005600
0.693600 0.280800 0.008800
0.840800 0.280800 0.003200
0.846400 0.280800 0.008800
0.498400 0.281600 0.008000
0.519200 0.281600 0.008000
0.604000 0.281600 0.007200
0.614400 0.281600 0.013600
0.680000 0.281600 0.008800
0.809600 0.281600 0.008000
0.820000 0.281600 0.007200
0.834400 0.281600 0.008800
0.856000 0.281600 0.007200
0.869600 0.281600 0.008800
0.532000 0.282400 0.010400
0.335200 0.283200 0.010400
0.344000 0.283200 0.008000
0.213600 0.284000 0.006400
0.244800 0.284000 0.005600
0.321600 0.284000 0.005600
0.329600 0.284000 0.011200
0.222400 0.284800 0.004800
0.228800 0.284800 0.010400
0.238400 0.284800 0.008800
0.251200 0.284800 0.005600
0.289600 0.284800 0.008800
0.300000 0.284800 0.008000
0.312000 0.284800 0.005600
0.353600 0.284800 0.008800
0.187200 0.285600 0.007200
0.196000 0.285600 0.003200
0.202400 0.285600 0.008800
0.260800 0.285600 0.005600
0.270400 0.285600 0.008000
0.639200 0.288800 0.008000
0.796800 0.300000 0.011200
0.139200 0.300800 0.019200
0.754400 0.300800 0.016800
0.813600 0.300800 0.011200
0.830400 0.300800 0.012800
0.855200 0.300800 0.005600
0.158400 0.301600 0.016000
0.179200 0.301600 0.016800
0.405600 0.301600 0.011200
0.496800 0.301600 0.011200
0.555200 0.301600 0.011200
0.740000 0.301600 0.011200
0.847200 0.301600 0.013600
0.863200 0.301600 0.012800
0.169600 0.302400 0.007200
0.206400 0.302400 0.013600
0.250400 0.302400 0.014400
0.260000 0.302400 0.005600
0.272800 0.302400 0.011200
0.476000 0.302400 0.004800
0.570400 0.302400 0.005600
0.707200 0.302400 0.012800
0.724000 0.302400 0.011200
0.774400 0.302400 0.008800
0.784000 0.302400 0.007200
0.193600 0.303200 0.011200
0.216800 0.303200 0.005600
0.241600 0.303200 0.015200
0.308800 0.303200 0.011200
0.364000 0.303200 0.016800
0.422400 0.303200 0.011200
0.465600 0.303200 0.008800
0.481600 0.303200 0.003200
0.510400 0.303200 0.008800
0.520000 0.303200 0.005600
0.530400 0.303200 0.008800
0.542400 0.303200 0.008800
0.580000 0.303200 0.008800
0.594400 0.303200 0.008800
0.620800 0.303200 0.007200
0.687200 0.303200 0.013600
0.764000 0.303200 0.005600
0.228000 0.304000 0.011200
0.324800 0.304000 0.008800
0.335200 0.304000 0.016800
0.350400 0.304000 0.011200
0.372000 0.304000 0.015200
0.385600 0.304000 0.012800
0.436800 0.304000 0.008800
0.451200 0.304000 0.008800
0.608800 0.304000 0.008800
0.631200 0.304000 0.008800
0.294400 0.304800 0.011200
0.486400 0.304800 0.003200
0.644000 0.304800 0.008800
0.656800 0.304800 0.008800
0.667200 0.304800 0.016800
0.373600 0.322400 0.012000
0.381600 0.323200 0.005600
0.394400 0.324000 0.008800
0.403200 0.324000 0.005600
0.410400 0.324000 0.005600
0.431200 0.324000 0.008800
0.784000 0.324000 0.008800
0.795200 0.324000 0.008000
0.175200 0.324800 0.011200
0.420800 0.324800 0.007200
0.535200 0.324800 0.008800
0.544800 0.324800 0.011200
0.583200 0.324800 0.011200
0.588800 0.324800 0.008800
0.746400 0.324800 0.011200
0.756000 0.324800 0.011200
0.762400 0.324800 0.011200
0.773600 0.324800 0.008000
0.805600 0.324800 0.008800
0.144000 0.325600 0.007200
0.155200 0.325600 0.007200
0.166400 0.325600 0.007200
0.181600 0.325600 0.005600
0.190400 0.325600 0.005600
0.203200 0.325600 0.008000
0.550400 0.325600 0.008800
0.572000 0.325600 0.008800
0.728800 0.325600 0.009600
0.734400 0.325600 0.013600
0.816800 0.325600 0.008800
0.133600 0.326400 0.008800
0.560800 0.326400 0.008000
0.465600 0.327200 0.008800
0.135200 0.343200 0.013600
0.157600 0.343200 0.011200
0.191200 0.343200 0.011200
0.173600 0.344000 0.009600
0.209600 0.344000 0.011200
0.226400 0.344000 0.011200
0.268800 0.344000 0.008800
0.300000 0.344000 0.011200
0.312800 0.344000 0.005600
0.337600 0.344000 0.021600
0.244800 0.344800 0.011200
0.256800 0.344800 0.008800
0.283200 0.344800 0.011200
0.321600 0.344800 0.016800
0.384000 0.344800 0.015200
0.416800 0.344800 0.008800
0.360800 0.345600 0.011200
0.393600 0.345600 0.005600
0.402400 0.345600 0.013600
0.431200 0.345600 0.008800
0.442400 0.345600 0.018400
0.449600 0.345600 0.013600
0.464800 0.345600 0.011200
0.480000 0.345600 0.011200
0.492800 0.345600 0.008800
0.714400 0.345600 0.013600
0.502400 0.346400 0.005600
0.513600 0.346400 0.015200
0.570400 0.346400 0.016000
0.723200 0.346400 0.005600
0.532800 0.347200 0.013600
0.560000 0.347200 0.016800
0.580800 0.347200 0.005600
0.731200 0.347200 0.013600
0.744800 0.347200 0.010400
0.348000 0.348000 0.005600
0.548800 0.348000 0.016800
0.590400 0.348000 0.019200
0.699200 0.348000 0.011200
0.758400 0.348000 0.008800
0.789600 0.348000 0.004800
0.864800 0.348000 0.016800
0.603200 0.348800 0.024800
0.634400 0.348800 0.011200
0.648800 0.348800 0.024800
0.684000 0.348800 0.011200
0.852800 0.348800 0.032800
0.666400 0.349600 0.012800
0.773600 0.349600 0.013600
0.797600 0.349600 0.005600
0.617600 0.350400 0.013600
0.783200 0.350400 0.004800
0.804000 0.350400 0.004800
0.844000 0.350400 0.016800
0.659200 0.351200 0.005600
0.828800 0.351200 0.011200
0.813600 0.352000 0.013600
