376.000000 72.000000 14.000000
396.000000 72.000000 14.000000
415.000000 72.000000 13.000000
423.000000 72.000000 4.000000
527.000000 72.000000 7.000000
541.000000 72.000000 11.000000
570.000000 72.000000 4.000000
578.000000 72.000000 17.000000
612.000000 72.000000 21.000000
689.000000 72.000000 30.000000
434.000000 73.000000 9.000000
452.000000 73.000000 11.000000
484.000000 73.000000 11.000000
497.000000 73.000000 24.000000
508.000000 73.000000 7.000000
515.000000 73.000000 23.000000
556.000000 73.000000 11.000000
597.000000 73.000000 14.000000
637.000000 73.000000 11.000000
652.000000 73.000000 11.000000
669.000000 73.000000 14.000000
467.000000 75.000000 11.000000
1051.000000 94.000000 23.000000
442.000000 99.000000 7.000000
413.000000 100.000000 11.000000
429.000000 100.000000 11.000000
364.000000 101.000000 28.000000
384.000000 101.000000 11.000000
400.000000 101.000000 11.000000
786.000000 138.000000 19.000000
825.000000 138.000000 33.000000
917.000000 138.000000 14.000000
1008.000000 138.000000 21.000000
1037.000000 138.000000 21.000000
897.000000 139.000000 14.000000
964.000000 139.000000 14.000000
688.000000 140.000000 17.000000
809.000000 140.000000 9.000000
848.000000 140.000000 14.000000
932.000000 140.000000 7.000000
985.000000 140.000000 17.000000
1067.000000 140.000000 17.000000
1086.000000 140.000000 11.000000
1103.000000 140.000000 27.000000
679.000000 141.000000 11.000000
871.000000 141.000000 17.000000
944.000000 141.000000 24.000000
448.000000 142.000000 7.000000
618.000000 142.000000 14.000000
709.000000 142.000000 11.000000
725.000000 142.000000 9.000000
750.000000 142.000000 7.000000
434.000000 143.000000 30.000000
643.000000 143.000000 17.000000
664.000000 143.000000 11.000000
736.000000 143.000000 20.000000
761.000000 143.000000 21.000000
494.000000 144.000000 14.000000
526.000000 144.000000 11.000000
571.000000 144.000000 21.000000
511.000000 145.000000 9.000000
545.000000 145.000000 31.000000
1018.000000 145.000000 9.000000
459.000000 146.000000 6.000000
473.000000 146.000000 14.000000
558.000000 146.000000 7.000000
582.000000 146.000000 7.000000
601.000000 146.000000 14.000000
368.000000 147.000000 16.000000
413.000000 147.000000 11.000000
142.000000 148.000000 17.000000
161.000000 148.000000 28.000000
195.000000 148.000000 30.000000
388.000000 148.000000 7.000000
399.000000 148.000000 7.000000
149.000000 149.000000 28.000000
348.000000 149.000000 14.000000
182.000000 150.000000 28.000000
215.000000 150.000000 14.000000
236.000000 150.000000 28.000000
299.000000 150.000000 17.000000
329.000000 150.000000 17.000000
380.000000 150.000000 4.000000
170.000000 151.000000 21.000000
250.000000 151.000000 26.000000
267.000000 152.000000 7.000000
280.000000 152.000000 11.000000
1051.000000 166.000000 13.000000
1042.000000 167.000000 7.000000
1058.000000 167.000000 14.000000
1068.000000 167.000000 14.000000
1032.000000 169.000000 14.000000
1015.000000 170.000000 9.000000
902.000000 171.000000 10.000000
914.000000 171.000000 10.000000
930.000000 171.000000 10.000000
947.000000 171.000000 7.000000
997.000000 171.000000 11.000000
959.000000 172.000000 7.000000
969.000000 172.000000 7.000000
978.000000 172.000000 7.000000
986.000000 172.000000 7.000000
1026.000000 172.000000 14.000000
366.000000 173.000000 4.000000
374.000000 173.000000 6.000000
401.000000 173.000000 10.000000
385.000000 174.000000 7.000000
394.000000 174.000000 4.000000
413.000000 174.000000 7.000000
424.000000 174.000000 14.000000
345.000000 175.000000 8.000000
357.000000 175.000000 7.000000
214.000000 177.000000 8.000000
681.000000 194.000000 21.000000
756.000000 194.000000 4.000000
808.000000 194.000000 17.000000
873.000000 194.000000 10.000000
887.000000 194.000000 7.000000
903.000000 194.000000 11.000000
933.000000 194.000000 11.000000
951.000000 194.000000 13.000000
572.000000 195.000000 7.000000
694.000000 195.000000 7.000000
705.000000 195.000000 28.000000
748.000000 195.000000 7.000000
779.000000 195.000000 14.000000
788.000000 195.000000 21.000000
833.000000 195.000000 14.000000
856.000000 195.000000 17.000000
919.000000 195.000000 9.000000
973.000000 195.000000 18.000000
653.000000 196.000000 27.000000
673.000000 196.000000 17.000000
722.000000 196.000000 34.000000
763.000000 196.000000 11.000000
1014.000000 196.000000 11.000000
1029.000000 196.000000 21.000000
1053.000000 196.000000 11.000000
382.000000 197.000000 15.000000
583.000000 197.000000 7.000000
618.000000 197.000000 30.000000
739.000000 197.000000 31.000000
999.000000 197.000000 11.000000
1038.000000 197.000000 22.000000
454.000000 198.000000 19.000000
530.000000 198.000000 7.000000
1071.000000 198.000000 14.000000
144.000000 199.000000 24.000000
252.000000 199.000000 17.000000
336.000000 199.000000 14.000000
358.000000 199.000000 15.000000
433.000000 199.000000 14.000000
467.000000 199.000000 6.000000
494.000000 199.000000 14.000000
514.000000 199.000000 11.000000
542.000000 199.000000 9.000000
559.000000 199.000000 11.000000
598.000000 199.000000 11.000000
1097.000000 199.000000 9.000000
177.000000 200.000000 16.000000
403.000000 200.000000 20.000000
414.000000 200.000000 11.000000
477.000000 200.000000 7.000000
1085.000000 200.000000 7.000000
1110.000000 200.000000 20.000000
156.000000 201.000000 33.000000
230.000000 201.000000 28.000000
272.000000 201.000000 7.000000
314.000000 201.000000 28.000000
199.000000 202.000000 14.000000
283.000000 202.000000 11.000000
299.000000 203.000000 10.000000
986.000000 246.000000 17.000000
525.000000 247.000000 24.000000
750.000000 247.000000 7.000000
882.000000 247.000000 30.000000
1017.000000 247.000000 21.000000
651.000000 248.000000 14.000000
656.000000 248.000000 10.000000
797.000000 248.000000 14.000000
542.000000 249.000000 11.000000
673.000000 249.000000 26.000000
686.000000 249.000000 26.000000
817.000000 249.000000 11.000000
830.000000 249.000000 10.000000
863.000000 249.000000 15.000000
901.000000 249.000000 14.000000
936.000000 249.000000 6.000000
945.000000 249.000000 7.000000
961.000000 249.000000 14.000000
445.000000 250.000000 11.000000
460.000000 250.000000 9.000000
477.000000 250.000000 14.000000
517.000000 250.000000 21.000000
554.000000 250.000000 11.000000
737.000000 250.000000 23.000000
767.000000 250.000000 14.000000
783.000000 250.000000 7.000000
846.000000 250.000000 11.000000
871.000000 250.000000 7.000000
923.000000 250.000000 18.000000
1044.000000 250.000000 17.000000
1081.000000 250.000000 11.000000
210.000000 251.000000 17.000000
312.000000 251.000000 17.000000
384.000000 251.000000 14.000000
426.000000 251.000000 14.000000
638.000000 251.000000 17.000000
703.000000 251.000000 11.000000
719.000000 251.000000 11.000000
1066.000000 251.000000 12.000000
498.000000 252.000000 14.000000
571.000000 252.000000 14.000000
617.000000 252.000000 17.000000
268.000000 253.000000 12.000000
287.000000 253.000000 15.000000
334.000000 253.000000 14.000000
1100.000000 253.000000 17.000000
144.000000 254.000000 31.000000
231.000000 254.000000 10.000000
249.000000 254.000000 17.000000
262.000000 254.000000 21.000000
355.000000 254.000000 19.000000
405.000000 254.000000 14.000000
158.000000 255.000000 7.000000
168.000000 255.000000 7.000000
184.000000 255.000000 14.000000
592.000000 255.000000 14.000000
699.000000 275.000000 9.000000
711.000000 275.000000 7.000000
723.000000 275.000000 7.000000
771.000000 275.000000 9.000000
784.000000 275.000000 7.000000
734.000000 276.000000 7.000000
744.000000 276.000000 7.000000
757.000000 276.000000 9.000000
795.000000 276.000000 11.000000
943.000000 276.000000 9.000000
955.000000 276.000000 7.000000
966.000000 276.000000 7.000000
989.000000 276.000000 9.000000
975.000000 277.000000 14.000000
1000.000000 277.000000 7.000000
1010.000000 278.000000 11.000000
1087.000000 278.000000 7.000000
1097.000000 278.000000 7.000000
1107.000000 278.000000 7.000000
226.000000 279.000000 11.000000
239.000000 279.000000 9.000000
272.000000 279.000000 10.000000
424.000000 279.000000 9.000000
436.000000 279.000000 8.000000
470.000000 279.000000 4.000000
1024.000000 279.000000 7.000000
1073.000000 279.000000 9.000000
1115.000000 279.000000 4.000000
1120.000000 279.000000 9.000000
254.000000 280.000000 10.000000
288.000000 280.000000 9.000000
299.000000 280.000000 14.000000
359.000000 280.000000 9.000000
409.000000 280.000000 7.000000
447.000000 280.000000 7.000000
455.000000 280.000000 12.000000
462.000000 280.000000 11.000000
1035.000000 280.000000 9.000000
1049.000000 280.000000 9.000000
1063.000000 280.000000 9.000000
371.000000 281.000000 7.000000
382.000000 281.000000 7.000000
395.000000 281.000000 9.000000
1094.000000 291.000000 7.000000
1106.000000 291.000000 9.000000
1121.000000 292.000000 7.000000
578.000000 301.000000 14.000000
615.000000 303.000000 7.000000
628.000000 303.000000 21.000000
664.000000 303.000000 26.000000
676.000000 303.000000 17.000000
682.000000 303.000000 13.000000
696.000000 303.000000 14.000000
717.000000 303.000000 14.000000
560.000000 304.000000 11.000000
600.000000 304.000000 14.000000
653.000000 304.000000 19.000000
740.000000 304.000000 28.000000
1180.000000 304.000000 29.000000
757.000000 305.000000 14.000000
780.000000 305.000000 17.000000
493.000000 306.000000 11.000000
509.000000 306.000000 14.000000
530.000000 306.000000 17.000000
547.000000 306.000000 11.000000
1217.000000 306.000000 14.000000
410.000000 307.000000 9.000000
472.000000 307.000000 16.000000
804.000000 307.000000 17.000000
1187.000000 307.000000 26.000000
1194.000000 307.000000 48.000000
291.000000 308.000000 21.000000
393.000000 308.000000 14.000000
449.000000 308.000000 16.000000
201.000000 309.000000 6.000000
210.000000 309.000000 7.000000
228.000000 309.000000 16.000000
256.000000 309.000000 17.000000
278.000000 309.000000 7.000000
310.000000 309.000000 11.000000
328.000000 309.000000 11.000000
348.000000 309.000000 14.000000
370.000000 309.000000 14.000000
426.000000 309.000000 14.000000
833.000000 309.000000 21.000000
971.000000 309.000000 7.000000
1004.000000 309.000000 11.000000
148.000000 310.000000 24.000000
169.000000 310.000000 14.000000
188.000000 310.000000 11.000000
883.000000 310.000000 17.000000
906.000000 310.000000 20.000000
955.000000 310.000000 14.000000
1044.000000 310.000000 21.000000
1088.000000 310.000000 11.000000
861.000000 311.000000 17.000000
935.000000 311.000000 14.000000
985.000000 311.000000 24.000000
1070.000000 311.000000 11.000000
1017.000000 312.000000 23.000000
1103.000000 312.000000 27.000000
442.000000 334.000000 14.000000
476.000000 334.000000 10.000000
452.000000 335.000000 7.000000
489.000000 335.000000 8.000000
500.000000 335.000000 7.000000
512.000000 335.000000 17.000000
461.000000 336.000000 7.000000
169.000000 337.000000 10.000000
185.000000 337.000000 11.000000
156.000000 338.000000 7.000000
200.000000 338.000000 7.000000
237.000000 338.000000 17.000000
244.000000 338.000000 14.000000
258.000000 338.000000 9.000000
146.000000 339.000000 16.000000
213.000000 339.000000 9.000000
226.000000 339.000000 7.000000
269.000000 340.000000 7.000000
283.000000 341.000000 11.000000
304.000000 341.000000 11.000000
320.000000 341.000000 9.000000
332.000000 341.000000 9.000000
346.000000 344.000000 7.000000
362.000000 344.000000 11.000000
564.000000 346.000000 8.000000
628.000000 362.000000 7.000000
645.000000 362.000000 21.000000
763.000000 362.000000 24.000000
617.000000 363.000000 19.000000
777.000000 363.000000 9.000000
441.000000 364.000000 21.000000
493.000000 364.000000 17.000000
549.000000 364.000000 17.000000
571.000000 364.000000 14.000000
593.000000 364.000000 17.000000
671.000000 364.000000 14.000000
690.000000 364.000000 14.000000
709.000000 364.000000 14.000000
736.000000 364.000000 19.000000
792.000000 364.000000 11.000000
563.000000 365.000000 7.000000
1112.000000 365.000000 21.000000
527.000000 366.000000 21.000000
810.000000 366.000000 13.000000
146.000000 367.000000 17.000000
318.000000 367.000000 7.000000
337.000000 367.000000 14.000000
376.000000 367.000000 14.000000
394.000000 367.000000 11.000000
470.000000 367.000000 21.000000
828.000000 367.000000 11.000000
1039.000000 367.000000 11.000000
1054.000000 367.000000 11.000000
1073.000000 367.000000 11.000000
230.000000 368.000000 14.000000
250.000000 368.000000 17.000000
275.000000 368.000000 11.000000
305.000000 368.000000 11.000000
355.000000 368.000000 10.000000
430.000000 368.000000 21.000000
847.000000 368.000000 14.000000
873.000000 368.000000 9.000000
1087.000000 368.000000 7.000000
209.000000 369.000000 14.000000
290.000000 369.000000 7.000000
861.000000 369.000000 7.000000
932.000000 369.000000 16.000000
1101.000000 369.000000 11.000000
164.000000 370.000000 14.000000
183.000000 370.000000 17.000000
409.000000 370.000000 13.000000
891.000000 370.000000 14.000000
957.000000 370.000000 16.000000
979.000000 370.000000 14.000000
996.000000 371.000000 11.000000
1011.000000 371.000000 11.000000
1028.000000 371.000000 10.000000
910.000000 372.000000 14.000000
347.000000 387.000000 11.000000
354.000000 387.000000 7.000000
365.000000 387.000000 7.000000
378.000000 387.000000 8.000000
389.000000 388.000000 11.000000
396.000000 389.000000 4.000000
415.000000 389.000000 6.000000
424.000000 389.000000 8.000000
438.000000 389.000000 11.000000
405.000000 390.000000 7.000000
444.000000 390.000000 11.000000
296.000000 391.000000 12.000000
562.000000 392.000000 7.000000
657.000000 392.000000 7.000000
667.000000 392.000000 7.000000
677.000000 392.000000 7.000000
689.000000 392.000000 7.000000
699.000000 392.000000 14.000000
715.000000 392.000000 7.000000
726.000000 392.000000 11.000000
303.000000 393.000000 11.000000
315.000000 393.000000 8.000000
327.000000 393.000000 11.000000
334.000000 393.000000 5.000000
571.000000 393.000000 7.000000
607.000000 393.000000 11.000000
624.000000 393.000000 9.000000
636.000000 393.000000 7.000000
647.000000 393.000000 7.000000
706.000000 393.000000 13.000000
485.000000 394.000000 14.000000
496.000000 394.000000 7.000000
504.000000 394.000000 6.000000
552.000000 394.000000 14.000000
582.000000 394.000000 9.000000
593.000000 394.000000 7.000000
198.000000 395.000000 7.000000
512.000000 395.000000 6.000000
522.000000 395.000000 7.000000
536.000000 395.000000 11.000000
188.000000 396.000000 7.000000
152.000000 397.000000 10.000000
165.000000 397.000000 7.000000
176.000000 397.000000 7.000000
146.000000 419.000000 17.000000
167.000000 419.000000 14.000000
188.000000 419.000000 17.000000
222.000000 419.000000 21.000000
446.000000 419.000000 14.000000
1019.000000 419.000000 28.000000
1060.000000 419.000000 7.000000
1069.000000 419.000000 28.000000
1088.000000 419.000000 24.000000
386.000000 420.000000 14.000000
427.000000 420.000000 14.000000
564.000000 420.000000 17.000000
937.000000 420.000000 28.000000
970.000000 420.000000 24.000000
1100.000000 420.000000 27.000000
248.000000 421.000000 14.000000
266.000000 421.000000 7.000000
302.000000 421.000000 14.000000
405.000000 421.000000 14.000000
463.000000 421.000000 11.000000
516.000000 421.000000 14.000000
532.000000 421.000000 7.000000
669.000000 421.000000 14.000000
822.000000 421.000000 21.000000
322.000000 422.000000 14.000000
364.000000 422.000000 14.000000
488.000000 422.000000 19.000000
543.000000 422.000000 7.000000
626.000000 422.000000 14.000000
647.000000 422.000000 14.000000
915.000000 422.000000 17.000000
1003.000000 422.000000 28.000000
1050.000000 422.000000 28.000000
281.000000 423.000000 11.000000
584.000000 423.000000 17.000000
607.000000 423.000000 17.000000
691.000000 423.000000 17.000000
872.000000 423.000000 21.000000
895.000000 423.000000 14.000000
1028.000000 423.000000 21.000000
343.000000 424.000000 14.000000
717.000000 424.000000 16.000000
738.000000 424.000000 14.000000
765.000000 424.000000 19.000000
851.000000 424.000000 14.000000
985.000000 424.000000 11.000000
793.000000 425.000000 21.000000
684.000000 455.000000 16.000000
694.000000 455.000000 7.000000
706.000000 456.000000 11.000000
714.000000 456.000000 15.000000
722.000000 456.000000 11.000000
767.000000 456.000000 6.000000
734.000000 457.000000 11.000000
754.000000 457.000000 14.000000
774.000000 457.000000 14.000000
784.000000 457.000000 7.000000
794.000000 457.000000 7.000000
746.000000 458.000000 7.000000
813.000000 458.000000 8.000000
824.000000 458.000000 7.000000
833.000000 459.000000 7.000000
848.000000 459.000000 11.000000
863.000000 459.000000 11.000000
879.000000 459.000000 11.000000
892.000000 459.000000 14.000000
901.000000 459.000000 5.000000
912.000000 459.000000 14.000000
933.000000 459.000000 11.000000
944.000000 459.000000 6.000000
920.000000 460.000000 17.000000
958.000000 460.000000 11.000000
974.000000 460.000000 21.000000
984.000000 461.000000 17.000000
