0.672000 0.028800 0.007200
0.805600 0.038400 0.004800
0.784800 0.039200 0.005600
0.812800 0.039200 0.005600
0.823200 0.039200 0.005600
0.832000 0.039200 0.005600
0.840800 0.039200 0.013600
0.150400 0.040000 0.008800
0.163200 0.040000 0.008800
0.176000 0.040000 0.008800
0.577600 0.040000 0.013600
0.633600 0.040000 0.008800
0.664800 0.040000 0.011200
0.752000 0.040000 0.008800
0.769600 0.040000 0.004000
0.776000 0.040000 0.005600
0.792000 0.040000 0.005600
0.799200 0.040000 0.004800
0.845600 0.040000 0.009600
0.864800 0.040000 0.015200
0.186400 0.040800 0.007200
0.207200 0.040800 0.008800
0.332800 0.040800 0.008800
0.516800 0.040800 0.008000
0.527200 0.040800 0.005600
0.540000 0.040800 0.008800
0.549600 0.040800 0.007200
0.560000 0.040800 0.013600
0.568000 0.040800 0.005600
0.588800 0.040800 0.005600
0.621600 0.040800 0.008800
0.671200 0.040800 0.003200
0.707200 0.040800 0.013600
0.763200 0.040800 0.005600
0.856800 0.040800 0.008800
0.196000 0.041600 0.007200
0.216000 0.041600 0.013600
0.221600 0.041600 0.008800
0.260000 0.041600 0.005600
0.266400 0.041600 0.003200
0.289600 0.041600 0.008800
0.310400 0.041600 0.013600
0.347200 0.041600 0.009600
0.362400 0.041600 0.008800
0.372000 0.041600 0.007200
0.382400 0.041600 0.008800
0.404800 0.041600 0.013600
0.412000 0.041600 0.003200
0.596000 0.041600 0.005600
0.603200 0.041600 0.012800
0.612000 0.041600 0.013600
0.644000 0.041600 0.007200
0.652800 0.041600 0.016000
0.678400 0.041600 0.005600
0.686400 0.041600 0.017600
0.699200 0.041600 0.005600
0.728000 0.041600 0.013600
0.741600 0.041600 0.013600
0.231200 0.042400 0.011200
0.237600 0.042400 0.011200
0.244800 0.042400 0.005600
0.252000 0.042400 0.005600
0.272000 0.042400 0.004000
0.279200 0.042400 0.005600
0.301600 0.042400 0.013600
0.316800 0.042400 0.011200
0.323200 0.042400 0.005600
0.395200 0.042400 0.008800
0.419200 0.042400 0.005600
0.428800 0.042400 0.007200
0.438400 0.042400 0.013600
0.462400 0.042400 0.005600
0.472800 0.042400 0.007200
0.481600 0.042400 0.005600
0.492000 0.042400 0.008800
0.505600 0.042400 0.008800
0.718400 0.042400 0.005600
0.444800 0.043200 0.005600
0.453600 0.043200 0.005600
0.912800 0.044800 0.009600
0.900800 0.045600 0.011200
0.928000 0.046400 0.022400
0.125600 0.048000 0.005600
0.117600 0.048800 0.016800
0.088800 0.049600 0.013600
0.097600 0.049600 0.005600
0.105600 0.049600 0.016800
0.072800 0.050400 0.020800
0.150400 0.057600 0.008800
0.160800 0.057600 0.011200
0.176800 0.059200 0.008800
0.194400 0.060800 0.008800
0.204000 0.060800 0.005600
0.220000 0.060800 0.005600
0.228800 0.060800 0.005600
0.212800 0.061600 0.005600
0.238400 0.061600 0.005600
0.316000 0.061600 0.005600
0.252800 0.062400 0.005600
0.260800 0.062400 0.005600
0.362400 0.062400 0.005600
0.434400 0.062400 0.005600
0.442400 0.062400 0.005600
0.455200 0.062400 0.003200
0.621600 0.062400 0.011200
0.631200 0.062400 0.013600
0.246400 0.063200 0.005600
0.270400 0.063200 0.007200
0.368800 0.063200 0.005600
0.384800 0.063200 0.011200
0.418400 0.063200 0.013600
0.427200 0.063200 0.005600
0.450400 0.063200 0.003200
0.462400 0.063200 0.010400
0.472800 0.063200 0.005600
0.602400 0.063200 0.011200
0.615200 0.063200 0.005600
0.281600 0.064000 0.008800
0.295200 0.064000 0.012000
0.304000 0.064000 0.015200
0.309600 0.064000 0.003200
0.324000 0.064000 0.005600
0.331200 0.064000 0.013600
0.341600 0.064000 0.008800
0.352800 0.064000 0.008800
0.378400 0.064000 0.013600
0.399200 0.064000 0.011200
0.404800 0.064000 0.013600
0.480000 0.064000 0.005600
0.492800 0.064000 0.008800
0.504800 0.064000 0.008000
0.516800 0.064000 0.008800
0.544000 0.064000 0.011200
0.577600 0.064000 0.008800
0.588800 0.064000 0.016800
0.526400 0.064800 0.015200
0.556800 0.064800 0.008800
0.567200 0.064800 0.007200
0.951200 0.080800 0.013600
0.933600 0.081600 0.005600
0.942400 0.081600 0.005600
0.960000 0.081600 0.013600
0.892800 0.082400 0.003200
0.904800 0.082400 0.010400
0.925600 0.082400 0.005600
0.964800 0.082400 0.011200
0.887200 0.083200 0.008800
0.897600 0.083200 0.003200
0.916000 0.083200 0.007200
0.845600 0.084000 0.006400
0.854400 0.084000 0.005600
0.863200 0.084000 0.007200
0.875200 0.084000 0.008000
0.835200 0.084800 0.006400
0.135200 0.085600 0.011200
0.165600 0.085600 0.007200
0.174400 0.085600 0.003200
0.798400 0.085600 0.007200
0.825600 0.085600 0.008800
0.157600 0.086400 0.004800
0.180000 0.086400 0.012800
0.188800 0.086400 0.005600
0.197600 0.086400 0.005600
0.788000 0.086400 0.005600
0.808000 0.086400 0.015200
0.813600 0.086400 0.009600
0.140000 0.087200 0.015200
0.150400 0.087200 0.005600
0.207200 0.087200 0.005600
0.214400 0.087200 0.005600
0.673600 0.087200 0.008800
0.746400 0.087200 0.008800
0.757600 0.087200 0.008800
0.771200 0.087200 0.011200
0.780800 0.087200 0.005600
0.224800 0.088000 0.007200
0.235200 0.088000 0.007200
0.588800 0.088000 0.008800
0.614400 0.088000 0.011200
0.623200 0.088000 0.011200
0.662400 0.088000 0.008000
0.685600 0.088000 0.008000
0.696000 0.088000 0.008000
0.707200 0.088000 0.005600
0.713600 0.088000 0.010400
0.739200 0.088000 0.005600
0.252800 0.088800 0.006400
0.263200 0.088800 0.007200
0.599200 0.088800 0.008800
0.608800 0.088800 0.011200
0.636800 0.088800 0.008800
0.652000 0.088800 0.011200
0.720000 0.088800 0.005600
0.728000 0.088800 0.011200
0.244800 0.089600 0.007200
0.647200 0.089600 0.008800
0.836000 0.096000 0.005600
0.849600 0.097600 0.008800
0.855200 0.097600 0.003200
0.863200 0.097600 0.009600
0.876000 0.098400 0.008800
0.883200 0.099200 0.011200
0.889600 0.099200 0.010400
0.896000 0.099200 0.011200
0.903200 0.099200 0.005600
0.910400 0.099200 0.005600
0.928000 0.099200 0.005600
0.920000 0.100000 0.011200
0.231200 0.106400 0.005600
0.238400 0.107200 0.011200
0.249600 0.107200 0.005600
0.149600 0.108000 0.013600
0.164000 0.108000 0.011200
0.204000 0.108000 0.005600
0.212800 0.108000 0.013600
0.223200 0.108000 0.013600
0.242400 0.108000 0.014400
0.261600 0.108000 0.011200
0.341600 0.108000 0.005600
0.349600 0.108000 0.005600
0.379200 0.108000 0.011200
0.180800 0.108800 0.011200
0.196000 0.108800 0.013600
0.277600 0.108800 0.011200
0.322400 0.108800 0.005600
0.333600 0.108800 0.015200
0.363200 0.108800 0.011200
0.392800 0.108800 0.008800
0.316000 0.109600 0.004000
0.408000 0.109600 0.011200
0.424800 0.109600 0.013600
0.444800 0.109600 0.011200
0.458400 0.109600 0.008800
0.471200 0.109600 0.008800
0.488000 0.109600 0.011200
0.502400 0.109600 0.008800
0.563200 0.109600 0.008800
0.734400 0.109600 0.011200
0.293600 0.110400 0.011200
0.518400 0.110400 0.011200
0.552000 0.110400 0.019200
0.604800 0.110400 0.005600
0.612800 0.110400 0.005600
0.630400 0.110400 0.008800
0.656000 0.110400 0.007200
0.308000 0.111200 0.012800
0.533600 0.111200 0.016800
0.544000 0.111200 0.005600
0.573600 0.111200 0.005600
0.592000 0.111200 0.010400
0.643200 0.111200 0.008800
0.668000 0.111200 0.008800
0.682400 0.111200 0.011200
0.697600 0.111200 0.016800
0.720800 0.111200 0.011200
0.752000 0.111200 0.011200
0.580800 0.112000 0.005600
0.705600 0.112000 0.016800
0.766400 0.112800 0.008800
0.781600 0.112800 0.013600
0.792000 0.112800 0.005600
0.804000 0.112800 0.009600
0.846400 0.112800 0.011200
0.856000 0.112800 0.011200
0.819200 0.113600 0.008800
0.832000 0.113600 0.008800
0.864800 0.129600 0.005600
0.872000 0.129600 0.011200
0.919200 0.129600 0.008800
0.942400 0.129600 0.005600
0.950400 0.129600 0.007200
0.886400 0.130400 0.008800
0.899200 0.130400 0.008800
0.908000 0.130400 0.003200
0.960000 0.130400 0.005600
0.965600 0.130400 0.011200
0.975200 0.130400 0.012800
0.771200 0.131200 0.008800
0.781600 0.131200 0.007200
0.793600 0.131200 0.008000
0.804000 0.131200 0.005600
0.841600 0.131200 0.010400
0.852000 0.131200 0.008800
0.858400 0.131200 0.003200
0.932000 0.131200 0.008800
0.756000 0.132000 0.010400
0.813600 0.132000 0.007200
0.828000 0.132000 0.010400
0.835200 0.132000 0.005600
0.823200 0.132800 0.008800
0.945600 0.145600 0.009600
0.972800 0.145600 0.007200
0.884000 0.146400 0.007200
0.894400 0.146400 0.005600
0.904800 0.146400 0.005600
0.938400 0.146400 0.005600
0.957600 0.146400 0.005600
0.963200 0.146400 0.008800
0.600000 0.147200 0.012800
0.930400 0.147200 0.007200
0.580000 0.148000 0.012800
0.718400 0.148000 0.015200
0.912800 0.148000 0.005600
0.920800 0.148000 0.005600
0.147200 0.148800 0.019200
0.156800 0.148800 0.005600
0.619200 0.148800 0.011200
0.636800 0.148800 0.011200
0.730400 0.148800 0.005600
0.168000 0.149600 0.016000
0.188800 0.149600 0.016800
0.207200 0.149600 0.015200
0.227200 0.149600 0.013600
0.244800 0.149600 0.016000
0.533600 0.149600 0.013600
0.656800 0.149600 0.011200
0.176800 0.150400 0.016800
0.217600 0.150400 0.005600
0.255200 0.150400 0.020800
0.283200 0.150400 0.011200
0.499200 0.150400 0.013600
0.561600 0.150400 0.008800
0.738400 0.150400 0.012000
0.753600 0.150400 0.011200
0.267200 0.151200 0.011200
0.397600 0.151200 0.011200
0.426400 0.151200 0.010400
0.436800 0.151200 0.024800
0.446400 0.151200 0.008800
0.472000 0.151200 0.013600
0.481600 0.151200 0.005600
0.514400 0.151200 0.011200
0.680000 0.151200 0.013600
0.696000 0.151200 0.011200
0.771200 0.151200 0.010400
0.793600 0.151200 0.011200
0.297600 0.152000 0.011200
0.344800 0.152000 0.011200
0.360000 0.152000 0.011200
0.381600 0.152000 0.011200
0.459200 0.152000 0.009600
0.549600 0.152000 0.008800
0.811200 0.152000 0.010400
0.864800 0.152000 0.013600
0.313600 0.152800 0.011200
0.410400 0.152800 0.011200
0.848000 0.152800 0.012800
0.329600 0.153600 0.011200
0.827200 0.153600 0.011200
0.884800 0.160000 0.008000
0.894400 0.160800 0.007200
0.905600 0.162400 0.007200
0.914400 0.162400 0.005600
0.933600 0.162400 0.007200
0.971200 0.162400 0.008800
0.924800 0.163200 0.007200
0.947200 0.163200 0.008800
0.960800 0.163200 0.007200
0.623200 0.164000 0.007200
0.636000 0.164000 0.005600
0.654400 0.164000 0.008000
0.424000 0.164800 0.008800
0.607200 0.164800 0.006400
0.616000 0.164800 0.004800
0.644800 0.164800 0.004800
0.432800 0.165600 0.005600
0.523200 0.165600 0.011200
0.568000 0.165600 0.008800
0.582400 0.165600 0.007200
0.593600 0.165600 0.007200
0.440000 0.166400 0.005600
0.492800 0.166400 0.007200
0.506400 0.166400 0.008000
0.517600 0.166400 0.008800
0.532800 0.166400 0.005600
0.541600 0.166400 0.008000
0.556800 0.166400 0.007200
0.450400 0.167200 0.007200
0.460000 0.167200 0.007200
0.472000 0.167200 0.007200
0.483200 0.167200 0.006400
0.769600 0.167200 0.008000
0.779200 0.167200 0.006400
0.788800 0.167200 0.005600
0.806400 0.167200 0.007200
0.816000 0.167200 0.007200
0.825600 0.167200 0.005600
0.836000 0.167200 0.007200
0.209600 0.168000 0.007200
0.219200 0.168000 0.008800
0.390400 0.168000 0.007200
0.708800 0.168000 0.008800
0.719200 0.168000 0.008000
0.796000 0.168000 0.005600
0.368000 0.168800 0.007200
0.379200 0.168800 0.006400
0.400000 0.168800 0.005600
0.728800 0.168800 0.003200
0.735200 0.168800 0.009600
0.303200 0.169600 0.007200
0.406400 0.169600 0.004800
0.293600 0.170400 0.005600
0.287200 0.171200 0.004800
0.313600 0.171200 0.007200
0.318400 0.171200 0.003200
0.325600 0.171200 0.009600
0.864000 0.171200 0.008800
0.640800 0.174400 0.006400
0.651200 0.174400 0.004800
0.660000 0.174400 0.006400
0.881600 0.175200 0.011200
0.278400 0.176000 0.007200
0.604000 0.176000 0.005600
0.612000 0.176000 0.005600
0.622400 0.176000 0.005600
0.631200 0.176000 0.005600
0.889600 0.176000 0.005600
0.596000 0.176800 0.007200
0.898400 0.176800 0.005600
0.905600 0.176800 0.007200
0.916000 0.176800 0.007200
0.924800 0.177600 0.005600
0.935200 0.177600 0.007200
0.955200 0.177600 0.005600
0.962400 0.177600 0.005600
0.972800 0.177600 0.008000
0.945600 0.178400 0.006400
0.150400 0.187200 0.018400
0.845600 0.187200 0.011200
0.193600 0.188000 0.013600
0.754400 0.188000 0.011200
0.767200 0.188000 0.007200
0.828800 0.188000 0.011200
0.176000 0.188800 0.016000
0.209600 0.188800 0.011200
0.386400 0.188800 0.013600
0.415200 0.188800 0.016000
0.431200 0.188800 0.008800
0.455200 0.188800 0.011200
0.512800 0.188800 0.011200
0.550400 0.188800 0.013600
0.703200 0.188800 0.012800
0.741600 0.188800 0.011200
0.780000 0.188800 0.011200
0.812800 0.188800 0.011200
0.163200 0.189600 0.005600
0.224000 0.189600 0.019200
0.364800 0.189600 0.012800
0.404000 0.189600 0.016800
0.441600 0.189600 0.008800
0.479200 0.189600 0.013600
0.497600 0.189600 0.011200
0.530400 0.189600 0.013600
0.605600 0.189600 0.009600
0.649600 0.189600 0.010400
0.687200 0.189600 0.013600
0.725600 0.189600 0.011200
0.322400 0.190400 0.011200
0.339200 0.190400 0.019200
0.568000 0.190400 0.011200
0.581600 0.190400 0.008800
0.592800 0.190400 0.007200
0.617600 0.190400 0.008800
0.631200 0.190400 0.010400
0.665600 0.190400 0.010400
0.680000 0.190400 0.012800
0.796800 0.190400 0.011200
0.864000 0.190400 0.011200
0.234400 0.191200 0.021600
0.351200 0.191200 0.008800
0.880800 0.191200 0.008000
0.246400 0.192000 0.019200
0.284800 0.192000 0.013600
0.303200 0.192000 0.013600
0.890400 0.192000 0.007200
0.903200 0.192000 0.008800
0.264000 0.192800 0.013600
0.915200 0.193600 0.005600
0.923200 0.193600 0.008800
0.969600 0.193600 0.008800
0.934400 0.194400 0.008000
0.948800 0.194400 0.008800
0.959200 0.195200 0.008800
0.700000 0.208000 0.011200
0.810400 0.208000 0.008800
0.828800 0.208000 0.008800
0.884000 0.208000 0.008000
0.500000 0.208800 0.003200
0.646400 0.208800 0.011200
0.654400 0.208800 0.003200
0.688800 0.208800 0.007200
0.708000 0.208800 0.013600
0.713600 0.208800 0.003200
0.719200 0.208800 0.011200
0.746400 0.208800 0.007200
0.841600 0.208800 0.008000
0.854400 0.208800 0.007200
0.895200 0.208800 0.007200
0.904000 0.208800 0.005600
0.493600 0.209600 0.008800
0.518400 0.209600 0.008800
0.524000 0.209600 0.003200
0.538400 0.209600 0.005600
0.547200 0.209600 0.005600
0.559200 0.209600 0.008000
0.660800 0.209600 0.009600
0.674400 0.209600 0.010400
0.680800 0.209600 0.005600
0.728000 0.209600 0.007200
0.737600 0.209600 0.005600
0.865600 0.209600 0.008800
0.911200 0.209600 0.005600
0.947200 0.209600 0.007200
0.451200 0.210400 0.008800
0.462400 0.210400 0.005600
0.484000 0.210400 0.008800
0.505600 0.210400 0.009600
0.512800 0.210400 0.003200
0.529600 0.210400 0.008800
0.756000 0.210400 0.008800
0.769600 0.210400 0.008800
0.922400 0.210400 0.007200
0.936000 0.210400 0.008000
0.377600 0.211200 0.011200
0.388800 0.211200 0.008800
0.397600 0.211200 0.005600
0.418400 0.211200 0.008000
0.429600 0.211200 0.007200
0.438400 0.211200 0.008800
0.472000 0.211200 0.008800
0.956000 0.211200 0.005600
0.965600 0.211200 0.007200
0.975200 0.211200 0.005600
0.982400 0.211200 0.011200
0.407200 0.212000 0.007200
0.149600 0.212800 0.008800
0.160000 0.212800 0.007200
0.279200 0.212800 0.008800
0.170400 0.213600 0.007200
0.180000 0.213600 0.007200
0.290400 0.213600 0.008000
0.191200 0.214400 0.007200
0.200800 0.214400 0.005600
0.314400 0.214400 0.011200
0.320000 0.214400 0.010400
0.210400 0.215200 0.005600
0.220800 0.215200 0.008800
0.303200 0.215200 0.008000
0.792000 0.215200 0.008000
0.883200 0.224000 0.009600
0.888000 0.224000 0.011200
0.898400 0.224800 0.008000
0.910400 0.224800 0.007200
0.923200 0.225600 0.008800
0.938400 0.226400 0.011200
0.836800 0.229600 0.016800
0.848000 0.229600 0.016800
0.790400 0.230400 0.008800
0.822400 0.230400 0.013600
0.800800 0.231200 0.016000
0.865600 0.231200 0.013600
0.777600 0.232000 0.016800
0.651200 0.232800 0.012800
0.745600 0.232800 0.015200
0.768000 0.232800 0.011200
0.148800 0.233600 0.012800
0.180800 0.233600 0.012800
0.525600 0.233600 0.005600
0.627200 0.233600 0.008800
0.637600 0.233600 0.008800
0.672800 0.233600 0.011200
0.691200 0.233600 0.013600
0.726400 0.233600 0.013600
0.166400 0.234400 0.011200
0.200800 0.234400 0.012800
0.217600 0.234400 0.011200
0.251200 0.234400 0.013600
0.276800 0.234400 0.011200
0.320800 0.234400 0.005600
0.352800 0.234400 0.011200
0.368800 0.234400 0.012800
0.448800 0.234400 0.016000
0.480800 0.234400 0.005600
0.517600 0.234400 0.005600
0.534400 0.234400 0.013600
0.605600 0.234400 0.013600
0.709600 0.234400 0.013600
0.233600 0.235200 0.011200
0.336000 0.235200 0.013600
0.442400 0.235200 0.013600
0.461600 0.235200 0.008800
0.472800 0.235200 0.005600
0.488800 0.235200 0.005600
0.504000 0.235200 0.011200
0.551200 0.235200 0.011200
0.585600 0.235200 0.013600
0.308000 0.236000 0.011200
0.388800 0.236000 0.011200
0.404800 0.236000 0.011200
0.423200 0.236000 0.013600
0.568800 0.236000 0.011200
0.616800 0.236000 0.004000
0.262400 0.236800 0.008800
0.292000 0.236800 0.011200
0.756800 0.251200 0.012800
0.800800 0.251200 0.007200
0.766400 0.252000 0.008800
0.779200 0.252000 0.008800
0.791200 0.252000 0.007200
0.810400 0.252000 0.011200
0.816800 0.252000 0.005600
0.825600 0.252000 0.005600
0.834400 0.252800 0.012800
0.849600 0.252800 0.011200
0.627200 0.253600 0.010400
0.639200 0.253600 0.008000
0.671200 0.253600 0.010400
0.161600 0.254400 0.008800
0.256000 0.254400 0.008800
0.266400 0.254400 0.010400
0.648800 0.254400 0.005600
0.656800 0.254400 0.011200
0.145600 0.255200 0.010400
0.150400 0.255200 0.011200
0.172000 0.255200 0.007200
0.317600 0.255200 0.006400
0.326400 0.255200 0.013600
0.603200 0.255200 0.008800
0.620800 0.255200 0.004800
0.183200 0.256000 0.007200
0.203200 0.256000 0.008800
0.284000 0.256000 0.008800
0.296800 0.256000 0.008000
0.307200 0.256000 0.007200
0.612800 0.256000 0.005600
0.193600 0.256800 0.007200
0.412000 0.256800 0.012800
0.428800 0.256800 0.008800
0.440800 0.256800 0.008000
0.452800 0.256800 0.008800
0.465600 0.256800 0.008800
0.477600 0.256800 0.008800
0.420800 0.257600 0.005600
0.378400 0.260800 0.007200
0.824000 0.260800 0.004800
0.865600 0.273600 0.016800
0.718400 0.274400 0.011200
0.733600 0.274400 0.011200
0.152800 0.275200 0.011200
0.185600 0.275200 0.011200
0.197600 0.275200 0.005600
0.600800 0.275200 0.011200
0.616800 0.275200 0.010400
0.630400 0.275200 0.008800
0.640800 0.275200 0.016800
0.663200 0.275200 0.013600
0.169600 0.276000 0.011200
0.208800 0.276000 0.013600
0.225600 0.276000 0.013600
0.682400 0.276000 0.011200
0.702400 0.276000 0.013600
0.749600 0.276000 0.011200
0.765600 0.276000 0.012800
0.808000 0.276000 0.016800
0.239200 0.276800 0.019200
0.262400 0.276800 0.012800
0.309600 0.276800 0.012800
0.353600 0.276800 0.008800
0.576800 0.276800 0.016800
0.585600 0.276800 0.016800
0.784800 0.276800 0.012800
0.844000 0.276800 0.013600
0.247200 0.277600 0.005600
0.254400 0.277600 0.016800
0.277600 0.277600 0.011200
0.327200 0.277600 0.011200
0.342400 0.277600 0.016800
0.384000 0.277600 0.012800
0.401600 0.277600 0.019200
0.490400 0.277600 0.022400
0.520800 0.277600 0.011200
0.535200 0.277600 0.008800
0.546400 0.277600 0.019200
0.558400 0.277600 0.016800
0.823200 0.277600 0.011200
0.291200 0.278400 0.013600
0.468000 0.278400 0.014400
0.505600 0.278400 0.011200
0.567200 0.278400 0.005600
0.366400 0.279200 0.011200
0.432800 0.279200 0.013600
0.448800 0.279200 0.013600
0.458400 0.279200 0.005600
0.477600 0.279200 0.016800
0.416000 0.280000 0.016800
0.195200 0.294400 0.008800
0.205600 0.295200 0.008800
0.220000 0.296000 0.007200
0.228000 0.296800 0.011200
0.341600 0.298400 0.008800
0.355200 0.298400 0.007200
0.366400 0.299200 0.007200
0.377600 0.299200 0.008800
0.584000 0.299200 0.011200
0.592800 0.299200 0.012000
0.598400 0.299200 0.009600
0.550400 0.300000 0.008800
0.560800 0.300000 0.007200
0.569600 0.300000 0.005600
0.578400 0.300000 0.011200
0.149600 0.313600 0.018400
0.171200 0.314400 0.016800
0.192800 0.315200 0.016000
0.267200 0.315200 0.013600
0.201600 0.316000 0.013600
0.248800 0.316000 0.008800
0.261600 0.316000 0.020800
0.220000 0.316800 0.011200
0.235200 0.316800 0.008800
0.279200 0.316800 0.016800
0.325600 0.316800 0.011200
0.184800 0.317600 0.013600
0.364000 0.317600 0.012800
0.387200 0.317600 0.005600
0.848800 0.317600 0.005600
0.294400 0.318400 0.010400
0.309600 0.318400 0.011200
0.342400 0.318400 0.011200
0.377600 0.318400 0.008800
0.397600 0.318400 0.015200
0.404800 0.318400 0.016800
0.436800 0.318400 0.008800
0.446400 0.318400 0.005600
0.481600 0.318400 0.011200
0.497600 0.318400 0.013600
0.576000 0.318400 0.016000
0.794400 0.318400 0.011200
0.813600 0.318400 0.013600
0.857600 0.318400 0.016000
0.420000 0.319200 0.011200
0.455200 0.319200 0.005600
0.467200 0.319200 0.009600
0.548800 0.319200 0.012000
0.588000 0.319200 0.005600
0.600000 0.319200 0.016000
0.623200 0.319200 0.018400
0.837600 0.319200 0.014400
0.520800 0.320000 0.016000
0.531200 0.320000 0.008800
0.568000 0.320000 0.013600
0.652000 0.320000 0.011200
0.669600 0.320000 0.011200
0.512000 0.320800 0.008800
0.688800 0.320800 0.011200
0.704800 0.320800 0.012800
0.760800 0.320800 0.013600
0.778400 0.320800 0.011200
0.723200 0.321600 0.013600
0.741600 0.321600 0.012800
0.284000 0.338400 0.008800
0.476800 0.338400 0.010400
0.645600 0.338400 0.009600
0.831200 0.338400 0.007200
0.295200 0.339200 0.005600
0.490400 0.339200 0.010400
0.504000 0.339200 0.009600
0.551200 0.339200 0.004800
0.558400 0.339200 0.005600
0.657600 0.339200 0.007200
0.771200 0.339200 0.006400
0.804800 0.339200 0.011200
0.813600 0.339200 0.005600
0.841600 0.339200 0.005600
0.148800 0.340000 0.008800
0.160000 0.340000 0.008800
0.171200 0.340000 0.011200
0.178400 0.340000 0.005600
0.301600 0.340000 0.009600
0.498400 0.340000 0.013600
0.509600 0.340000 0.013600
0.517600 0.340000 0.011200
0.528800 0.340000 0.007200
0.544800 0.340000 0.004800
0.669600 0.340000 0.007200
0.680800 0.340000 0.006400
0.689600 0.340000 0.005600
0.696800 0.340000 0.005600
0.702400 0.340000 0.008800
0.820800 0.340000 0.005600
0.187200 0.340800 0.007200
0.226400 0.340800 0.011200
0.244000 0.340800 0.008800
0.539200 0.340800 0.009600
0.568000 0.340800 0.013600
0.712000 0.340800 0.008800
0.196800 0.341600 0.006400
0.210400 0.341600 0.008800
0.220800 0.341600 0.010400
0.235200 0.341600 0.005600
0.270400 0.341600 0.008000
0.316000 0.341600 0.008000
0.328000 0.341600 0.007200
0.574400 0.341600 0.011200
0.618400 0.341600 0.007200
0.257600 0.342400 0.008800
0.336800 0.342400 0.011200
0.349600 0.342400 0.009600
0.149600 0.359200 0.013600
0.609600 0.360000 0.011200
0.708000 0.360000 0.011200
0.758400 0.360000 0.011200
0.807200 0.360000 0.012800
0.852000 0.360000 0.012800
0.868000 0.360000 0.028800
0.276800 0.360800 0.013600
0.295200 0.360800 0.013600
0.668000 0.360800 0.012800
0.688000 0.360800 0.013600
0.724800 0.360800 0.011200
0.742400 0.360800 0.012800
0.774400 0.360800 0.023200
0.783200 0.360800 0.016800
0.827200 0.360800 0.013600
0.182400 0.361600 0.011200
0.199200 0.361600 0.011200
0.220800 0.361600 0.015200
0.238400 0.361600 0.012800
0.256000 0.361600 0.011200
0.388800 0.361600 0.011200
0.407200 0.361600 0.012800
0.593600 0.361600 0.013600
0.648800 0.361600 0.012800
0.167200 0.362400 0.011200
0.210400 0.362400 0.005600
0.315200 0.362400 0.016800
0.326400 0.362400 0.016000
0.334400 0.362400 0.013600
0.348000 0.362400 0.016800
0.426400 0.362400 0.032000
0.463200 0.362400 0.008800
0.484800 0.362400 0.015200
0.508800 0.362400 0.016800
0.564800 0.362400 0.008800
0.576000 0.362400 0.005600
0.584800 0.362400 0.005600
0.373600 0.363200 0.011200
0.452800 0.363200 0.016800
0.521600 0.363200 0.020800
0.547200 0.363200 0.012800
0.628000 0.363200 0.013600
0.496000 0.364000 0.020800
0.440800 0.364800 0.027200
0.531200 0.364800 0.014400
