0.646400 0.038400 0.020800
0.631200 0.039200 0.014400
0.514400 0.040000 0.008800
0.601600 0.040000 0.005600
0.611200 0.040000 0.007200
0.621600 0.040000 0.005600
0.640800 0.040000 0.003200
0.583200 0.040800 0.005600
0.592800 0.040800 0.005600
0.656800 0.040800 0.014400
0.480800 0.041600 0.008800
0.491200 0.041600 0.005600
0.500800 0.041600 0.019200
0.524800 0.041600 0.008800
0.544000 0.041600 0.004800
0.550400 0.041600 0.011200
0.574400 0.041600 0.005600
0.469600 0.042400 0.008800
0.536000 0.042400 0.016800
0.563200 0.042400 0.008800
0.432000 0.043200 0.018400
0.444000 0.043200 0.008800
0.455200 0.043200 0.011200
0.230400 0.068800 0.015200
0.876000 0.069600 0.008800
0.887200 0.069600 0.008800
0.899200 0.069600 0.019200
0.209600 0.070400 0.008800
0.222400 0.070400 0.020000
0.157600 0.071200 0.016800
0.197600 0.071200 0.008800
0.177600 0.072800 0.013600
0.434400 0.080000 0.011200
0.402400 0.080800 0.006400
0.387200 0.081600 0.005600
0.393600 0.081600 0.005600
0.412000 0.081600 0.005600
0.427200 0.081600 0.005600
0.789600 0.081600 0.015200
0.809600 0.081600 0.015200
0.420000 0.082400 0.005600
0.800000 0.082400 0.007200
0.358400 0.083200 0.013600
0.376800 0.083200 0.007200
0.741600 0.083200 0.012800
0.751200 0.083200 0.007200
0.759200 0.083200 0.013600
0.367200 0.084000 0.005600
0.856800 0.086400 0.011200
0.612000 0.103200 0.008800
0.624800 0.103200 0.011200
0.642400 0.104000 0.013600
0.724800 0.104000 0.008800
0.549600 0.104800 0.011200
0.600000 0.104800 0.011200
0.245600 0.105600 0.008800
0.423200 0.105600 0.013600
0.571200 0.105600 0.017600
0.584800 0.105600 0.011200
0.661600 0.105600 0.016800
0.712800 0.105600 0.011200
0.736000 0.105600 0.016800
0.744000 0.105600 0.016800
0.840000 0.105600 0.016800
0.139200 0.106400 0.016800
0.208000 0.106400 0.011200
0.233600 0.106400 0.019200
0.445600 0.106400 0.016800
0.485600 0.106400 0.005600
0.495200 0.106400 0.015200
0.512800 0.106400 0.013600
0.683200 0.106400 0.011200
0.757600 0.106400 0.017600
0.784800 0.106400 0.005600
0.796000 0.106400 0.008800
0.820800 0.106400 0.022400
0.224000 0.107200 0.024800
0.256000 0.107200 0.019200
0.273600 0.107200 0.013600
0.462400 0.107200 0.011200
0.476000 0.107200 0.008800
0.534400 0.107200 0.011200
0.668000 0.107200 0.022400
0.775200 0.107200 0.016800
0.804800 0.107200 0.016000
0.848800 0.107200 0.005600
0.193600 0.108000 0.011200
0.295200 0.108000 0.011200
0.309600 0.108000 0.022400
0.356000 0.108000 0.008800
0.367200 0.108000 0.005600
0.376000 0.108000 0.005600
0.386400 0.108000 0.016000
0.404800 0.108000 0.012800
0.697600 0.108000 0.008800
0.859200 0.108000 0.014400
0.161600 0.108800 0.013600
0.176800 0.108800 0.011200
0.321600 0.109600 0.019200
0.339200 0.110400 0.011200
0.080800 0.116000 0.008800
0.040800 0.117600 0.020800
0.068800 0.117600 0.011200
0.056000 0.118400 0.008800
0.129600 0.128800 0.008800
0.140000 0.128800 0.005600
0.149600 0.128800 0.008800
0.552000 0.129600 0.009600
0.467200 0.130400 0.013600
0.457600 0.131200 0.013600
0.155200 0.136800 0.014400
0.706400 0.142400 0.004800
0.672800 0.145600 0.008800
0.684000 0.145600 0.008000
0.696000 0.145600 0.008800
0.759200 0.145600 0.007200
0.220800 0.146400 0.019200
0.574400 0.146400 0.016800
0.716000 0.146400 0.016800
0.748000 0.146400 0.008800
0.140000 0.147200 0.015200
0.172000 0.147200 0.016800
0.210400 0.147200 0.008800
0.373600 0.147200 0.008800
0.562400 0.147200 0.005600
0.612800 0.147200 0.022400
0.732000 0.147200 0.011200
0.811200 0.147200 0.013600
0.863200 0.147200 0.029600
0.196000 0.148000 0.020800
0.306400 0.148000 0.022400
0.320000 0.148000 0.008800
0.334400 0.148000 0.011200
0.360000 0.148000 0.011200
0.384800 0.148000 0.018400
0.594400 0.148000 0.013600
0.624000 0.148000 0.022400
0.639200 0.148000 0.022400
0.660800 0.148000 0.011200
0.769600 0.148000 0.019200
0.793600 0.148000 0.013600
0.837600 0.148000 0.021600
0.851200 0.148000 0.030400
0.272000 0.148800 0.013600
0.346400 0.148800 0.008800
0.553600 0.148800 0.013600
0.827200 0.148800 0.027200
0.240000 0.149600 0.008800
0.255200 0.149600 0.011200
0.288800 0.149600 0.012800
0.422400 0.149600 0.013600
0.441600 0.149600 0.013600
0.481600 0.149600 0.019200
0.519200 0.149600 0.013600
0.538400 0.149600 0.011200
0.775200 0.149600 0.013600
0.402400 0.150400 0.012800
0.506400 0.150400 0.008800
0.526400 0.150400 0.013600
0.053600 0.151200 0.022400
0.464800 0.151200 0.013600
0.494400 0.151200 0.020000
0.041600 0.152000 0.024000
0.960800 0.161600 0.005600
0.926400 0.162400 0.016800
0.936800 0.162400 0.003200
0.943200 0.162400 0.014400
0.952800 0.162400 0.005600
0.970400 0.162400 0.014400
0.976000 0.162400 0.010400
0.904000 0.163200 0.008800
0.916000 0.163200 0.008000
0.868000 0.164000 0.008800
0.879200 0.164000 0.008800
0.890400 0.164000 0.007200
0.409600 0.170400 0.007200
0.332800 0.171200 0.012800
0.388000 0.171200 0.006400
0.399200 0.171200 0.007200
0.519200 0.171200 0.008800
0.529600 0.171200 0.008000
0.544800 0.171200 0.008800
0.553600 0.171200 0.008800
0.324000 0.172000 0.007200
0.371200 0.172000 0.011200
0.376800 0.172000 0.009600
0.312000 0.172800 0.008800
0.500800 0.172800 0.011200
0.180000 0.177600 0.012800
0.172000 0.178400 0.011200
0.280800 0.180800 0.008000
0.595200 0.189600 0.016800
0.769600 0.189600 0.005600
0.824800 0.189600 0.013600
0.848800 0.189600 0.015200
0.695200 0.190400 0.008800
0.712800 0.190400 0.015200
0.781600 0.190400 0.008800
0.408000 0.191200 0.013600
0.519200 0.191200 0.013600
0.536000 0.191200 0.013600
0.553600 0.191200 0.012800
0.572800 0.191200 0.016800
0.603200 0.191200 0.022400
0.616800 0.191200 0.008800
0.632800 0.191200 0.028800
0.744800 0.191200 0.022400
0.759200 0.191200 0.008800
0.792800 0.191200 0.007200
0.806400 0.191200 0.011200
0.427200 0.192000 0.019200
0.684000 0.192000 0.022400
0.691200 0.192000 0.003200
0.368000 0.192800 0.012800
0.386400 0.192800 0.012800
0.441600 0.192800 0.013600
0.459200 0.192800 0.013600
0.495200 0.192800 0.008800
0.507200 0.192800 0.005600
0.644000 0.192800 0.005600
0.654400 0.192800 0.008800
0.670400 0.192800 0.011200
0.301600 0.193600 0.006400
0.349600 0.193600 0.013600
0.481600 0.193600 0.011200
0.725600 0.193600 0.027200
0.147200 0.194400 0.019200
0.190400 0.194400 0.012800
0.207200 0.194400 0.008800
0.230400 0.194400 0.019200
0.244800 0.194400 0.022400
0.291200 0.194400 0.016000
0.220000 0.195200 0.007200
0.332800 0.195200 0.012800
0.169600 0.196000 0.012800
0.268000 0.196000 0.013600
0.315200 0.196000 0.016800
0.126400 0.211200 0.008800
0.113600 0.212000 0.008800
0.094400 0.212800 0.013600
0.100800 0.212800 0.011200
0.085600 0.213600 0.005600
0.750400 0.213600 0.009600
0.039200 0.214400 0.020800
0.050400 0.214400 0.011200
0.066400 0.214400 0.008800
0.076000 0.214400 0.005600
0.406400 0.215200 0.008800
0.388800 0.216000 0.012800
0.382400 0.216800 0.011200
0.397600 0.216800 0.013600
0.416000 0.216800 0.005600
0.422400 0.217600 0.005600
0.435200 0.217600 0.009600
0.430400 0.218400 0.011200
0.588800 0.232800 0.022400
0.604000 0.233600 0.016800
0.147200 0.234400 0.028000
0.361600 0.234400 0.008800
0.792000 0.234400 0.011200
0.847200 0.234400 0.013600
0.636000 0.235200 0.008800
0.663200 0.235200 0.011200
0.680800 0.235200 0.011200
0.693600 0.235200 0.024000
0.748800 0.235200 0.008800
0.830400 0.235200 0.013600
0.330400 0.236000 0.005600
0.406400 0.236000 0.013600
0.573600 0.236000 0.011200
0.622400 0.236000 0.013600
0.647200 0.236000 0.024800
0.708800 0.236000 0.011200
0.734400 0.236000 0.008800
0.776000 0.236000 0.012800
0.808800 0.236000 0.013600
0.169600 0.236800 0.013600
0.204800 0.236800 0.016800
0.315200 0.236800 0.020000
0.339200 0.236800 0.005600
0.519200 0.236800 0.015200
0.724000 0.236800 0.008800
0.759200 0.236800 0.005600
0.769600 0.236800 0.016000
0.186400 0.237600 0.013600
0.213600 0.237600 0.005600
0.225600 0.237600 0.011200
0.348800 0.237600 0.007200
0.372800 0.237600 0.005600
0.384000 0.237600 0.016800
0.416000 0.237600 0.004800
0.424000 0.237600 0.005600
0.432800 0.237600 0.005600
0.443200 0.237600 0.016000
0.458400 0.237600 0.012800
0.511200 0.237600 0.013600
0.244000 0.238400 0.011200
0.302400 0.238400 0.007200
0.474400 0.238400 0.005600
0.538400 0.238400 0.008800
0.551200 0.238400 0.008800
0.257600 0.239200 0.007200
0.268800 0.239200 0.008800
0.292000 0.239200 0.008800
0.482400 0.239200 0.012800
0.495200 0.239200 0.010400
0.528800 0.239200 0.005600
0.282400 0.240000 0.008800
0.562400 0.240000 0.005600
0.848800 0.252800 0.010400
0.531200 0.255200 0.008800
0.609600 0.255200 0.011200
0.623200 0.255200 0.008800
0.602400 0.256000 0.011200
0.524000 0.256800 0.003200
0.498400 0.257600 0.007200
0.516800 0.257600 0.005600
0.476800 0.258400 0.006400
0.487200 0.258400 0.007200
0.508800 0.258400 0.005600
0.457600 0.259200 0.013600
0.468000 0.259200 0.005600
0.246400 0.260800 0.007200
0.865600 0.273600 0.018400
0.768000 0.275200 0.007200
0.725600 0.276000 0.024000
0.741600 0.276000 0.008800
0.787200 0.276000 0.016800
0.840000 0.276000 0.011200
0.852800 0.276000 0.008000
0.546400 0.276800 0.013600
0.552000 0.276800 0.013600
0.760000 0.276800 0.005600
0.778400 0.276800 0.005600
0.825600 0.276800 0.024000
0.537600 0.277600 0.005600
0.660800 0.277600 0.008000
0.714400 0.277600 0.007200
0.752800 0.277600 0.005600
0.804800 0.277600 0.024800
0.816800 0.277600 0.008800
0.518400 0.278400 0.008800
0.529600 0.278400 0.005600
0.571200 0.278400 0.013600
0.585600 0.278400 0.013600
0.608000 0.278400 0.016000
0.648800 0.278400 0.007200
0.671200 0.278400 0.005600
0.680000 0.278400 0.005600
0.702400 0.278400 0.008800
0.198400 0.279200 0.016800
0.247200 0.279200 0.013600
0.265600 0.279200 0.016000
0.275200 0.279200 0.005600
0.291200 0.279200 0.012800
0.431200 0.279200 0.011200
0.458400 0.279200 0.011200
0.476800 0.279200 0.011200
0.562400 0.279200 0.005600
0.595200 0.279200 0.005600
0.628000 0.279200 0.016000
0.638400 0.279200 0.005600
0.688000 0.279200 0.012800
0.144000 0.280000 0.019200
0.164800 0.280000 0.024800
0.222400 0.280000 0.016800
0.336000 0.280000 0.013600
0.370400 0.280000 0.007200
0.385600 0.280000 0.013600
0.408000 0.280000 0.013600
0.443200 0.280000 0.008000
0.492000 0.280000 0.008800
0.503200 0.280000 0.010400
0.312800 0.280800 0.013600
0.358400 0.280800 0.016000
0.179200 0.282400 0.008800
0.967200 0.283200 0.005600
0.892800 0.284000 0.016800
0.919200 0.284000 0.011200
0.959200 0.284000 0.005600
0.974400 0.284000 0.012000
0.904000 0.284800 0.011200
0.948000 0.285600 0.007200
0.935200 0.286400 0.008800
0.502400 0.294400 0.004800
0.510400 0.294400 0.005600
0.519200 0.294400 0.006400
0.537600 0.294400 0.005600
0.545600 0.294400 0.011200
0.529600 0.295200 0.005600
0.964800 0.297600 0.005600
0.360800 0.298400 0.008000
0.396000 0.298400 0.008800
0.948800 0.298400 0.010400
0.416800 0.299200 0.007200
0.432000 0.299200 0.008800
0.336000 0.300000 0.008800
0.348800 0.300000 0.008000
0.405600 0.300000 0.007200
0.444800 0.300000 0.007200
0.455200 0.300000 0.008800
0.266400 0.302400 0.008000
0.200000 0.308800 0.007200
0.861600 0.312000 0.013600
0.814400 0.312800 0.016000
0.848000 0.312800 0.008800
0.779200 0.313600 0.008800
0.836800 0.313600 0.008800
0.765600 0.314400 0.013600
0.792800 0.314400 0.019200
0.736000 0.315200 0.011200
0.748800 0.315200 0.009600
0.377600 0.316000 0.016800
0.662400 0.316000 0.008800
0.673600 0.316000 0.016800
0.708000 0.316000 0.011200
0.724800 0.316000 0.011200
0.756800 0.316000 0.004800
0.480000 0.316800 0.017600
0.504000 0.316800 0.008800
0.681600 0.316800 0.013600
0.695200 0.316800 0.008800
0.628000 0.317600 0.008800
0.640800 0.317600 0.008800
0.296000 0.318400 0.019200
0.352000 0.318400 0.015200
0.652000 0.318400 0.006400
0.240000 0.319200 0.013600
0.260000 0.319200 0.019200
0.272000 0.319200 0.020800
0.284000 0.319200 0.020800
0.310400 0.319200 0.022400
0.331200 0.319200 0.013600
0.360000 0.319200 0.013600
0.492800 0.319200 0.007200
0.532000 0.319200 0.011200
0.549600 0.319200 0.012800
0.603200 0.319200 0.005600
0.402400 0.320000 0.011200
0.418400 0.320000 0.011200
0.432800 0.320000 0.008800
0.445600 0.320000 0.011200
0.468800 0.320000 0.005600
0.516800 0.320000 0.011200
0.568800 0.320000 0.011200
0.592800 0.320000 0.029600
0.609600 0.320000 0.003200
0.616800 0.320000 0.008000
0.460800 0.320800 0.012800
0.580000 0.320800 0.011200
0.178400 0.321600 0.024800
0.187200 0.322400 0.016800
0.204000 0.322400 0.011200
0.144800 0.323200 0.016800
0.162400 0.323200 0.012800
0.224800 0.323200 0.027200
0.746400 0.333600 0.012800
0.856800 0.333600 0.008800
0.873600 0.333600 0.004800
0.730400 0.334400 0.003200
0.736800 0.334400 0.008800
0.836800 0.334400 0.005600
0.844000 0.334400 0.005600
0.851200 0.334400 0.003200
0.865600 0.334400 0.012800
0.621600 0.335200 0.005600
0.632800 0.335200 0.007200
0.644000 0.335200 0.007200
0.656000 0.335200 0.007200
0.712000 0.335200 0.010400
0.724800 0.335200 0.008800
0.828000 0.335200 0.012800
0.569600 0.336000 0.007200
0.581600 0.336000 0.006400
0.592800 0.336000 0.008000
0.605600 0.336000 0.007200
0.613600 0.336000 0.005600
0.667200 0.336000 0.005600
0.686400 0.336000 0.007200
0.696800 0.336000 0.008800
0.719200 0.336000 0.003200
0.548000 0.336800 0.012000
0.675200 0.336800 0.005600
0.511200 0.337600 0.010400
0.523200 0.337600 0.005600
0.539200 0.337600 0.005600
0.504800 0.338400 0.005600
0.530400 0.338400 0.005600
0.360000 0.339200 0.009600
0.367200 0.339200 0.013600
0.374400 0.339200 0.008800
0.385600 0.339200 0.007200
0.399200 0.339200 0.008800
0.411200 0.339200 0.008000
0.888800 0.339200 0.008800
0.912000 0.339200 0.018400
0.920000 0.339200 0.016800
0.424000 0.340000 0.007200
0.435200 0.340000 0.008800
0.442400 0.340000 0.008800
0.453600 0.340000 0.007200
0.463200 0.340000 0.005600
0.471200 0.340000 0.005600
0.478400 0.340000 0.011200
0.484800 0.340000 0.005600
0.900000 0.340000 0.018400
0.908000 0.340000 0.016800
0.927200 0.340000 0.013600
0.493600 0.340800 0.008800
0.260800 0.345600 0.013600
0.270400 0.346400 0.008800
0.823200 0.357600 0.013600
0.780000 0.359200 0.013600
0.800800 0.359200 0.013600
0.855200 0.359200 0.018400
0.140000 0.360000 0.019200
0.736800 0.360000 0.008800
0.763200 0.360000 0.011200
0.145600 0.360800 0.019200
0.166400 0.360800 0.019200
0.537600 0.360800 0.018400
0.643200 0.360800 0.011200
0.659200 0.360800 0.013600
0.692000 0.360800 0.008800
0.704000 0.360800 0.008000
0.724000 0.360800 0.008800
0.841600 0.360800 0.016800
0.492000 0.361600 0.013600
0.500800 0.361600 0.016800
0.523200 0.361600 0.018400
0.564000 0.361600 0.013600
0.593600 0.361600 0.020000
0.608800 0.361600 0.011200
0.679200 0.361600 0.008800
0.748000 0.361600 0.008800
0.222400 0.362400 0.008800
0.395200 0.362400 0.013600
0.440000 0.362400 0.016800
0.510400 0.362400 0.019200
0.584000 0.362400 0.017600
0.626400 0.362400 0.011200
0.714400 0.362400 0.005600
0.179200 0.363200 0.007200
0.208000 0.363200 0.008800
0.232800 0.363200 0.005600
0.269600 0.363200 0.005600
0.344800 0.363200 0.013600
0.427200 0.363200 0.016800
0.448800 0.363200 0.016800
0.463200 0.363200 0.011200
0.476800 0.363200 0.019200
0.548800 0.363200 0.018400
0.244000 0.364000 0.016000
0.252800 0.364000 0.005600
0.262400 0.364000 0.005600
0.288800 0.364000 0.015200
0.306400 0.364000 0.013600
0.326400 0.364000 0.011200
0.371200 0.364000 0.015200
0.414400 0.364000 0.013600
0.485600 0.364000 0.016800
0.191200 0.364800 0.016800
0.281600 0.364800 0.016800
0.945600 0.372000 0.013600
0.936000 0.373600 0.015200
0.911200 0.374400 0.013600
0.929600 0.374400 0.013600
0.642400 0.385600 0.005600
0.510400 0.386400 0.012000
0.616800 0.386400 0.004800
0.624000 0.386400 0.010400
0.636000 0.386400 0.005600
0.650400 0.386400 0.005600
0.700000 0.386400 0.008800
0.876000 0.386400 0.004800
0.884000 0.386400 0.012000
0.384000 0.387200 0.005600
0.527200 0.387200 0.005600
0.534400 0.387200 0.016800
0.545600 0.387200 0.005600
0.554400 0.387200 0.008800
0.564000 0.387200 0.008800
0.590400 0.387200 0.005600
0.598400 0.387200 0.012800
0.611200 0.387200 0.010400
0.667200 0.387200 0.005600
0.689600 0.387200 0.008800
0.736000 0.387200 0.008800
0.801600 0.387200 0.008800
0.823200 0.387200 0.008800
0.834400 0.387200 0.008800
0.868800 0.387200 0.005600
0.376800 0.388000 0.005600
0.433600 0.388000 0.008800
0.445600 0.388000 0.013600
0.454400 0.388000 0.011200
0.460000 0.388000 0.005600
0.485600 0.388000 0.004800
0.494400 0.388000 0.006400
0.519200 0.388000 0.005600
0.568800 0.388000 0.011200
0.575200 0.388000 0.005600
0.582400 0.388000 0.005600
0.659200 0.388000 0.005600
0.676800 0.388000 0.007200
0.716000 0.388000 0.008800
0.726400 0.388000 0.007200
0.748800 0.388000 0.008800
0.784000 0.388000 0.007200
0.792000 0.388000 0.005600
0.812800 0.388000 0.007200
0.845600 0.388000 0.013600
0.852800 0.388000 0.005600
0.861600 0.388000 0.005600
0.396000 0.388800 0.008800
0.420800 0.388800 0.008800
0.468800 0.388800 0.007200
0.477600 0.388800 0.013600
0.760000 0.388800 0.007200
0.772000 0.388800 0.008800
0.239200 0.389600 0.003200
0.276000 0.389600 0.007200
0.288000 0.389600 0.008000
0.298400 0.389600 0.007200
0.308800 0.389600 0.008800
0.320000 0.389600 0.011200
0.326400 0.389600 0.005600
0.336000 0.389600 0.008800
0.349600 0.389600 0.008800
0.361600 0.389600 0.012000
0.369600 0.389600 0.004800
0.111200 0.390400 0.011200
0.137600 0.390400 0.008800
0.149600 0.390400 0.007200
0.160800 0.390400 0.007200
0.183200 0.390400 0.005600
0.195200 0.390400 0.008800
0.208000 0.390400 0.008000
0.227200 0.390400 0.014400
0.234400 0.390400 0.003200
0.244800 0.390400 0.008800
0.254400 0.390400 0.008800
0.265600 0.390400 0.007200
0.408800 0.390400 0.008800
0.119200 0.391200 0.003200
0.126400 0.391200 0.010400
0.169600 0.391200 0.011200
0.175200 0.391200 0.013600
0.216800 0.391200 0.005600
0.100000 0.392000 0.016800
0.915200 0.399200 0.011200
0.928000 0.399200 0.019200
0.414400 0.405600 0.006400
0.404000 0.408800 0.012000
0.377600 0.409600 0.008000
0.388000 0.409600 0.005600
0.327200 0.410400 0.007200
0.342400 0.410400 0.005600
0.364800 0.410400 0.008800
0.398400 0.410400 0.014400
0.219200 0.411200 0.012800
0.319200 0.411200 0.003200
0.336000 0.411200 0.005600
0.350400 0.411200 0.011200
0.358400 0.411200 0.003200
0.182400 0.412000 0.017600
0.206400 0.412000 0.008800
0.226400 0.412000 0.013600
0.236000 0.412000 0.013600
0.258400 0.412000 0.011200
0.272800 0.412000 0.008800
0.304800 0.412000 0.005600
0.312000 0.412000 0.005600
0.172000 0.412800 0.008000
0.195200 0.412800 0.007200
0.242400 0.412800 0.011200
0.250400 0.412800 0.013600
0.282400 0.412800 0.008800
0.292800 0.412800 0.008800
0.144000 0.413600 0.016000
0.154400 0.413600 0.007200
0.162400 0.413600 0.004800
