948.000000 48.000000 7.000000
960.000000 48.000000 11.000000
1002.000000 48.000000 9.000000
990.000000 49.000000 7.000000
1015.000000 49.000000 7.000000
1027.000000 49.000000 18.000000
908.000000 50.000000 7.000000
924.000000 50.000000 7.000000
935.000000 50.000000 9.000000
976.000000 50.000000 11.000000
869.000000 51.000000 11.000000
882.000000 51.000000 11.000000
893.000000 51.000000 11.000000
916.000000 51.000000 4.000000
826.000000 52.000000 11.000000
839.000000 52.000000 10.000000
853.000000 52.000000 14.000000
861.000000 52.000000 5.000000
812.000000 53.000000 20.000000
802.000000 54.000000 16.000000
274.000000 70.000000 14.000000
296.000000 70.000000 32.000000
309.000000 70.000000 25.000000
257.000000 71.000000 14.000000
206.000000 72.000000 21.000000
233.000000 73.000000 17.000000
1073.000000 81.000000 17.000000
1039.000000 82.000000 14.000000
1055.000000 82.000000 11.000000
284.000000 116.000000 8.000000
184.000000 129.000000 26.000000
224.000000 129.000000 18.000000
296.000000 129.000000 24.000000
250.000000 130.000000 14.000000
270.000000 131.000000 34.000000
282.000000 131.000000 8.000000
309.000000 131.000000 7.000000
321.000000 131.000000 21.000000
380.000000 131.000000 14.000000
348.000000 132.000000 21.000000
361.000000 133.000000 11.000000
400.000000 133.000000 14.000000
437.000000 133.000000 14.000000
455.000000 133.000000 14.000000
474.000000 133.000000 14.000000
536.000000 133.000000 17.000000
419.000000 134.000000 14.000000
701.000000 134.000000 24.000000
496.000000 135.000000 14.000000
516.000000 135.000000 14.000000
560.000000 135.000000 11.000000
608.000000 135.000000 17.000000
680.000000 135.000000 24.000000
731.000000 135.000000 21.000000
573.000000 136.000000 7.000000
583.000000 136.000000 17.000000
649.000000 136.000000 19.000000
663.000000 136.000000 7.000000
738.000000 136.000000 21.000000
755.000000 136.000000 21.000000
795.000000 136.000000 11.000000
822.000000 136.000000 20.000000
888.000000 136.000000 11.000000
913.000000 136.000000 9.000000
923.000000 136.000000 28.000000
941.000000 136.000000 11.000000
980.000000 136.000000 14.000000
63.000000 137.000000 17.000000
597.000000 137.000000 7.000000
627.000000 137.000000 14.000000
781.000000 137.000000 11.000000
812.000000 137.000000 24.000000
841.000000 137.000000 19.000000
1000.000000 137.000000 14.000000
1023.000000 137.000000 17.000000
1059.000000 137.000000 27.000000
715.000000 138.000000 31.000000
960.000000 138.000000 14.000000
1046.000000 138.000000 35.000000
851.000000 139.000000 7.000000
866.000000 139.000000 21.000000
900.000000 139.000000 7.000000
66.000000 156.000000 17.000000
455.000000 159.000000 11.000000
382.000000 160.000000 10.000000
396.000000 160.000000 10.000000
440.000000 160.000000 12.000000
448.000000 160.000000 4.000000
410.000000 161.000000 7.000000
421.000000 161.000000 10.000000
434.000000 161.000000 11.000000
645.000000 163.000000 11.000000
669.000000 163.000000 14.000000
826.000000 163.000000 14.000000
736.000000 164.000000 7.000000
744.000000 164.000000 7.000000
754.000000 164.000000 9.000000
787.000000 164.000000 14.000000
798.000000 164.000000 15.000000
808.000000 164.000000 7.000000
817.000000 164.000000 7.000000
833.000000 164.000000 12.000000
657.000000 165.000000 9.000000
767.000000 165.000000 7.000000
777.000000 165.000000 7.000000
207.000000 187.000000 17.000000
251.000000 187.000000 14.000000
424.000000 188.000000 18.000000
186.000000 189.000000 37.000000
231.000000 189.000000 14.000000
291.000000 189.000000 14.000000
718.000000 189.000000 21.000000
271.000000 190.000000 14.000000
354.000000 190.000000 31.000000
446.000000 190.000000 7.000000
549.000000 190.000000 19.000000
634.000000 190.000000 21.000000
648.000000 190.000000 9.000000
732.000000 190.000000 6.000000
900.000000 190.000000 14.000000
311.000000 191.000000 17.000000
337.000000 191.000000 14.000000
381.000000 191.000000 17.000000
436.000000 191.000000 7.000000
457.000000 191.000000 17.000000
476.000000 191.000000 17.000000
528.000000 191.000000 4.000000
607.000000 191.000000 34.000000
661.000000 191.000000 11.000000
695.000000 191.000000 17.000000
763.000000 191.000000 14.000000
868.000000 191.000000 7.000000
880.000000 191.000000 18.000000
924.000000 191.000000 17.000000
404.000000 192.000000 14.000000
505.000000 192.000000 21.000000
518.000000 192.000000 21.000000
586.000000 192.000000 21.000000
678.000000 192.000000 11.000000
743.000000 192.000000 21.000000
779.000000 192.000000 22.000000
810.000000 192.000000 14.000000
829.000000 192.000000 17.000000
858.000000 192.000000 7.000000
940.000000 192.000000 28.000000
961.000000 192.000000 21.000000
1022.000000 192.000000 14.000000
534.000000 193.000000 23.000000
558.000000 193.000000 22.000000
573.000000 193.000000 28.000000
789.000000 193.000000 19.000000
847.000000 193.000000 28.000000
972.000000 193.000000 24.000000
987.000000 193.000000 14.000000
1041.000000 193.000000 17.000000
1053.000000 193.000000 21.000000
495.000000 194.000000 21.000000
1004.000000 194.000000 14.000000
1206.000000 196.000000 7.000000
1158.000000 198.000000 11.000000
1187.000000 198.000000 26.000000
1197.000000 198.000000 7.000000
1143.000000 199.000000 24.000000
1178.000000 201.000000 17.000000
1112.000000 203.000000 17.000000
1117.000000 203.000000 14.000000
1126.000000 204.000000 14.000000
1084.000000 205.000000 12.000000
1092.000000 205.000000 4.000000
1101.000000 205.000000 14.000000
1011.000000 220.000000 14.000000
1057.000000 220.000000 17.000000
1035.000000 221.000000 7.000000
1046.000000 221.000000 7.000000
1025.000000 223.000000 17.000000
544.000000 226.000000 10.000000
620.000000 226.000000 11.000000
634.000000 226.000000 9.000000
647.000000 226.000000 11.000000
516.000000 227.000000 10.000000
530.000000 227.000000 9.000000
557.000000 227.000000 11.000000
500.000000 230.000000 8.000000
183.000000 247.000000 29.000000
222.000000 247.000000 14.000000
427.000000 247.000000 36.000000
450.000000 247.000000 14.000000
469.000000 247.000000 14.000000
489.000000 247.000000 17.000000
244.000000 248.000000 14.000000
204.000000 249.000000 31.000000
267.000000 249.000000 20.000000
354.000000 249.000000 27.000000
397.000000 249.000000 11.000000
279.000000 250.000000 27.000000
382.000000 250.000000 11.000000
414.000000 250.000000 25.000000
516.000000 250.000000 17.000000
596.000000 250.000000 11.000000
807.000000 250.000000 20.000000
864.000000 250.000000 11.000000
295.000000 251.000000 14.000000
581.000000 251.000000 11.000000
653.000000 251.000000 17.000000
699.000000 251.000000 14.000000
721.000000 251.000000 16.000000
782.000000 251.000000 16.000000
818.000000 251.000000 21.000000
846.000000 251.000000 20.000000
885.000000 251.000000 17.000000
904.000000 251.000000 31.000000
979.000000 251.000000 17.000000
1004.000000 251.000000 18.000000
1019.000000 251.000000 19.000000
315.000000 252.000000 17.000000
336.000000 252.000000 14.000000
529.000000 252.000000 21.000000
541.000000 252.000000 19.000000
551.000000 252.000000 21.000000
566.000000 252.000000 11.000000
607.000000 252.000000 19.000000
627.000000 252.000000 14.000000
678.000000 252.000000 14.000000
743.000000 252.000000 14.000000
762.000000 252.000000 14.000000
835.000000 252.000000 21.000000
955.000000 252.000000 21.000000
1059.000000 252.000000 17.000000
368.000000 253.000000 9.000000
933.000000 253.000000 17.000000
1030.000000 253.000000 17.000000
1041.000000 254.000000 7.000000
1023.000000 273.000000 7.000000
1034.000000 273.000000 7.000000
740.000000 274.000000 10.000000
856.000000 274.000000 13.000000
977.000000 274.000000 10.000000
1016.000000 274.000000 7.000000
810.000000 275.000000 7.000000
819.000000 275.000000 4.000000
848.000000 275.000000 7.000000
994.000000 275.000000 10.000000
1007.000000 275.000000 7.000000
798.000000 276.000000 9.000000
826.000000 276.000000 11.000000
837.000000 276.000000 7.000000
784.000000 277.000000 10.000000
370.000000 282.000000 8.000000
1034.000000 295.000000 14.000000
1049.000000 295.000000 26.000000
187.000000 297.000000 28.000000
954.000000 297.000000 14.000000
1012.000000 297.000000 12.000000
996.000000 298.000000 11.000000
212.000000 299.000000 14.000000
236.000000 299.000000 7.000000
250.000000 299.000000 21.000000
931.000000 299.000000 24.000000
981.000000 299.000000 20.000000
227.000000 300.000000 7.000000
270.000000 300.000000 17.000000
801.000000 300.000000 17.000000
823.000000 300.000000 17.000000
842.000000 300.000000 17.000000
868.000000 300.000000 18.000000
897.000000 300.000000 17.000000
915.000000 300.000000 11.000000
382.000000 301.000000 14.000000
758.000000 301.000000 7.000000
808.000000 301.000000 19.000000
335.000000 302.000000 24.000000
364.000000 302.000000 14.000000
408.000000 302.000000 28.000000
768.000000 302.000000 7.000000
306.000000 303.000000 24.000000
428.000000 303.000000 11.000000
442.000000 303.000000 11.000000
490.000000 303.000000 24.000000
515.000000 303.000000 17.000000
539.000000 303.000000 17.000000
676.000000 303.000000 26.000000
705.000000 303.000000 17.000000
732.000000 303.000000 21.000000
747.000000 303.000000 7.000000
783.000000 303.000000 21.000000
291.000000 304.000000 14.000000
315.000000 305.000000 17.000000
457.000000 305.000000 14.000000
474.000000 305.000000 11.000000
566.000000 305.000000 18.000000
635.000000 305.000000 17.000000
660.000000 305.000000 32.000000
590.000000 307.000000 14.000000
608.000000 307.000000 12.000000
988.000000 318.000000 9.000000
999.000000 318.000000 11.000000
456.000000 323.000000 9.000000
229.000000 324.000000 12.000000
211.000000 325.000000 11.000000
605.000000 326.000000 10.000000
620.000000 327.000000 10.000000
627.000000 327.000000 4.000000
633.000000 328.000000 11.000000
641.000000 328.000000 12.000000
493.000000 345.000000 14.000000
556.000000 345.000000 21.000000
184.000000 346.000000 19.000000
453.000000 346.000000 15.000000
475.000000 346.000000 14.000000
1002.000000 346.000000 14.000000
1043.000000 346.000000 33.000000
391.000000 347.000000 14.000000
409.000000 347.000000 14.000000
431.000000 347.000000 16.000000
514.000000 347.000000 14.000000
546.000000 347.000000 23.000000
883.000000 347.000000 34.000000
1022.000000 347.000000 14.000000
343.000000 348.000000 14.000000
531.000000 348.000000 11.000000
800.000000 348.000000 16.000000
825.000000 348.000000 24.000000
855.000000 348.000000 14.000000
871.000000 348.000000 11.000000
206.000000 349.000000 11.000000
218.000000 349.000000 7.000000
228.000000 349.000000 15.000000
248.000000 349.000000 11.000000
262.000000 349.000000 7.000000
274.000000 349.000000 9.000000
314.000000 349.000000 7.000000
371.000000 349.000000 17.000000
579.000000 349.000000 14.000000
662.000000 349.000000 11.000000
675.000000 349.000000 21.000000
762.000000 349.000000 27.000000
778.000000 349.000000 14.000000
836.000000 349.000000 28.000000
904.000000 349.000000 14.000000
924.000000 349.000000 14.000000
965.000000 349.000000 11.000000
234.000000 350.000000 14.000000
301.000000 350.000000 11.000000
323.000000 350.000000 17.000000
616.000000 350.000000 11.000000
686.000000 350.000000 7.000000
701.000000 350.000000 21.000000
713.000000 350.000000 31.000000
945.000000 350.000000 14.000000
984.000000 350.000000 14.000000
287.000000 351.000000 11.000000
598.000000 351.000000 14.000000
630.000000 351.000000 7.000000
647.000000 351.000000 12.000000
734.000000 351.000000 17.000000
750.000000 351.000000 28.000000
227.000000 368.000000 7.000000
235.000000 369.000000 7.000000
245.000000 369.000000 7.000000
270.000000 369.000000 7.000000
352.000000 369.000000 10.000000
256.000000 370.000000 7.000000
280.000000 370.000000 6.000000
291.000000 371.000000 9.000000
365.000000 372.000000 11.000000
374.000000 373.000000 11.000000
282.000000 382.000000 4.000000
200.000000 389.000000 9.000000
212.000000 389.000000 7.000000
220.000000 389.000000 7.000000
169.000000 391.000000 11.000000
186.000000 391.000000 11.000000
234.000000 394.000000 19.000000
259.000000 395.000000 16.000000
405.000000 396.000000 14.000000
281.000000 397.000000 14.000000
302.000000 397.000000 21.000000
334.000000 398.000000 17.000000
377.000000 398.000000 6.000000
387.000000 398.000000 17.000000
793.000000 398.000000 24.000000
365.000000 399.000000 18.000000
426.000000 399.000000 14.000000
769.000000 399.000000 14.000000
470.000000 400.000000 11.000000
600.000000 400.000000 8.000000
783.000000 400.000000 7.000000
447.000000 401.000000 16.000000
486.000000 401.000000 11.000000
501.000000 401.000000 7.000000
511.000000 401.000000 21.000000
591.000000 401.000000 7.000000
611.000000 401.000000 17.000000
646.000000 401.000000 14.000000
805.000000 401.000000 28.000000
822.000000 401.000000 11.000000
966.000000 401.000000 21.000000
1009.000000 401.000000 20.000000
625.000000 402.000000 19.000000
665.000000 402.000000 14.000000
747.000000 402.000000 14.000000
841.000000 402.000000 14.000000
879.000000 402.000000 28.000000
928.000000 402.000000 11.000000
996.000000 402.000000 9.000000
1035.000000 402.000000 17.000000
525.000000 403.000000 6.000000
536.000000 403.000000 17.000000
578.000000 403.000000 11.000000
684.000000 403.000000 11.000000
699.000000 403.000000 7.000000
710.000000 403.000000 21.000000
730.000000 403.000000 14.000000
861.000000 403.000000 14.000000
886.000000 403.000000 17.000000
907.000000 403.000000 16.000000
940.000000 403.000000 7.000000
951.000000 403.000000 17.000000
978.000000 403.000000 17.000000
1059.000000 403.000000 37.000000
985.000000 404.000000 17.000000
558.000000 405.000000 16.000000
1103.000000 419.000000 22.000000
948.000000 426.000000 11.000000
975.000000 426.000000 11.000000
961.000000 427.000000 8.000000
330.000000 428.000000 10.000000
344.000000 428.000000 8.000000
1213.000000 434.000000 21.000000
1202.000000 436.000000 19.000000
1131.000000 437.000000 11.000000
1180.000000 437.000000 17.000000
1168.000000 438.000000 17.000000
182.000000 440.000000 32.000000
205.000000 443.000000 14.000000
221.000000 445.000000 14.000000
248.000000 445.000000 7.000000
238.000000 446.000000 26.000000
258.000000 446.000000 7.000000
268.000000 447.000000 7.000000
358.000000 447.000000 17.000000
411.000000 447.000000 14.000000
749.000000 447.000000 30.000000
761.000000 447.000000 7.000000
284.000000 448.000000 14.000000
301.000000 448.000000 7.000000
314.000000 448.000000 31.000000
376.000000 448.000000 11.000000
471.000000 448.000000 11.000000
484.000000 448.000000 7.000000
502.000000 448.000000 7.000000
515.000000 448.000000 20.000000
597.000000 448.000000 31.000000
333.000000 449.000000 12.000000
453.000000 449.000000 14.000000
492.000000 449.000000 6.000000
583.000000 449.000000 7.000000
431.000000 450.000000 14.000000
553.000000 450.000000 11.000000
634.000000 450.000000 14.000000
741.000000 450.000000 7.000000
772.000000 450.000000 30.000000
874.000000 450.000000 24.000000
968.000000 450.000000 17.000000
392.000000 451.000000 14.000000
536.000000 451.000000 14.000000
570.000000 451.000000 11.000000
616.000000 451.000000 11.000000
657.000000 451.000000 17.000000
688.000000 451.000000 7.000000
703.000000 451.000000 11.000000
728.000000 451.000000 11.000000
790.000000 451.000000 14.000000
850.000000 451.000000 16.000000
959.000000 451.000000 24.000000
1015.000000 451.000000 17.000000
1041.000000 451.000000 24.000000
674.000000 452.000000 11.000000
716.000000 452.000000 7.000000
810.000000 452.000000 11.000000
888.000000 452.000000 9.000000
944.000000 452.000000 11.000000
978.000000 452.000000 14.000000
996.000000 452.000000 14.000000
828.000000 453.000000 14.000000
903.000000 453.000000 11.000000
918.000000 453.000000 9.000000
930.000000 454.000000 9.000000
1149.000000 460.000000 13.000000
1165.000000 460.000000 11.000000
1130.000000 461.000000 17.000000
1132.000000 492.000000 22.000000
1143.000000 492.000000 21.000000
1070.000000 506.000000 35.000000
302.000000 513.000000 24.000000
254.000000 515.000000 28.000000
288.000000 515.000000 28.000000
265.000000 516.000000 24.000000
239.000000 517.000000 24.000000
