1632
1632
1632
1632
1632
1632
1639
1639
1637
1637
1637
1637
1637
1637
1638
1638
1638
1638
1638
1636
1636
1638
1636
1636
1636
1636
1636
1633
1636
1636
1636
1636
1633
1633
1633
1633
1635
1631
1631
1631
1631
1631
1631
1631
1631
1631
1631
1631
1631
1631
1631
1631
1631
1631
1631
1631
1631
1631
1631
1631
1631
1631
1631
1631
1631
1631
1631
1631
1631
1631
1631
1631
1631
1631
1631
1631
1631
1631
1631
1631
1631
1631
1631
1631
1631
1631
1631
1631
1631
1631
1631
1641
1641
1641
1641
1641
1640
1640
1640
1640
1640
1642
1641
1641
1643
1643
1643
1643
1643
1643
1643
1642
1642
1642
1642
1642
1642
1642
1649
1634
1634
1634
1634
1634
1634
1634
1634
1634
1634
1631
1631
1631
1631
1631
1631
1631
1631
1631
1631
1631
1631
1631
1631
1631
1631
1631
1631
1631
1631
1631
1631
1631
1631
1631
1631
1631
1631
1631
1631
1631
1631
1631
1631
1631
1631
1631
1631
1631
1631
1631
1631
1631
1631
1631
1631
1631
1631
1631
1631
1631
1631
1631
1631
1631
1631
1631
1631
1631
1631
1631
1631
1634
1634
1634
1634
1634
1634
1634
1634
1634
1634
1645
1645
1645
1644
1645
1645
1645
1645
1645
1644
1644
1645
1644
1644
1644
1644
1644
1644
1644
1646
1646
1646
1646
1646
1646
1646
1646
1647
1647
1647
1647
1647
1647
1647
1647
1648
1647
1647
1648
1648
1648
1648
1648
1648
1648
1648
1648
1634
1634
1634
1634
1634
1634
1634
1634
1634
1631
1631
1631
1631
1631
1631
1631
1631
1631
1631
1631
1631
1631
1631
1631
1631
1631
1631
1631
1631
1631
1631
1631
1631
1631
1631
1631
1631
1631
1631
1631
1631
1631
1631
1631
1631
1631
1631
1631
1631
1631
1631
1631
1631
1631
1631
1631
1631
1631
1631
1631
1631
1631
1634
1631
1631
1631
1631
1631
1631
1631
1631
1631
1634
1634
1631
1631
1631
1631
1634
1654
1654
1652
1652
1652
1654
1654
1652
1652
1652
1652
1652
1651
1654
1654
1653
1652
1652
1652
1651
1651
1651
1651
1654
1654
1653
1653
1651
1654
1653
1653
1653
1651
1651
1651
1651
1651
1650
1631
1631
1631
1631
1631
1631
1631
1631
1631
1631
1631
1631
1631
1631
1631
1631
1631
1631
1631
1631
1631
1631
1631
1631
1631
1631
1631
1631
1631
1631
1631
1631
1631
1631
1631
1631
1631
1631
1631
1631
1631
1631
1631
1631
1631
1631
1631
1631
1631
1631
1631
1631
1631
1631
1631
1631
1631
1631
1631
1631
1631
1631
1631
1655
1656
1655
1655
1656
1656
1656
1656
1656
1655
1655
1655
1655
1656
1656
1656
1657
1657
1657
1657
1658
1657
1657
1658
1658
1658
1631
1631
1631
1631
1631
1631
1631
1631
1631
1631
1631
1631
1631
1631
1631
1631
1631
1631
1631
1631
1631
1631
1631
1631
1631
1631
1631
1631
1631
1631
1631
1631
1631
1631
1631
1631
1631
1631
1631
1631
1631
1631
1631
1631
1631
1631
1631
1660
1660
1660
1660
1661
1661
1660
1659
1659
1661
1661
1661
1661
1661
1661
1661
1659
1659
1659
1659
1661
1661
1661
1661
1661
1661
1661
1661
1660
1661
1661
1661
1661
1661
1661
1661
1661
1661
1660
1660
1661
1661
1631
1631
1631
1631
1631
1631
1631
1631
1631
1631
1631
1631
1631
1631
1631
1631
1631
1631
1631
1631
1631
1631
1631
1631
1631
1631
1631
1631
1631
1631
1631
1631
1631
1631
1631
1631
1631
1631
1631
1631
1631
1631
1631
1631
1631
1631
1631
1631
1631
1631
1631
1631
1631
1631
1663
1663
1663
1663
1663
1663
1663
1663
1663
1663
1663
1663
1663
1663
1663
1663
1663
1663
1663
1663
1663
1663
1663
1663
1663
1663
1663
1663
1663
1663
1663
1662
1662
1663
1663
1663
1663
1663
1663
1663
1662
1662
1663
1664
1664
1664
1664
1664
1664
1631
1631
1631
1631
1631
1631
1631
1631
1631
1631
1631
1631
1631
1631
1631
1631
1631
1631
1631
1631
1631
1631
1631
1631
1631
1631
1631
1631
1631
1631
1631
1631
1631
1631
1631
1631
1631
1631
1631
1631
1631
1631
1631
1631
1631
1631
1631
1631
1631
1631
1631
1631
1631
1631
1631