1395
1395
1395
1395
1395
1395
1400
1400
1396
1396
1396
1396
1396
1396
1396
1396
1396
1398
1398
1398
1398
1399
1399
1399
1397
1398
1398
1399
1399
1399
1397
1397
1397
1397
1399
1399
1399
1399
1399
1392
1392
1392
1392
1392
1392
1392
1392
1392
1392
1392
1392
1394
1392
1392
1392
1392
1392
1392
1392
1392
1392
1392
1392
1392
1392
1392
1392
1392
1392
1392
1392
1392
1392
1392
1392
1392
1392
1392
1392
1392
1392
1392
1392
1392
1392
1392
1392
1392
1392
1392
-1
1417
-1
1417
1417
1417
1417
1417
1417
1417
1417
1394
1394
1418
1418
1418
1418
1418
1418
1392
1392
1392
1392
1392
1392
1392
1392
1392
1392
1392
1392
1392
1392
1392
1392
1392
1392
1392
1392
1392
1392
1392
1392
1392
1392
1392
1392
1392
1392
1392
1392
1392
1392
1392
1392
1392
1392
1392
1392
1392
1392
1392
1392
1392
1392
1392
1392
1392
1392
1415
1415
1415
1415
1415
1415
1415
1415
1415
1415
1415
1415
1415
1415
1415
1415
1415
1415
1415
1415
1415
1415
1415
1415
1415
1415
1415
1415
1415
1413
1416
1413
1413
1413
1413
1416
1413
1413
1414
1414
1414
1414
1414
1414
-1
1392
1392
1392
1392
1392
1392
1392
1392
1392
1392
1392
1392
1392
1392
1392
1392
1392
1392
1392
1392
1392
1392
1392
1392
1392
1392
1392
1392
1392
1392
1392
1392
1392
1392
1392
1392
1392
1392
1392
1392
1392
1392
1392
1392
1392
1392
1392
1392
1392
1392
1392
1392
1410
1410
1410
1410
1410
1410
1410
1410
1410
1412
1412
1412
1410
1412
1412
1412
1412
1412
1412
1410
1412
-1
1392
1392
1392
1393
1393
1392
1393
1392
1392
1392
1392
1392
1393
1392
1392
1392
1392
1392
1392
1392
1392
1392
1392
1392
1392
1392
1392
1393
1393
1393
1392
1392
1392
1392
1392
1392
1392
1392
1392
1392
1392
1392
1392
1392
1392
1392
1392
1392
1393
1392
1392
1392
1392
1392
1392
1392
1392
1392
1392
1392
1392
1392
1392
1408
1408
1409
1409
1409
1408
1408
1408
1409
1409
1409
1409
1409
1408
1408
1408
1411
1409
1409
1409
1409
1409
1409
1409
1409
1409
1408
1411
1409
1409
1411
1411
1411
1411
1392
1392
1392
1392
1392
1392
1392
1392
1392
1392
1392
1392
1392
1392
1392
1392
1392
1392
1392
1392
1392
1392
1392
1392
1392
1392
1392
1392
1392
1392
1392
1392
1392
1392
1392
1392
1392
1392
1392
1392
1392
1392
1392
1392
1392
1392
1392
1392
1404
1404
1404
1404
1404
1404
1404
1404
1405
1405
1405
1405
1405
1405
1405
1405
1407
1392
1392
1392
1392
1392
1392
1392
1392
1392
1392
1392
1392
1392
1392
1392
1392
1392
1392
1392
1392
1392
1392
1392
1392
1392
1392
1392
1392
1392
1392
1392
1392
1392
1392
1392
1392
1392
1392
1392
1392
1392
1392
1392
1391
1392
1392
1392
1392
1392
1391
1391
1392
1392
1392
1391
1391
1391
1391
1391
1391
1403
1391
1391
1403
1403
1403
1391
1391
1391
1391
1391
1391
1391
1403
1403
1403
1403
1402
1402
1402
1402
1402
1402
1391
1391
1391
1391
1391
1391
1391
1391
1391
1392
1391
1391
1392
1392
1392
1392
1392
1392
1392
1392
1392
1392
1392
1392
1392
1392
1392
1392
1392
1392
1392
1392
1392
1392
1392
1392
1392
1392
1392
1392
1392
1392
1392
1392
1392
1392
1392
1392
1392
1392
1392
1392
1392
1392
1392
1392
1392
1392
1392
1391
1391
1391
1391
1391
1391
1391
1391
1391
1401
1401
1401
1391
1391
1391
1391
1391
1401
-1