0.204800 0.029600 0.013600
0.215200 0.029600 0.013600
0.189600 0.030400 0.008800
0.196800 0.030400 0.005600
0.224000 0.030400 0.005600
0.232000 0.031200 0.005600
0.405600 0.032800 0.010400
0.244800 0.033600 0.008800
0.292800 0.033600 0.005600
0.413600 0.033600 0.005600
0.726400 0.033600 0.007200
0.736000 0.033600 0.007200
0.240800 0.034400 0.008800
0.251200 0.034400 0.003200
0.256800 0.034400 0.008000
0.285600 0.034400 0.005600
0.300000 0.034400 0.009600
0.420000 0.034400 0.005600
0.429600 0.034400 0.007200
0.438400 0.034400 0.008000
0.449600 0.034400 0.008000
0.716800 0.034400 0.008800
0.270400 0.035200 0.011200
0.277600 0.035200 0.005600
0.745600 0.035200 0.005600
0.753600 0.035200 0.005600
0.762400 0.035200 0.008800
0.391200 0.036000 0.007200
0.376800 0.036800 0.008000
0.383200 0.036800 0.005600
0.304800 0.049600 0.013600
0.340000 0.049600 0.011200
0.356000 0.049600 0.027200
0.238400 0.050400 0.011200
0.266400 0.050400 0.011200
0.284000 0.050400 0.008800
0.324800 0.050400 0.013600
0.429600 0.050400 0.011200
0.251200 0.051200 0.008800
0.376800 0.051200 0.011200
0.400000 0.051200 0.008800
0.412800 0.051200 0.011200
0.460000 0.051200 0.008800
0.387200 0.052000 0.011200
0.446400 0.052000 0.008800
0.476000 0.052000 0.011200
0.491200 0.052000 0.024800
0.623200 0.052000 0.017600
0.740000 0.052000 0.008800
0.498400 0.052800 0.016800
0.581600 0.052800 0.024800
0.589600 0.052800 0.004800
0.598400 0.052800 0.013600
0.629600 0.052800 0.012800
0.542400 0.053600 0.022400
0.553600 0.053600 0.022400
0.568000 0.053600 0.011200
0.612800 0.053600 0.008800
0.645600 0.053600 0.011200
0.712000 0.053600 0.008800
0.722400 0.053600 0.013600
0.753600 0.053600 0.008800
0.763200 0.053600 0.016800
0.774400 0.053600 0.008800
0.788000 0.053600 0.013600
0.835200 0.053600 0.012800
0.514400 0.054400 0.011200
0.524000 0.054400 0.016800
0.669600 0.054400 0.011200
0.684800 0.054400 0.011200
0.699200 0.054400 0.011200
0.850400 0.054400 0.008800
0.874400 0.054400 0.017600
0.656800 0.055200 0.005600
0.807200 0.055200 0.019200
0.863200 0.055200 0.008800
0.817600 0.056000 0.008800
0.167200 0.058400 0.008800
0.130400 0.059200 0.022400
0.146400 0.059200 0.008800
0.157600 0.059200 0.005600
0.180800 0.059200 0.008800
0.189600 0.059200 0.016800
0.904800 0.066400 0.013600
0.920000 0.067200 0.013600
0.059200 0.089600 0.024800
0.066400 0.089600 0.012000
0.780800 0.089600 0.014400
0.790400 0.089600 0.007200
0.800000 0.089600 0.005600
0.819200 0.089600 0.008800
0.830400 0.089600 0.005600
0.337600 0.090400 0.008800
0.344000 0.090400 0.003200
0.349600 0.090400 0.008800
0.808800 0.090400 0.008800
0.842400 0.090400 0.009600
0.039200 0.091200 0.012800
0.045600 0.091200 0.010400
0.293600 0.091200 0.003200
0.327200 0.091200 0.005600
0.358400 0.091200 0.012800
0.363200 0.091200 0.008800
0.367200 0.091200 0.007200
0.287200 0.092000 0.010400
0.299200 0.092000 0.008800
0.308800 0.092000 0.005600
0.318400 0.092000 0.007200
0.627200 0.092800 0.010400
0.634400 0.092800 0.004800
0.640000 0.092800 0.003200
0.214400 0.093600 0.007200
0.224800 0.093600 0.005600
0.233600 0.093600 0.013600
0.649600 0.093600 0.008800
0.655200 0.093600 0.013600
0.662400 0.093600 0.010400
0.189600 0.094400 0.007200
0.201600 0.094400 0.008000
0.645600 0.094400 0.008000
0.178400 0.095200 0.008800
0.522400 0.096000 0.008800
0.165600 0.096800 0.008000
0.480800 0.096800 0.013600
0.500000 0.096800 0.008800
0.513600 0.096800 0.005600
0.155200 0.097600 0.008800
0.264800 0.097600 0.007200
0.489600 0.097600 0.006400
0.507200 0.097600 0.011200
0.124000 0.103200 0.025600
0.058400 0.104000 0.008000
0.047200 0.104800 0.007200
0.832000 0.111200 0.008800
0.581600 0.112000 0.011200
0.596800 0.112000 0.013600
0.778400 0.112000 0.011200
0.794400 0.112000 0.016800
0.819200 0.112000 0.008800
0.614400 0.112800 0.011200
0.841600 0.112800 0.005600
0.848800 0.112800 0.005600
0.860800 0.112800 0.016800
0.280000 0.113600 0.008800
0.291200 0.113600 0.005600
0.354400 0.113600 0.016800
0.417600 0.113600 0.011200
0.565600 0.113600 0.011200
0.650400 0.113600 0.013600
0.746400 0.113600 0.012800
0.756000 0.113600 0.015200
0.808800 0.113600 0.005600
0.264800 0.114400 0.011200
0.300800 0.114400 0.008800
0.316800 0.114400 0.015200
0.327200 0.114400 0.005600
0.338400 0.114400 0.011200
0.361600 0.114400 0.016800
0.378400 0.114400 0.011200
0.401600 0.114400 0.015200
0.441600 0.114400 0.008800
0.453600 0.114400 0.016800
0.530400 0.114400 0.013600
0.548000 0.114400 0.011200
0.627200 0.114400 0.016800
0.673600 0.114400 0.013600
0.693600 0.114400 0.013600
0.731200 0.114400 0.011200
0.765600 0.114400 0.008000
0.128000 0.115200 0.019200
0.186400 0.115200 0.012800
0.205600 0.115200 0.013600
0.222400 0.115200 0.011200
0.237600 0.115200 0.011200
0.251200 0.115200 0.008800
0.391200 0.115200 0.007200
0.476800 0.115200 0.012800
0.496000 0.115200 0.012000
0.513600 0.115200 0.011200
0.714400 0.115200 0.012800
0.761600 0.115200 0.003200
0.172000 0.116000 0.011200
0.432000 0.116000 0.008800
0.636000 0.116000 0.016800
0.156000 0.116800 0.011200
0.194400 0.116800 0.004800
0.072800 0.117600 0.007200
0.083200 0.117600 0.015200
0.091200 0.117600 0.013600
0.141600 0.117600 0.008800
0.033600 0.119200 0.008800
0.048000 0.119200 0.008800
0.062400 0.119200 0.007200
0.731200 0.132800 0.012800
0.751200 0.132800 0.008800
0.764000 0.132800 0.008800
0.740000 0.133600 0.005600
0.418400 0.134400 0.009600
0.437600 0.134400 0.005600
0.449600 0.134400 0.008000
0.774400 0.134400 0.007200
0.784800 0.134400 0.007200
0.193600 0.135200 0.008800
0.388000 0.135200 0.010400
0.403200 0.135200 0.010400
0.411200 0.135200 0.003200
0.428800 0.135200 0.005600
0.460800 0.135200 0.005600
0.468800 0.135200 0.011200
0.475200 0.135200 0.005600
0.483200 0.135200 0.010400
0.143200 0.136000 0.007200
0.154400 0.136000 0.007200
0.488800 0.136000 0.010400
0.496800 0.136000 0.010400
0.501600 0.136000 0.008800
0.162400 0.136800 0.003200
0.172000 0.136800 0.008000
0.182400 0.136800 0.007200
0.212800 0.136800 0.004800
0.204800 0.137600 0.007200
0.220800 0.137600 0.012000
0.072800 0.138400 0.015200
0.102400 0.138400 0.007200
0.134400 0.138400 0.005600
0.063200 0.139200 0.007200
0.092000 0.139200 0.011200
0.112800 0.139200 0.008800
0.124800 0.139200 0.007200
0.284800 0.139200 0.003200
0.052800 0.140000 0.008000
0.079200 0.140000 0.011200
0.087200 0.140000 0.011200
0.245600 0.140000 0.008800
0.255200 0.140000 0.007200
0.266400 0.140000 0.008000
0.278400 0.140000 0.005600
0.291200 0.140000 0.009600
0.029600 0.140800 0.008800
0.039200 0.140800 0.008800
0.832000 0.152000 0.013600
0.853600 0.152000 0.019200
0.729600 0.152800 0.012800
0.747200 0.152800 0.012800
0.784800 0.152800 0.013600
0.797600 0.152800 0.008800
0.613600 0.153600 0.013600
0.707200 0.153600 0.013600
0.765600 0.153600 0.013600
0.814400 0.153600 0.011200
0.577600 0.154400 0.027200
0.594400 0.154400 0.013600
0.672800 0.154400 0.013600
0.512000 0.155200 0.013600
0.634400 0.155200 0.011200
0.652000 0.155200 0.012800
0.689600 0.155200 0.011200
0.494400 0.156000 0.008800
0.531200 0.156000 0.013600
0.550400 0.156000 0.012800
0.568000 0.156000 0.019200
0.401600 0.156800 0.011200
0.415200 0.157600 0.019200
0.458400 0.157600 0.016800
0.469600 0.157600 0.008800
0.480000 0.157600 0.016800
0.313600 0.158400 0.024800
0.434400 0.158400 0.016800
0.298400 0.159200 0.013600
0.384800 0.159200 0.012000
0.447200 0.159200 0.009600
0.266400 0.160000 0.011200
0.370400 0.160000 0.019200
0.283200 0.160800 0.011200
0.327200 0.160800 0.016800
0.360800 0.160800 0.013600
0.346400 0.161600 0.008800
0.160800 0.162400 0.013600
0.233600 0.162400 0.011200
0.248800 0.162400 0.011200
0.212800 0.163200 0.005600
0.219200 0.163200 0.005600
0.228800 0.163200 0.012800
0.335200 0.163200 0.005600
0.180000 0.164000 0.013600
0.200000 0.164000 0.011200
0.144800 0.164800 0.011200
0.130400 0.165600 0.019200
0.622400 0.181600 0.008800
0.632000 0.182400 0.005600
0.641600 0.182400 0.007200
0.652800 0.182400 0.007200
0.665600 0.182400 0.008800
0.760000 0.184800 0.008800
0.784800 0.184800 0.008000
0.809600 0.184800 0.005600
0.176800 0.185600 0.005600
0.186400 0.185600 0.008000
0.199200 0.185600 0.008800
0.802400 0.185600 0.010400
0.164800 0.186400 0.008800
0.205600 0.186400 0.011200
0.770400 0.186400 0.008800
0.156000 0.187200 0.005600
0.146400 0.188000 0.007200
0.605600 0.192000 0.008800
0.586400 0.200800 0.029600
0.595200 0.201600 0.022400
0.634400 0.201600 0.016800
0.854400 0.201600 0.022400
0.572800 0.202400 0.011200
0.645600 0.202400 0.016800
0.686400 0.202400 0.023200
0.725600 0.202400 0.016800
0.748000 0.202400 0.016000
0.820000 0.202400 0.019200
0.840000 0.202400 0.011200
0.556800 0.203200 0.013600
0.620800 0.203200 0.011200
0.714400 0.203200 0.005600
0.771200 0.203200 0.011200
0.462400 0.204000 0.017600
0.505600 0.204000 0.016800
0.516000 0.204000 0.005600
0.538400 0.204000 0.008800
0.548800 0.204000 0.005600
0.656000 0.204000 0.016000
0.664800 0.204000 0.016000
0.676000 0.204000 0.019200
0.702400 0.204000 0.011200
0.736800 0.204000 0.008800
0.757600 0.204000 0.016800
0.791200 0.204000 0.012800
0.807200 0.204000 0.011200
0.827200 0.204000 0.005600
0.403200 0.204800 0.008800
0.420800 0.204800 0.013600
0.452000 0.204800 0.025600
0.471200 0.204800 0.024800
0.525600 0.204800 0.008800
0.608800 0.204800 0.008800
0.130400 0.205600 0.016800
0.152000 0.205600 0.013600
0.392800 0.205600 0.005600
0.412800 0.205600 0.004800
0.436800 0.205600 0.011200
0.485600 0.205600 0.019200
0.496000 0.205600 0.005600
0.165600 0.206400 0.008800
0.176000 0.206400 0.005600
0.185600 0.206400 0.007200
0.308000 0.206400 0.013600
0.312000 0.206400 0.008800
0.321600 0.206400 0.016800
0.333600 0.206400 0.019200
0.381600 0.206400 0.008800
0.195200 0.207200 0.007200
0.208000 0.207200 0.011200
0.343200 0.207200 0.016800
0.363200 0.207200 0.013600
0.224800 0.208800 0.016000
0.260800 0.208800 0.013600
0.268800 0.208800 0.005600
0.289600 0.208800 0.007200
0.300000 0.208800 0.005600
0.234400 0.209600 0.019200
0.245600 0.209600 0.011200
0.276800 0.209600 0.011200
0.280800 0.209600 0.016000
0.175200 0.227200 0.008800
0.199200 0.227200 0.008000
0.212000 0.227200 0.008800
0.139200 0.228000 0.008000
0.149600 0.228000 0.007200
0.160800 0.228000 0.007200
0.186400 0.228000 0.008000
0.700000 0.228000 0.008800
0.726400 0.228800 0.005600
0.736800 0.228800 0.007200
0.745600 0.228800 0.008800
0.709600 0.229600 0.005600
0.718400 0.229600 0.005600
0.755200 0.230400 0.012800
0.760000 0.230400 0.009600
0.612800 0.243200 0.011200
0.628800 0.244000 0.013600
0.645600 0.244000 0.005600
0.655200 0.244000 0.005600
0.440800 0.244800 0.013600
0.520800 0.244800 0.016800
0.555200 0.244800 0.011200
0.574400 0.244800 0.016000
0.596800 0.244800 0.011200
0.665600 0.244800 0.016000
0.421600 0.245600 0.011200
0.435200 0.245600 0.016800
0.448000 0.245600 0.004000
0.499200 0.245600 0.011200
0.512800 0.245600 0.022400
0.670400 0.245600 0.011200
0.162400 0.246400 0.013600
0.360000 0.246400 0.008800
0.460800 0.246400 0.013600
0.539200 0.246400 0.013600
0.683200 0.246400 0.011200
0.700000 0.246400 0.011200
0.715200 0.246400 0.011200
0.771200 0.246400 0.020800
0.860000 0.246400 0.013600
0.216800 0.247200 0.013600
0.347200 0.247200 0.011200
0.369600 0.247200 0.015200
0.388800 0.247200 0.011200
0.405600 0.247200 0.011200
0.479200 0.247200 0.013600
0.744800 0.247200 0.008800
0.756000 0.247200 0.008800
0.780000 0.247200 0.016800
0.816000 0.247200 0.019200
0.840800 0.247200 0.011200
0.888800 0.247200 0.005600
0.896000 0.247200 0.005600
0.906400 0.247200 0.007200
0.917600 0.247200 0.005600
0.182400 0.248000 0.011200
0.197600 0.248000 0.011200
0.268800 0.248000 0.011200
0.280800 0.248000 0.005600
0.306400 0.248000 0.011200
0.322400 0.248000 0.011200
0.732000 0.248000 0.011200
0.797600 0.248000 0.011200
0.827200 0.248000 0.008800
0.927200 0.248000 0.007200
0.937600 0.248000 0.007200
0.136000 0.248800 0.019200
0.151200 0.248800 0.008800
0.237600 0.248800 0.013600
0.253600 0.248800 0.011200
0.292000 0.248800 0.008800
0.334400 0.248800 0.007200
0.948000 0.248800 0.007200
0.956800 0.248800 0.007200
0.968000 0.248800 0.005600
0.976800 0.249600 0.005600
0.984000 0.249600 0.011200
0.892800 0.260000 0.008000
0.900800 0.260000 0.007200
0.911200 0.260800 0.007200
0.940800 0.262400 0.007200
0.955200 0.262400 0.008800
0.967200 0.262400 0.007200
0.920800 0.263200 0.007200
0.930400 0.263200 0.006400
0.980000 0.263200 0.008800
0.350400 0.266400 0.007200
0.328000 0.267200 0.005600
0.338400 0.267200 0.007200
0.370400 0.267200 0.007200
0.384800 0.267200 0.008000
0.303200 0.268000 0.008000
0.314400 0.268000 0.008000
0.360800 0.268000 0.007200
0.394400 0.268000 0.008800
0.852000 0.268800 0.005600
0.859200 0.269600 0.010400
0.176800 0.272800 0.009600
0.891200 0.275200 0.010400
0.896000 0.275200 0.011200
0.908800 0.276800 0.008000
0.920800 0.276800 0.007200
0.933600 0.276800 0.007200
0.944800 0.276800 0.007200
0.955200 0.277600 0.007200
0.965600 0.278400 0.008000
0.156000 0.283200 0.008800
0.168000 0.284000 0.008800
0.321600 0.284000 0.013600
0.489600 0.284000 0.011200
0.508800 0.284000 0.013600
0.540800 0.284000 0.008800
0.132800 0.284800 0.016800
0.671200 0.284800 0.024800
0.844800 0.284800 0.011200
0.144800 0.285600 0.019200
0.330400 0.285600 0.019200
0.344800 0.285600 0.008800
0.356800 0.285600 0.013600
0.364800 0.285600 0.005600
0.387200 0.285600 0.007200
0.399200 0.285600 0.008800
0.410400 0.285600 0.008800
0.420800 0.285600 0.019200
0.428800 0.285600 0.004000
0.436000 0.285600 0.005600
0.460800 0.285600 0.021600
0.528000 0.285600 0.011200
0.551200 0.285600 0.005600
0.560000 0.285600 0.013600
0.660800 0.285600 0.019200
0.686400 0.285600 0.020800
0.709600 0.285600 0.008800
0.720800 0.285600 0.008800
0.772000 0.285600 0.026400
0.802400 0.285600 0.005600
0.811200 0.285600 0.005600
0.828000 0.285600 0.015200
0.181600 0.286400 0.008800
0.197600 0.286400 0.013600
0.238400 0.286400 0.013600
0.302400 0.286400 0.012000
0.375200 0.286400 0.008800
0.444000 0.286400 0.005600
0.451200 0.286400 0.005600
0.475200 0.286400 0.011200
0.608000 0.286400 0.011200
0.634400 0.286400 0.011200
0.650400 0.286400 0.016800
0.697600 0.286400 0.019200
0.734400 0.286400 0.011200
0.788800 0.286400 0.011200
0.816800 0.286400 0.005600
0.860000 0.286400 0.011200
0.219200 0.287200 0.013600
0.251200 0.287200 0.005600
0.275200 0.287200 0.011200
0.576000 0.287200 0.011200
0.591200 0.287200 0.011200
0.620000 0.287200 0.007200
0.756000 0.287200 0.016800
0.261600 0.288000 0.011200
0.282400 0.288000 0.003200
0.287200 0.288000 0.008800
0.227200 0.304800 0.007200
0.240000 0.304800 0.005600
0.248800 0.304800 0.005600
0.216800 0.305600 0.007200
0.261600 0.305600 0.006400
0.272800 0.305600 0.007200
0.284000 0.305600 0.008000
0.297600 0.306400 0.007200
0.308800 0.306400 0.008800
0.132800 0.316800 0.019200
0.148800 0.316800 0.005600
0.158400 0.318400 0.016800
0.168000 0.320800 0.005600
0.176000 0.320800 0.013600
0.212800 0.321600 0.011200
0.229600 0.321600 0.010400
0.198400 0.322400 0.016800
0.264800 0.322400 0.011200
0.279200 0.322400 0.008800
0.288800 0.322400 0.013600
0.643200 0.322400 0.013600
0.660800 0.322400 0.016800
0.854400 0.322400 0.008800
0.865600 0.322400 0.017600
0.244000 0.323200 0.013600
0.343200 0.323200 0.015200
0.361600 0.323200 0.016800
0.507200 0.323200 0.016800
0.305600 0.324000 0.012800
0.331200 0.324000 0.019200
0.372000 0.324000 0.016800
0.433600 0.324000 0.011200
0.528000 0.324000 0.012800
0.544000 0.324000 0.013600
0.572000 0.324000 0.010400
0.598400 0.324000 0.008800
0.744800 0.324000 0.011200
0.760000 0.324000 0.011200
0.841600 0.324000 0.008800
0.323200 0.324800 0.015200
0.382400 0.324800 0.016000
0.452800 0.324800 0.016800
0.460000 0.324800 0.019200
0.496800 0.324800 0.016800
0.552000 0.324800 0.005600
0.586400 0.324800 0.008800
0.611200 0.324800 0.011200
0.708000 0.324800 0.016800
0.721600 0.324800 0.018400
0.813600 0.324800 0.011200
0.830400 0.324800 0.008800
0.398400 0.325600 0.012800
0.560000 0.325600 0.005600
0.627200 0.325600 0.011200
0.669600 0.325600 0.019200
0.682400 0.325600 0.011200
0.696800 0.325600 0.008800
0.776800 0.325600 0.013600
0.796000 0.325600 0.013600
0.418400 0.326400 0.011200
0.478400 0.326400 0.011200
0.731200 0.327200 0.019200
0.141600 0.343200 0.003200
0.135200 0.344000 0.008800
0.148000 0.344000 0.005600
0.156800 0.344800 0.007200
0.167200 0.344800 0.010400
0.342400 0.344800 0.008800
0.480800 0.344800 0.008800
0.496000 0.344800 0.008000
0.507200 0.344800 0.007200
0.532000 0.344800 0.007200
0.180800 0.345600 0.005600
0.187200 0.345600 0.005600
0.196000 0.345600 0.005600
0.203200 0.345600 0.004000
0.352000 0.345600 0.005600
0.362400 0.345600 0.007200
0.374400 0.345600 0.007200
0.519200 0.345600 0.008000
0.542400 0.345600 0.006400
0.552000 0.345600 0.007200
0.576800 0.345600 0.009600
0.861600 0.345600 0.005600
0.872000 0.345600 0.007200
0.884000 0.345600 0.007200
0.895200 0.345600 0.016800
0.210400 0.346400 0.005600
0.220000 0.346400 0.008800
0.238400 0.346400 0.008800
0.247200 0.346400 0.005600
0.256800 0.346400 0.005600
0.265600 0.346400 0.007200
0.285600 0.346400 0.003200
0.291200 0.346400 0.008800
0.312800 0.346400 0.008800
0.318400 0.346400 0.009600
0.384800 0.346400 0.007200
0.396800 0.346400 0.008000
0.562400 0.346400 0.005600
0.571200 0.346400 0.005600
0.800800 0.346400 0.008800
0.814400 0.346400 0.008800
0.227200 0.347200 0.004800
0.233600 0.347200 0.009600
0.278400 0.347200 0.008800
0.301600 0.347200 0.007200
0.412000 0.347200 0.009600
0.643200 0.347200 0.008800
0.687200 0.347200 0.007200
0.698400 0.347200 0.007200
0.709600 0.347200 0.007200
0.726400 0.347200 0.011200
0.825600 0.347200 0.007200
0.835200 0.347200 0.005600
0.852800 0.347200 0.005600
0.652800 0.348000 0.007200
0.664000 0.348000 0.007200
0.674400 0.348000 0.008000
0.718400 0.348000 0.005600
0.844800 0.348000 0.005600
0.148800 0.364800 0.016800
0.156000 0.364800 0.014400
0.521600 0.364800 0.008800
0.533600 0.364800 0.005600
0.795200 0.364800 0.011200
0.867200 0.364800 0.016800
0.875200 0.364800 0.014400
0.136000 0.365600 0.016800
0.168000 0.365600 0.015200
0.173600 0.365600 0.013600
0.236800 0.365600 0.008800
0.258400 0.365600 0.011200
0.288000 0.365600 0.008800
0.304000 0.365600 0.011200
0.316000 0.365600 0.007200
0.328000 0.365600 0.008800
0.364000 0.365600 0.008800
0.511200 0.365600 0.005600
0.815200 0.365600 0.011200
0.854400 0.365600 0.008800
0.190400 0.366400 0.013600
0.210400 0.366400 0.011200
0.223200 0.366400 0.008800
0.247200 0.366400 0.005600
0.274400 0.366400 0.010400
0.354400 0.366400 0.005600
0.456800 0.366400 0.007200
0.473600 0.366400 0.013600
0.492000 0.366400 0.015200
0.560000 0.366400 0.011200
0.619200 0.366400 0.022400
0.753600 0.366400 0.022400
0.762400 0.366400 0.005600
0.781600 0.366400 0.008800
0.843200 0.366400 0.007200
0.343200 0.367200 0.008800
0.428000 0.367200 0.011200
0.544800 0.367200 0.016800
0.576800 0.367200 0.012800
0.596000 0.367200 0.016800
0.608800 0.367200 0.008800
0.691200 0.367200 0.005600
0.769600 0.367200 0.005600
0.831200 0.367200 0.011200
0.412800 0.368000 0.011200
0.444800 0.368000 0.013600
0.500800 0.368000 0.007200
0.632800 0.368000 0.030400
0.665600 0.368000 0.011200
0.680800 0.368000 0.015200
0.700800 0.368000 0.008800
0.379200 0.368800 0.011200
0.396000 0.368800 0.011200
0.732800 0.368800 0.013600
0.649600 0.369600 0.011200
0.716800 0.369600 0.011200
0.928800 0.378400 0.037600
0.940000 0.378400 0.016800
0.933600 0.398400 0.015200
0.943200 0.400000 0.016800
