0.776000 0.020800 0.015200
0.736000 0.021600 0.008800
0.758400 0.021600 0.006400
0.768000 0.021600 0.005600
0.786400 0.021600 0.007200
0.796800 0.021600 0.007200
0.691200 0.022400 0.008000
0.723200 0.022400 0.007200
0.807200 0.022400 0.007200
0.822400 0.022400 0.008800
0.830400 0.022400 0.007200
0.853600 0.022400 0.008800
0.682400 0.023200 0.007200
0.704000 0.023200 0.005600
0.714400 0.023200 0.005600
0.748800 0.023200 0.008800
0.839200 0.023200 0.012000
0.846400 0.023200 0.005600
0.865600 0.023200 0.008800
0.892000 0.023200 0.012000
0.900800 0.023200 0.007200
0.910400 0.023200 0.008800
0.920800 0.023200 0.013600
0.928800 0.023200 0.012000
0.666400 0.024000 0.007200
0.673600 0.024000 0.003200
0.877600 0.024000 0.008800
0.935200 0.024000 0.008800
0.946400 0.024000 0.007200
0.955200 0.024000 0.005600
0.646400 0.024800 0.004000
0.962400 0.024800 0.013600
0.968000 0.024800 0.010400
0.616000 0.025600 0.008000
0.622400 0.025600 0.003200
0.628800 0.025600 0.005600
0.637600 0.025600 0.007200
0.656000 0.025600 0.007200
0.072000 0.026400 0.008800
0.594400 0.026400 0.005600
0.604800 0.026400 0.006400
0.973600 0.026400 0.013600
0.050400 0.027200 0.007200
0.057600 0.027200 0.007200
0.067200 0.027200 0.008800
0.097600 0.027200 0.008800
0.103200 0.027200 0.004000
0.108800 0.027200 0.003200
0.123200 0.027200 0.008800
0.580800 0.027200 0.008000
0.036800 0.028000 0.007200
0.080800 0.028000 0.007200
0.091200 0.028000 0.008800
0.116000 0.028000 0.005600
0.132800 0.028000 0.005600
0.151200 0.028000 0.003200
0.184800 0.028000 0.003200
0.206400 0.028000 0.005600
0.539200 0.028000 0.005600
0.548800 0.028000 0.005600
0.557600 0.028000 0.008800
0.572000 0.028000 0.006400
0.140000 0.028800 0.005600
0.145600 0.028800 0.008800
0.162400 0.028800 0.008800
0.171200 0.028800 0.007200
0.192000 0.028800 0.005600
0.199200 0.028800 0.004800
0.216000 0.028800 0.006400
0.500800 0.028800 0.006400
0.509600 0.028800 0.008000
0.520800 0.028800 0.005600
0.527200 0.028800 0.003200
0.532800 0.028800 0.008800
0.180800 0.029600 0.003200
0.243200 0.029600 0.008800
0.251200 0.029600 0.005600
0.258400 0.029600 0.005600
0.267200 0.029600 0.007200
0.357600 0.029600 0.011200
0.479200 0.029600 0.006400
0.488800 0.029600 0.007200
0.226400 0.030400 0.008800
0.237600 0.030400 0.003200
0.343200 0.030400 0.008000
0.388000 0.030400 0.005600
0.446400 0.030400 0.005600
0.455200 0.030400 0.005600
0.464000 0.030400 0.005600
0.470400 0.030400 0.005600
0.280000 0.031200 0.007200
0.294400 0.031200 0.007200
0.325600 0.031200 0.006400
0.334400 0.031200 0.005600
0.366400 0.031200 0.005600
0.375200 0.031200 0.005600
0.381600 0.031200 0.003200
0.396000 0.031200 0.005600
0.402400 0.031200 0.008800
0.411200 0.031200 0.007200
0.424000 0.031200 0.005600
0.432800 0.031200 0.005600
0.284800 0.032000 0.005600
0.303200 0.032000 0.005600
0.311200 0.032000 0.008800
0.316800 0.032000 0.005600
0.709600 0.036800 0.005600
0.631200 0.037600 0.005600
0.666400 0.037600 0.005600
0.682400 0.037600 0.007200
0.693600 0.037600 0.008000
0.702400 0.037600 0.005600
0.044800 0.038400 0.005600
0.638400 0.038400 0.005600
0.646400 0.038400 0.005600
0.652800 0.038400 0.003200
0.658400 0.038400 0.005600
0.672800 0.038400 0.011200
0.036800 0.039200 0.007200
0.051200 0.039200 0.005600
0.058400 0.039200 0.007200
0.592800 0.039200 0.008000
0.601600 0.039200 0.008000
0.614400 0.039200 0.007200
0.622400 0.039200 0.005600
0.068800 0.040000 0.005600
0.077600 0.040000 0.007200
0.088000 0.040000 0.007200
0.128800 0.040000 0.006400
0.138400 0.040000 0.007200
0.582400 0.040000 0.005600
0.099200 0.040800 0.008800
0.104800 0.040800 0.008800
0.113600 0.040800 0.008800
0.120800 0.040800 0.003200
0.151200 0.040800 0.006400
0.161600 0.040800 0.007200
0.173600 0.040800 0.006400
0.183200 0.040800 0.006400
0.549600 0.040800 0.005600
0.557600 0.040800 0.005600
0.566400 0.040800 0.005600
0.573600 0.040800 0.005600
0.193600 0.041600 0.008000
0.215200 0.041600 0.005600
0.505600 0.041600 0.006400
0.516000 0.041600 0.007200
0.528000 0.041600 0.007200
0.536000 0.041600 0.003200
0.541600 0.041600 0.008800
0.208800 0.042400 0.005600
0.223200 0.042400 0.005600
0.485600 0.042400 0.006400
0.496000 0.042400 0.005600
0.231200 0.043200 0.008000
0.242400 0.043200 0.005600
0.250400 0.043200 0.005600
0.262400 0.043200 0.008800
0.270400 0.043200 0.008800
0.275200 0.043200 0.008800
0.282400 0.043200 0.005600
0.366400 0.043200 0.005600
0.374400 0.043200 0.005600
0.442400 0.043200 0.006400
0.450400 0.043200 0.005600
0.460000 0.043200 0.005600
0.468000 0.043200 0.005600
0.292000 0.044000 0.005600
0.300000 0.044000 0.008800
0.332800 0.044000 0.006400
0.342400 0.044000 0.005600
0.350400 0.044000 0.004800
0.357600 0.044000 0.005600
0.383200 0.044000 0.007200
0.394400 0.044000 0.005600
0.403200 0.044000 0.005600
0.413600 0.044000 0.007200
0.424800 0.044000 0.008000
0.476800 0.044000 0.005600
0.305600 0.044800 0.003200
0.312800 0.044800 0.008000
0.902400 0.046400 0.008800
0.950400 0.046400 0.010400
0.872000 0.047200 0.008800
0.892800 0.047200 0.006400
0.913600 0.047200 0.007200
0.944000 0.047200 0.004000
0.963200 0.047200 0.007200
0.975200 0.047200 0.009600
0.840800 0.048000 0.005600
0.858400 0.048000 0.008800
0.882400 0.048000 0.007200
0.924000 0.048000 0.008800
0.932000 0.048000 0.003200
0.937600 0.048000 0.009600
0.712800 0.048800 0.007200
0.740000 0.048800 0.005600
0.750400 0.048800 0.007200
0.794400 0.048800 0.008800
0.818400 0.048800 0.008000
0.835200 0.048800 0.008800
0.847200 0.048800 0.008800
0.723200 0.049600 0.005600
0.731200 0.049600 0.005600
0.764000 0.049600 0.008000
0.773600 0.049600 0.007200
0.784000 0.049600 0.007200
0.804000 0.049600 0.007200
0.824800 0.049600 0.008800
0.712800 0.060800 0.008800
0.903200 0.060800 0.008000
0.912000 0.060800 0.008800
0.723200 0.061600 0.007200
0.834400 0.061600 0.008800
0.844800 0.061600 0.005600
0.875200 0.061600 0.007200
0.883200 0.061600 0.004800
0.891200 0.061600 0.008800
0.917600 0.061600 0.005600
0.924800 0.061600 0.005600
0.732800 0.062400 0.007200
0.747200 0.062400 0.007200
0.756000 0.062400 0.005600
0.773600 0.062400 0.008000
0.820800 0.062400 0.007200
0.854400 0.062400 0.007200
0.862400 0.062400 0.007200
0.762400 0.063200 0.008800
0.768000 0.063200 0.008800
0.784800 0.063200 0.008000
0.795200 0.063200 0.008800
0.800800 0.063200 0.010400
0.808800 0.063200 0.008800
0.165600 0.064800 0.005600
0.156800 0.065600 0.008800
0.133600 0.067200 0.008800
0.144000 0.067200 0.008800
0.096800 0.068000 0.016800
0.115200 0.068800 0.011200
0.914400 0.080000 0.008800
0.926400 0.080000 0.011200
0.941600 0.080800 0.011200
0.813600 0.089600 0.008800
0.804000 0.091200 0.008800
0.823200 0.091200 0.007200
0.208000 0.092000 0.008800
0.832000 0.092000 0.005600
0.840000 0.092000 0.012800
0.844800 0.092000 0.008800
0.217600 0.092800 0.005600
0.232800 0.092800 0.011200
0.268800 0.092800 0.011200
0.225600 0.093600 0.005600
0.244800 0.093600 0.011200
0.276800 0.093600 0.005600
0.439200 0.093600 0.008800
0.252000 0.094400 0.008800
0.288000 0.094400 0.008000
0.299200 0.094400 0.005600
0.307200 0.094400 0.005600
0.316800 0.094400 0.008800
0.323200 0.095200 0.005600
0.149600 0.109600 0.021600
0.164800 0.110400 0.008800
0.174400 0.112000 0.005600
0.188800 0.112000 0.004800
0.182400 0.112800 0.004800
0.197600 0.112800 0.013600
0.249600 0.113600 0.015200
0.425600 0.113600 0.011200
0.469600 0.113600 0.013600
0.259200 0.114400 0.005600
0.268000 0.114400 0.004800
0.275200 0.114400 0.005600
0.410400 0.114400 0.022400
0.438400 0.114400 0.013600
0.442400 0.114400 0.024800
0.488800 0.114400 0.011200
0.504800 0.114400 0.011200
0.549600 0.114400 0.011200
0.226400 0.115200 0.010400
0.239200 0.115200 0.008800
0.284800 0.115200 0.008800
0.316000 0.115200 0.015200
0.383200 0.115200 0.018400
0.401600 0.115200 0.019200
0.455200 0.115200 0.008800
0.566400 0.115200 0.011200
0.582400 0.115200 0.013600
0.788800 0.115200 0.007200
0.807200 0.115200 0.016800
0.834400 0.115200 0.011200
0.212800 0.116000 0.008800
0.299200 0.116000 0.011200
0.326400 0.116000 0.019200
0.360800 0.116000 0.016800
0.522400 0.116000 0.011200
0.537600 0.116000 0.008800
0.601600 0.116000 0.008800
0.623200 0.116000 0.027200
0.663200 0.116000 0.005600
0.693600 0.116000 0.013600
0.723200 0.116000 0.007200
0.733600 0.116000 0.005600
0.760800 0.116000 0.008800
0.776000 0.116000 0.012000
0.848800 0.116000 0.012800
0.336800 0.116800 0.019200
0.612000 0.116800 0.005600
0.652800 0.116800 0.008000
0.746400 0.116800 0.010400
0.351200 0.117600 0.008800
0.368000 0.117600 0.013600
0.639200 0.117600 0.011200
0.673600 0.117600 0.008800
0.712800 0.117600 0.011200
0.678400 0.118400 0.011200
0.079200 0.119200 0.019200
0.052000 0.120000 0.018400
0.064000 0.120800 0.008800
0.875200 0.131200 0.008800
0.730400 0.132000 0.008000
0.838400 0.132000 0.004800
0.718400 0.132800 0.005600
0.740000 0.132800 0.007200
0.752000 0.132800 0.005600
0.768800 0.132800 0.006400
0.832800 0.132800 0.009600
0.847200 0.132800 0.005600
0.857600 0.132800 0.006400
0.865600 0.132800 0.005600
0.708000 0.133600 0.007200
0.760000 0.133600 0.005600
0.818400 0.133600 0.004800
0.825600 0.133600 0.004800
0.780000 0.134400 0.005600
0.788800 0.134400 0.007200
0.810400 0.134400 0.005600
0.800800 0.135200 0.006400
0.363200 0.139200 0.008800
0.372800 0.140000 0.005600
0.391200 0.140000 0.008800
0.380800 0.140800 0.005600
0.476800 0.141600 0.012000
0.485600 0.142400 0.005600
0.492800 0.143200 0.011200
0.707200 0.144800 0.008800
0.720000 0.144800 0.005600
0.740800 0.144800 0.005600
0.880000 0.144800 0.008800
0.728800 0.145600 0.007200
0.760000 0.145600 0.007200
0.764000 0.145600 0.008000
0.770400 0.145600 0.005600
0.792000 0.145600 0.007200
0.804000 0.145600 0.005600
0.827200 0.145600 0.008000
0.847200 0.145600 0.005600
0.857600 0.145600 0.007200
0.868000 0.145600 0.007200
0.064000 0.146400 0.008800
0.749600 0.146400 0.006400
0.778400 0.146400 0.005600
0.812800 0.146400 0.005600
0.837600 0.146400 0.006400
0.054400 0.147200 0.007200
0.020800 0.156000 0.005600
0.028000 0.156000 0.008800
0.039200 0.156000 0.007200
0.049600 0.157600 0.005600
0.061600 0.158400 0.005600
0.069600 0.159200 0.005600
0.081600 0.159200 0.005600
0.091200 0.160000 0.005600
0.100000 0.160000 0.005600
0.154400 0.160000 0.015200
0.109600 0.160800 0.005600
0.119200 0.160800 0.007200
0.131200 0.160800 0.008800
0.172800 0.160800 0.013600
0.202400 0.160800 0.005600
0.210400 0.160800 0.004800
0.244800 0.160800 0.005600
0.192000 0.161600 0.016000
0.219200 0.161600 0.016800
0.237600 0.161600 0.005600
0.386400 0.161600 0.013600
0.232000 0.162400 0.011200
0.253600 0.162400 0.005600
0.266400 0.162400 0.011200
0.360000 0.162400 0.018400
0.708000 0.162400 0.005600
0.718400 0.162400 0.013600
0.841600 0.162400 0.012800
0.339200 0.163200 0.013600
0.348800 0.163200 0.016800
0.402400 0.163200 0.016800
0.423200 0.163200 0.019200
0.436000 0.163200 0.024800
0.453600 0.163200 0.024000
0.466400 0.163200 0.019200
0.480000 0.163200 0.016800
0.755200 0.163200 0.011200
0.820000 0.163200 0.012800
0.301600 0.164000 0.019200
0.315200 0.164000 0.005600
0.324000 0.164000 0.005600
0.412800 0.164000 0.018400
0.491200 0.164000 0.016800
0.496800 0.164000 0.016800
0.516000 0.164000 0.016800
0.699200 0.164000 0.005600
0.738400 0.164000 0.011200
0.769600 0.164000 0.010400
0.785600 0.164000 0.011200
0.800800 0.164000 0.011200
0.281600 0.164800 0.024800
0.292000 0.164800 0.020000
0.330400 0.164800 0.005600
0.508800 0.164800 0.016800
0.564800 0.164800 0.008800
0.660000 0.164800 0.005600
0.668800 0.164800 0.016800
0.685600 0.164800 0.011200
0.537600 0.165600 0.016800
0.554400 0.165600 0.016800
0.580800 0.165600 0.012800
0.601600 0.165600 0.016000
0.628800 0.165600 0.013600
0.646400 0.165600 0.011200
0.024800 0.169600 0.009600
0.039200 0.170400 0.005600
0.047200 0.171200 0.005600
0.101600 0.172000 0.010400
0.058400 0.172800 0.008000
0.068000 0.172800 0.007200
0.078400 0.172800 0.006400
0.087200 0.172800 0.005600
0.094400 0.172800 0.005600
0.107200 0.172800 0.008800
0.130400 0.174400 0.008800
0.120800 0.175200 0.008800
0.024000 0.184800 0.007200
0.032000 0.184800 0.005600
0.038400 0.185600 0.003200
0.046400 0.185600 0.006400
0.056000 0.185600 0.005600
0.064000 0.186400 0.005600
0.071200 0.187200 0.005600
0.079200 0.187200 0.005600
0.088000 0.187200 0.005600
0.111200 0.187200 0.007200
0.120800 0.187200 0.006400
0.100800 0.188000 0.006400
0.131200 0.188800 0.007200
0.148000 0.196000 0.019200
0.156000 0.196800 0.019200
0.172800 0.196800 0.016800
0.182400 0.196800 0.005600
0.194400 0.197600 0.008800
0.209600 0.197600 0.008800
0.220000 0.198400 0.005600
0.392000 0.198400 0.011200
0.033600 0.199200 0.005600
0.041600 0.199200 0.007200
0.228800 0.199200 0.015200
0.375200 0.199200 0.011200
0.405600 0.199200 0.008800
0.024000 0.200000 0.007200
0.050400 0.200000 0.007200
0.060000 0.200000 0.007200
0.068800 0.200000 0.007200
0.240000 0.200000 0.016800
0.246400 0.200000 0.013600
0.325600 0.200000 0.008800
0.358400 0.200000 0.011200
0.418400 0.200000 0.022400
0.079200 0.200800 0.005600
0.088800 0.200800 0.008000
0.101600 0.200800 0.007200
0.122400 0.200800 0.006400
0.260000 0.200800 0.011200
0.277600 0.200800 0.016000
0.288800 0.200800 0.005600
0.296000 0.200800 0.012800
0.313600 0.200800 0.008800
0.340000 0.200800 0.011200
0.436000 0.200800 0.016800
0.528000 0.200800 0.011200
0.568800 0.200800 0.013600
0.729600 0.200800 0.019200
0.770400 0.200800 0.016800
0.112800 0.201600 0.007200
0.132800 0.201600 0.007200
0.304000 0.201600 0.019200
0.446400 0.201600 0.008800
0.459200 0.201600 0.008800
0.500000 0.201600 0.011200
0.541600 0.201600 0.008800
0.551200 0.201600 0.016800
0.588800 0.201600 0.013600
0.653600 0.201600 0.012800
0.749600 0.201600 0.016800
0.779200 0.201600 0.005600
0.788000 0.201600 0.005600
0.470400 0.202400 0.008800
0.481600 0.202400 0.016800
0.513600 0.202400 0.008800
0.687200 0.202400 0.011200
0.702400 0.202400 0.011200
0.716800 0.202400 0.008800
0.737600 0.202400 0.016800
0.757600 0.202400 0.018400
0.844000 0.202400 0.016800
0.632000 0.203200 0.012800
0.672000 0.203200 0.011200
0.795200 0.203200 0.005600
0.804800 0.203200 0.013600
0.821600 0.203200 0.016800
0.612000 0.204000 0.016800
0.810400 0.204000 0.011200
0.834400 0.204000 0.019200
0.024000 0.212800 0.008800
0.029600 0.213600 0.008800
0.038400 0.213600 0.007200
0.048800 0.213600 0.007200
0.059200 0.213600 0.007200
0.068800 0.214400 0.007200
0.122400 0.214400 0.003200
0.082400 0.215200 0.008000
0.089600 0.215200 0.007200
0.100800 0.215200 0.008000
0.113600 0.215200 0.007200
0.128800 0.215200 0.005600
0.136800 0.215200 0.007200
0.076800 0.216000 0.003200
0.971200 0.216800 0.008800
0.916800 0.217600 0.005600
0.925600 0.217600 0.005600
0.933600 0.217600 0.008800
0.944800 0.217600 0.008000
0.954400 0.217600 0.008800
0.960800 0.217600 0.008800
0.904800 0.218400 0.008800
0.864800 0.220000 0.008800
0.893600 0.220000 0.008800
0.872000 0.220800 0.011200
0.880800 0.220800 0.008800
0.483200 0.222400 0.008800
0.503200 0.222400 0.008000
0.462400 0.223200 0.009600
0.435200 0.224800 0.008800
0.022400 0.226400 0.007200
0.032000 0.226400 0.006400
0.041600 0.227200 0.008000
0.055200 0.227200 0.006400
0.064000 0.227200 0.007200
0.077600 0.227200 0.008000
0.088000 0.227200 0.007200
0.099200 0.227200 0.007200
0.972800 0.230400 0.008000
0.963200 0.231200 0.008800
0.968800 0.232000 0.008800
0.863200 0.232800 0.007200
0.870400 0.232800 0.007200
0.884000 0.232800 0.005600
0.892000 0.232800 0.005600
0.900800 0.232800 0.006400
0.919200 0.232800 0.008800
0.930400 0.232800 0.005600
0.955200 0.232800 0.005600
0.912000 0.233600 0.005600
0.938400 0.233600 0.005600
0.948000 0.233600 0.007200
0.724000 0.239200 0.011200
0.156000 0.240000 0.013600
0.231200 0.240000 0.005600
0.239200 0.240000 0.004800
0.246400 0.240000 0.019200
0.742400 0.240000 0.015200
0.764000 0.240000 0.010400
0.776800 0.240000 0.005600
0.785600 0.240000 0.005600
0.799200 0.240000 0.019200
0.837600 0.240000 0.016800
0.170400 0.240800 0.016800
0.179200 0.240800 0.019200
0.190400 0.240800 0.008800
0.257600 0.240800 0.016000
0.302400 0.240800 0.016800
0.592000 0.240800 0.019200
0.667200 0.240800 0.008800
0.685600 0.240800 0.013600
0.808000 0.240800 0.005600
0.820000 0.240800 0.011200
0.023200 0.241600 0.007200
0.205600 0.241600 0.013600
0.221600 0.241600 0.008800
0.265600 0.241600 0.005600
0.280800 0.241600 0.019200
0.312000 0.241600 0.016800
0.351200 0.241600 0.011200
0.638400 0.241600 0.011200
0.750400 0.241600 0.021600
0.032000 0.242400 0.007200
0.042400 0.242400 0.005600
0.292000 0.242400 0.022400
0.368000 0.242400 0.011200
0.384800 0.242400 0.013600
0.520000 0.242400 0.028800
0.528000 0.242400 0.022400
0.542400 0.242400 0.011200
0.619200 0.242400 0.013600
0.655200 0.242400 0.011200
0.700800 0.242400 0.011200
0.712000 0.242400 0.005600
0.049600 0.243200 0.005600
0.320800 0.243200 0.005600
0.332800 0.243200 0.011200
0.404000 0.243200 0.011200
0.506400 0.243200 0.013600
0.556000 0.243200 0.008800
0.060800 0.244000 0.004800
0.068000 0.244000 0.005600
0.094400 0.244000 0.007200
0.123200 0.244000 0.005600
0.420000 0.244000 0.011200
0.464000 0.244000 0.009600
0.571200 0.244000 0.010400
0.868800 0.244000 0.011200
0.075200 0.244800 0.005600
0.083200 0.244800 0.005600
0.106400 0.244800 0.006400
0.115200 0.244800 0.005600
0.139200 0.244800 0.007200
0.451200 0.244800 0.008800
0.476000 0.244800 0.008800
0.489600 0.244800 0.011200
0.861600 0.244800 0.008000
0.130400 0.245600 0.004800
0.436800 0.245600 0.011200
0.605600 0.245600 0.004800
0.874400 0.245600 0.008800
0.885600 0.246400 0.007200
0.895200 0.247200 0.007200
0.907200 0.247200 0.008800
0.916800 0.247200 0.007200
0.927200 0.247200 0.007200
0.936000 0.247200 0.008000
0.940800 0.247200 0.008800
0.948000 0.247200 0.008000
0.960000 0.248000 0.005600
0.971200 0.248800 0.008800
0.022400 0.253600 0.005600
0.033600 0.254400 0.006400
0.042400 0.254400 0.005600
0.050400 0.254400 0.005600
0.059200 0.255200 0.005600
0.068000 0.256800 0.005600
0.076000 0.256800 0.005600
0.082400 0.256800 0.008800
0.089600 0.256800 0.005600
0.098400 0.257600 0.005600
0.106400 0.257600 0.005600
0.134400 0.257600 0.005600
0.143200 0.257600 0.005600
0.858400 0.257600 0.007200
0.115200 0.258400 0.005600
0.125600 0.258400 0.006400
0.868800 0.259200 0.007200
0.880000 0.260000 0.008000
0.897600 0.260000 0.005600
0.960800 0.260000 0.007200
0.664000 0.260800 0.008000
0.904000 0.260800 0.005600
0.912800 0.260800 0.005600
0.920800 0.260800 0.007200
0.932800 0.260800 0.005600
0.949600 0.260800 0.005600
0.674400 0.261600 0.005600
0.692000 0.261600 0.008800
0.941600 0.261600 0.005600
0.445600 0.262400 0.007200
0.469600 0.262400 0.005600
0.682400 0.262400 0.005600
0.971200 0.262400 0.007200
0.455200 0.263200 0.005600
0.461600 0.263200 0.005600
0.025600 0.266400 0.008800
0.033600 0.266400 0.007200
0.047200 0.268000 0.005600
0.056800 0.268000 0.005600
0.069600 0.269600 0.007200
0.076000 0.269600 0.008000
0.088000 0.269600 0.007200
0.099200 0.269600 0.005600
0.081600 0.270400 0.005600
0.104800 0.270400 0.008800
0.112000 0.270400 0.007200
0.122400 0.270400 0.007200
0.131200 0.270400 0.008800
0.136800 0.270400 0.007200
0.855200 0.270400 0.007200
0.865600 0.272000 0.007200
0.878400 0.273600 0.007200
0.898400 0.273600 0.006400
0.908000 0.273600 0.007200
0.920000 0.273600 0.007200
0.932000 0.273600 0.007200
0.944000 0.273600 0.007200
0.960000 0.273600 0.007200
0.970400 0.273600 0.005600
0.888800 0.274400 0.007200
0.952000 0.274400 0.005600
0.151200 0.275200 0.012800
0.159200 0.276000 0.004800
0.166400 0.277600 0.013600
0.181600 0.277600 0.011200
0.260000 0.277600 0.011200
0.035200 0.278400 0.007200
0.197600 0.278400 0.008800
0.223200 0.278400 0.016800
0.233600 0.278400 0.007200
0.244800 0.278400 0.008800
0.024000 0.279200 0.007200
0.207200 0.279200 0.019200
0.213600 0.279200 0.016000
0.050400 0.280000 0.007200
0.272000 0.280000 0.022400
0.288800 0.280000 0.013600
0.350400 0.280000 0.008800
0.550400 0.280000 0.016800
0.638400 0.280000 0.005600
0.740000 0.280000 0.011200
0.059200 0.280800 0.003200
0.066400 0.280800 0.005600
0.073600 0.280800 0.005600
0.087200 0.280800 0.005600
0.094400 0.280800 0.005600
0.101600 0.280800 0.004800
0.109600 0.280800 0.005600
0.303200 0.280800 0.008800
0.329600 0.280800 0.013600
0.336800 0.280800 0.019200
0.498400 0.280800 0.012000
0.564000 0.280800 0.005600
0.576000 0.280800 0.011200
0.592000 0.280800 0.013600
0.756000 0.280800 0.011200
0.772000 0.280800 0.008800
0.782400 0.280800 0.004800
0.789600 0.280800 0.004800
0.805600 0.280800 0.012800
0.840000 0.280800 0.010400
0.314400 0.281600 0.008800
0.362400 0.281600 0.008000
0.376000 0.281600 0.011200
0.390400 0.281600 0.008800
0.432000 0.281600 0.011200
0.449600 0.281600 0.011200
0.610400 0.281600 0.011200
0.627200 0.281600 0.011200
0.648800 0.281600 0.008800
0.688800 0.281600 0.007200
0.699200 0.281600 0.005600
0.707200 0.281600 0.005600
0.797600 0.281600 0.004800
0.820800 0.281600 0.016800
0.401600 0.282400 0.008800
0.416800 0.282400 0.011200
0.522400 0.282400 0.015200
0.662400 0.282400 0.011200
0.719200 0.282400 0.008800
0.728800 0.282400 0.004800
0.465600 0.283200 0.011200
0.482400 0.283200 0.011200
0.676800 0.283200 0.008800
0.859200 0.284800 0.008000
0.872000 0.286400 0.005600
0.881600 0.287200 0.005600
0.933600 0.287200 0.006400
0.943200 0.287200 0.006400
0.952800 0.287200 0.005600
0.976000 0.287200 0.007200
0.891200 0.288000 0.005600
0.906400 0.288000 0.005600
0.913600 0.288000 0.005600
0.922400 0.288000 0.007200
0.959200 0.288000 0.010400
0.966400 0.288000 0.007200
0.149600 0.297600 0.008800
0.159200 0.297600 0.005600
0.167200 0.298400 0.008800
0.603200 0.298400 0.005600
0.612800 0.298400 0.005600
0.622400 0.298400 0.005600
0.628800 0.298400 0.010400
0.856000 0.298400 0.009600
0.376000 0.299200 0.007200
0.594400 0.299200 0.005600
0.735200 0.299200 0.008800
0.219200 0.300000 0.012800
0.384800 0.300000 0.006400
0.396000 0.300000 0.006400
0.404800 0.300000 0.005600
0.468000 0.300000 0.008000
0.710400 0.300000 0.007200
0.719200 0.300000 0.005600
0.728000 0.300000 0.005600
0.745600 0.300000 0.008000
0.799200 0.300000 0.007200
0.875200 0.300000 0.007200
0.937600 0.300000 0.011200
0.227200 0.300800 0.005600
0.236800 0.300800 0.005600
0.414400 0.300800 0.005600
0.421600 0.300800 0.005600
0.429600 0.300800 0.005600
0.479200 0.300800 0.005600
0.486400 0.300800 0.004800
0.494400 0.300800 0.011200
0.511200 0.300800 0.008800
0.580800 0.300800 0.009600
0.649600 0.300800 0.008000
0.660000 0.300800 0.008000
0.698400 0.300800 0.007200
0.752800 0.300800 0.011200
0.760000 0.300800 0.010400
0.887200 0.300800 0.008000
0.900800 0.300800 0.006400
0.911200 0.300800 0.007200
0.921600 0.300800 0.005600
0.930400 0.300800 0.005600
0.954400 0.300800 0.006400
0.244000 0.301600 0.005600
0.520000 0.301600 0.005600
0.528000 0.301600 0.005600
0.536800 0.301600 0.012800
0.558400 0.301600 0.012000
0.567200 0.301600 0.005600
0.573600 0.301600 0.004800
0.687200 0.301600 0.008000
0.808800 0.301600 0.008800
0.815200 0.301600 0.009600
0.942400 0.301600 0.008000
0.962400 0.301600 0.007200
0.966400 0.301600 0.003200
0.972000 0.301600 0.008000
0.254400 0.302400 0.008800
0.306400 0.302400 0.012000
0.323200 0.302400 0.011200
0.315200 0.303200 0.005600
0.595200 0.308000 0.003200
0.601600 0.308800 0.005600
0.612000 0.308800 0.005600
0.069600 0.312800 0.005600
0.078400 0.312800 0.005600
0.085600 0.312800 0.005600
0.100800 0.312800 0.005600
0.852800 0.312800 0.008000
0.858400 0.312800 0.008800
0.872000 0.312800 0.007200
0.060800 0.313600 0.005600
0.093600 0.313600 0.005600
0.108000 0.313600 0.011200
0.882400 0.313600 0.007200
0.908000 0.313600 0.008000
0.935200 0.313600 0.005600
0.040800 0.314400 0.007200
0.052000 0.314400 0.005600
0.894400 0.314400 0.008000
0.919200 0.314400 0.005600
0.926400 0.314400 0.008800
0.944000 0.314400 0.005600
0.971200 0.314400 0.008000
0.032000 0.315200 0.015200
0.952000 0.315200 0.005600
0.959200 0.315200 0.005600
0.151200 0.319200 0.016800
0.164800 0.319200 0.011200
0.181600 0.319200 0.013600
0.771200 0.320000 0.008800
0.794400 0.320000 0.016800
0.836800 0.320000 0.013600
0.199200 0.320800 0.016000
0.762400 0.320800 0.015200
0.783200 0.320800 0.008800
0.820000 0.320800 0.011200
0.209600 0.321600 0.004800
0.217600 0.321600 0.005600
0.807200 0.321600 0.008800
0.244000 0.322400 0.012800
0.492000 0.322400 0.014400
0.509600 0.322400 0.005600
0.710400 0.322400 0.005600
0.717600 0.322400 0.004800
0.725600 0.322400 0.013600
0.740000 0.322400 0.009600
0.752000 0.322400 0.015200
0.228800 0.323200 0.008800
0.267200 0.323200 0.013600
0.291200 0.323200 0.016800
0.356800 0.323200 0.019200
0.501600 0.323200 0.005600
0.546400 0.323200 0.005600
0.628800 0.323200 0.012800
0.688000 0.323200 0.008800
0.700800 0.323200 0.008800
0.301600 0.324000 0.016000
0.341600 0.324000 0.013600
0.366400 0.324000 0.016800
0.384800 0.324000 0.013600
0.436000 0.324000 0.013600
0.453600 0.324000 0.009600
0.470400 0.324000 0.013600
0.537600 0.324000 0.014400
0.644800 0.324000 0.011200
0.659200 0.324000 0.010400
0.673600 0.324000 0.008800
0.320800 0.324800 0.013600
0.416000 0.325600 0.012800
0.518400 0.325600 0.014400
0.560000 0.325600 0.011200
0.592000 0.325600 0.011200
0.609600 0.325600 0.011200
0.400800 0.326400 0.011200
0.575200 0.326400 0.011200
0.866400 0.327200 0.005600
0.857600 0.328000 0.008800
0.876800 0.328000 0.007200
0.960000 0.328000 0.005600
0.908800 0.328800 0.006400
0.942400 0.328800 0.007200
0.953600 0.328800 0.008800
0.968800 0.328800 0.010400
0.974400 0.328800 0.009600
0.888000 0.329600 0.007200
0.898400 0.329600 0.007200
0.917600 0.329600 0.008800
0.932000 0.329600 0.005600
0.792000 0.340800 0.008800
0.811200 0.340800 0.005600
0.801600 0.341600 0.006400
0.820800 0.341600 0.008000
0.856000 0.341600 0.007200
0.425600 0.342400 0.008000
0.632000 0.342400 0.011200
0.640000 0.342400 0.005600
0.648000 0.342400 0.005600
0.659200 0.342400 0.008800
0.688800 0.342400 0.008000
0.867200 0.342400 0.005600
0.436000 0.343200 0.008000
0.441600 0.343200 0.003200
0.446400 0.343200 0.008000
0.528800 0.343200 0.003200
0.698400 0.343200 0.008800
0.878400 0.343200 0.007200
0.312000 0.344000 0.008800
0.465600 0.344000 0.011200
0.473600 0.344000 0.005600
0.482400 0.344000 0.005600
0.888800 0.344000 0.007200
0.901600 0.344000 0.005600
0.911200 0.344000 0.005600
0.919200 0.344000 0.008000
0.241600 0.344800 0.008800
0.268000 0.344800 0.007200
0.279200 0.344800 0.006400
0.301600 0.344800 0.005600
0.490400 0.344800 0.011200
0.522400 0.344800 0.008800
0.533600 0.344800 0.008800
0.540000 0.344800 0.004800
0.753600 0.344800 0.008800
0.931200 0.344800 0.008800
0.943200 0.344800 0.008000
0.252000 0.345600 0.005600
0.260000 0.345600 0.005600
0.289600 0.345600 0.007200
0.594400 0.345600 0.008000
0.763200 0.345600 0.008800
0.956800 0.345600 0.007200
0.367200 0.346400 0.008800
0.565600 0.346400 0.008800
0.574400 0.346400 0.005600
0.583200 0.346400 0.005600
0.588800 0.346400 0.010400
0.968000 0.346400 0.008800
0.348000 0.347200 0.011200
0.355200 0.347200 0.005600
0.361600 0.347200 0.003200
0.376000 0.347200 0.007200
0.853600 0.356000 0.008000
0.043200 0.356800 0.012800
0.864800 0.356800 0.008000
0.874400 0.356800 0.008000
0.886400 0.356800 0.005600
0.052000 0.357600 0.008800
0.068000 0.357600 0.008000
0.898400 0.357600 0.008800
0.079200 0.358400 0.005600
0.087200 0.358400 0.005600
0.094400 0.358400 0.005600
0.907200 0.358400 0.008800
0.966400 0.358400 0.007200
0.920800 0.360000 0.011200
0.928800 0.360800 0.005600
0.937600 0.360800 0.005600
0.945600 0.360800 0.005600
0.955200 0.360800 0.008800
0.976000 0.360800 0.007200
0.152800 0.363200 0.020800
0.775200 0.363200 0.015200
0.196800 0.364000 0.008800
0.225600 0.364000 0.013600
0.796800 0.364000 0.008800
0.831200 0.364000 0.020000
0.168800 0.364800 0.011200
0.183200 0.364800 0.011200
0.208800 0.364800 0.019200
0.244000 0.364800 0.013600
0.807200 0.364800 0.005600
0.816800 0.364800 0.008800
0.756000 0.365600 0.015200
0.786400 0.365600 0.005600
0.280800 0.366400 0.016800
0.286400 0.366400 0.012000
0.322400 0.366400 0.004000
0.343200 0.366400 0.016800
0.405600 0.366400 0.022400
0.493600 0.366400 0.015200
0.550400 0.366400 0.008800
0.635200 0.366400 0.008800
0.660800 0.366400 0.008800
0.732000 0.366400 0.012800
0.257600 0.367200 0.008800
0.268800 0.367200 0.016000
0.302400 0.367200 0.008800
0.313600 0.367200 0.016800
0.560800 0.367200 0.007200
0.573600 0.367200 0.010400
0.605600 0.367200 0.008800
0.645600 0.367200 0.016800
0.672800 0.367200 0.008800
0.746400 0.367200 0.007200
0.330400 0.368000 0.013600
0.389600 0.368000 0.011200
0.414400 0.368000 0.003200
0.427200 0.368000 0.011200
0.514400 0.368000 0.011200
0.526400 0.368000 0.018400
0.587200 0.368000 0.016800
0.623200 0.368000 0.016800
0.706400 0.368000 0.005600
0.712800 0.368000 0.019200
0.352000 0.368800 0.016800
0.472800 0.368800 0.017600
0.536800 0.368800 0.019200
0.596000 0.368800 0.005600
0.686400 0.368800 0.011200
0.700800 0.368800 0.010400
0.365600 0.369600 0.008800
0.377600 0.369600 0.008800
0.420000 0.369600 0.003200
0.444000 0.370400 0.016800
0.072000 0.387200 0.005600
0.081600 0.387200 0.006400
0.090400 0.387200 0.005600
0.098400 0.387200 0.005600
0.112000 0.387200 0.012800
0.030400 0.388000 0.008000
0.041600 0.388000 0.007200
0.052000 0.388000 0.008800
0.063200 0.388000 0.008800
0.106400 0.388000 0.005600
0.120000 0.388000 0.005600
0.128000 0.388000 0.005600
0.134400 0.388000 0.005600
0.141600 0.388000 0.010400
0.155200 0.388000 0.007200
0.164800 0.388000 0.005600
0.173600 0.388000 0.005600
0.180800 0.388000 0.005600
0.188800 0.388000 0.006400
0.197600 0.388000 0.003200
0.204800 0.388800 0.005600
0.215200 0.388800 0.007200
0.224000 0.388800 0.005600
0.234400 0.388800 0.007200
0.252000 0.388800 0.005600
0.264000 0.388800 0.008800
0.270400 0.388800 0.004800
0.243200 0.389600 0.005600
0.278400 0.389600 0.005600
0.287200 0.390400 0.005600
0.293600 0.390400 0.005600
0.300800 0.390400 0.005600
0.326400 0.390400 0.013600
0.309600 0.391200 0.007200
0.319200 0.391200 0.005600
0.336000 0.391200 0.007200
0.344800 0.392000 0.005600
0.350400 0.392800 0.003200
0.356000 0.392800 0.008800
0.380800 0.392800 0.005600
0.388800 0.392800 0.005600
0.366400 0.393600 0.005600
0.373600 0.393600 0.005600
0.395200 0.393600 0.005600
0.402400 0.394400 0.005600
0.411200 0.394400 0.005600
0.497600 0.394400 0.008800
0.508000 0.394400 0.013600
0.519200 0.394400 0.008800
0.524000 0.394400 0.003200
0.675200 0.394400 0.008800
0.420000 0.395200 0.008000
0.440800 0.395200 0.007200
0.449600 0.395200 0.005600
0.461600 0.395200 0.016800
0.468800 0.395200 0.010400
0.481600 0.395200 0.008000
0.530400 0.395200 0.008800
0.540800 0.395200 0.004000
0.562400 0.395200 0.003200
0.568800 0.395200 0.008800
0.580800 0.395200 0.005600
0.608800 0.395200 0.008800
0.614400 0.395200 0.003200
0.625600 0.395200 0.008800
0.431200 0.396000 0.005600
0.456800 0.396000 0.004000
0.588800 0.396000 0.005600
0.597600 0.396000 0.008800
0.635200 0.396000 0.005600
0.644000 0.396000 0.008800
0.654400 0.396000 0.003200
0.660000 0.396000 0.008800
0.548000 0.396800 0.005600
0.556800 0.396800 0.004800
0.687200 0.396800 0.019200
