1317
1317
1317
1317
1317
1317
1314
1314
1316
1318
1315
1318
1315
1315
1315
1315
1318
1318
1315
1315
1315
1315
1315
1318
1318
1318
1318
1318
1318
1313
1313
1313
1313
1313
1313
1313
1313
1290
1290
1290
1290
1290
1290
1290
1290
1290
1290
1290
1290
1290
1290
1290
1290
1290
1290
1290
1290
1290
1290
1290
1290
1290
1290
1290
1290
1290
1290
1290
1290
1290
1290
1290
1290
1290
1290
1290
1290
1290
1290
1290
1290
1290
1290
1290
1290
1290
1290
1290
1290
1290
1290
1290
1290
1290
1290
1290
1290
1312
1312
1312
1312
1312
1312
1312
1312
1312
1311
1311
1311
1311
1311
1310
1310
1310
1310
1310
1310
1310
1290
1290
1290
1290
1290
1290
1290
1290
1290
1290
1290
1290
1290
1290
1290
1290
1290
1290
1290
1290
1290
1290
1290
1290
1290
1290
1290
1290
1290
1290
1290
1290
1290
1290
1290
1290
1290
1290
1290
1290
1290
1290
1290
1290
1290
1290
1290
1290
1290
1290
1290
1290
1290
1290
1290
1290
1290
1290
1290
1290
1290
1306
1309
1308
1306
1306
1309
1309
1308
1308
1308
1307
1307
1306
1306
1306
1306
1309
1309
1309
1309
1308
1308
1308
1307
1307
1307
1307
1307
1309
1309
1309
1308
1308
1307
1290
1290
1290
1290
1290
1290
1290
1290
1290
1290
1290
1290
1290
1290
1290
1290
1290
1290
1290
1290
1290
1290
1290
1290
1290
1290
1290
1290
1290
1290
1290
1290
1290
1290
1290
1290
1290
1290
1290
1290
1290
1290
1290
1290
1290
1290
1290
1290
1290
1290
1290
1290
1290
1290
1303
1303
1302
1302
1302
1302
1302
1302
1302
1303
1304
1304
1303
1304
1304
1303
1303
1304
1304
1304
1305
1305
1305
1305
1305
1305
1305
1305
1319
1305
1290
1290
1290
1290
1290
1290
1290
1290
1290
1290
1290
1290
1290
1290
1290
1290
1290
1290
1290
1290
1290
1290
1290
1290
1290
1290
1290
1290
1290
1290
1290
1290
1290
1290
1290
1290
1290
1290
1290
1290
1290
1290
1290
1290
1290
1290
1290
1290
1290
1290
1290
1290
1299
1299
1299
1299
1299
1299
1299
1299
1299
1299
1299
1299
1299
1299
1299
1299
1299
1299
1299
1301
1300
1299
1299
1301
1301
1301
1300
1300
1301
1301
1300
1300
1300
1300
1300
1300
1300
1300
1300
1301
1301
1300
1320
-1
1298
-1
1298
1290
1290
1290
1290
1290
1290
1290
1290
1290
1290
1290
1290
1290
1290
1290
1290
1290
1290
1290
1290
1290
1290
1290
1290
1290
1290
1290
1290
1290
1290
1290
1290
1290
1290
1290
1290
1290
1290
1290
1290
1290
1290
1290
1290
1290
1290
1290
1290
1290
1290
1290
1290
1290
1290
1297
1297
1297
1297
1297
1297
1297
1297
1297
1297
1297
1297
1297
1297
1297
1297
1297
1297
1297
1297
1297
1297
1297
1297
1297
1297
1297
1297
1296
1296
1296
1296
1296
1296
1296
1296
1296
1296
1296
1290
1290
1290
1290
1290
1290
1290
1290
1290
1290
1290
1290
1290
1290
1290
1290
1290
1290
1290
1290
1290
1290
1290
1290
1290
1290
1290
1290
1290
1290
1290
1290
1290
1290
1290
1290
1290
1290
1290
1290
1290
1290
1290
1290
1290
1290
1290
1290
1290
1290
1290
1290
1290
1290
1292
1292
1292
1292
1292
1292
1292
1292
1292
1292
1291
1292
1291
1291
1291
1293
1293
1293
1294
1291
1291
1293
1293
1293
1293
1293
1293
1293
1293
1293
1293
1294
1294
1294
1294
1293
1293
1293
1294
1293
-1
1290
1290
1290
1290
1290
1290
1290
1290
1290
1290
1290
1290
1290
1290
1290
1290
1290
1290
1290
1290
1290
1290
1290
1290
1290
1290
1290
1290
1290
1290
1290
1290
1290
1290
1290
1290
1290
1290
1290
1290
1290
1290
1290
1290
1290
1290
1290
1290
1290
1290
1290
1290
1290
1290
1290
1290
1290
1290
1295
1295
1295
1295