1420
1420
1420
1420
1420
1420
1423
1423
-1
1421
1421
1422
1421
1421
1421
1422
1421
1421
1422
1422
1422
1422
1422
1421
1422
1422
1422
1422
1422
1422
1422
1422
1422
1424
1424
1424
1424
1424
1419
1419
1419
1419
1419
1419
1419
1419
1419
1419
1419
1419
1419
1419
1419
1419
1419
1419
1419
1419
1419
1419
1419
1419
1419
1419
1419
1419
1419
1419
1419
1419
1419
1419
1419
1419
1419
1419
1419
1419
1419
1419
1419
1419
1419
1419
1419
1419
1419
1419
1419
1419
1455
1454
1455
1454
1454
1454
1454
1454
1454
1454
1454
1454
1455
1455
1455
1455
1455
1455
1454
1454
1454
1454
1454
1454
1454
1454
1455
1455
1454
1454
1454
1454
1453
1453
1454
1453
1453
1453
1453
1453
1456
1456
1456
1456
1456
1456
1419
1419
1419
1419
1419
1419
1419
1419
1419
1419
1419
1419
1419
1419
1419
1419
1419
1419
1419
1419
1419
1419
1419
1419
1419
1419
1419
1419
1419
1419
1419
1419
1419
1419
1419
1419
1419
1419
1419
1419
1419
1419
1419
1419
1419
1419
1419
1419
1419
1419
1419
1419
1419
1419
1419
1419
1419
1419
1450
1450
1450
1450
1450
1450
1450
1450
1450
1450
1450
1450
1450
1449
1449
1450
1451
1448
1448
1448
1448
1448
1449
1449
1449
1449
1449
1449
1449
1451
1451
1451
1452
1448
1448
1449
1449
1451
1451
1452
1452
1448
1449
1452
1448
-1
1419
1419
1419
1419
1419
1419
1419
1419
1419
1419
1419
1419
1419
1419
1419
1419
1419
1419
1419
1419
1419
1419
1419
1419
1419
1419
1419
1419
1419
1419
1419
1419
1419
1419
1419
1419
1419
1419
1419
1419
1419
1419
1419
1419
1419
1419
1419
1419
1419
1419
1419
1425
1425
1425
1425
1425
1425
1425
1425
1446
1446
1446
1446
1446
1446
1446
1446
1446
1446
1443
1446
1446
1443
1443
1447
1447
1447
1447
1445
1445
1445
1444
1444
1443
1447
1445
1445
1445
1445
1445
1444
1444
1444
1447
1447
1447
1447
1445
1445
1445
1444
1444
1425
1425
1425
1425
1425
1425
1425
1419
1419
1419
1419
1419
1419
1419
1419
1419
1419
1419
1419
1419
1419
1419
1419
1419
1419
1419
1419
1419
1419
1419
1419
1419
1419
1419
1419
1419
1419
1419
1419
1419
1419
1419
1419
1419
1419
1419
1419
1419
1419
1419
1419
1419
1419
1419
1419
1419
1419
1419
1419
1419
1419
1431
1431
1430
1430
1431
1431
1430
1430
1431
1431
1431
1431
1430
1430
1430
1431
1428
1427
1431
1428
1428
1428
1428
1428
1428
1428
1429
1427
1427
1427
1426
1429
1427
1426
1426
1426
1429
1429
-1
1419
1419
1419
1419
1419
1419
1419
1419
1419
1419
1419
1419
1419
1419
1419
1419
1419
1419
1419
1419
1419
1419
1419
1419
1419
1419
1419
1419
1419
1419
1419
1419
1419
1419
1419
1419
1419
1419
1419
1419
1419
1419
1419
1419
1419
1419
1419
1419
1419
1419
1419
1419
1419
1419
1419
1419
1434
1435
1434
1434
1435
1433
1433
1433
1433
1435
1435
1435
1436
1433
1435
1435
1436
1436
1436
1436
1436
1432
1437
1437
1437
1432
1432
1437
1437
1432
1432
1432
1437
1437
1419
1419
1419
1419
1419
1419
1419
1419
1419
1419
1419
1419
1419
1419
1419
1419
1419
1419
1419
1419
1419
1419
1419
1419
1419
1419
1419
1419
1419
1419
1419
1419
1419
1419
1419
1419
1419
1419
1419
1419
1419
1419
1419
1419
1419
1419
1419
1419
1419
1419
1419
1419
1419
1419
1419
1419
1419
1440
1440
1440
1440
1440
1440
1440
1438
1438
1438
1438
1439
1439
1438
1439
1439
1439
1439
1442
1419
1419
1419
1419
1419
1419
1419
1419
1419
1419
1419
1419
1419
1419
1419
1419
1419
1419
1419
1419
1419
1419
1419
1419
1419
1419
1419
1419
1419
1419
1419
1419
1419
1419
1419
1419
1419
1419
1419
1419
1419
1419
1419
1419
1419
1419
1419
1419
1419
1419
1419
1419
1419
1441