208
208
208
208
208
208
208
208
208
208
208
208
208
208
208
208
208
208
208
208
208
208
208
208
208
208
208
208
208
208
208
208
208
208
208
208
208
208
208
208
215
215
215
209
209
209
209
209
209
212
212
212
212
212
212
212
214
214
214
214
214
214
214
213
211
213
213
213
211
211
211
211
213
213
213
211
211
213
213
207
207
207
207
207
207
207
207
207
207
207
207
207
207
207
207
207
207
207
207
207
207
207
207
207
207
207
207
207
207
207
207
207
207
207
207
207
207
207
207
207
207
207
207
207
207
207
207
207
207
207
207
207
207
207
207
207
210
210
210
210
218
218
217
217
217
217
217
216
218
218
217
217
217
217
216
216
218
217
216
216
219
219
218
217
217
216
216
219
219
216
220
219
219
210
210
207
207
207
207
207
207
207
207
207
207
207
207
207
207
207
207
207
207
207
207
207
207
207
207
207
207
207
207
207
207
207
207
207
207
207
207
207
207
207
207
207
207
207
207
207
207
207
207
207
222
222
222
222
223
222
222
222
223
223
223
223
223
223
223
223
223
223
223
223
223
223
223
223
224
224
224
221
224
221
224
221
221
221
221
221
221
221
221
221
207
207
207
207
207
207
207
207
207
207
207
207
207
207
207
207
207
207
207
207
207
207
207
207
207
207
207
207
207
207
207
207
207
207
207
207
207
207
207
207
207
207
207
207
207
207
207
207
207
207
207
227
227
227
227
227
227
227
227
226
228
228
226
228
228
228
226
226
226
226
228
228
228
228
228
225
225
229
229
225
225
225
225
225
225
225
229
229
229
229
225
229
207
207
207
207
207
207
207
207
207
207
207
207
207
207
207
207
207
207
207
207
207
207
207
207
207
207
207
207
207
207
207
207
207
207
207
207
207
207
207
207
207
207
207
207
207
207
207
207
207
207
207
207
231
231
231
231
231
231
231
231
230
230
231
231
231
231
231
231
231
231
231
232
232
230
231
231
231
231
236
207
207
207
207
207
207
207
207
207
207
207
207
207
207
207
207
207
207
207
207
207
207
207
207
207
207
207
207
207
207
207
207
207
207
207
207
207
207
207
207
207
207
207
207
207
207
207
207
237
237
237
237
237
235
233
235
235
234
234
233
233
233
233
233
233
238
238
238
235
235
234
234
234
234
234
234
234
234
234
233
233
235
235
235
233
207
207
207
207
207
207
207
207
207
207
207
207
207
207
207
207
207
207
207
207
207
207
207
207
207
207
207
207
207
207
207
207
207
207
207
207
207
207
207
207
207
207
207
207
207
207
207
207
207
207
207
207
239
239
239
239
239
239
239
239
242
239
239
239
242
242
242
241
242
242
241
241
241
242
242
240
240
242
242
242
240
240
207
207
207
207
207
207
207
207
207
207
207
207
207
207
207
207
207
207
207
207
207
207
207
207
207
207
207
207
207
207
207
207
207
207
207
207
207
207
207
207
207
207
207
207
207
207
207
207
207
207
243
243
244
244
244
244
244
244