0.711200 0.028800 0.010400
0.716800 0.028800 0.008800
0.726400 0.028800 0.007200
0.741600 0.030400 0.008800
0.755200 0.031200 0.008000
0.810400 0.031200 0.005600
0.766400 0.032000 0.007200
0.779200 0.032000 0.008800
0.792800 0.032000 0.007200
0.801600 0.032000 0.005600
0.820000 0.032000 0.005600
0.828000 0.032800 0.005600
0.838400 0.032800 0.007200
0.848000 0.032800 0.005600
0.855200 0.032800 0.011200
0.867200 0.032800 0.008800
0.878400 0.033600 0.008800
0.144800 0.043200 0.016800
0.180000 0.043200 0.015200
0.188800 0.043200 0.007200
0.208800 0.043200 0.005600
0.713600 0.043200 0.008000
0.723200 0.043200 0.007200
0.164000 0.044000 0.011200
0.200000 0.044000 0.007200
0.733600 0.044000 0.005600
0.743200 0.044000 0.007200
0.752800 0.044800 0.008800
0.758400 0.045600 0.008800
0.769600 0.045600 0.008000
0.781600 0.048000 0.008800
0.841600 0.048000 0.005600
0.868000 0.048000 0.007200
0.880000 0.048000 0.008000
0.898400 0.048000 0.005600
0.793600 0.048800 0.008800
0.803200 0.048800 0.005600
0.811200 0.048800 0.005600
0.821600 0.048800 0.007200
0.832800 0.048800 0.007200
0.848800 0.048800 0.005600
0.858400 0.048800 0.005600
0.889600 0.048800 0.005600
0.909600 0.051200 0.015200
0.939200 0.056800 0.024800
0.955200 0.058400 0.013600
0.129600 0.074400 0.011200
0.150400 0.074400 0.013600
0.181600 0.074400 0.005600
0.175200 0.075200 0.005600
0.188000 0.075200 0.010400
0.166400 0.076000 0.005600
0.141600 0.076800 0.007200
0.466400 0.078400 0.013600
0.475200 0.079200 0.005600
0.494400 0.079200 0.006400
0.504000 0.079200 0.007200
0.524000 0.079200 0.013600
0.484800 0.080000 0.005600
0.515200 0.080000 0.005600
0.744800 0.094400 0.013600
0.750400 0.094400 0.011200
0.667200 0.095200 0.013600
0.736800 0.095200 0.005600
0.852000 0.095200 0.008800
0.864000 0.095200 0.008800
0.728800 0.096000 0.005600
0.775200 0.096000 0.027200
0.839200 0.096000 0.011200
0.650400 0.096800 0.011200
0.699200 0.096800 0.013600
0.718400 0.096800 0.016800
0.763200 0.096800 0.011200
0.152000 0.097600 0.011200
0.436000 0.097600 0.013600
0.684800 0.097600 0.012000
0.808800 0.097600 0.011200
0.824000 0.097600 0.011200
0.875200 0.097600 0.018400
0.133600 0.098400 0.012000
0.166400 0.098400 0.008800
0.177600 0.098400 0.015200
0.232800 0.098400 0.013600
0.301600 0.098400 0.019200
0.457600 0.098400 0.016800
0.551200 0.098400 0.013600
0.571200 0.098400 0.013600
0.614400 0.098400 0.022400
0.633600 0.098400 0.013600
0.792800 0.098400 0.011200
0.206400 0.099200 0.016000
0.251200 0.099200 0.016800
0.288800 0.099200 0.008800
0.310400 0.099200 0.005600
0.404000 0.099200 0.011200
0.428000 0.099200 0.016800
0.468800 0.099200 0.011200
0.484000 0.099200 0.009600
0.500000 0.099200 0.011200
0.520000 0.099200 0.011200
0.535200 0.099200 0.011200
0.194400 0.100000 0.011200
0.261600 0.100000 0.021600
0.275200 0.100000 0.011200
0.334400 0.100000 0.008800
0.364000 0.100000 0.005600
0.371200 0.100000 0.005600
0.416800 0.100000 0.007200
0.587200 0.100000 0.011200
0.601600 0.100000 0.008800
0.188000 0.100800 0.004800
0.318400 0.100800 0.013600
0.347200 0.100800 0.012800
0.354400 0.100800 0.013600
0.387200 0.100800 0.011200
0.060800 0.103200 0.022400
0.668800 0.114400 0.008000
0.678400 0.114400 0.010400
0.684800 0.114400 0.005600
0.659200 0.115200 0.008000
0.692800 0.115200 0.006400
0.708800 0.115200 0.010400
0.852800 0.115200 0.008000
0.361600 0.116000 0.008000
0.490400 0.116000 0.008800
0.504000 0.116000 0.008800
0.702400 0.116000 0.005600
0.865600 0.116000 0.008800
0.337600 0.116800 0.008000
0.374400 0.116800 0.007200
0.476800 0.116800 0.009600
0.832000 0.116800 0.007200
0.841600 0.116800 0.005600
0.204800 0.117600 0.008000
0.348800 0.117600 0.007200
0.392800 0.117600 0.005600
0.401600 0.117600 0.008800
0.514400 0.117600 0.011200
0.520800 0.117600 0.011200
0.161600 0.118400 0.004800
0.168800 0.118400 0.003200
0.384000 0.118400 0.005600
0.135200 0.119200 0.003200
0.141600 0.119200 0.005600
0.151200 0.119200 0.007200
0.175200 0.119200 0.004800
0.192000 0.119200 0.005600
0.128000 0.120000 0.010400
0.182400 0.120000 0.005600
0.061600 0.128800 0.040000
0.604000 0.133600 0.008800
0.736800 0.133600 0.005600
0.589600 0.134400 0.008800
0.614400 0.134400 0.018400
0.662400 0.134400 0.005600
0.745600 0.134400 0.016800
0.819200 0.134400 0.011200
0.580000 0.135200 0.006400
0.652000 0.135200 0.016800
0.688000 0.135200 0.008800
0.709600 0.135200 0.008800
0.724000 0.135200 0.011200
0.807200 0.135200 0.008800
0.848000 0.135200 0.011200
0.636000 0.136000 0.015200
0.673600 0.136000 0.016000
0.700000 0.136000 0.005600
0.764800 0.136000 0.013600
0.780000 0.136000 0.011200
0.795200 0.136000 0.008800
0.833600 0.136000 0.008800
0.866400 0.136000 0.015200
0.128800 0.136800 0.008800
0.195200 0.136800 0.011200
0.442400 0.136800 0.016800
0.452800 0.136800 0.016800
0.560000 0.136800 0.016000
0.571200 0.136800 0.005600
0.875200 0.136800 0.016000
0.140000 0.137600 0.009600
0.156800 0.137600 0.011200
0.179200 0.137600 0.013600
0.626400 0.137600 0.005600
0.212800 0.138400 0.011200
0.228800 0.138400 0.011200
0.362400 0.138400 0.013600
0.472800 0.138400 0.012800
0.490400 0.138400 0.011200
0.248000 0.139200 0.012800
0.262400 0.139200 0.013600
0.287200 0.139200 0.008800
0.296800 0.139200 0.005600
0.323200 0.139200 0.013600
0.342400 0.139200 0.012800
0.378400 0.139200 0.011200
0.412000 0.139200 0.008800
0.425600 0.139200 0.008800
0.526400 0.139200 0.011200
0.542400 0.139200 0.011200
0.307200 0.140000 0.007200
0.275200 0.140800 0.008000
0.397600 0.140800 0.011200
0.509600 0.140800 0.013600
0.386400 0.155200 0.007200
0.395200 0.155200 0.005600
0.400800 0.156800 0.005600
0.419200 0.156800 0.005600
0.427200 0.156800 0.010400
0.460800 0.156800 0.008800
0.465600 0.156800 0.008000
0.253600 0.157600 0.008000
0.265600 0.157600 0.007200
0.410400 0.157600 0.005600
0.432000 0.157600 0.008800
0.440800 0.157600 0.005600
0.449600 0.157600 0.008000
0.876800 0.158400 0.008800
0.230400 0.159200 0.007200
0.241600 0.159200 0.008000
0.276000 0.159200 0.008800
0.844800 0.159200 0.008800
0.856000 0.159200 0.007200
0.866400 0.159200 0.007200
0.220800 0.160000 0.007200
0.890400 0.160000 0.018400
0.898400 0.160800 0.012800
0.563200 0.173600 0.016000
0.552800 0.174400 0.013600
0.833600 0.174400 0.008800
0.372000 0.175200 0.011200
0.410400 0.175200 0.008000
0.583200 0.175200 0.012800
0.604000 0.175200 0.012800
0.650400 0.175200 0.013600
0.822400 0.175200 0.008000
0.388800 0.176000 0.008800
0.399200 0.176000 0.005600
0.536800 0.176000 0.011200
0.202400 0.176800 0.003200
0.206400 0.176800 0.007200
0.356000 0.176800 0.013600
0.507200 0.176800 0.012800
0.620800 0.176800 0.009600
0.635200 0.176800 0.010400
0.659200 0.176800 0.005600
0.672800 0.176800 0.011200
0.688000 0.176800 0.013600
0.707200 0.176800 0.008800
0.718400 0.176800 0.019200
0.725600 0.176800 0.005600
0.736000 0.176800 0.022400
0.762400 0.176800 0.019200
0.772000 0.176800 0.016800
0.786400 0.176800 0.012000
0.845600 0.176800 0.008800
0.855200 0.176800 0.008800
0.876800 0.176800 0.013600
0.156800 0.177600 0.016800
0.184000 0.177600 0.008800
0.195200 0.177600 0.016800
0.259200 0.177600 0.013600
0.317600 0.177600 0.013600
0.336800 0.177600 0.008800
0.420800 0.177600 0.005600
0.432000 0.177600 0.008800
0.440800 0.177600 0.005600
0.490400 0.177600 0.011200
0.523200 0.177600 0.011200
0.751200 0.177600 0.027200
0.804000 0.177600 0.013600
0.812000 0.177600 0.005600
0.868000 0.177600 0.008800
0.168800 0.178400 0.021600
0.175200 0.178400 0.005600
0.220800 0.178400 0.011200
0.236000 0.178400 0.013600
0.265600 0.178400 0.013600
0.300000 0.178400 0.012800
0.325600 0.178400 0.005600
0.452000 0.178400 0.011200
0.469600 0.178400 0.011200
0.744800 0.178400 0.016800
0.134400 0.179200 0.016800
0.280800 0.179200 0.011200
0.244000 0.180000 0.016000
0.617600 0.192000 0.005600
0.549600 0.192800 0.007200
0.579200 0.192800 0.007200
0.624800 0.192800 0.005600
0.411200 0.193600 0.007200
0.420800 0.193600 0.007200
0.432000 0.193600 0.008000
0.558400 0.193600 0.004800
0.568000 0.193600 0.007200
0.589600 0.193600 0.005600
0.602400 0.193600 0.008800
0.635200 0.193600 0.007200
0.667200 0.193600 0.011200
0.437600 0.194400 0.003200
0.444000 0.194400 0.005600
0.460000 0.194400 0.004800
0.474400 0.194400 0.003200
0.483200 0.194400 0.007200
0.492800 0.194400 0.008800
0.510400 0.194400 0.008800
0.522400 0.194400 0.008800
0.538400 0.194400 0.007200
0.648000 0.194400 0.007200
0.659200 0.194400 0.007200
0.792800 0.194400 0.007200
0.833600 0.194400 0.008800
0.452000 0.195200 0.005600
0.467200 0.195200 0.005600
0.783200 0.195200 0.007200
0.804800 0.195200 0.005600
0.812000 0.195200 0.008800
0.822400 0.195200 0.008000
0.268000 0.197600 0.008000
0.277600 0.197600 0.008800
0.292800 0.197600 0.008800
0.304000 0.198400 0.008800
0.559200 0.203200 0.004000
0.764800 0.213600 0.011200
0.779200 0.213600 0.011200
0.396000 0.214400 0.011200
0.414400 0.214400 0.013600
0.435200 0.214400 0.013600
0.503200 0.214400 0.011200
0.719200 0.214400 0.013600
0.733600 0.214400 0.012800
0.790400 0.214400 0.013600
0.848800 0.214400 0.011200
0.869600 0.214400 0.016800
0.382400 0.215200 0.010400
0.478400 0.215200 0.016800
0.490400 0.215200 0.005600
0.521600 0.215200 0.015200
0.547200 0.215200 0.013600
0.568000 0.215200 0.013600
0.654400 0.215200 0.005600
0.665600 0.215200 0.008800
0.681600 0.215200 0.013600
0.702400 0.215200 0.011200
0.739200 0.215200 0.011200
0.752800 0.215200 0.011200
0.824800 0.215200 0.014400
0.834400 0.215200 0.008800
0.151200 0.216000 0.024800
0.311200 0.216000 0.008800
0.370400 0.216000 0.011200
0.425600 0.216000 0.005600
0.451200 0.216000 0.011200
0.464000 0.216000 0.008800
0.624800 0.216000 0.008800
0.636000 0.216000 0.005600
0.806400 0.216000 0.011200
0.135200 0.216800 0.022400
0.160000 0.216800 0.019200
0.178400 0.216800 0.013600
0.195200 0.216800 0.011200
0.212000 0.216800 0.011200
0.240000 0.216800 0.022400
0.287200 0.216800 0.011200
0.298400 0.216800 0.011200
0.322400 0.216800 0.008800
0.334400 0.216800 0.008800
0.351200 0.216800 0.012800
0.592800 0.216800 0.012000
0.611200 0.216800 0.011200
0.228800 0.217600 0.022400
0.256000 0.217600 0.011200
0.272800 0.217600 0.011200
0.644000 0.217600 0.015200
0.392000 0.232000 0.007200
0.400800 0.232000 0.006400
0.412000 0.232000 0.005600
0.420800 0.232000 0.008800
0.425600 0.232800 0.010400
0.434400 0.232800 0.005600
0.466400 0.232800 0.004800
0.472800 0.232800 0.009600
0.604000 0.232800 0.005600
0.442400 0.233600 0.008800
0.454400 0.233600 0.008800
0.575200 0.233600 0.006400
0.584800 0.233600 0.006400
0.594400 0.233600 0.005600
0.624000 0.233600 0.006400
0.634400 0.233600 0.005600
0.766400 0.233600 0.003200
0.772000 0.233600 0.008800
0.564000 0.234400 0.008000
0.749600 0.234400 0.008800
0.759200 0.234400 0.005600
0.782400 0.234400 0.007200
0.813600 0.234400 0.008000
0.613600 0.235200 0.005600
0.648000 0.235200 0.005600
0.793600 0.235200 0.005600
0.801600 0.235200 0.005600
0.262400 0.237600 0.008800
0.280800 0.237600 0.007200
0.270400 0.238400 0.006400
0.288800 0.238400 0.003200
0.296800 0.238400 0.007200
0.307200 0.238400 0.008800
0.691200 0.250400 0.024000
0.842400 0.252000 0.013600
0.879200 0.252000 0.018400
0.420800 0.252800 0.013600
0.544000 0.252800 0.016800
0.663200 0.252800 0.011200
0.720000 0.252800 0.018400
0.752000 0.252800 0.013600
0.772800 0.252800 0.013600
0.778400 0.252800 0.013600
0.856000 0.252800 0.011200
0.868800 0.252800 0.008800
0.152000 0.253600 0.016800
0.384000 0.253600 0.011200
0.404000 0.253600 0.014400
0.414400 0.253600 0.016800
0.480000 0.253600 0.016000
0.498400 0.253600 0.027200
0.535200 0.253600 0.016000
0.563200 0.253600 0.015200
0.571200 0.253600 0.013600
0.616000 0.253600 0.012800
0.632800 0.253600 0.011200
0.676800 0.253600 0.011200
0.712000 0.253600 0.004800
0.732800 0.253600 0.018400
0.740800 0.253600 0.004800
0.756000 0.253600 0.012800
0.794400 0.253600 0.011200
0.809600 0.253600 0.011200
0.824800 0.253600 0.011200
0.266400 0.254400 0.008800
0.340800 0.254400 0.016000
0.352800 0.254400 0.005600
0.360000 0.254400 0.005600
0.370400 0.254400 0.008800
0.434400 0.254400 0.016800
0.461600 0.254400 0.015200
0.491200 0.254400 0.005600
0.512000 0.254400 0.016800
0.598400 0.254400 0.014400
0.648800 0.254400 0.011200
0.705600 0.254400 0.003200
0.179200 0.255200 0.016800
0.208000 0.255200 0.016000
0.243200 0.255200 0.008800
0.552000 0.255200 0.013600
0.133600 0.256000 0.016800
0.253600 0.256000 0.011200
0.304800 0.256000 0.011200
0.321600 0.256000 0.011200
0.275200 0.256800 0.005600
0.288000 0.256800 0.011200
0.231200 0.257600 0.008800
0.902400 0.264000 0.008000
0.921600 0.264000 0.012800
0.926400 0.264000 0.008800
0.936800 0.264000 0.007200
0.912800 0.264800 0.007200
0.945600 0.264800 0.008800
0.960000 0.264800 0.008800
0.968000 0.264800 0.005600
0.976000 0.266400 0.011200
0.349600 0.272000 0.007200
0.359200 0.272000 0.007200
0.369600 0.272000 0.008000
0.382400 0.272000 0.008000
0.395200 0.272800 0.008800
0.580000 0.273600 0.008000
0.261600 0.274400 0.005600
0.552800 0.274400 0.005600
0.560000 0.274400 0.005600
0.568000 0.274400 0.008800
0.592000 0.274400 0.008800
0.249600 0.275200 0.008000
0.270400 0.275200 0.007200
0.535200 0.275200 0.005600
0.543200 0.275200 0.005600
0.216800 0.276000 0.007200
0.239200 0.276000 0.007200
0.227200 0.276800 0.007200
0.897600 0.278400 0.008000
0.906400 0.278400 0.008800
0.912000 0.279200 0.008800
0.966400 0.279200 0.007200
0.976000 0.279200 0.008800
0.923200 0.280000 0.007200
0.932800 0.280000 0.007200
0.943200 0.280000 0.007200
0.955200 0.280000 0.008000
0.866400 0.289600 0.019200
0.689600 0.290400 0.008800
0.713600 0.290400 0.013600
0.753600 0.290400 0.013600
0.844000 0.290400 0.024800
0.632800 0.291200 0.011200
0.666400 0.291200 0.011200
0.679200 0.291200 0.009600
0.700000 0.291200 0.008800
0.773600 0.291200 0.012800
0.791200 0.291200 0.011200
0.341600 0.292000 0.011200
0.425600 0.292000 0.016000
0.574400 0.292000 0.008800
0.585600 0.292000 0.005600
0.611200 0.292000 0.016800
0.661600 0.292000 0.011200
0.816800 0.292000 0.005600
0.828800 0.292000 0.011200
0.416800 0.292800 0.005600
0.522400 0.292800 0.011200
0.552800 0.292800 0.013600
0.596000 0.292800 0.008800
0.648800 0.292800 0.011200
0.733600 0.292800 0.011200
0.806400 0.292800 0.008800
0.896800 0.292800 0.008000
0.320000 0.293600 0.014400
0.354400 0.293600 0.008800
0.372000 0.293600 0.011200
0.391200 0.293600 0.011200
0.434400 0.293600 0.016800
0.509600 0.293600 0.011200
0.297600 0.294400 0.011200
0.405600 0.294400 0.008800
0.449600 0.294400 0.011200
0.470400 0.294400 0.015200
0.490400 0.294400 0.013600
0.536800 0.294400 0.011200
0.907200 0.294400 0.007200
0.917600 0.294400 0.007200
0.175200 0.295200 0.016800
0.224800 0.295200 0.012800
0.310400 0.295200 0.005600
0.328800 0.295200 0.005600
0.928000 0.295200 0.008800
0.941600 0.295200 0.008000
0.953600 0.295200 0.006400
0.962400 0.295200 0.005600
0.204000 0.296000 0.012000
0.242400 0.296000 0.011200
0.260000 0.296000 0.012800
0.145600 0.296800 0.016000
0.279200 0.296800 0.012800
0.972000 0.296800 0.008800
0.892800 0.306400 0.008000
0.906400 0.308000 0.008000
0.919200 0.308000 0.007200
0.704800 0.308800 0.008800
0.659200 0.309600 0.007200
0.675200 0.309600 0.005600
0.684800 0.309600 0.007200
0.696800 0.309600 0.008800
0.709600 0.309600 0.011200
0.929600 0.309600 0.006400
0.940000 0.309600 0.007200
0.952000 0.309600 0.007200
0.378400 0.310400 0.008000
0.393600 0.310400 0.007200
0.668000 0.310400 0.005600
0.717600 0.310400 0.005600
0.744800 0.310400 0.006400
0.964800 0.310400 0.008800
0.323200 0.311200 0.005600
0.333600 0.311200 0.008000
0.344800 0.311200 0.005600
0.353600 0.311200 0.005600
0.364000 0.311200 0.007200
0.402400 0.311200 0.005600
0.735200 0.311200 0.005600
0.972800 0.311200 0.008800
0.978400 0.311200 0.009600
0.316800 0.312000 0.003200
0.726400 0.312000 0.005600
0.754400 0.312000 0.008000
0.208800 0.312800 0.005600
0.307200 0.312800 0.007200
0.200000 0.313600 0.005600
0.297600 0.313600 0.007200
0.180800 0.314400 0.005600
0.190400 0.314400 0.005600
0.171200 0.316000 0.005600
0.141600 0.316800 0.007200
0.152000 0.316800 0.006400
0.162400 0.316800 0.005600
0.894400 0.320800 0.008800
0.904800 0.323200 0.007200
0.916000 0.323200 0.007200
0.926400 0.323200 0.008800
0.932800 0.323200 0.005600
0.940800 0.323200 0.005600
0.951200 0.324000 0.007200
0.962400 0.324000 0.007200
0.971200 0.324000 0.008800
0.600800 0.325600 0.005600
0.512800 0.326400 0.011200
0.591200 0.326400 0.016800
0.609600 0.326400 0.013600
0.484800 0.327200 0.008800
0.496800 0.327200 0.011200
0.555200 0.327200 0.011200
0.574400 0.327200 0.012800
0.616000 0.327200 0.003200
0.268000 0.328000 0.016800
0.527200 0.328000 0.008800
0.544000 0.328000 0.024000
0.624800 0.328000 0.008800
0.636000 0.328000 0.008800
0.646400 0.328000 0.008800
0.392800 0.328800 0.013600
0.424800 0.328800 0.021600
0.436800 0.328800 0.022400
0.455200 0.328800 0.013600
0.473600 0.328800 0.019200
0.355200 0.329600 0.011200
0.376000 0.329600 0.013600
0.413600 0.329600 0.016800
0.783200 0.329600 0.022400
0.279200 0.330400 0.008800
0.295200 0.330400 0.011200
0.313600 0.330400 0.012800
0.336000 0.330400 0.012800
0.662400 0.330400 0.013600
0.682400 0.330400 0.012800
0.700000 0.330400 0.011200
0.249600 0.331200 0.011200
0.718400 0.331200 0.012000
0.736000 0.331200 0.011200
0.792000 0.331200 0.024800
0.752000 0.332000 0.011200
0.769600 0.332000 0.011200
0.806400 0.332000 0.011200
0.140800 0.332800 0.013600
0.231200 0.332800 0.011200
0.824000 0.332800 0.011200
0.842400 0.333600 0.013600
0.859200 0.333600 0.011200
0.877600 0.333600 0.011200
0.165600 0.334400 0.012000
0.180000 0.334400 0.008800
0.213600 0.334400 0.011200
0.196000 0.335200 0.013600
0.892800 0.336000 0.008800
0.907200 0.337600 0.008800
0.920000 0.337600 0.008000
0.932000 0.338400 0.007200
0.942400 0.338400 0.008800
0.955200 0.338400 0.007200
0.973600 0.338400 0.011200
0.966400 0.339200 0.008800
0.968000 0.352000 0.006400
0.274400 0.355200 0.015200
0.281600 0.356000 0.013600
0.332800 0.356000 0.011200
0.348000 0.356000 0.013600
0.320000 0.356800 0.016800
0.364800 0.356800 0.013600
0.379200 0.357600 0.013600
0.925600 0.370400 0.016800
0.942400 0.370400 0.024800
0.953600 0.371200 0.020000
0.357600 0.375200 0.010400
0.935200 0.392800 0.012000
0.196000 0.393600 0.013600
0.178400 0.394400 0.014400
0.186400 0.394400 0.016000
0.140000 0.395200 0.016000
0.150400 0.395200 0.013600
0.159200 0.395200 0.015200
0.168000 0.395200 0.016000
0.204000 0.395200 0.013600
0.211200 0.395200 0.013600
0.220000 0.396000 0.012800
0.925600 0.397600 0.016800
0.926400 0.402400 0.020000
0.167200 0.424000 0.008000
0.194400 0.424000 0.008800
0.207200 0.424000 0.019200
0.214400 0.424000 0.014400
0.144000 0.424800 0.022400
0.154400 0.424800 0.020800
0.184000 0.424800 0.008800
