0.300800 0.057600 0.011200
0.316800 0.057600 0.011200
0.332000 0.057600 0.010400
0.338400 0.057600 0.003200
0.421600 0.057600 0.005600
0.432800 0.057600 0.008800
0.456000 0.057600 0.003200
0.462400 0.057600 0.013600
0.489600 0.057600 0.016800
0.551200 0.057600 0.024000
0.347200 0.058400 0.007200
0.361600 0.058400 0.008800
0.387200 0.058400 0.008800
0.397600 0.058400 0.019200
0.406400 0.058400 0.005600
0.412000 0.058400 0.018400
0.444800 0.058400 0.008800
0.477600 0.058400 0.011200
0.509600 0.058400 0.008800
0.521600 0.058400 0.008800
0.535200 0.058400 0.011200
0.373600 0.060000 0.008800
0.840800 0.075200 0.018400
0.353600 0.079200 0.005600
0.330400 0.080000 0.008800
0.343200 0.080000 0.008800
0.291200 0.080800 0.022400
0.307200 0.080800 0.008800
0.320000 0.080800 0.008800
0.628800 0.110400 0.015200
0.660000 0.110400 0.026400
0.733600 0.110400 0.011200
0.806400 0.110400 0.016800
0.829600 0.110400 0.016800
0.717600 0.111200 0.011200
0.771200 0.111200 0.011200
0.550400 0.112000 0.013600
0.647200 0.112000 0.007200
0.678400 0.112000 0.011200
0.745600 0.112000 0.005600
0.788000 0.112000 0.013600
0.853600 0.112000 0.013600
0.868800 0.112000 0.008800
0.882400 0.112000 0.021600
0.543200 0.112800 0.008800
0.696800 0.112800 0.013600
0.755200 0.112800 0.019200
0.358400 0.113600 0.005600
0.494400 0.113600 0.011200
0.567200 0.113600 0.008800
0.580000 0.113600 0.007200
0.600000 0.113600 0.005600
0.347200 0.114400 0.024000
0.514400 0.114400 0.013600
0.531200 0.114400 0.008800
0.588800 0.114400 0.016000
0.608800 0.114400 0.016800
0.395200 0.115200 0.011200
0.420800 0.115200 0.008800
0.456800 0.115200 0.016800
0.408800 0.116000 0.007200
0.436000 0.116000 0.024800
0.814400 0.116000 0.007200
0.367200 0.116800 0.004800
0.378400 0.116800 0.011200
0.446400 0.116800 0.005600
0.465600 0.116800 0.005600
0.480800 0.116800 0.011200
0.294400 0.117600 0.012800
0.330400 0.117600 0.008800
0.113600 0.118400 0.013600
0.128800 0.118400 0.022400
0.156000 0.118400 0.024000
0.310400 0.118400 0.005600
0.319200 0.118400 0.005600
0.119200 0.119200 0.022400
0.278400 0.119200 0.011200
0.145600 0.120000 0.022400
0.172000 0.120000 0.011200
0.188800 0.120000 0.022400
0.239200 0.120000 0.013600
0.263200 0.120000 0.013600
0.304000 0.120000 0.003200
0.136000 0.120800 0.016800
0.200000 0.120800 0.020800
0.213600 0.121600 0.005600
0.224000 0.121600 0.008800
0.840800 0.132800 0.010400
0.833600 0.133600 0.005600
0.846400 0.133600 0.011200
0.854400 0.133600 0.011200
0.825600 0.135200 0.011200
0.812000 0.136000 0.007200
0.721600 0.136800 0.008000
0.731200 0.136800 0.008000
0.744000 0.136800 0.008000
0.757600 0.136800 0.005600
0.797600 0.136800 0.008800
0.767200 0.137600 0.005600
0.775200 0.137600 0.005600
0.782400 0.137600 0.005600
0.788800 0.137600 0.005600
0.820800 0.137600 0.011200
0.292800 0.138400 0.003200
0.299200 0.138400 0.004800
0.320800 0.138400 0.008000
0.308000 0.139200 0.005600
0.315200 0.139200 0.003200
0.330400 0.139200 0.005600
0.339200 0.139200 0.011200
0.276000 0.140000 0.006400
0.285600 0.140000 0.005600
0.171200 0.141600 0.006400
0.544800 0.155200 0.016800
0.604800 0.155200 0.003200
0.646400 0.155200 0.013600
0.698400 0.155200 0.008000
0.709600 0.155200 0.005600
0.722400 0.155200 0.008800
0.746400 0.155200 0.008800
0.760800 0.155200 0.010400
0.457600 0.156000 0.005600
0.555200 0.156000 0.005600
0.564000 0.156000 0.022400
0.598400 0.156000 0.005600
0.623200 0.156000 0.011200
0.630400 0.156000 0.016800
0.666400 0.156000 0.011200
0.684800 0.156000 0.013600
0.735200 0.156000 0.007200
0.778400 0.156000 0.014400
0.522400 0.156800 0.021600
0.538400 0.156800 0.013600
0.577600 0.156800 0.027200
0.610400 0.156800 0.008800
0.811200 0.156800 0.008800
0.823200 0.156800 0.016800
0.842400 0.156800 0.008800
0.305600 0.157600 0.012000
0.466400 0.157600 0.005600
0.494400 0.157600 0.024000
0.591200 0.157600 0.024800
0.799200 0.157600 0.008800
0.830400 0.157600 0.017600
0.363200 0.158400 0.015200
0.424000 0.158400 0.005600
0.856800 0.158400 0.011200
0.115200 0.159200 0.019200
0.201600 0.159200 0.013600
0.268800 0.159200 0.011200
0.286400 0.159200 0.012000
0.346400 0.159200 0.011200
0.373600 0.159200 0.004800
0.395200 0.159200 0.011200
0.411200 0.159200 0.008800
0.433600 0.159200 0.007200
0.447200 0.159200 0.008800
0.478400 0.159200 0.008800
0.877600 0.159200 0.007200
0.141600 0.160000 0.012800
0.322400 0.160000 0.016000
0.331200 0.160000 0.008800
0.381600 0.160000 0.005600
0.868000 0.160000 0.005600
0.888000 0.160000 0.016000
0.124800 0.160800 0.026400
0.184000 0.160800 0.022400
0.217600 0.160800 0.005600
0.251200 0.160800 0.022400
0.159200 0.161600 0.011200
0.226400 0.161600 0.008800
0.239200 0.162400 0.008000
0.788800 0.196800 0.013600
0.420000 0.197600 0.019200
0.600000 0.197600 0.005600
0.705600 0.197600 0.024000
0.813600 0.197600 0.016800
0.520800 0.198400 0.011200
0.524800 0.198400 0.008000
0.637600 0.198400 0.011200
0.433600 0.199200 0.008800
0.538400 0.199200 0.020800
0.548800 0.199200 0.020800
0.653600 0.199200 0.008800
0.664000 0.199200 0.008000
0.690400 0.199200 0.012000
0.720800 0.199200 0.011200
0.748800 0.199200 0.004800
0.756000 0.199200 0.005600
0.768800 0.199200 0.011200
0.356000 0.200000 0.008800
0.368000 0.200000 0.007200
0.381600 0.200000 0.011200
0.413600 0.200000 0.016800
0.443200 0.200000 0.008800
0.589600 0.200000 0.018400
0.613600 0.200000 0.011200
0.626400 0.200000 0.005600
0.676800 0.200000 0.008800
0.696800 0.200000 0.005600
0.738400 0.200000 0.014400
0.835200 0.200000 0.013600
0.864800 0.200000 0.008800
0.168000 0.200800 0.013600
0.249600 0.200800 0.013600
0.307200 0.200800 0.011200
0.340800 0.200800 0.011200
0.510400 0.200800 0.013600
0.562400 0.200800 0.008800
0.575200 0.200800 0.008800
0.852800 0.200800 0.009600
0.398400 0.201600 0.011200
0.456800 0.201600 0.011200
0.493600 0.201600 0.013600
0.214400 0.202400 0.009600
0.229600 0.202400 0.012000
0.267200 0.202400 0.011200
0.880000 0.202400 0.013600
0.115200 0.203200 0.024800
0.184800 0.203200 0.008000
0.199200 0.203200 0.013600
0.209600 0.203200 0.016800
0.284000 0.203200 0.015200
0.324000 0.203200 0.011200
0.126400 0.204000 0.005600
0.134400 0.204000 0.005600
0.147200 0.204000 0.011200
0.473600 0.204000 0.011200
0.559200 0.220000 0.007200
0.568800 0.220000 0.005600
0.578400 0.220000 0.005600
0.616800 0.220000 0.007200
0.627200 0.220000 0.005600
0.587200 0.220800 0.005600
0.595200 0.220800 0.005600
0.605600 0.220800 0.007200
0.636000 0.220800 0.008800
0.754400 0.220800 0.007200
0.764000 0.220800 0.005600
0.772800 0.220800 0.005600
0.791200 0.220800 0.007200
0.780000 0.221600 0.011200
0.800000 0.221600 0.005600
0.808000 0.222400 0.008800
0.869600 0.222400 0.005600
0.877600 0.222400 0.005600
0.885600 0.222400 0.005600
0.180800 0.223200 0.008800
0.191200 0.223200 0.007200
0.217600 0.223200 0.008000
0.339200 0.223200 0.007200
0.348800 0.223200 0.006400
0.376000 0.223200 0.003200
0.819200 0.223200 0.005600
0.858400 0.223200 0.007200
0.892000 0.223200 0.003200
0.896000 0.223200 0.007200
0.203200 0.224000 0.008000
0.230400 0.224000 0.007200
0.239200 0.224000 0.011200
0.287200 0.224000 0.007200
0.327200 0.224000 0.005600
0.357600 0.224000 0.005600
0.364000 0.224000 0.009600
0.369600 0.224000 0.008800
0.828000 0.224000 0.007200
0.839200 0.224000 0.007200
0.850400 0.224000 0.007200
0.296800 0.224800 0.005600
0.305600 0.224800 0.005600
0.316000 0.224800 0.007200
0.875200 0.232800 0.005600
0.884800 0.232800 0.007200
0.896800 0.233600 0.005600
0.462400 0.240800 0.011200
0.492000 0.242400 0.005600
0.502400 0.242400 0.016800
0.531200 0.242400 0.020800
0.540800 0.242400 0.013600
0.545600 0.242400 0.010400
0.556800 0.242400 0.011200
0.573600 0.242400 0.011200
0.448000 0.243200 0.008800
0.480000 0.243200 0.011200
0.522400 0.243200 0.015200
0.592000 0.243200 0.022400
0.944000 0.243200 0.023200
0.605600 0.244000 0.011200
0.624000 0.244000 0.013600
0.394400 0.244800 0.008800
0.407200 0.244800 0.011200
0.424000 0.244800 0.013600
0.437600 0.244800 0.008800
0.973600 0.244800 0.011200
0.328000 0.245600 0.007200
0.377600 0.245600 0.012800
0.643200 0.245600 0.013600
0.949600 0.245600 0.020800
0.955200 0.245600 0.038400
0.232800 0.246400 0.016800
0.314400 0.246400 0.011200
0.359200 0.246400 0.012800
0.160800 0.247200 0.004800
0.168000 0.247200 0.005600
0.182400 0.247200 0.012800
0.204800 0.247200 0.013600
0.222400 0.247200 0.005600
0.248000 0.247200 0.008800
0.262400 0.247200 0.008800
0.278400 0.247200 0.011200
0.296000 0.247200 0.011200
0.340800 0.247200 0.011200
0.666400 0.247200 0.016800
0.776800 0.247200 0.005600
0.803200 0.247200 0.008800
0.118400 0.248000 0.019200
0.135200 0.248000 0.011200
0.150400 0.248000 0.008800
0.706400 0.248000 0.013600
0.724800 0.248000 0.016000
0.764000 0.248000 0.011200
0.835200 0.248000 0.016800
0.870400 0.248000 0.008800
0.688800 0.248800 0.013600
0.748000 0.248800 0.011200
0.788000 0.248800 0.019200
0.856000 0.248800 0.008800
0.813600 0.249600 0.018400
0.882400 0.249600 0.021600
0.353600 0.267200 0.011200
0.380800 0.267200 0.008000
0.361600 0.268000 0.005600
0.391200 0.268000 0.006400
0.400000 0.268000 0.005600
0.409600 0.268000 0.013600
0.368800 0.268800 0.005600
0.135200 0.269600 0.008000
0.148000 0.269600 0.008800
0.124800 0.270400 0.005600
0.160000 0.270400 0.005600
0.189600 0.270400 0.013600
0.195200 0.270400 0.011200
0.206400 0.270400 0.007200
0.116800 0.271200 0.012800
0.170400 0.271200 0.007200
0.180800 0.271200 0.005600
0.215200 0.272000 0.005600
0.226400 0.272800 0.008800
0.243200 0.272800 0.008800
0.256000 0.272800 0.007200
0.265600 0.272800 0.007200
0.276800 0.275200 0.005600
0.289600 0.275200 0.008800
0.451200 0.276800 0.006400
0.502400 0.289600 0.005600
0.516000 0.289600 0.016800
0.610400 0.289600 0.019200
0.493600 0.290400 0.015200
0.621600 0.290400 0.007200
0.352800 0.291200 0.016800
0.394400 0.291200 0.013600
0.439200 0.291200 0.013600
0.456800 0.291200 0.011200
0.474400 0.291200 0.013600
0.536800 0.291200 0.011200
0.552000 0.291200 0.011200
0.567200 0.291200 0.011200
0.588800 0.291200 0.015200
0.633600 0.291200 0.008800
0.450400 0.292000 0.005600
0.889600 0.292000 0.016800
0.421600 0.292800 0.016800
0.648000 0.292800 0.010400
0.116800 0.293600 0.013600
0.254400 0.293600 0.005600
0.269600 0.293600 0.011200
0.300800 0.293600 0.011200
0.315200 0.293600 0.008800
0.376000 0.293600 0.016800
0.662400 0.293600 0.008800
0.831200 0.293600 0.008800
0.843200 0.293600 0.008800
0.858400 0.293600 0.008800
0.184000 0.294400 0.011200
0.200000 0.294400 0.013600
0.220000 0.294400 0.008800
0.244000 0.294400 0.008800
0.284000 0.294400 0.008000
0.344000 0.294400 0.016800
0.677600 0.294400 0.011200
0.698400 0.294400 0.007200
0.869600 0.294400 0.005600
0.167200 0.295200 0.011200
0.232000 0.295200 0.005600
0.688800 0.295200 0.005600
0.745600 0.295200 0.012800
0.880800 0.295200 0.008800
0.131200 0.296000 0.011200
0.146400 0.296000 0.013600
0.327200 0.296000 0.010400
0.712800 0.296000 0.011200
0.765600 0.296000 0.012800
0.783200 0.296000 0.011200
0.796800 0.296800 0.008800
0.808800 0.296800 0.008800
0.822400 0.296800 0.008000
0.728000 0.297600 0.011200
0.277600 0.309600 0.008800
0.283200 0.309600 0.005600
0.292000 0.309600 0.005600
0.302400 0.309600 0.006400
0.311200 0.310400 0.008800
0.316800 0.311200 0.003200
0.332000 0.311200 0.004800
0.339200 0.311200 0.006400
0.350400 0.311200 0.008800
0.324000 0.312000 0.005600
0.355200 0.312000 0.008800
0.236800 0.312800 0.009600
0.449600 0.313600 0.005600
0.525600 0.313600 0.005600
0.533600 0.313600 0.005600
0.541600 0.313600 0.005600
0.551200 0.313600 0.005600
0.559200 0.313600 0.011200
0.572000 0.313600 0.005600
0.580800 0.313600 0.008800
0.242400 0.314400 0.008800
0.252000 0.314400 0.006400
0.261600 0.314400 0.008800
0.267200 0.314400 0.004000
0.456800 0.314400 0.005600
0.485600 0.314400 0.008800
0.499200 0.314400 0.007200
0.508800 0.314400 0.005600
0.517600 0.314400 0.005600
0.564800 0.314400 0.010400
0.388000 0.315200 0.011200
0.396800 0.315200 0.005600
0.403200 0.315200 0.004800
0.441600 0.315200 0.011200
0.465600 0.315200 0.007200
0.474400 0.315200 0.005600
0.158400 0.316000 0.005600
0.409600 0.316000 0.004800
0.417600 0.316000 0.005600
0.428800 0.316000 0.008800
0.150400 0.316800 0.005600
0.121600 0.317600 0.008000
0.132000 0.317600 0.005600
0.140800 0.317600 0.005600
0.116800 0.335200 0.013600
0.133600 0.335200 0.011200
0.150400 0.335200 0.013600
0.177600 0.335200 0.016800
0.356800 0.335200 0.011200
0.815200 0.335200 0.022400
0.848000 0.335200 0.005600
0.855200 0.335200 0.022400
0.870400 0.335200 0.019200
0.308800 0.336000 0.011200
0.341600 0.336000 0.011200
0.451200 0.336000 0.013600
0.749600 0.336000 0.022400
0.776000 0.336000 0.019200
0.880000 0.336000 0.021600
0.198400 0.336800 0.011200
0.212800 0.336800 0.005600
0.241600 0.336800 0.011200
0.324000 0.336800 0.011200
0.370400 0.336800 0.008800
0.412800 0.336800 0.011200
0.425600 0.336800 0.005600
0.535200 0.336800 0.011200
0.657600 0.336800 0.016800
0.257600 0.337600 0.011200
0.291200 0.337600 0.011200
0.390400 0.337600 0.015200
0.434400 0.337600 0.005600
0.500800 0.337600 0.011200
0.517600 0.337600 0.011200
0.732000 0.337600 0.013600
0.802400 0.337600 0.022400
0.840000 0.337600 0.022400
0.224800 0.338400 0.008800
0.467200 0.338400 0.013600
0.485600 0.338400 0.013600
0.552800 0.338400 0.013600
0.697600 0.338400 0.016800
0.716000 0.338400 0.011200
0.822400 0.338400 0.016800
0.274400 0.339200 0.011200
0.573600 0.339200 0.012800
0.590400 0.339200 0.011200
0.612000 0.339200 0.015200
0.680800 0.339200 0.011200
0.788000 0.339200 0.008800
0.634400 0.340000 0.016800
0.547200 0.364000 0.012800
0.555200 0.364000 0.005600
0.564800 0.364800 0.008800
0.571200 0.364800 0.012000
0.577600 0.364800 0.008800
0.613600 0.364800 0.004800
0.587200 0.365600 0.008800
0.603200 0.365600 0.011200
0.619200 0.365600 0.011200
0.627200 0.365600 0.005600
0.635200 0.365600 0.005600
0.596800 0.366400 0.005600
0.650400 0.366400 0.006400
0.659200 0.366400 0.005600
0.666400 0.367200 0.005600
0.678400 0.367200 0.008800
0.690400 0.367200 0.008800
0.703200 0.367200 0.008800
0.713600 0.367200 0.011200
0.720800 0.367200 0.004000
0.729600 0.367200 0.011200
0.746400 0.367200 0.008800
0.755200 0.367200 0.004800
0.736000 0.368000 0.013600
0.766400 0.368000 0.008800
0.779200 0.368000 0.016800
0.787200 0.368800 0.013600
