0.559200 0.044000 0.011200
0.544800 0.044800 0.005600
0.552000 0.044800 0.005600
0.526400 0.045600 0.012800
0.532800 0.045600 0.011200
0.537600 0.045600 0.010400
0.519200 0.046400 0.005600
0.502400 0.047200 0.003200
0.511200 0.047200 0.012000
0.489600 0.048000 0.005600
0.496800 0.048000 0.011200
0.481600 0.048800 0.012800
0.897600 0.048800 0.007200
0.906400 0.048800 0.005600
0.915200 0.048800 0.023200
0.448800 0.049600 0.008800
0.460000 0.049600 0.005600
0.816000 0.049600 0.016000
0.364800 0.050400 0.005600
0.372800 0.050400 0.005600
0.391200 0.050400 0.005600
0.399200 0.050400 0.004800
0.405600 0.050400 0.005600
0.412000 0.050400 0.011200
0.428000 0.050400 0.008800
0.439200 0.050400 0.008800
0.467200 0.050400 0.012800
0.796000 0.050400 0.007200
0.804800 0.050400 0.015200
0.824000 0.050400 0.008800
0.888000 0.050400 0.008800
0.315200 0.051200 0.012800
0.324000 0.051200 0.005600
0.330400 0.051200 0.016800
0.340000 0.051200 0.007200
0.349600 0.051200 0.005600
0.356800 0.051200 0.005600
0.381600 0.051200 0.007200
0.421600 0.051200 0.013600
0.768000 0.051200 0.008800
0.777600 0.051200 0.007200
0.834400 0.051200 0.007200
0.843200 0.051200 0.005600
0.854400 0.051200 0.008000
0.866400 0.051200 0.008800
0.876800 0.051200 0.008000
0.927200 0.051200 0.016800
0.787200 0.052000 0.013600
0.160800 0.058400 0.016800
0.206400 0.058400 0.011200
0.234400 0.058400 0.020800
0.180000 0.059200 0.008800
0.193600 0.059200 0.008800
0.223200 0.059200 0.011200
0.832800 0.068800 0.011200
0.845600 0.068800 0.011200
0.860800 0.068800 0.011200
0.679200 0.082400 0.005600
0.670400 0.083200 0.005600
0.688800 0.083200 0.008800
0.647200 0.084000 0.005600
0.655200 0.084000 0.005600
0.663200 0.084000 0.005600
0.638400 0.084800 0.013600
0.181600 0.089600 0.008800
0.191200 0.089600 0.008800
0.770400 0.106400 0.024000
0.810400 0.107200 0.019200
0.822400 0.107200 0.027200
0.164000 0.108000 0.013600
0.371200 0.108000 0.008800
0.676000 0.108000 0.005600
0.685600 0.108000 0.008800
0.408000 0.108800 0.019200
0.417600 0.108800 0.008800
0.428800 0.108800 0.008000
0.532800 0.108800 0.011200
0.636000 0.108800 0.013600
0.659200 0.108800 0.014400
0.669600 0.108800 0.005600
0.711200 0.108800 0.005600
0.724000 0.108800 0.011200
0.740000 0.108800 0.011200
0.756000 0.108800 0.011200
0.788800 0.108800 0.011200
0.802400 0.108800 0.022400
0.148000 0.109600 0.027200
0.169600 0.109600 0.019200
0.183200 0.109600 0.013600
0.203200 0.109600 0.013600
0.358400 0.109600 0.011200
0.392000 0.109600 0.016800
0.444800 0.109600 0.022400
0.456000 0.109600 0.007200
0.495200 0.109600 0.011200
0.517600 0.109600 0.022400
0.548000 0.109600 0.011200
0.580800 0.109600 0.016800
0.601600 0.109600 0.016000
0.702400 0.109600 0.013600
0.312000 0.110400 0.019200
0.381600 0.110400 0.005600
0.465600 0.110400 0.007200
0.477600 0.110400 0.018400
0.564800 0.110400 0.011200
0.620000 0.110400 0.013600
0.228800 0.111200 0.015200
0.238400 0.111200 0.005600
0.249600 0.111200 0.008800
0.262400 0.111200 0.022400
0.288800 0.111200 0.013600
0.328000 0.111200 0.013600
0.344000 0.111200 0.013600
0.269600 0.112000 0.016800
0.282400 0.112800 0.019200
0.837600 0.113600 0.016800
0.647200 0.129600 0.008800
0.637600 0.130400 0.008800
0.816800 0.132800 0.008800
0.838400 0.133600 0.008800
0.778400 0.134400 0.008800
0.807200 0.134400 0.008800
0.756800 0.135200 0.008800
0.764000 0.135200 0.011200
0.769600 0.135200 0.005600
0.360000 0.151200 0.011200
0.208800 0.152000 0.008800
0.220800 0.152000 0.016800
0.228800 0.152000 0.014400
0.374400 0.152000 0.008800
0.423200 0.152000 0.019200
0.648800 0.152000 0.011200
0.663200 0.152000 0.007200
0.673600 0.152000 0.005600
0.682400 0.152000 0.005600
0.718400 0.152000 0.024800
0.144800 0.152800 0.016800
0.162400 0.152800 0.011200
0.180800 0.152800 0.012800
0.331200 0.152800 0.008800
0.347200 0.152800 0.010400
0.398400 0.152800 0.018400
0.436800 0.152800 0.008800
0.464000 0.152800 0.011200
0.477600 0.152800 0.008800
0.503200 0.152800 0.016800
0.600000 0.152800 0.019200
0.614400 0.152800 0.011200
0.632000 0.152800 0.011200
0.689600 0.152800 0.013600
0.703200 0.152800 0.008800
0.782400 0.152800 0.012800
0.198400 0.153600 0.016800
0.320000 0.153600 0.007200
0.412800 0.153600 0.005600
0.448000 0.153600 0.008800
0.525600 0.153600 0.008800
0.723200 0.153600 0.013600
0.738400 0.153600 0.019200
0.765600 0.153600 0.012000
0.248800 0.154400 0.016000
0.266400 0.154400 0.016800
0.291200 0.154400 0.019200
0.309600 0.154400 0.008800
0.488000 0.154400 0.018400
0.539200 0.154400 0.008800
0.748800 0.154400 0.007200
0.758400 0.154400 0.005600
0.801600 0.154400 0.011200
0.846400 0.154400 0.016800
0.277600 0.155200 0.008000
0.384800 0.155200 0.005600
0.514400 0.155200 0.005600
0.550400 0.155200 0.005600
0.576800 0.155200 0.011200
0.591200 0.155200 0.008800
0.823200 0.155200 0.015200
0.561600 0.156000 0.008800
0.496000 0.171200 0.005600
0.502400 0.171200 0.005600
0.509600 0.171200 0.004800
0.517600 0.171200 0.005600
0.536000 0.171200 0.007200
0.525600 0.172000 0.008800
0.186400 0.172800 0.008000
0.320800 0.173600 0.011200
0.328800 0.173600 0.008800
0.339200 0.173600 0.007200
0.149600 0.174400 0.008800
0.155200 0.174400 0.008800
0.160800 0.174400 0.003200
0.165600 0.174400 0.008800
0.173600 0.174400 0.006400
0.483200 0.174400 0.008000
0.473600 0.175200 0.008000
0.410400 0.191200 0.008800
0.140000 0.192000 0.015200
0.378400 0.192000 0.019200
0.395200 0.192000 0.011200
0.228800 0.192800 0.022400
0.292000 0.192800 0.022400
0.420800 0.192800 0.027200
0.455200 0.192800 0.011200
0.149600 0.193600 0.005600
0.258400 0.193600 0.024000
0.275200 0.193600 0.024800
0.306400 0.193600 0.011200
0.367200 0.193600 0.005600
0.216000 0.194400 0.011200
0.340800 0.194400 0.008800
0.356000 0.194400 0.011200
0.438400 0.194400 0.013600
0.500800 0.194400 0.013600
0.533600 0.194400 0.020800
0.604000 0.194400 0.022400
0.161600 0.195200 0.011200
0.200000 0.195200 0.011200
0.238400 0.195200 0.004800
0.330400 0.195200 0.005600
0.471200 0.195200 0.011200
0.485600 0.195200 0.008800
0.517600 0.195200 0.005600
0.525600 0.195200 0.004800
0.564000 0.195200 0.005600
0.588800 0.195200 0.011200
0.181600 0.196000 0.013600
0.246400 0.196000 0.024000
0.320800 0.196000 0.008800
0.554400 0.196000 0.005600
0.644000 0.196000 0.011200
0.544800 0.196800 0.005600
0.572800 0.196800 0.013600
0.628000 0.196800 0.011200
0.660000 0.196800 0.027200
0.672000 0.196800 0.005600
0.716000 0.197600 0.007200
0.763200 0.197600 0.011200
0.776800 0.197600 0.008800
0.793600 0.197600 0.011200
0.822400 0.197600 0.011200
0.682400 0.198400 0.008800
0.695200 0.198400 0.007200
0.705600 0.198400 0.005600
0.724000 0.198400 0.015200
0.838400 0.198400 0.025600
0.745600 0.199200 0.013600
0.808000 0.199200 0.008800
0.267200 0.219200 0.011200
0.272800 0.219200 0.011200
0.600000 0.220800 0.005600
0.606400 0.220800 0.005600
0.615200 0.220800 0.005600
0.623200 0.220800 0.005600
0.772800 0.223200 0.012000
0.764800 0.224000 0.005600
0.746400 0.224800 0.007200
0.756000 0.224800 0.005600
0.148000 0.228000 0.025600
0.168800 0.229600 0.022400
0.160000 0.231200 0.024800
0.176000 0.235200 0.024800
0.144800 0.236000 0.022400
0.161600 0.236000 0.028800
0.195200 0.236800 0.016800
0.186400 0.237600 0.023200
0.290400 0.237600 0.029600
0.551200 0.237600 0.013600
0.202400 0.238400 0.024800
0.213600 0.238400 0.005600
0.221600 0.238400 0.013600
0.530400 0.238400 0.013600
0.592000 0.238400 0.016800
0.239200 0.239200 0.011200
0.304000 0.239200 0.011200
0.570400 0.239200 0.013600
0.612800 0.239200 0.014400
0.617600 0.239200 0.011200
0.254400 0.240000 0.008800
0.319200 0.240000 0.013600
0.343200 0.240000 0.013600
0.469600 0.240000 0.028800
0.603200 0.240000 0.005600
0.269600 0.240800 0.011200
0.384000 0.240800 0.027200
0.415200 0.240800 0.013600
0.449600 0.240800 0.013600
0.514400 0.240800 0.016800
0.627200 0.240800 0.019200
0.652000 0.240800 0.008800
0.662400 0.240800 0.024800
0.724000 0.240800 0.013600
0.794400 0.240800 0.013600
0.821600 0.240800 0.027200
0.364800 0.241600 0.016800
0.396800 0.241600 0.013600
0.432000 0.241600 0.013600
0.805600 0.241600 0.005600
0.812000 0.241600 0.005600
0.639200 0.242400 0.019200
0.678400 0.242400 0.011200
0.697600 0.242400 0.013600
0.761600 0.242400 0.012000
0.840800 0.242400 0.016800
0.742400 0.243200 0.011200
0.778400 0.243200 0.011200
0.607200 0.257600 0.007200
0.325600 0.259200 0.008000
0.344800 0.259200 0.011200
0.337600 0.260000 0.005600
0.419200 0.260000 0.008800
0.580800 0.260000 0.007200
0.687200 0.260000 0.007200
0.726400 0.260000 0.005600
0.397600 0.260800 0.007200
0.408000 0.260800 0.007200
0.571200 0.260800 0.007200
0.696000 0.260800 0.005600
0.704800 0.260800 0.006400
0.716000 0.260800 0.007200
0.736000 0.261600 0.007200
0.634400 0.276000 0.011200
0.680000 0.276000 0.004800
0.515200 0.276800 0.011200
0.547200 0.276800 0.008800
0.560000 0.276800 0.008800
0.598400 0.276800 0.011200
0.619200 0.276800 0.016800
0.649600 0.276800 0.009600
0.503200 0.277600 0.024000
0.584000 0.277600 0.009600
0.609600 0.277600 0.005600
0.662400 0.277600 0.005600
0.671200 0.277600 0.015200
0.484800 0.278400 0.008800
0.532000 0.278400 0.011200
0.568800 0.278400 0.016800
0.272800 0.279200 0.005600
0.472800 0.279200 0.008800
0.496800 0.279200 0.005600
0.693600 0.279200 0.016800
0.214400 0.280000 0.013600
0.391200 0.280000 0.011200
0.408800 0.280000 0.012800
0.448000 0.280000 0.011200
0.460800 0.280000 0.008000
0.704000 0.280000 0.013600
0.719200 0.280000 0.012800
0.149600 0.280800 0.016800
0.176000 0.280800 0.016800
0.232000 0.280800 0.011200
0.244800 0.280800 0.024000
0.281600 0.280800 0.005600
0.371200 0.280800 0.013600
0.431200 0.280800 0.012800
0.763200 0.280800 0.016800
0.262400 0.281600 0.008800
0.300800 0.281600 0.019200
0.351200 0.281600 0.015200
0.739200 0.281600 0.012800
0.755200 0.281600 0.019200
0.777600 0.281600 0.012800
0.782400 0.281600 0.013600
0.196000 0.282400 0.011200
0.251200 0.282400 0.019200
0.291200 0.282400 0.024800
0.310400 0.282400 0.016800
0.798400 0.282400 0.011200
0.328800 0.283200 0.013600
0.815200 0.283200 0.011200
0.835200 0.283200 0.016800
0.448800 0.298400 0.003200
0.368800 0.299200 0.007200
0.395200 0.299200 0.007200
0.412800 0.299200 0.005600
0.421600 0.299200 0.005600
0.432000 0.299200 0.007200
0.442400 0.299200 0.005600
0.456000 0.299200 0.008800
0.467200 0.299200 0.008800
0.383200 0.300000 0.008000
0.404800 0.300000 0.005600
0.151200 0.302400 0.008800
0.216000 0.302400 0.007200
0.141600 0.303200 0.008800
0.186400 0.303200 0.007200
0.204800 0.303200 0.006400
0.195200 0.304000 0.005600
0.696800 0.308800 0.008800
0.373600 0.320000 0.008800
0.144000 0.320800 0.012800
0.699200 0.320800 0.028800
0.728000 0.320800 0.013600
0.752000 0.320800 0.022400
0.160800 0.321600 0.005600
0.169600 0.321600 0.019200
0.512000 0.321600 0.005600
0.609600 0.321600 0.013600
0.765600 0.321600 0.027200
0.801600 0.321600 0.013600
0.822400 0.321600 0.013600
0.153600 0.322400 0.003200
0.196800 0.322400 0.005600
0.204800 0.322400 0.012800
0.289600 0.322400 0.013600
0.357600 0.322400 0.022400
0.385600 0.322400 0.008000
0.457600 0.322400 0.008800
0.503200 0.322400 0.005600
0.523200 0.322400 0.011200
0.572800 0.322400 0.011200
0.624000 0.322400 0.008800
0.654400 0.322400 0.016800
0.680800 0.322400 0.019200
0.711200 0.322400 0.008800
0.743200 0.322400 0.005600
0.189600 0.323200 0.004800
0.216800 0.323200 0.016000
0.234400 0.323200 0.011200
0.400000 0.323200 0.011200
0.468000 0.323200 0.008000
0.480000 0.323200 0.011200
0.493600 0.323200 0.008800
0.539200 0.323200 0.011200
0.556800 0.323200 0.011200
0.633600 0.323200 0.019200
0.842400 0.323200 0.016800
0.180800 0.324000 0.007200
0.250400 0.324000 0.013600
0.308800 0.324000 0.013600
0.325600 0.324000 0.016800
0.346400 0.324000 0.008800
0.412000 0.324000 0.008800
0.425600 0.324000 0.011200
0.444000 0.324000 0.011200
0.590400 0.324000 0.013600
0.270400 0.324800 0.011200
0.781600 0.324800 0.013600
0.615200 0.363200 0.019200
0.142400 0.364000 0.016800
0.536800 0.364000 0.011200
0.552800 0.364000 0.013600
0.641600 0.364000 0.013600
0.750400 0.364000 0.019200
0.153600 0.364800 0.005600
0.163200 0.364800 0.008800
0.506400 0.364800 0.011200
0.522400 0.364800 0.011200
0.572000 0.364800 0.011200
0.588800 0.364800 0.011200
0.604000 0.364800 0.026400
0.623200 0.364800 0.027200
0.660800 0.364800 0.011200
0.678400 0.364800 0.011200
0.774400 0.364800 0.022400
0.822400 0.364800 0.013600
0.850400 0.364800 0.021600
0.174400 0.365600 0.008800
0.220000 0.365600 0.011200
0.372000 0.365600 0.011200
0.390400 0.365600 0.027200
0.456000 0.365600 0.008800
0.490400 0.365600 0.026400
0.710400 0.365600 0.011200
0.727200 0.365600 0.027200
0.805600 0.365600 0.024800
0.837600 0.365600 0.011200
0.187200 0.366400 0.011200
0.205600 0.366400 0.013600
0.401600 0.366400 0.008800
0.418400 0.366400 0.012800
0.695200 0.366400 0.011200
0.763200 0.366400 0.008800
0.788800 0.366400 0.013600
0.268000 0.367200 0.011200
0.314400 0.367200 0.008800
0.327200 0.367200 0.011200
0.468800 0.367200 0.005600
0.235200 0.368000 0.011200
0.251200 0.368000 0.011200
0.284800 0.368000 0.013600
0.304000 0.368000 0.016800
0.341600 0.368000 0.008800
0.359200 0.368000 0.023200
0.433600 0.368000 0.008800
0.446400 0.368000 0.007200
0.477600 0.368000 0.005600
0.352000 0.368800 0.016800
0.205600 0.426400 0.013600
0.221600 0.426400 0.011200
0.215200 0.428000 0.005600
0.236800 0.430400 0.008000
