1568
1568
1568
1568
1568
1568
1568
1568
1568
1568
1567
1567
1567
1567
1567
1567
1569
1569
1570
1570
1570
1570
1570
1570
1570
1570
1570
1570
1570
1570
1572
1571
1571
1571
1571
1572
1572
1571
1571
1571
1571
1571
1571
1573
1572
1572
1572
1572
1572
1572
1572
1571
1571
1571
1573
1573
1572
1572
1572
1572
1574
1574
1573
1573
1573
1574
1574
1574
1574
1574
1574
1574
1575
1575
1566
1566
1566
1566
1566
1566
1566
1566
1566
1566
1566
1566
1566
1566
1566
1566
1566
1566
1566
1566
1566
1566
1566
1566
1566
1566
1566
1566
1566
1566
1566
1566
1566
1566
1566
1566
1566
1566
1566
1566
1566
1566
1566
1566
1566
1566
1566
1566
1566
1566
1566
1566
1579
1579
1579
1579
1579
1576
1576
1576
1576
1576
1576
1576
1576
1579
1579
1576
1576
1576
1576
1577
1577
1577
1577
1577
1578
1578
1576
1577
1577
1577
1578
-1
1566
1565
1565
1565
1565
1566
1566
1566
1566
1566
1565
1565
1565
1566
1566
1566
1566
1566
1566
1566
1566
1566
1565
1566
1566
1566
1566
1566
1566
1566
1566
1566
1566
1566
1566
1566
1566
1566
1566
1566
1566
1566
1566
1566
1596
1596
1596
1596
1596
1566
1566
1566
1566
1566
1566
1566
1566
1566
1566
1596
1596
1596
1566
1566
1566
1566
1566
1566
1566
1566
1566
1566
1566
1566
1580
1580
1580
1580
1580
1580
1580
1580
1580
1580
1580
1580
1566
1566
1566
1566
1566
1566
1566
1566
1566
1566
1566
1566
1566
1566
1566
1566
1566
1566
1566
1566
1566
1566
1566
1566
1566
1566
1566
1566
1566
1566
1566
1566
1566
1566
1566
1566
1566
1566
1566
1566
1566
1566
1566
1566
1566
1566
1566
1566
1566
1566
1566
1566
1566
1595
1566
1566
1566
1566
1566
1566
1595
1566
1595
1595
1595
1595
1595
1566
1595
1595
1595
1595
1595
1595
1595
1595
1581
1595
1595
1595
1595
1595
1581
1581
1582
1582
1582
1582
1582
1582
1583
1595
1581
1581
1581
1581
1582
1582
1582
1582
1582
1583
1583
1583
1581
1582
1583
1583
1583
1583
1583
1583
1583
1583
1583
1583
1595
1595
1595
1595
1595
1595
1595
1595
1595
1595
1564
1564
1564
1564
1564
1564
1564
1564
1564
1566
1566
1566
1566
1566
1566
1564
1566
1566
1566
1566
1566
1566
1566
1566
1566
1566
1566
1566
1566
1566
1566
1566
1566
1566
1566
1566
1566
1566
1566
1566
1566
1566
1566
1566
1566
1566
1566
1566
1566
1566
1566
1566
1566
1566
1566
1566
1566
1566
1566
1566
1566
1566
1566
1566
1595
1595
1595
1595
1595
1595
1566
1595
1595
1566
1564
1564
1564
1584
1584
1584
1584
1584
1584
1584
1584
1585
1585
1585
1585
1585
1585
1585
1585
1585
1585
1594
1594
1594
-1
1594
1594
1594
1594
1594
1594
1594
1594
1566
1566
1566
1566
1566
1566
1566
1566
1566
1566
1566
1566
1566
1566
1594
1566
1566
1566
1566
1566
1566
1566
1566
1566
1566
1566
1566
1566
1566
1566
1566
1566
1566
1594
1566
1566
1566
1566
1566
1566
1566
1566
1566
1566
1566
1566
1566
1566
1566
1566
1566
1566
1566
1566
1566
1566
1566
1566
1566
1566
1566
1566
1594
1594
1566
1594
1594
1566
1566
1566
1594
1566
1566
1566
1594
1594
1588
1594
1588
1588
1586
1587
1588
1586
1586
1587
1587
1587
1587
1587
1587
1587
1587
1587
1587
1587
1587
1588
1588
1588
1588
1588
1586
1586
1586
1587
1587
1587
1587
1587
1587
1587
1587
1587
1588
1594
1586
1593
1593
1593
1593
1593
1593
1593
1593
1593
1593
1566
1566
1566
1566
1593
1593
1566
1566
1566
1566
1566
1566
1566
1566
1566
1566
1566
1566
1566
1566
1566
1566
1566
1566
1566
1566
1566
1566
1566
1566
1566
1566
1566
1566
1566
1566
1563
1563
1566
1566
1566
1566
1566
1566
1566
1566
1566
1566
1566
1563
1563
1563
1563
1563
1563
1563
1566
1566
1566
1566
1566
1566
1566
1566
1566
1566
1566
1566
1563
1566
1566
1566
1566
1593
1593
1593
1593
1593
1593
1593
1593
1593
1593
1593
1563
1563
1563
1563
1563
1563
1563
1563
1563
1563
1563
1563
1563
1589
1589
1589
1592
1589
1589
1592
1592
1590
1592
1592
1592
1592
1590
1590
1590
1590
1590
1592
1591
1590
1590
1591
1591
1591
1563
1563
1563
1563
1563
1563
1563
1563
1563
1563
1563
1563
1563
1566
1566
1566
1566
1566
1566
1566
1566
1566
1566
1566
1566
1566
1566
1566
1566
1566
1566
1566
1566
1566
1566
1566
1566
1566
1566
1566
1566
1566
1566
1566
1566
1566
1566
1566
1566
1566
1566
1566
1562
1566
1566
1566
1566
1566
1566
1566
1566
1566
1566
1566
1566
1566
1566
1566
1566
1566
1566
1566
1566
1566
1566
1566
1566
1566
1566