197.000000 58.000000 31.000000
234.000000 58.000000 9.000000
247.000000 58.000000 11.000000
219.000000 60.000000 11.000000
265.000000 60.000000 11.000000
277.000000 60.000000 23.000000
1113.000000 69.000000 29.000000
1131.000000 69.000000 14.000000
1043.000000 92.000000 9.000000
1082.000000 92.000000 14.000000
968.000000 93.000000 11.000000
998.000000 93.000000 11.000000
1011.000000 93.000000 11.000000
1028.000000 93.000000 11.000000
1056.000000 93.000000 9.000000
1068.000000 93.000000 9.000000
937.000000 94.000000 16.000000
949.000000 94.000000 11.000000
982.000000 94.000000 11.000000
256.000000 99.000000 11.000000
213.000000 100.000000 9.000000
228.000000 100.000000 10.000000
241.000000 100.000000 9.000000
169.000000 101.000000 11.000000
180.000000 101.000000 16.000000
200.000000 101.000000 11.000000
997.000000 122.000000 14.000000
669.000000 123.000000 14.000000
694.000000 123.000000 17.000000
834.000000 123.000000 6.000000
952.000000 123.000000 11.000000
966.000000 123.000000 7.000000
1015.000000 123.000000 11.000000
1029.000000 123.000000 9.000000
1065.000000 123.000000 17.000000
454.000000 124.000000 36.000000
652.000000 124.000000 11.000000
781.000000 124.000000 14.000000
803.000000 124.000000 14.000000
822.000000 124.000000 17.000000
874.000000 124.000000 6.000000
884.000000 124.000000 7.000000
904.000000 124.000000 7.000000
933.000000 124.000000 17.000000
978.000000 124.000000 21.000000
1041.000000 124.000000 20.000000
1086.000000 124.000000 28.000000
433.000000 125.000000 16.000000
524.000000 125.000000 22.000000
533.000000 125.000000 21.000000
556.000000 125.000000 17.000000
584.000000 125.000000 24.000000
712.000000 125.000000 11.000000
725.000000 125.000000 7.000000
760.000000 125.000000 14.000000
844.000000 125.000000 17.000000
864.000000 125.000000 16.000000
893.000000 125.000000 7.000000
918.000000 125.000000 11.000000
242.000000 126.000000 14.000000
468.000000 126.000000 27.000000
507.000000 126.000000 14.000000
602.000000 126.000000 31.000000
257.000000 127.000000 11.000000
297.000000 127.000000 14.000000
316.000000 127.000000 14.000000
359.000000 127.000000 14.000000
381.000000 127.000000 17.000000
409.000000 127.000000 16.000000
497.000000 127.000000 22.000000
737.000000 127.000000 19.000000
200.000000 128.000000 16.000000
275.000000 128.000000 14.000000
337.000000 128.000000 14.000000
485.000000 128.000000 31.000000
221.000000 129.000000 14.000000
634.000000 129.000000 14.000000
176.000000 131.000000 21.000000
69.000000 141.000000 26.000000
89.000000 141.000000 7.000000
55.000000 142.000000 23.000000
99.000000 142.000000 7.000000
81.000000 143.000000 4.000000
108.000000 143.000000 15.000000
832.000000 148.000000 8.000000
844.000000 148.000000 7.000000
856.000000 148.000000 7.000000
887.000000 148.000000 11.000000
875.000000 149.000000 7.000000
867.000000 150.000000 7.000000
340.000000 154.000000 10.000000
352.000000 155.000000 7.000000
366.000000 155.000000 9.000000
381.000000 155.000000 9.000000
396.000000 155.000000 10.000000
820.000000 170.000000 13.000000
654.000000 171.000000 7.000000
790.000000 171.000000 20.000000
805.000000 171.000000 11.000000
689.000000 172.000000 17.000000
733.000000 172.000000 7.000000
841.000000 172.000000 14.000000
929.000000 172.000000 14.000000
966.000000 172.000000 31.000000
990.000000 172.000000 11.000000
1044.000000 172.000000 14.000000
1077.000000 172.000000 24.000000
641.000000 173.000000 28.000000
672.000000 173.000000 14.000000
707.000000 173.000000 7.000000
745.000000 173.000000 19.000000
761.000000 173.000000 11.000000
767.000000 173.000000 17.000000
778.000000 173.000000 7.000000
861.000000 173.000000 14.000000
949.000000 173.000000 14.000000
975.000000 173.000000 24.000000
1005.000000 173.000000 11.000000
1023.000000 173.000000 14.000000
315.000000 174.000000 20.000000
594.000000 174.000000 20.000000
605.000000 174.000000 26.000000
621.000000 174.000000 11.000000
699.000000 174.000000 4.000000
719.000000 174.000000 11.000000
880.000000 174.000000 11.000000
912.000000 174.000000 11.000000
1060.000000 174.000000 28.000000
307.000000 175.000000 21.000000
338.000000 175.000000 14.000000
455.000000 175.000000 30.000000
546.000000 175.000000 14.000000
569.000000 175.000000 17.000000
895.000000 175.000000 14.000000
358.000000 176.000000 14.000000
417.000000 176.000000 21.000000
441.000000 176.000000 17.000000
478.000000 176.000000 11.000000
496.000000 176.000000 14.000000
524.000000 176.000000 20.000000
234.000000 177.000000 14.000000
257.000000 177.000000 17.000000
278.000000 177.000000 7.000000
404.000000 177.000000 17.000000
511.000000 177.000000 7.000000
287.000000 178.000000 16.000000
383.000000 178.000000 14.000000
190.000000 179.000000 33.000000
210.000000 179.000000 16.000000
176.000000 180.000000 23.000000
62.000000 184.000000 30.000000
79.000000 186.000000 31.000000
305.000000 203.000000 11.000000
323.000000 203.000000 13.000000
317.000000 204.000000 11.000000
338.000000 204.000000 11.000000
353.000000 204.000000 11.000000
287.000000 205.000000 10.000000
274.000000 206.000000 11.000000
1065.000000 221.000000 34.000000
1081.000000 221.000000 26.000000
1002.000000 222.000000 17.000000
866.000000 224.000000 14.000000
887.000000 224.000000 14.000000
920.000000 224.000000 28.000000
940.000000 224.000000 21.000000
979.000000 224.000000 21.000000
1043.000000 224.000000 14.000000
559.000000 225.000000 33.000000
676.000000 225.000000 9.000000
846.000000 225.000000 17.000000
951.000000 225.000000 23.000000
966.000000 225.000000 11.000000
1022.000000 225.000000 14.000000
664.000000 226.000000 7.000000
701.000000 226.000000 20.000000
717.000000 226.000000 14.000000
763.000000 226.000000 14.000000
785.000000 226.000000 14.000000
822.000000 226.000000 14.000000
906.000000 226.000000 11.000000
178.000000 227.000000 28.000000
195.000000 227.000000 14.000000
457.000000 227.000000 11.000000
511.000000 227.000000 17.000000
521.000000 227.000000 7.000000
582.000000 227.000000 17.000000
654.000000 227.000000 7.000000
687.000000 227.000000 11.000000
736.000000 227.000000 21.000000
748.000000 227.000000 9.000000
803.000000 227.000000 14.000000
217.000000 228.000000 15.000000
274.000000 228.000000 15.000000
321.000000 228.000000 17.000000
338.000000 228.000000 14.000000
378.000000 228.000000 14.000000
532.000000 228.000000 7.000000
543.000000 228.000000 31.000000
601.000000 228.000000 17.000000
622.000000 228.000000 15.000000
646.000000 228.000000 14.000000
243.000000 229.000000 17.000000
297.000000 229.000000 11.000000
310.000000 229.000000 11.000000
357.000000 229.000000 14.000000
401.000000 229.000000 15.000000
471.000000 229.000000 28.000000
490.000000 229.000000 14.000000
421.000000 230.000000 11.000000
438.000000 230.000000 14.000000
259.000000 231.000000 10.000000
1071.000000 248.000000 7.000000
322.000000 249.000000 11.000000
1023.000000 249.000000 9.000000
1062.000000 249.000000 7.000000
292.000000 250.000000 9.000000
306.000000 250.000000 10.000000
684.000000 250.000000 7.000000
721.000000 250.000000 11.000000
1035.000000 250.000000 9.000000
1049.000000 250.000000 9.000000
220.000000 251.000000 7.000000
229.000000 251.000000 7.000000
258.000000 251.000000 9.000000
271.000000 251.000000 7.000000
282.000000 251.000000 7.000000
337.000000 251.000000 11.000000
347.000000 251.000000 7.000000
372.000000 251.000000 7.000000
664.000000 251.000000 11.000000
675.000000 251.000000 7.000000
691.000000 251.000000 11.000000
705.000000 251.000000 9.000000
186.000000 252.000000 9.000000
198.000000 252.000000 10.000000
213.000000 252.000000 7.000000
240.000000 252.000000 11.000000
355.000000 252.000000 12.000000
380.000000 252.000000 6.000000
631.000000 252.000000 13.000000
641.000000 252.000000 7.000000
650.000000 252.000000 14.000000
181.000000 275.000000 19.000000
203.000000 275.000000 14.000000
598.000000 275.000000 4.000000
604.000000 275.000000 11.000000
1026.000000 275.000000 19.000000
1062.000000 275.000000 17.000000
223.000000 276.000000 14.000000
575.000000 276.000000 11.000000
589.000000 276.000000 7.000000
622.000000 276.000000 15.000000
284.000000 277.000000 14.000000
539.000000 277.000000 17.000000
655.000000 277.000000 21.000000
669.000000 277.000000 24.000000
956.000000 277.000000 24.000000
240.000000 278.000000 14.000000
305.000000 278.000000 14.000000
437.000000 278.000000 24.000000
449.000000 278.000000 33.000000
497.000000 278.000000 17.000000
519.000000 278.000000 14.000000
564.000000 278.000000 19.000000
820.000000 278.000000 21.000000
879.000000 278.000000 14.000000
989.000000 278.000000 28.000000
1037.000000 278.000000 23.000000
1048.000000 278.000000 24.000000
1083.000000 278.000000 29.000000
263.000000 279.000000 14.000000
387.000000 279.000000 11.000000
409.000000 279.000000 21.000000
420.000000 279.000000 26.000000
470.000000 279.000000 14.000000
552.000000 279.000000 10.000000
558.000000 279.000000 4.000000
767.000000 279.000000 19.000000
792.000000 279.000000 24.000000
927.000000 279.000000 36.000000
940.000000 279.000000 7.000000
948.000000 279.000000 17.000000
969.000000 279.000000 28.000000
326.000000 280.000000 14.000000
692.000000 280.000000 21.000000
722.000000 280.000000 11.000000
755.000000 280.000000 7.000000
806.000000 280.000000 9.000000
840.000000 280.000000 14.000000
859.000000 280.000000 14.000000
901.000000 280.000000 14.000000
360.000000 281.000000 11.000000
373.000000 281.000000 7.000000
708.000000 281.000000 24.000000
741.000000 281.000000 14.000000
781.000000 281.000000 23.000000
344.000000 282.000000 11.000000
831.000000 303.000000 11.000000
840.000000 303.000000 11.000000
890.000000 303.000000 9.000000
846.000000 304.000000 12.000000
856.000000 305.000000 7.000000
867.000000 305.000000 7.000000
878.000000 305.000000 7.000000
358.000000 325.000000 24.000000
727.000000 326.000000 40.000000
187.000000 327.000000 26.000000
265.000000 327.000000 14.000000
386.000000 327.000000 21.000000
409.000000 327.000000 15.000000
709.000000 327.000000 17.000000
205.000000 328.000000 11.000000
224.000000 328.000000 16.000000
246.000000 328.000000 14.000000
284.000000 328.000000 14.000000
313.000000 328.000000 21.000000
430.000000 328.000000 14.000000
447.000000 329.000000 11.000000
497.000000 329.000000 14.000000
510.000000 329.000000 11.000000
535.000000 329.000000 7.000000
554.000000 329.000000 16.000000
618.000000 329.000000 14.000000
760.000000 329.000000 17.000000
929.000000 329.000000 19.000000
941.000000 329.000000 7.000000
956.000000 329.000000 21.000000
1003.000000 329.000000 20.000000
1018.000000 329.000000 17.000000
338.000000 330.000000 16.000000
476.000000 330.000000 14.000000
524.000000 330.000000 17.000000
579.000000 330.000000 14.000000
634.000000 330.000000 14.000000
812.000000 330.000000 17.000000
835.000000 330.000000 16.000000
905.000000 330.000000 14.000000
459.000000 331.000000 7.000000
600.000000 331.000000 14.000000
654.000000 331.000000 14.000000
682.000000 331.000000 7.000000
780.000000 331.000000 11.000000
921.000000 331.000000 27.000000
1039.000000 331.000000 14.000000
673.000000 332.000000 16.000000
691.000000 332.000000 7.000000
793.000000 332.000000 11.000000
860.000000 332.000000 17.000000
885.000000 332.000000 14.000000
967.000000 332.000000 20.000000
1061.000000 332.000000 16.000000
742.000000 333.000000 11.000000
1088.000000 333.000000 17.000000
498.000000 351.000000 11.000000
513.000000 352.000000 9.000000
528.000000 352.000000 10.000000
544.000000 352.000000 11.000000
553.000000 352.000000 7.000000
567.000000 353.000000 11.000000
710.000000 353.000000 9.000000
722.000000 353.000000 8.000000
735.000000 354.000000 7.000000
761.000000 354.000000 9.000000
747.000000 355.000000 7.000000
774.000000 355.000000 7.000000
784.000000 355.000000 7.000000
791.000000 355.000000 12.000000
1030.000000 355.000000 13.000000
799.000000 356.000000 7.000000
985.000000 356.000000 7.000000
998.000000 356.000000 9.000000
1015.000000 356.000000 11.000000
1036.000000 356.000000 12.000000
1066.000000 356.000000 10.000000
346.000000 357.000000 9.000000
662.000000 357.000000 10.000000
904.000000 357.000000 9.000000
915.000000 357.000000 7.000000
923.000000 357.000000 14.000000
935.000000 357.000000 9.000000
955.000000 357.000000 11.000000
973.000000 357.000000 11.000000
1051.000000 357.000000 10.000000
1077.000000 357.000000 11.000000
358.000000 358.000000 10.000000
375.000000 358.000000 14.000000
384.000000 358.000000 11.000000
945.000000 359.000000 7.000000
451.000000 377.000000 9.000000
464.000000 377.000000 7.000000
477.000000 377.000000 10.000000
495.000000 377.000000 14.000000
616.000000 377.000000 14.000000
679.000000 377.000000 20.000000
431.000000 378.000000 7.000000
547.000000 378.000000 16.000000
574.000000 378.000000 15.000000
203.000000 379.000000 34.000000
248.000000 379.000000 31.000000
307.000000 379.000000 17.000000
440.000000 379.000000 6.000000
509.000000 379.000000 24.000000
596.000000 379.000000 14.000000
634.000000 379.000000 28.000000
642.000000 379.000000 21.000000
671.000000 379.000000 22.000000
702.000000 379.000000 14.000000
227.000000 380.000000 31.000000
528.000000 380.000000 17.000000
726.000000 380.000000 17.000000
745.000000 380.000000 14.000000
823.000000 380.000000 7.000000
1011.000000 380.000000 14.000000
1054.000000 380.000000 17.000000
265.000000 381.000000 17.000000
288.000000 381.000000 14.000000
314.000000 381.000000 21.000000
326.000000 381.000000 11.000000
341.000000 381.000000 14.000000
419.000000 381.000000 11.000000
656.000000 381.000000 11.000000
806.000000 381.000000 14.000000
875.000000 381.000000 6.000000
907.000000 381.000000 17.000000
992.000000 381.000000 14.000000
182.000000 382.000000 34.000000
358.000000 382.000000 14.000000
378.000000 382.000000 14.000000
400.000000 382.000000 14.000000
766.000000 382.000000 17.000000
786.000000 382.000000 14.000000
838.000000 382.000000 14.000000
861.000000 382.000000 21.000000
947.000000 382.000000 16.000000
971.000000 382.000000 14.000000
1030.000000 382.000000 17.000000
1078.000000 382.000000 19.000000
883.000000 383.000000 14.000000
922.000000 404.000000 7.000000
933.000000 404.000000 9.000000
902.000000 405.000000 9.000000
912.000000 405.000000 7.000000
976.000000 405.000000 12.000000
959.000000 407.000000 11.000000
937.000000 417.000000 9.000000
206.000000 426.000000 7.000000
189.000000 427.000000 23.000000
216.000000 427.000000 7.000000
229.000000 428.000000 9.000000
242.000000 429.000000 11.000000
258.000000 429.000000 11.000000
272.000000 431.000000 11.000000
574.000000 431.000000 11.000000
340.000000 432.000000 31.000000
351.000000 432.000000 34.000000
320.000000 433.000000 17.000000
490.000000 433.000000 11.000000
505.000000 433.000000 28.000000
540.000000 433.000000 11.000000
556.000000 433.000000 14.000000
293.000000 434.000000 21.000000
373.000000 434.000000 17.000000
398.000000 434.000000 17.000000
420.000000 434.000000 14.000000
449.000000 434.000000 11.000000
462.000000 434.000000 9.000000
473.000000 434.000000 21.000000
594.000000 434.000000 14.000000
437.000000 435.000000 11.000000
522.000000 435.000000 14.000000
612.000000 435.000000 11.000000
624.000000 435.000000 7.000000
638.000000 435.000000 24.000000
670.000000 436.000000 24.000000
656.000000 437.000000 27.000000
691.000000 437.000000 26.000000
743.000000 437.000000 16.000000
767.000000 437.000000 17.000000
917.000000 437.000000 7.000000
677.000000 438.000000 26.000000
718.000000 438.000000 19.000000
860.000000 438.000000 21.000000
902.000000 438.000000 24.000000
1052.000000 438.000000 17.000000
874.000000 439.000000 7.000000
884.000000 439.000000 16.000000
928.000000 439.000000 21.000000
983.000000 439.000000 24.000000
1006.000000 439.000000 17.000000
1027.000000 439.000000 17.000000
1085.000000 439.000000 26.000000
833.000000 440.000000 14.000000
947.000000 440.000000 17.000000
969.000000 440.000000 24.000000
794.000000 441.000000 16.000000
815.000000 441.000000 11.000000
1172.000000 449.000000 50.000000
1195.000000 449.000000 21.000000
1166.000000 450.000000 27.000000
627.000000 468.000000 7.000000
589.000000 469.000000 6.000000
611.000000 469.000000 14.000000
618.000000 469.000000 6.000000
637.000000 469.000000 14.000000
652.000000 469.000000 7.000000
493.000000 470.000000 11.000000
506.000000 470.000000 11.000000
547.000000 470.000000 9.000000
558.000000 470.000000 7.000000
568.000000 470.000000 7.000000
598.000000 470.000000 17.000000
662.000000 470.000000 17.000000
690.000000 470.000000 11.000000
704.000000 470.000000 11.000000
520.000000 471.000000 10.000000
533.000000 471.000000 10.000000
579.000000 471.000000 7.000000
678.000000 471.000000 14.000000
716.000000 471.000000 14.000000
723.000000 472.000000 20.000000
750.000000 472.000000 14.000000
772.000000 472.000000 12.000000
817.000000 472.000000 11.000000
736.000000 473.000000 11.000000
785.000000 473.000000 11.000000
802.000000 473.000000 13.000000
834.000000 473.000000 11.000000
850.000000 473.000000 12.000000
867.000000 475.000000 7.000000
890.000000 475.000000 7.000000
898.000000 475.000000 7.000000
960.000000 475.000000 11.000000
975.000000 475.000000 9.000000
879.000000 476.000000 9.000000
907.000000 476.000000 7.000000
918.000000 476.000000 16.000000
940.000000 476.000000 14.000000
986.000000 476.000000 7.000000
995.000000 476.000000 6.000000
1017.000000 476.000000 9.000000
1048.000000 476.000000 11.000000
927.000000 477.000000 17.000000
1005.000000 477.000000 7.000000
1033.000000 478.000000 11.000000
1177.000000 482.000000 24.000000
233.000000 519.000000 20.000000
208.000000 520.000000 17.000000
246.000000 520.000000 26.000000
265.000000 520.000000 23.000000
277.000000 520.000000 11.000000
256.000000 521.000000 17.000000
291.000000 521.000000 30.000000
