1277
1277
1281
1281
1281
1276
1276
1276
1276
1276
1276
1282
1282
1280
1280
1280
1280
1280
1279
1273
1273
1273
1273
1273
1273
1273
1273
1273
1273
1273
1273
1273
1273
1273
1273
1273
1273
1273
1273
1273
1273
1273
1273
1273
1273
1273
1273
1273
1273
1273
1273
1273
1273
1273
1273
1273
1273
1273
1273
1273
1273
1273
1273
1273
1273
1273
1273
1273
1273
1273
1273
1273
1273
1273
1273
1285
1285
1283
1283
1285
1285
1283
1283
1283
1283
1283
1286
1283
1283
1286
1286
1284
1284
1284
1284
1284
1283
1273
1273
1273
1273
1273
1273
1273
1273
1273
1273
1273
1273
1273
1273
1273
1273
1273
1273
1273
1273
1273
1273
1273
1273
1273
1273
1273
1273
1273
1273
1273
1273
1273
1273
1273
1273
1273
1273
1273
1273
1273
1273
1273
1273
1273
1273
1273
1273
1273
1273
1273
1273
1273
1273
1273
1288
1288
1288
1288
1288
1273
1273
1273
1273
1273
1273
1273
1273
1273
1273
1273
1273
1273
1273
1273
1273
1273
1273
1273
1273
1273
1273
1273
1273
1273
1273
1273
1273
1273
1273
1273
1273
1273
1273
1273
1273
1273
1273
1273
1273
1273
1273
1273
1273
1273
1273
1273
1273
1273
1273
1273
1273
1273
1273
1274
1274
1274
1274
1274
1274
1274
1274
1274
1274
1293
1293
1291
1290
1290
1290
1291
1291
1291
1291
1290
1290
1290
1290
1290
1290
1290
1290
1290
1290
1292
1294
1292
1274
1274
1274
1274
1274
1274
1274
1274
1273
1273
1273
1273
1273
1273
1273
1273
1273
1273
1273
1273
1273
1273
1273
1273
1273
1273
1273
1273
1273
1273
1273
1273
1273
1273
1273
1273
1273
1273
1273
1273
1273
1273
1273
1273
1273
1273
1273
1273
1273
1273
1273
1273
1273
1273
1273
1273
1273
1273
1273
1273
1273
1298
1298
1297
1297
1297
1297
1295
1295
1295
1296
1273
1273
1273
1273
1273
1273
1273
1273
1273
1273
1273
1273
1273
1273
1273
1273
1273
1273
1273
1273
1273
1273
1273
1273
1273
1273
1273
1273
1273
1273
1273
1273
1273
1273
1273
1273
1273
1273
1273
1273
1273
1273
1273
1273
1273
1273
1273
1273
1273
1301
1301
1301
1301
1301
1301
1302
1300
1302
1301
1300
1299
1302
1302
1301
1301
1301
1301
1299
1299
1301
1275
1275
1275
1275
1275
1275
1275
1275
1275
1273
1273
1273
1273
1273
1273
1273
1273
1273
1273
1273
1273
1273
1273
1273
1273
1273
1273
1273
1273
1273
1273
1273
1273
1273
1273
1273
1273
1273
1273
1273
1273
1273
1273
1273
1273
1273
1273
1273
1273
1273
1273
1273
1273
1273
1273
1273
1273
1273
1273
1273
1273
1305
1303
1303
1305
1303
1305
1303
1303
1304
1303
1303
1304
1304
1304
1305
1273
1273
1273
1273
1273
1273
1273
1273
1273
1273
1273
1273
1273
1273
1273
1273
1273
1273
1273
1273
1273
1273
1273
1273
1273
1273
1273
1273
1273
1273
1273
1273
1273
1273
1273
1273
1273
1273
1273
1273
1273
1273
1273
1273
1273
1273
1273
1273
1273
1273
1273
1273
1306
1306
1306
1306
1306
1306