1997
1997
2001
2001
2001
2001
2001
2001
1998
1998
1998
1998
1998
1998
1998
1998
1998
1998
1998
1998
1999
1999
1999
1999
2000
2000
2000
1999
1999
1999
1999
1999
1999
2000
2000
2000
2000
2000
1999
1999
1999
1996
1996
1996
1996
1996
1996
1996
1996
1996
1996
1996
1996
1996
1996
1996
1996
1996
1996
1996
1996
1996
1996
1996
1996
1996
1996
1996
1996
1996
1996
1996
1996
1996
1996
1996
1996
1996
1996
1996
1996
1996
1996
1996
1996
1996
1996
1996
1996
1996
1996
1996
1996
1996
1996
1996
1996
1996
1996
1996
2002
2002
2002
2002
2002
2002
2002
2002
2002
2002
2002
2002
2002
2002
2002
2002
2002
2003
2003
2003
2002
2003
2003
2004
2005
1996
1996
1996
1996
1996
1996
1996
1996
1996
1996
1996
1996
1996
1996
1996
1996
1996
1996
1996
1996
1996
1996
1996
1996
1996
1996
1996
1996
1996
1996
1996
1996
1996
1996
1996
1996
1996
1996
1996
1996
1996
1996
1996
1996
1996
1996
1996
1996
1996
1996
1996
2008
2008
2008
2008
2008
2008
2009
2009
2008
2008
2009
2009
2009
2009
2009
2008
2007
2007
2007
2007
2006
2006
2006
2006
2006
2007
2007
2007
2006
2006
2006
2006
2007
2007
1996
1996
1996
1996
1996
1996
1996
1996
1996
1996
1996
1996
1996
1996
1996
1996
1996
1996
1996
1996
1996
1996
1996
1996
1996
1996
1996
1996
1996
1996
1996
1996
1996
1996
1996
1996
1996
1996
1996
1996
1996
1996
1996
1996
1996
1996
1996
1996
1996
1996
1996
1996
2011
2011
2011
2011
2011
2011
2011
2011
2011
2013
2010
2010
2010
2010
2010
2010
2010
2013
2013
2013
2013
2013
2013
2014
2014
2014
2014
2014
2014
2014
2014
2014
2012
1996
1996
1996
1996
1996
1996
1996
1996
1996
1996
1996
1996
1996
1996
1996
1996
1996
1996
1996
1996
1996
1996
1996
1996
1996
1996
1996
1996
1996
1996
1996
1996
1996
1996
1996
1996
1996
1996
1996
1996
1996
1996
1996
1996
1996
1996
1996
1996
1996
1996
2015
2015
2015
2015
2015
2015
2015
2016
2016
2016
2016
2016
2016
2016
2016
-1
1996
1996
1996
1996
1996
1996
1996
1996
1996
1996
1996
1996
1996
1996
1996
1996
1996
1996
1996
1996
1996
1996
1996
1996
1996
1996
1996
1996
1996
1996
1996
1996
1996
1996
1996
1996
1996
1996
1996
1996
1996
1996
1996
1996
1996
1996
1996
1996
1996
1996
1996
1996
2020
2020
2020
2019
2020
2020
2020
2020
2020
2019
2019
2020
2020
2018
2019
2019
2019
2019
2019
2019
2021
2021
2021
2021
2021
2021
2021
2021
2021
2017
1996
1996
1996
1996
1996
1996
1996
1996
1996
1996
1996
1996
1996
1996
1996
1996
1996
1996
1996
1996
1996
1996
1996
1996
1996
1996
1996
1996
1996
1996
1996
1996
1996
1996
1996
1996
1996
1996
1996
1996
1996
1996
1996
1996
1996
1996
1996
1996
1996
1996
2024
2023
2024
2024
2023
2023
2023
2024
2024
2023
2023
2024
2024
2024
2023
2022
2022
2022
2022
2022
2022
2022
2022
1996
1996
1996
1996
1996
1996
1996
1996
1996
1996
1996
1996
1996
1996
1996
1996
1996
1996
1996
1996
1996
1996
1996
1996
1996
1996
1996
1996
1996
1996
1996
1996
1996
1996
1996
1996
1996
1996
1996
1996
1996
1996
1996
1996
1996
1996
1996
1996
1996
1996
1996
1996