0.227200 0.082400 0.005600
0.192800 0.084000 0.008800
0.203200 0.084000 0.008800
0.217600 0.084000 0.008800
0.160000 0.084800 0.016800
0.820800 0.084800 0.005600
0.827200 0.084800 0.005600
0.838400 0.084800 0.014400
0.178400 0.085600 0.011200
0.432800 0.110400 0.008800
0.443200 0.110400 0.005600
0.387200 0.111200 0.008800
0.397600 0.111200 0.005600
0.406400 0.111200 0.007200
0.455200 0.111200 0.008800
0.716000 0.111200 0.010400
0.724000 0.111200 0.013600
0.730400 0.111200 0.009600
0.242400 0.112000 0.011200
0.252000 0.112000 0.003200
0.259200 0.112000 0.011200
0.418400 0.112000 0.011200
0.742400 0.112000 0.007200
0.752800 0.112000 0.005600
0.270400 0.112800 0.007200
0.279200 0.112800 0.005600
0.292800 0.112800 0.008800
0.762400 0.112800 0.008800
0.775200 0.112800 0.008800
0.364800 0.115200 0.007200
0.543200 0.115200 0.011200
0.559200 0.115200 0.011200
0.574400 0.115200 0.011200
0.585600 0.115200 0.007200
0.597600 0.115200 0.008800
0.568800 0.116000 0.011200
0.508000 0.118400 0.008000
0.684800 0.118400 0.007200
0.372800 0.131200 0.013600
0.224800 0.132000 0.007200
0.237600 0.132000 0.008800
0.248000 0.132000 0.008800
0.293600 0.132000 0.005600
0.332000 0.132000 0.008800
0.354400 0.132000 0.016800
0.191200 0.132800 0.008800
0.264800 0.132800 0.011200
0.281600 0.132800 0.008800
0.303200 0.132800 0.016800
0.390400 0.132800 0.011200
0.405600 0.132800 0.011200
0.180000 0.133600 0.008800
0.204000 0.133600 0.011200
0.214400 0.133600 0.007200
0.318400 0.133600 0.008800
0.343200 0.133600 0.005600
0.424000 0.133600 0.012000
0.144000 0.134400 0.016800
0.166400 0.134400 0.010400
0.196800 0.134400 0.003200
0.443200 0.134400 0.016000
0.513600 0.135200 0.013600
0.523200 0.135200 0.005600
0.544800 0.135200 0.013600
0.553600 0.135200 0.013600
0.609600 0.135200 0.005600
0.617600 0.135200 0.004800
0.624800 0.135200 0.005600
0.638400 0.135200 0.011200
0.654400 0.135200 0.008800
0.665600 0.135200 0.005600
0.698400 0.135200 0.019200
0.706400 0.135200 0.005600
0.719200 0.135200 0.011200
0.464000 0.136000 0.009600
0.535200 0.136000 0.011200
0.566400 0.136000 0.011200
0.584000 0.136000 0.011200
0.598400 0.136000 0.008800
0.685600 0.136000 0.008800
0.735200 0.136000 0.011200
0.755200 0.136000 0.013600
0.789600 0.136000 0.013600
0.808000 0.136000 0.011200
0.495200 0.136800 0.011200
0.675200 0.136800 0.007200
0.774400 0.136800 0.011200
0.852000 0.136800 0.010400
0.479200 0.137600 0.011200
0.840800 0.137600 0.011200
0.866400 0.137600 0.010400
0.822400 0.140000 0.010400
0.864000 0.152000 0.007200
0.230400 0.152800 0.008000
0.853600 0.152800 0.005600
0.168800 0.153600 0.007200
0.187200 0.153600 0.005600
0.195200 0.153600 0.005600
0.212800 0.153600 0.005600
0.218400 0.153600 0.008800
0.240800 0.153600 0.005600
0.250400 0.153600 0.005600
0.263200 0.153600 0.008800
0.504000 0.153600 0.007200
0.800800 0.153600 0.007200
0.838400 0.153600 0.008800
0.844000 0.153600 0.005600
0.179200 0.154400 0.005600
0.204800 0.154400 0.005600
0.490400 0.154400 0.008800
0.496000 0.154400 0.005600
0.517600 0.154400 0.008800
0.531200 0.154400 0.010400
0.560000 0.154400 0.007200
0.809600 0.154400 0.005600
0.818400 0.154400 0.005600
0.828800 0.154400 0.005600
0.481600 0.155200 0.007200
0.524000 0.155200 0.005600
0.540000 0.155200 0.003200
0.544000 0.155200 0.010400
0.550400 0.155200 0.005600
0.442400 0.159200 0.007200
0.173600 0.170400 0.012800
0.196000 0.171200 0.013600
0.240000 0.172000 0.011200
0.344800 0.172000 0.011200
0.813600 0.172000 0.011200
0.252800 0.172800 0.016000
0.363200 0.172800 0.013600
0.789600 0.172800 0.008800
0.846400 0.172800 0.011200
0.864000 0.172800 0.013600
0.220800 0.173600 0.012800
0.261600 0.173600 0.013600
0.308000 0.173600 0.011200
0.326400 0.173600 0.012800
0.380000 0.173600 0.016800
0.438400 0.173600 0.011200
0.455200 0.173600 0.013600
0.485600 0.173600 0.011200
0.504800 0.173600 0.013600
0.571200 0.173600 0.011200
0.737600 0.173600 0.011200
0.753600 0.173600 0.013600
0.802400 0.173600 0.008800
0.829600 0.173600 0.011200
0.277600 0.174400 0.011200
0.424800 0.174400 0.011200
0.470400 0.174400 0.010400
0.515200 0.174400 0.013600
0.531200 0.174400 0.013600
0.553600 0.174400 0.011200
0.624800 0.174400 0.011200
0.663200 0.174400 0.011200
0.677600 0.174400 0.011200
0.707200 0.174400 0.011200
0.763200 0.174400 0.011200
0.776000 0.174400 0.011200
0.292800 0.175200 0.011200
0.391200 0.175200 0.005600
0.400000 0.175200 0.016000
0.409600 0.175200 0.015200
0.588800 0.175200 0.011200
0.607200 0.175200 0.011200
0.645600 0.175200 0.013600
0.693600 0.175200 0.011200
0.722400 0.175200 0.022400
0.540800 0.176000 0.013600
0.232800 0.192800 0.010400
0.248800 0.192800 0.008800
0.380800 0.192800 0.007200
0.476800 0.192800 0.005600
0.815200 0.192800 0.005600
0.241600 0.193600 0.003200
0.259200 0.193600 0.006400
0.269600 0.193600 0.006400
0.434400 0.193600 0.007200
0.442400 0.193600 0.011200
0.447200 0.193600 0.008800
0.456000 0.193600 0.007200
0.468000 0.193600 0.007200
0.484800 0.193600 0.005600
0.501600 0.193600 0.008800
0.507200 0.193600 0.011200
0.513600 0.193600 0.005600
0.523200 0.193600 0.006400
0.532800 0.193600 0.005600
0.544000 0.193600 0.007200
0.750400 0.193600 0.010400
0.758400 0.193600 0.005600
0.765600 0.193600 0.011200
0.776000 0.193600 0.005600
0.784800 0.193600 0.006400
0.795200 0.193600 0.007200
0.805600 0.193600 0.007200
0.827200 0.193600 0.008000
0.279200 0.194400 0.005600
0.287200 0.194400 0.005600
0.293600 0.194400 0.009600
0.418400 0.194400 0.010400
0.425600 0.194400 0.012800
0.408000 0.195200 0.008800
0.817600 0.212800 0.004800
0.192000 0.213600 0.014400
0.240800 0.213600 0.008000
0.250400 0.213600 0.008800
0.524000 0.213600 0.011200
0.623200 0.213600 0.013600
0.687200 0.213600 0.016800
0.696000 0.213600 0.015200
0.772800 0.213600 0.013600
0.780800 0.213600 0.013600
0.809600 0.213600 0.005600
0.825600 0.213600 0.012800
0.147200 0.214400 0.019200
0.171200 0.214400 0.008800
0.212000 0.214400 0.011200
0.227200 0.214400 0.008800
0.262400 0.214400 0.008800
0.273600 0.214400 0.005600
0.281600 0.214400 0.004800
0.405600 0.214400 0.012800
0.477600 0.214400 0.014400
0.487200 0.214400 0.005600
0.496000 0.214400 0.013600
0.540800 0.214400 0.011200
0.556000 0.214400 0.011200
0.571200 0.214400 0.022400
0.595200 0.214400 0.019200
0.759200 0.214400 0.011200
0.798400 0.214400 0.008800
0.838400 0.214400 0.008800
0.849600 0.214400 0.026400
0.864800 0.214400 0.020800
0.160800 0.215200 0.005600
0.185600 0.215200 0.020800
0.288000 0.215200 0.011200
0.306400 0.215200 0.013600
0.344800 0.215200 0.011200
0.384800 0.215200 0.012800
0.509600 0.215200 0.018400
0.583200 0.215200 0.020800
0.607200 0.215200 0.008800
0.640000 0.215200 0.024800
0.716000 0.215200 0.012800
0.726400 0.215200 0.013600
0.732000 0.215200 0.011200
0.744000 0.215200 0.011200
0.326400 0.216000 0.013600
0.362400 0.216000 0.011200
0.378400 0.216000 0.013600
0.424000 0.216000 0.011200
0.438400 0.216000 0.011200
0.452000 0.216000 0.008800
0.463200 0.216000 0.008800
0.671200 0.216000 0.011200
0.655200 0.216800 0.011200
0.413600 0.232800 0.007200
0.458400 0.232800 0.007200
0.686400 0.232800 0.005600
0.692000 0.232800 0.011200
0.700800 0.232800 0.006400
0.360800 0.233600 0.007200
0.402400 0.233600 0.005600
0.424800 0.233600 0.007200
0.435200 0.233600 0.007200
0.449600 0.233600 0.003200
0.676800 0.233600 0.007200
0.712800 0.233600 0.007200
0.724000 0.233600 0.008000
0.755200 0.233600 0.007200
0.340800 0.234400 0.008800
0.378400 0.234400 0.010400
0.392000 0.234400 0.007200
0.444000 0.234400 0.008000
0.469600 0.234400 0.007200
0.482400 0.234400 0.007200
0.735200 0.234400 0.007200
0.745600 0.234400 0.005600
0.349600 0.235200 0.007200
0.372000 0.235200 0.008800
0.491200 0.235200 0.008800
0.767200 0.249600 0.003200
0.820000 0.250400 0.013600
0.836000 0.250400 0.009600
0.847200 0.250400 0.005600
0.757600 0.251200 0.011200
0.784000 0.251200 0.008800
0.798400 0.251200 0.011200
0.180800 0.252000 0.024000
0.739200 0.252000 0.012800
0.772800 0.252000 0.008800
0.148000 0.252800 0.025600
0.619200 0.252800 0.019200
0.684000 0.252800 0.014400
0.707200 0.252800 0.013600
0.860800 0.252800 0.018400
0.165600 0.253600 0.011200
0.192800 0.253600 0.022400
0.600800 0.253600 0.013600
0.720000 0.253600 0.011200
0.208000 0.254400 0.011200
0.281600 0.254400 0.013600
0.300800 0.254400 0.013600
0.318400 0.254400 0.013600
0.404000 0.254400 0.011200
0.480800 0.254400 0.011200
0.519200 0.254400 0.016800
0.223200 0.255200 0.013600
0.244000 0.255200 0.011200
0.263200 0.255200 0.012800
0.344000 0.255200 0.013600
0.358400 0.255200 0.011200
0.420800 0.255200 0.013600
0.462400 0.255200 0.013600
0.500000 0.255200 0.013600
0.530400 0.255200 0.005600
0.541600 0.255200 0.011200
0.580800 0.255200 0.015200
0.632000 0.255200 0.007200
0.335200 0.256000 0.013600
0.374400 0.256000 0.011200
0.388800 0.256000 0.011200
0.441600 0.256000 0.011200
0.453600 0.256000 0.005600
0.558400 0.256000 0.011200
0.643200 0.256000 0.013600
0.662400 0.256800 0.013600
0.326400 0.257600 0.005600
0.320000 0.272800 0.008800
0.331200 0.272800 0.007200
0.754400 0.272800 0.008800
0.342400 0.273600 0.007200
0.352800 0.273600 0.005600
0.403200 0.273600 0.005600
0.412800 0.273600 0.008000
0.728000 0.273600 0.008800
0.764800 0.273600 0.008000
0.776000 0.273600 0.008800
0.781600 0.273600 0.011200
0.304000 0.274400 0.007200
0.313600 0.274400 0.004000
0.363200 0.274400 0.007200
0.373600 0.274400 0.005600
0.396000 0.274400 0.005600
0.740800 0.274400 0.008800
0.285600 0.275200 0.008800
0.294400 0.275200 0.005600
0.384800 0.275200 0.008000
0.854400 0.278400 0.007200
0.863200 0.278400 0.013600
0.260000 0.293600 0.016000
0.306400 0.293600 0.013600
0.243200 0.294400 0.013600
0.334400 0.294400 0.013600
0.340000 0.294400 0.011200
0.475200 0.294400 0.019200
0.655200 0.294400 0.011200
0.168000 0.295200 0.011200
0.186400 0.295200 0.011200
0.284800 0.295200 0.011200
0.324800 0.295200 0.012800
0.355200 0.295200 0.012800
0.412800 0.295200 0.011200
0.426400 0.295200 0.008800
0.632000 0.295200 0.007200
0.707200 0.295200 0.016800
0.726400 0.295200 0.013600
0.148800 0.296000 0.013600
0.205600 0.296000 0.012800
0.223200 0.296000 0.011200
0.393600 0.296000 0.012000
0.440800 0.296000 0.011200
0.461600 0.296000 0.016800
0.482400 0.296000 0.015200
0.499200 0.296000 0.011200
0.518400 0.296000 0.011200
0.620800 0.296000 0.008800
0.641600 0.296000 0.005600
0.672000 0.296000 0.011200
0.689600 0.296000 0.013600
0.779200 0.296000 0.011200
0.795200 0.296000 0.011200
0.811200 0.296000 0.011200
0.855200 0.296000 0.013600
0.376000 0.296800 0.011200
0.532800 0.296800 0.011200
0.572800 0.296800 0.021600
0.588000 0.296800 0.016800
0.741600 0.296800 0.015200
0.750400 0.296800 0.005600
0.832800 0.296800 0.012800
0.563200 0.297600 0.008800
0.596800 0.297600 0.005600
0.610400 0.297600 0.010400
0.761600 0.297600 0.016000
0.549600 0.298400 0.011200
0.276800 0.312800 0.007200
0.337600 0.312800 0.008000
0.407200 0.312800 0.012000
0.204800 0.313600 0.008000
0.256800 0.313600 0.005600
0.266400 0.313600 0.005600
0.288000 0.313600 0.007200
0.398400 0.313600 0.005600
0.176000 0.314400 0.005600
0.184000 0.314400 0.005600
0.247200 0.314400 0.007200
0.300000 0.314400 0.008800
0.314400 0.314400 0.007200
0.325600 0.314400 0.007200
0.350400 0.314400 0.007200
0.361600 0.314400 0.005600
0.369600 0.314400 0.012800
0.379200 0.314400 0.008000
0.390400 0.314400 0.007200
0.810400 0.314400 0.008000
0.833600 0.314400 0.007200
0.844000 0.314400 0.011200
0.167200 0.315200 0.006400
0.193600 0.315200 0.006400
0.789600 0.315200 0.007200
0.799200 0.315200 0.007200
0.822400 0.315200 0.007200
0.849600 0.315200 0.010400
0.157600 0.316000 0.011200
0.142400 0.316800 0.009600
0.149600 0.316800 0.012000
0.616000 0.335200 0.012800
0.141600 0.336000 0.016800
0.152000 0.336000 0.018400
0.251200 0.336000 0.012800
0.164800 0.336800 0.008800
0.178400 0.336800 0.011200
0.225600 0.336800 0.013600
0.235200 0.336800 0.004000
0.268800 0.336800 0.011200
0.288800 0.336800 0.013600
0.482400 0.336800 0.008800
0.556000 0.336800 0.015200
0.590400 0.336800 0.008800
0.712800 0.336800 0.013600
0.194400 0.337600 0.011200
0.208800 0.337600 0.011200
0.310400 0.337600 0.013600
0.431200 0.337600 0.005600
0.438400 0.337600 0.015200
0.448800 0.337600 0.005600
0.460000 0.337600 0.008800
0.471200 0.337600 0.007200
0.577600 0.337600 0.008800
0.600800 0.337600 0.007200
0.632800 0.337600 0.016800
0.641600 0.337600 0.016800
0.658400 0.337600 0.011200
0.674400 0.337600 0.011200
0.692800 0.337600 0.013600
0.728800 0.337600 0.011200
0.745600 0.337600 0.011200
0.788800 0.337600 0.008800
0.858400 0.337600 0.019200
0.375200 0.338400 0.008800
0.411200 0.338400 0.007200
0.420000 0.338400 0.015200
0.496800 0.338400 0.011200
0.534400 0.338400 0.016800
0.545600 0.338400 0.007200
0.566400 0.338400 0.007200
0.760800 0.338400 0.012800
0.767200 0.338400 0.016000
0.777600 0.338400 0.007200
0.803200 0.338400 0.011200
0.818400 0.338400 0.008800
0.830400 0.338400 0.011200
0.845600 0.338400 0.008800
0.344000 0.339200 0.011200
0.360000 0.339200 0.011200
0.385600 0.339200 0.005600
0.515200 0.339200 0.013600
0.330400 0.340000 0.011200
0.400000 0.340000 0.011200
0.258400 0.353600 0.007200
0.267200 0.354400 0.005600
0.204000 0.355200 0.008800
0.208000 0.355200 0.008800
0.218400 0.355200 0.008800
0.231200 0.355200 0.005600
0.240800 0.355200 0.005600
0.248800 0.355200 0.004000
0.279200 0.355200 0.008000
0.296800 0.355200 0.005600
0.306400 0.355200 0.005600
0.315200 0.355200 0.005600
0.576000 0.355200 0.005600
0.595200 0.355200 0.007200
0.751200 0.355200 0.008800
0.288000 0.356000 0.005600
0.324000 0.356000 0.005600
0.332800 0.356000 0.005600
0.556800 0.356000 0.005600
0.565600 0.356000 0.007200
0.584800 0.356000 0.005600
0.609600 0.356000 0.008800
0.620000 0.356000 0.005600
0.719200 0.356000 0.005600
0.728000 0.356000 0.005600
0.738400 0.356000 0.005600
0.193600 0.356800 0.008000
0.629600 0.356800 0.007200
0.761600 0.357600 0.007200
0.388800 0.373600 0.007200
0.621600 0.373600 0.005600
0.667200 0.373600 0.011200
0.683200 0.373600 0.011200
0.852000 0.373600 0.022400
0.160800 0.374400 0.013600
0.175200 0.374400 0.011200
0.194400 0.374400 0.012000
0.328000 0.374400 0.013600
0.399200 0.374400 0.022400
0.486400 0.374400 0.024800
0.557600 0.374400 0.013600
0.577600 0.374400 0.016800
0.630400 0.374400 0.013600
0.651200 0.374400 0.013600
0.700800 0.374400 0.011200
0.837600 0.374400 0.027200
0.180800 0.375200 0.016800
0.218400 0.375200 0.013600
0.238400 0.375200 0.012800
0.257600 0.375200 0.013600
0.277600 0.375200 0.011200
0.338400 0.375200 0.008800
0.354400 0.375200 0.013600
0.374400 0.375200 0.013600
0.415200 0.375200 0.011200
0.568800 0.375200 0.004800
0.588000 0.375200 0.016000
0.605600 0.375200 0.012000
0.731200 0.375200 0.008800
0.743200 0.375200 0.007200
0.804000 0.375200 0.011200
0.818400 0.375200 0.008800
0.828800 0.375200 0.005600
0.294400 0.376000 0.011200
0.311200 0.376000 0.011200
0.427200 0.376000 0.008800
0.465600 0.376000 0.019200
0.528000 0.376000 0.008000
0.716000 0.376000 0.011200
0.863200 0.376000 0.020800
0.144000 0.376800 0.024000
0.437600 0.376800 0.016800
0.453600 0.376800 0.011200
0.473600 0.376800 0.016800
0.515200 0.376800 0.009600
0.753600 0.376800 0.016000
0.503200 0.377600 0.008000
0.537600 0.377600 0.005600
0.768800 0.377600 0.011200
0.788000 0.377600 0.013600
0.508800 0.378400 0.003200
0.544000 0.378400 0.004800
0.245600 0.442400 0.005600
0.185600 0.444800 0.018400
0.236800 0.444800 0.016800
0.867200 0.444800 0.012800
0.219200 0.445600 0.016000
0.211200 0.446400 0.018400
