1334
1334
1334
1334
1334
1334
1339
1339
1339
1336
1336
1336
1335
1335
1335
1335
1335
1335
1335
1337
1337
1338
1338
1338
1338
1335
1337
1337
1338
1307
1307
1307
1307
1307
1307
1307
1307
1307
1307
1307
1307
1307
1307
1307
1307
1307
1307
1307
1307
1307
1307
1307
1307
1307
1307
1307
1307
1307
1307
1307
1307
1307
1307
1307
1307
1307
1307
1307
1307
1307
1307
1307
1307
1307
1307
1307
1307
1307
1307
1307
1307
1308
1307
1307
1308
1307
1308
1307
1308
1307
1333
1333
1333
1332
1332
1332
1332
1331
1331
1331
1331
1331
1331
1331
1330
1331
1330
1330
1330
1330
1308
1308
1307
1307
1307
1307
1307
1307
1307
1307
1307
1307
1307
1307
1307
1307
1307
1307
1307
1307
1307
1307
1307
1307
1307
1307
1307
1307
1307
1307
1307
1307
1307
1307
1307
1307
1307
1307
1307
1307
1307
1307
1307
1307
1307
1307
1307
1307
1307
1307
1307
1329
1329
1329
1329
1329
1329
1328
1329
1329
1328
1328
1328
1329
1329
1329
1329
1328
1328
1328
1329
1327
1327
1327
1307
1307
1307
1307
1307
1307
1307
1307
1307
1307
1307
1307
1307
1307
1307
1307
1307
1307
1307
1307
1307
1307
1307
1307
1307
1307
1307
1307
1307
1307
1307
1307
1307
1307
1307
1307
1307
1307
1307
1307
1307
1307
1307
1307
1307
1307
1307
1307
1307
1324
1324
1324
1326
1325
1325
1325
1325
1326
1325
1325
1325
1325
1326
1326
1307
1307
1307
1307
1307
1307
1307
1307
1307
1307
1307
1307
1307
1307
1307
1307
1307
1307
1307
1307
1307
1307
1307
1307
1307
1307
1307
1307
1307
1307
1307
1307
1307
1307
1307
1307
1307
1307
1307
1307
1307
1307
1307
1307
1307
1307
1307
1307
1307
1307
1320
1320
1320
1320
1318
1318
1318
1321
1307
1307
1307
1307
1307
1307
1307
1307
1307
1307
1307
1307
1307
1307
1307
1307
1307
1307
1307
1307
1307
1307
1307
1307
1307
1307
1307
1307
1307
1307
1307
1307
1307
1307
1307
1307
1307
1307
1307
1307
1307
1307
1307
1307
1307
1307
1307
1307
1307
1307
1307
1313
1313
1312
1312
1312
1317
1314
1312
1316
1314
1317
1316
1315
1317
1315
1307
1307
1307
1307
1307
1307
1307
1307
1307
1307
1307
1307
1307
1307
1307
1307
1307
1307
1307
1307
1307
1307
1307
1307
1307
1307
1307
1307
1307
1307
1307
1307
1307
1307
1307
1307
1307
1307
1307
1307
1307
1307
1307
1307
1307
1307
1307
1307
1311
1311
1311
1311
1311
1311
1311
1311
1311
1311
1311
1311
1311
1311
1311
1311
1311
1311
1311
1311
1311
1311
1311
1319
1319
1319
1319
1319
1307
1307
1307
1307
1307
1307
1307
1310
1310
1310
1307
1307
1307
1307
1307
1307
1307
1307
1307
1307
1307
1307
1307
1307
1307
1307
1307
1307
1307
1307
1307
1307
1307
1307
1307
1307
1307
1307
1307
1307
1307
1307
1307
1307
1307
1307
1307
1307
1307
1307
1307
1310
1310
1309