0.215200 0.068000 0.017600
0.180800 0.069600 0.018400
0.191200 0.069600 0.008800
0.205600 0.069600 0.008800
0.143200 0.071200 0.027200
0.160800 0.071200 0.013600
0.848000 0.071200 0.011200
0.833600 0.072000 0.021600
0.860000 0.072000 0.020800
0.358400 0.085600 0.008800
0.504800 0.085600 0.005600
0.347200 0.086400 0.007200
0.495200 0.086400 0.007200
0.312000 0.087200 0.010400
0.324000 0.087200 0.008800
0.334400 0.087200 0.008800
0.470400 0.087200 0.012000
0.485600 0.087200 0.005600
0.511200 0.087200 0.011200
0.478400 0.088000 0.005600
0.703200 0.088000 0.007200
0.672000 0.088800 0.008800
0.681600 0.088800 0.007200
0.692800 0.088800 0.007200
0.712800 0.088800 0.005600
0.721600 0.088800 0.013600
0.288000 0.090400 0.009600
0.282400 0.091200 0.009600
0.128800 0.111200 0.019200
0.182400 0.111200 0.027200
0.284800 0.111200 0.014400
0.073600 0.112000 0.020800
0.188000 0.112000 0.013600
0.412000 0.112000 0.008800
0.444000 0.112000 0.016800
0.452000 0.112000 0.005600
0.525600 0.112000 0.004800
0.148800 0.112800 0.011200
0.166400 0.112800 0.012800
0.204000 0.112800 0.011200
0.237600 0.112800 0.008800
0.252000 0.112800 0.011200
0.268000 0.112800 0.011200
0.312800 0.112800 0.016000
0.334400 0.112800 0.013600
0.382400 0.112800 0.005600
0.431200 0.112800 0.013600
0.461600 0.112800 0.005600
0.472800 0.112800 0.008800
0.516800 0.112800 0.022400
0.221600 0.113600 0.011200
0.373600 0.113600 0.007200
0.422400 0.113600 0.005600
0.487200 0.113600 0.011200
0.503200 0.113600 0.011200
0.606400 0.113600 0.019200
0.849600 0.113600 0.008800
0.862400 0.113600 0.017600
0.042400 0.114400 0.015200
0.352000 0.114400 0.011200
0.396800 0.114400 0.011200
0.534400 0.114400 0.013600
0.567200 0.114400 0.013600
0.598400 0.114400 0.015200
0.727200 0.114400 0.019200
0.814400 0.114400 0.013600
0.832000 0.114400 0.013600
0.062400 0.115200 0.019200
0.364000 0.115200 0.007200
0.620800 0.115200 0.011200
0.631200 0.115200 0.008000
0.751200 0.115200 0.013600
0.548800 0.116000 0.011200
0.643200 0.116000 0.008000
0.654400 0.116000 0.007200
0.669600 0.116000 0.012800
0.689600 0.116000 0.013600
0.713600 0.116000 0.022400
0.768800 0.116000 0.013600
0.582400 0.116800 0.011200
0.788000 0.118400 0.029600
0.347200 0.131200 0.008800
0.360800 0.131200 0.008000
0.371200 0.131200 0.007200
0.382400 0.131200 0.008000
0.392000 0.131200 0.005600
0.401600 0.131200 0.005600
0.411200 0.131200 0.005600
0.420800 0.131200 0.008000
0.432800 0.131200 0.005600
0.440800 0.131200 0.012000
0.253600 0.132000 0.008000
0.301600 0.132000 0.011200
0.445600 0.132000 0.008800
0.264000 0.132800 0.008000
0.276800 0.132800 0.007200
0.285600 0.132800 0.005600
0.295200 0.132800 0.005600
0.330400 0.134400 0.007200
0.226400 0.136000 0.005600
0.233600 0.136000 0.008800
0.549600 0.136000 0.007200
0.587200 0.136000 0.007200
0.598400 0.136000 0.005600
0.608800 0.136000 0.008800
0.560000 0.136800 0.005600
0.568800 0.136800 0.005600
0.576800 0.136800 0.005600
0.865600 0.136800 0.007200
0.845600 0.137600 0.007200
0.856000 0.137600 0.007200
0.876000 0.137600 0.007200
0.885600 0.137600 0.014400
0.835200 0.138400 0.008000
0.040800 0.140000 0.016800
0.052800 0.140000 0.019200
0.432000 0.153600 0.011200
0.244800 0.154400 0.024000
0.278400 0.154400 0.013600
0.316800 0.154400 0.016800
0.352800 0.154400 0.011200
0.186400 0.155200 0.016800
0.296000 0.155200 0.013600
0.384000 0.155200 0.011200
0.585600 0.155200 0.013600
0.636800 0.155200 0.011200
0.652000 0.155200 0.011200
0.670400 0.155200 0.011200
0.230400 0.156000 0.011200
0.368000 0.156000 0.011200
0.399200 0.156000 0.011200
0.453600 0.156000 0.016800
0.472000 0.156000 0.016800
0.515200 0.156000 0.008800
0.526400 0.156000 0.007200
0.594400 0.156000 0.005600
0.620800 0.156000 0.011200
0.684800 0.156000 0.011200
0.731200 0.156000 0.008800
0.744000 0.156000 0.008800
0.800000 0.156000 0.013600
0.816000 0.156000 0.012800
0.157600 0.156800 0.021600
0.211200 0.156800 0.013600
0.258400 0.156800 0.019200
0.336000 0.156800 0.013600
0.415200 0.156800 0.011200
0.444000 0.156800 0.004800
0.502400 0.156800 0.008800
0.553600 0.156800 0.011200
0.570400 0.156800 0.011200
0.606400 0.156800 0.008800
0.700000 0.156800 0.011200
0.716000 0.156800 0.011200
0.753600 0.156800 0.019200
0.782400 0.156800 0.011200
0.806400 0.156800 0.015200
0.836000 0.156800 0.012800
0.854400 0.156800 0.013600
0.144800 0.157600 0.032000
0.168800 0.157600 0.030400
0.489600 0.157600 0.011200
0.540000 0.157600 0.008800
0.766400 0.157600 0.008800
0.129600 0.159200 0.024800
0.517600 0.174400 0.008000
0.527200 0.174400 0.008800
0.532000 0.175200 0.010400
0.541600 0.175200 0.005600
0.590400 0.175200 0.008800
0.549600 0.176000 0.005600
0.569600 0.176000 0.008000
0.581600 0.176000 0.005600
0.559200 0.176800 0.007200
0.498400 0.177600 0.007200
0.792000 0.180000 0.008800
0.803200 0.180000 0.008800
0.817600 0.180000 0.008800
0.856800 0.180000 0.005600
0.848800 0.180800 0.005600
0.866400 0.180800 0.013600
0.824800 0.181600 0.004000
0.830400 0.181600 0.011200
0.839200 0.182400 0.007200
0.748000 0.184000 0.007200
0.516800 0.195200 0.012800
0.451200 0.196000 0.016800
0.460000 0.196000 0.016000
0.580800 0.196000 0.004800
0.436800 0.196800 0.008800
0.478400 0.196800 0.013600
0.498400 0.196800 0.012800
0.534400 0.196800 0.011200
0.652000 0.196800 0.016800
0.134400 0.197600 0.022400
0.307200 0.197600 0.014400
0.419200 0.197600 0.004800
0.571200 0.197600 0.013600
0.589600 0.197600 0.012800
0.624800 0.197600 0.013600
0.739200 0.197600 0.011200
0.412800 0.198400 0.004800
0.426400 0.198400 0.005600
0.552800 0.198400 0.012800
0.607200 0.198400 0.011200
0.640000 0.198400 0.005600
0.664800 0.198400 0.022400
0.689600 0.198400 0.022400
0.156000 0.199200 0.022400
0.166400 0.199200 0.022400
0.204000 0.199200 0.013600
0.225600 0.199200 0.013600
0.246400 0.199200 0.016000
0.268800 0.199200 0.011200
0.364000 0.199200 0.013600
0.372800 0.199200 0.005600
0.386400 0.199200 0.011200
0.673600 0.199200 0.027200
0.703200 0.199200 0.008800
0.722400 0.199200 0.013600
0.184800 0.200000 0.011200
0.286400 0.200000 0.011200
0.329600 0.200000 0.011200
0.402400 0.200000 0.013600
0.755200 0.200000 0.013600
0.772800 0.200000 0.011200
0.348000 0.200800 0.011200
0.794400 0.200800 0.013600
0.815200 0.201600 0.013600
0.854400 0.201600 0.012800
0.832000 0.202400 0.012000
0.838400 0.202400 0.011200
0.585600 0.216000 0.011200
0.277600 0.217600 0.008800
0.288800 0.217600 0.007200
0.300800 0.217600 0.008800
0.349600 0.217600 0.008000
0.362400 0.217600 0.005600
0.476800 0.217600 0.008800
0.593600 0.217600 0.004800
0.601600 0.217600 0.005600
0.612800 0.217600 0.007200
0.636800 0.217600 0.008800
0.270400 0.218400 0.005600
0.316800 0.218400 0.007200
0.328800 0.218400 0.005600
0.338400 0.218400 0.006400
0.370400 0.218400 0.004800
0.429600 0.218400 0.008800
0.439200 0.218400 0.007200
0.451200 0.218400 0.008800
0.464000 0.218400 0.008800
0.624000 0.218400 0.008000
0.832800 0.220000 0.008000
0.820800 0.221600 0.007200
0.845600 0.221600 0.008000
0.856000 0.221600 0.008800
0.776000 0.222400 0.008000
0.785600 0.222400 0.006400
0.795200 0.222400 0.005600
0.806400 0.222400 0.008800
0.241600 0.223200 0.006400
0.187200 0.235200 0.005600
0.204000 0.236000 0.005600
0.488800 0.236000 0.019200
0.500800 0.236000 0.008800
0.164000 0.236800 0.005600
0.195200 0.236800 0.005600
0.262400 0.236800 0.008800
0.512800 0.236800 0.011200
0.546400 0.236800 0.011200
0.153600 0.237600 0.016800
0.176000 0.237600 0.008800
0.215200 0.237600 0.016800
0.232000 0.237600 0.011200
0.249600 0.237600 0.011200
0.276000 0.237600 0.011200
0.320000 0.237600 0.008800
0.134400 0.238400 0.016800
0.292800 0.238400 0.011200
0.309600 0.238400 0.016800
0.336000 0.238400 0.012000
0.392000 0.238400 0.008800
0.468000 0.238400 0.013600
0.567200 0.238400 0.013600
0.355200 0.239200 0.011200
0.368800 0.239200 0.008800
0.405600 0.239200 0.019200
0.428800 0.239200 0.013600
0.448800 0.239200 0.012800
0.530400 0.239200 0.011200
0.597600 0.239200 0.005600
0.750400 0.239200 0.016800
0.773600 0.239200 0.011200
0.381600 0.240000 0.008000
0.413600 0.240000 0.016800
0.584800 0.240000 0.011200
0.608800 0.240000 0.016800
0.664800 0.240000 0.016800
0.694400 0.240000 0.016800
0.705600 0.240000 0.005600
0.734400 0.240000 0.011200
0.761600 0.240000 0.007200
0.790400 0.240000 0.011200
0.810400 0.240000 0.012000
0.832800 0.240000 0.012000
0.848800 0.240000 0.008800
0.860000 0.240000 0.016800
0.628000 0.240800 0.013600
0.647200 0.240800 0.012800
0.676000 0.240800 0.007200
0.687200 0.240800 0.016000
0.716000 0.240800 0.016800
0.756800 0.259200 0.008000
0.777600 0.260000 0.005600
0.788000 0.260000 0.007200
0.810400 0.260000 0.008800
0.767200 0.260800 0.007200
0.799200 0.260800 0.007200
0.683200 0.261600 0.008800
0.241600 0.266400 0.008000
0.189600 0.268000 0.008000
0.424000 0.277600 0.027200
0.362400 0.278400 0.008800
0.340000 0.279200 0.008800
0.373600 0.279200 0.016800
0.380000 0.279200 0.003200
0.402400 0.279200 0.014400
0.329600 0.280000 0.005600
0.352000 0.280000 0.007200
0.860800 0.280000 0.027200
0.220800 0.280800 0.028800
0.320800 0.280800 0.005600
0.384800 0.280800 0.016800
0.488000 0.280800 0.016800
0.577600 0.280800 0.018400
0.677600 0.280800 0.014400
0.230400 0.281600 0.027200
0.310400 0.281600 0.008800
0.446400 0.281600 0.013600
0.554400 0.281600 0.008800
0.564800 0.281600 0.007200
0.704000 0.281600 0.005600
0.716000 0.281600 0.026400
0.732000 0.281600 0.013600
0.166400 0.282400 0.013600
0.466400 0.282400 0.016000
0.504000 0.282400 0.024800
0.519200 0.282400 0.022400
0.695200 0.282400 0.005600
0.804000 0.282400 0.005600
0.184800 0.283200 0.011200
0.532000 0.283200 0.022400
0.547200 0.283200 0.024000
0.585600 0.283200 0.015200
0.602400 0.283200 0.011200
0.796800 0.283200 0.005600
0.824000 0.283200 0.015200
0.149600 0.284000 0.011200
0.202400 0.284000 0.013600
0.244800 0.284000 0.022400
0.288800 0.284000 0.016800
0.300000 0.284000 0.005600
0.619200 0.284000 0.016800
0.644800 0.284000 0.011200
0.663200 0.284000 0.013600
0.757600 0.284000 0.016800
0.779200 0.284000 0.014400
0.844000 0.284000 0.013600
0.134400 0.284800 0.024000
0.260800 0.284800 0.021600
0.272800 0.284800 0.011200
0.628800 0.284800 0.015200
0.684000 0.302400 0.015200
0.690400 0.302400 0.009600
0.580800 0.303200 0.011200
0.589600 0.303200 0.003200
0.609600 0.304000 0.008800
0.622400 0.304000 0.008000
0.635200 0.304000 0.008000
0.649600 0.304000 0.008800
0.660000 0.304000 0.008800
0.673600 0.304000 0.008000
0.804000 0.304000 0.008800
0.443200 0.304800 0.011200
0.596000 0.304800 0.005600
0.814400 0.304800 0.007200
0.825600 0.304800 0.008000
0.454400 0.305600 0.012800
0.839200 0.305600 0.008800
0.460800 0.306400 0.011200
0.472800 0.306400 0.008000
0.485600 0.306400 0.008800
0.566400 0.316000 0.008000
0.133600 0.325600 0.025600
0.233600 0.327200 0.005600
0.151200 0.328000 0.011200
0.174400 0.328000 0.016800
0.241600 0.328000 0.005600
0.272800 0.328000 0.008800
0.446400 0.328000 0.014400
0.800000 0.328000 0.016000
0.168000 0.328800 0.016800
0.191200 0.328800 0.011200
0.207200 0.328800 0.011200
0.249600 0.328800 0.005600
0.284000 0.328800 0.008800
0.330400 0.328800 0.005600
0.340000 0.328800 0.016800
0.401600 0.328800 0.010400
0.467200 0.328800 0.016000
0.473600 0.328800 0.016800
0.629600 0.328800 0.016800
0.775200 0.328800 0.013600
0.225600 0.329600 0.013600
0.260800 0.329600 0.008800
0.296000 0.329600 0.019200
0.417600 0.329600 0.012800
0.529600 0.329600 0.013600
0.620000 0.329600 0.016800
0.644800 0.329600 0.016800
0.824000 0.329600 0.008800
0.838400 0.329600 0.012800
0.315200 0.330400 0.012800
0.372800 0.330400 0.013600
0.381600 0.330400 0.005600
0.388800 0.330400 0.022400
0.492800 0.330400 0.012800
0.509600 0.330400 0.011200
0.579200 0.330400 0.011200
0.653600 0.330400 0.016800
0.669600 0.330400 0.013600
0.687200 0.330400 0.019200
0.711200 0.330400 0.011200
0.725600 0.330400 0.011200
0.812000 0.330400 0.005600
0.856800 0.330400 0.013600
0.357600 0.331200 0.013600
0.424800 0.331200 0.013600
0.547200 0.331200 0.011200
0.563200 0.331200 0.010400
0.595200 0.331200 0.008800
0.608000 0.331200 0.008000
0.696000 0.331200 0.022400
0.736000 0.331200 0.013600
0.754400 0.331200 0.010400
0.872800 0.331200 0.022400
0.732800 0.345600 0.005600
0.741600 0.346400 0.005600
0.752000 0.346400 0.006400
0.800800 0.346400 0.007200
0.761600 0.347200 0.005600
0.772800 0.347200 0.008000
0.783200 0.347200 0.005600
0.791200 0.347200 0.005600
0.848800 0.347200 0.008000
0.628800 0.348000 0.010400
0.813600 0.348000 0.008000
0.828000 0.348000 0.007200
0.837600 0.348000 0.005600
0.567200 0.348800 0.008800
0.580000 0.348800 0.005600
0.587200 0.348800 0.010400
0.592800 0.348800 0.004000
0.600800 0.348800 0.005600
0.610400 0.348800 0.005600
0.617600 0.348800 0.011200
0.411200 0.349600 0.008800
0.420800 0.349600 0.008800
0.435200 0.349600 0.008800
0.448800 0.350400 0.008000
0.461600 0.350400 0.008800
0.469600 0.350400 0.008800
0.649600 0.350400 0.008000
0.164800 0.352000 0.005600
0.172000 0.352000 0.005600
0.180000 0.352000 0.005600
0.156800 0.352800 0.011200
0.190400 0.352800 0.007200
0.204800 0.353600 0.008800
0.215200 0.354400 0.005600
0.222400 0.354400 0.011200
0.132000 0.357600 0.008800
0.344800 0.358400 0.007200
0.299200 0.359200 0.008800
0.745600 0.365600 0.016800
0.871200 0.365600 0.016800
0.727200 0.367200 0.003200
0.755200 0.367200 0.016000
0.776800 0.367200 0.013600
0.783200 0.367200 0.016800
0.849600 0.367200 0.012800
0.719200 0.368000 0.016800
0.732800 0.368000 0.003200
0.736800 0.368000 0.008000
0.798400 0.368000 0.011200
0.816800 0.368000 0.011200
0.832800 0.368000 0.011200
0.678400 0.368800 0.011200
0.695200 0.368800 0.011200
0.711200 0.368800 0.024000
0.956000 0.368800 0.014400
0.642400 0.369600 0.011200
0.945600 0.369600 0.015200
0.628800 0.370400 0.016800
0.660800 0.370400 0.011200
0.924800 0.370400 0.013600
0.938400 0.370400 0.016000
0.415200 0.371200 0.013600
0.572800 0.371200 0.011200
0.603200 0.371200 0.013600
0.620000 0.371200 0.005600
0.385600 0.372000 0.007200
0.456000 0.372000 0.011200
0.491200 0.372000 0.013600
0.530400 0.372000 0.022400
0.544800 0.372000 0.011200
0.588800 0.372000 0.011200
0.610400 0.372000 0.005600
0.140800 0.372800 0.019200
0.439200 0.372800 0.013600
0.472800 0.372800 0.011200
0.509600 0.372800 0.013600
0.557600 0.372800 0.011200
0.376800 0.373600 0.008800
0.396000 0.373600 0.008800
0.161600 0.374400 0.012800
0.180800 0.375200 0.013600
0.237600 0.375200 0.011200
0.316000 0.375200 0.016800
0.332800 0.375200 0.013600
0.353600 0.375200 0.016800
0.364000 0.375200 0.007200
0.221600 0.376000 0.011200
0.275200 0.376000 0.012800
0.293600 0.376000 0.011200
0.195200 0.376800 0.011200
0.256000 0.376800 0.013600
0.208000 0.378400 0.011200
0.940800 0.392800 0.016800
0.930400 0.393600 0.016800
0.186400 0.420800 0.008800
0.198400 0.420800 0.005600
0.155200 0.421600 0.026400
0.209600 0.421600 0.008800
0.220000 0.421600 0.018400
0.172800 0.423200 0.010400
