1807
1807
1807
1807
1807
1807
1807
1807
1807
1807
1807
1807
1807
1807
1807
1807
1807
1807
1807
1807
1807
1807
1806
1806
1806
1806
1806
1806
1802
1802
1804
1803
1804
1804
1804
1803
1804
1804
1804
1808
1808
1803
1803
1804
1808
1803
1803
1803
1803
1803
1803
1808
1773
1773
1773
1773
1773
1773
1773
1773
1773
1773
1773
1773
1773
1773
1773
1773
1773
1773
1773
1773
1773
1773
1773
1773
1773
1773
1773
1773
1773
1773
1773
1773
1773
1773
1773
1773
1773
1773
1773
1773
1773
1773
1773
1773
1773
1773
1773
1773
1773
1773
1773
1773
1773
1801
1801
1799
1800
1801
1801
1801
1801
1801
1801
1801
1801
1801
1799
1799
1799
1799
1800
1800
1800
1801
1801
1801
1801
1801
1799
1799
1799
1799
1799
1799
1799
1799
1800
1800
1800
1799
1799
1799
1799
1799
1799
1799
1799
1799
1799
1799
1799
1798
1773
1773
1773
1773
1773
1773
1773
1773
1773
1773
1773
1773
1773
1773
1773
1773
1773
1773
1773
1773
1773
1773
1773
1773
1773
1773
1773
1773
1773
1773
1773
1773
1773
1773
1773
1773
1773
1773
1773
1773
1773
1773
1773
1773
1773
1773
1773
1773
1773
1773
1773
1773
1773
1773
1773
1773
1797
1797
1795
1797
1797
1797
1797
1797
1797
1797
1794
1794
1797
1797
1797
1797
1797
1797
1797
1797
1796
1796
1796
1795
1795
1794
1794
1797
1796
1796
1773
1773
1773
1773
1773
1773
1773
1773
1773
1773
1773
1773
1773
1773
1773
1773
1773
1773
1773
1773
1773
1773
1773
1773
1773
1773
1773
1773
1773
1773
1773
1773
1773
1773
1773
1773
1773
1773
1773
1773
1773
1773
1773
1773
1773
1773
1773
1773
1773
1773
1773
1773
1773
1773
1792
1793
1793
1793
1793
1793
1793
1793
1792
1792
1793
1793
1793
1793
1792
1792
1792
1792
1792
1792
1792
1774
1774
1774
1774
1774
1774
1774
1774
1774
1774
1773
1773
1773
1773
1773
1773
1773
1773
1773
1773
1773
1773
1773
1773
1773
1773
1773
1773
1773
1773
1773
1773
1773
1773
1773
1773
1773
1773
1773
1773
1773
1773
1773
1773
1773
1773
1773
1773
1773
1773
1773
1773
1773
1773
1773
1773
1773
1773
1773
1773
1773
1773
1773
1773
1773
1774
1774
1774
1774
1774
1774
1774
1774
1774
1774
1774
1788
1788
1788
1788
1788
1788
1788
1788
1788
1788
1788
1774
1788
1788
1774
1774
1790
1790
1774
1790
1790
1787
1774
1774
1774
1774
1790
1789
1787
1787
1774
1774
1774
1774
1774
1789
1787
1787
1789
1789
1789
1791
1774
1773
1773
1773
1773
1773
1773
1773
1773
1773
1773
1773
1773
1773
1773
1773
1773
1773
1773
1773
1773
1773
1773
1773
1773
1773
1773
1773
1773
1773
1773
1773
1773
1773
1773
1773
1773
1773
1773
1773
1773
1773
1773
1773
1773
1773
1773
1773
1773
1773
1773
1775
1775
1773
1773
1773
1775
1773
1775
1775
1773
1775
1775
1775
1775
1775
1786
1786
1786
1786
1786
1786
1786
1786
1786
1786
1786
1786
1786
1785
1785
1785
1785
1785
1785
1786
1786
1786
1786
1786
1775
1785
1786
1775
1775
1775
1775
1785
1775
1775
1773
1773
1773
1773
1773
1773
1773
1773
1773
1773
1773
1773
1773
1773
1773
1773
1773
1773
1773
1773
1773
1773
1773
1773
1773
1773
1773
1773
1773
1773
1773
1773
1773
1773
1773
1773
1773
1773
1773
1773
1773
1773
1773
1773
1773
1773
1773
1773
1773
1773
1773
1773
1773
1773
1773
1784
1784
1784
1784
1784
1784
1784
1784
1784
1781
1781
1781
1781
1781
1781
1780
1781
1780
1780
1780
1780
1782
1782
1782
1782
1782
1783
1773
1773
1773
1773
1773
1773
1773
1773
1773
1773
1773
1773
1773
1773
1773
1773
1773
1773
1773
1773
1773
1773
1773
1773
1773
1773
1773
1773
1773
1773
1773
1773
1773
1773
1773
1773
1773
1773
1773
1773
1773
1773
1773
1773
1773
1773
1773
1773
1773
1773
1773
1773
1773
1773
1777
1779
1779
1779
1779
1779
1779
1779
1779
1779
1779
1779
1779
1779
1779
1779
1779
1779
1779
1779
1778
1778
1778
1778
1778
1773
1773
1773
1773
1773
1773
1773
1773
1773
1773
1773
1773
1773
1773
1773
1773
1773
1773
1773
1773
1773
1773
1773
1773
1773
1773
1773
1773
1773
1773
1773
1773
1773
1773
1773
1773
1773
1773
1773
1773
1773
1773
1773
1773
1773
1773
1773
1773
1773
1773
1773
1776
1776
1776
1776
1776
1776
1776
1776
1776
1776