0.195200 0.056800 0.019200
0.207200 0.056800 0.008800
0.221600 0.056800 0.022400
0.229600 0.056800 0.016800
0.156000 0.057600 0.030400
0.799200 0.057600 0.008800
0.813600 0.057600 0.022400
0.174400 0.058400 0.011200
0.786400 0.058400 0.011200
0.839200 0.066400 0.008800
0.850400 0.066400 0.008800
0.856800 0.066400 0.011200
0.861600 0.066400 0.003200
0.918400 0.066400 0.013600
0.923200 0.066400 0.008800
0.867200 0.067200 0.008800
0.877600 0.067200 0.008800
0.889600 0.067200 0.008800
0.900800 0.067200 0.008000
0.910400 0.067200 0.011200
0.932800 0.067200 0.012800
0.883200 0.068000 0.003200
0.316800 0.083200 0.008800
0.296000 0.084000 0.005600
0.305600 0.084000 0.007200
0.287200 0.084800 0.007200
0.685600 0.084800 0.011200
0.656800 0.085600 0.007200
0.674400 0.085600 0.005600
0.627200 0.086400 0.008000
0.645600 0.086400 0.005600
0.666400 0.086400 0.005600
0.636800 0.087200 0.005600
0.771200 0.088000 0.008000
0.789600 0.088000 0.012000
0.781600 0.088800 0.007200
0.557600 0.104800 0.022400
0.608800 0.104800 0.008800
0.622400 0.104800 0.008800
0.314400 0.105600 0.016800
0.402400 0.105600 0.005600
0.599200 0.105600 0.008800
0.224000 0.106400 0.011200
0.368000 0.106400 0.008800
0.444000 0.106400 0.013600
0.463200 0.106400 0.016800
0.634400 0.106400 0.007200
0.760800 0.106400 0.013600
0.184000 0.107200 0.008800
0.335200 0.107200 0.009600
0.349600 0.107200 0.013600
0.488000 0.107200 0.012800
0.544000 0.107200 0.011200
0.721600 0.107200 0.016800
0.743200 0.107200 0.013600
0.169600 0.108000 0.008800
0.196000 0.108000 0.008800
0.210400 0.108000 0.011200
0.286400 0.108000 0.011200
0.301600 0.108000 0.008800
0.321600 0.108000 0.021600
0.378400 0.108000 0.021600
0.391200 0.108000 0.011200
0.426400 0.108000 0.013600
0.504800 0.108000 0.011200
0.519200 0.108000 0.019200
0.526400 0.108000 0.016800
0.580000 0.108000 0.014400
0.642400 0.108000 0.013600
0.657600 0.108000 0.008800
0.780000 0.108000 0.011200
0.792800 0.108000 0.008800
0.807200 0.108000 0.013600
0.836800 0.108000 0.005600
0.844000 0.108000 0.013600
0.383200 0.108800 0.003200
0.410400 0.108800 0.013600
0.472000 0.108800 0.005600
0.826400 0.108800 0.008800
0.143200 0.109600 0.013600
0.157600 0.109600 0.008800
0.271200 0.109600 0.011200
0.669600 0.109600 0.008800
0.683200 0.109600 0.011200
0.699200 0.109600 0.016800
0.708000 0.109600 0.024800
0.240800 0.110400 0.011200
0.256800 0.110400 0.008800
0.503200 0.129600 0.007200
0.512000 0.130400 0.011200
0.140800 0.144000 0.019200
0.161600 0.145600 0.013600
0.177600 0.146400 0.011200
0.190400 0.147200 0.011200
0.493600 0.147200 0.007200
0.204800 0.148000 0.008800
0.233600 0.148000 0.005600
0.241600 0.148000 0.005600
0.252000 0.148000 0.008800
0.300000 0.148000 0.011200
0.333600 0.148000 0.019200
0.344000 0.148000 0.011200
0.358400 0.148000 0.007200
0.369600 0.148000 0.017600
0.564000 0.148000 0.011200
0.579200 0.148000 0.008800
0.836000 0.148000 0.019200
0.841600 0.148000 0.016000
0.222400 0.148800 0.015200
0.349600 0.148800 0.005600
0.376000 0.148800 0.013600
0.421600 0.148800 0.005600
0.428000 0.148800 0.005600
0.450400 0.148800 0.020800
0.466400 0.148800 0.011200
0.480800 0.148800 0.011200
0.506400 0.148800 0.011200
0.520800 0.148800 0.008800
0.535200 0.148800 0.011200
0.548000 0.148800 0.011200
0.636800 0.148800 0.008800
0.649600 0.148800 0.007200
0.734400 0.148800 0.019200
0.749600 0.148800 0.011200
0.266400 0.149600 0.011200
0.282400 0.149600 0.011200
0.315200 0.149600 0.011200
0.394400 0.149600 0.012800
0.412000 0.149600 0.013600
0.602400 0.149600 0.011200
0.613600 0.149600 0.005600
0.623200 0.149600 0.008800
0.658400 0.149600 0.004800
0.776800 0.149600 0.005600
0.787200 0.149600 0.016000
0.804000 0.149600 0.011200
0.320800 0.150400 0.016800
0.589600 0.150400 0.005600
0.665600 0.150400 0.005600
0.723200 0.150400 0.008800
0.764800 0.150400 0.011200
0.820800 0.150400 0.011200
0.678400 0.151200 0.011200
0.708800 0.151200 0.011200
0.693600 0.152000 0.011200
0.742400 0.152000 0.004800
0.241600 0.164800 0.008800
0.224000 0.165600 0.007200
0.232800 0.165600 0.005600
0.828800 0.169600 0.008800
0.840000 0.169600 0.008800
0.664800 0.170400 0.005600
0.673600 0.170400 0.008800
0.812800 0.170400 0.008800
0.211200 0.171200 0.007200
0.638400 0.171200 0.007200
0.648000 0.171200 0.005600
0.656800 0.171200 0.005600
0.705600 0.171200 0.008800
0.711200 0.171200 0.008800
0.716000 0.171200 0.011200
0.723200 0.171200 0.005600
0.777600 0.171200 0.007200
0.785600 0.171200 0.005600
0.794400 0.171200 0.005600
0.805600 0.171200 0.008800
0.697600 0.172000 0.008800
0.731200 0.172000 0.005600
0.738400 0.172000 0.012800
0.748000 0.172000 0.007200
0.757600 0.172000 0.006400
0.767200 0.172000 0.005600
0.801600 0.172000 0.008800
0.312800 0.186400 0.026400
0.161600 0.188000 0.014400
0.184000 0.188000 0.011200
0.248800 0.188000 0.019200
0.323200 0.188000 0.005600
0.206400 0.188800 0.013600
0.221600 0.188800 0.011200
0.265600 0.188800 0.011200
0.296800 0.188800 0.011200
0.352800 0.188800 0.005600
0.395200 0.188800 0.026400
0.140800 0.189600 0.013600
0.197600 0.189600 0.005600
0.279200 0.189600 0.011200
0.379200 0.189600 0.011200
0.405600 0.189600 0.024800
0.521600 0.189600 0.013600
0.332800 0.190400 0.016800
0.343200 0.190400 0.007200
0.364000 0.190400 0.008800
0.644000 0.190400 0.012800
0.421600 0.191200 0.011200
0.445600 0.191200 0.016800
0.462400 0.191200 0.011200
0.478400 0.191200 0.011200
0.500800 0.191200 0.016800
0.539200 0.191200 0.012800
0.577600 0.191200 0.011200
0.592000 0.191200 0.005600
0.599200 0.191200 0.005600
0.627200 0.191200 0.011200
0.768000 0.191200 0.013600
0.436000 0.192000 0.007200
0.558400 0.192000 0.012800
0.610400 0.192000 0.015200
0.663200 0.192000 0.011200
0.677600 0.192000 0.019200
0.686400 0.192000 0.016000
0.704800 0.192000 0.011200
0.722400 0.192000 0.011200
0.740000 0.192800 0.011200
0.754400 0.192800 0.008800
0.784000 0.192800 0.016800
0.799200 0.192800 0.019200
0.827200 0.193600 0.011200
0.841600 0.194400 0.019200
0.809600 0.195200 0.016800
0.167200 0.207200 0.003200
0.200000 0.207200 0.005600
0.130400 0.208000 0.007200
0.160000 0.208000 0.005600
0.172800 0.208000 0.008800
0.195200 0.208000 0.008000
0.207200 0.208000 0.005600
0.140800 0.208800 0.007200
0.151200 0.208800 0.007200
0.180800 0.208800 0.008800
0.718400 0.211200 0.008000
0.728800 0.212000 0.007200
0.736800 0.212000 0.005600
0.744800 0.212800 0.010400
0.199200 0.216800 0.004800
0.758400 0.219200 0.007200
0.148000 0.228000 0.019200
0.160000 0.228000 0.008800
0.188000 0.228000 0.016000
0.244000 0.228000 0.012800
0.287200 0.228000 0.008800
0.138400 0.228800 0.015200
0.176000 0.228800 0.005600
0.225600 0.228800 0.011200
0.274400 0.228800 0.008800
0.299200 0.228800 0.008000
0.313600 0.228800 0.012800
0.169600 0.229600 0.003200
0.193600 0.229600 0.013600
0.209600 0.229600 0.011200
0.261600 0.229600 0.010400
0.336000 0.229600 0.010400
0.424000 0.229600 0.008800
0.464800 0.229600 0.008800
0.253600 0.230400 0.004800
0.351200 0.230400 0.008800
0.378400 0.230400 0.011200
0.412000 0.230400 0.007200
0.438400 0.230400 0.013600
0.447200 0.230400 0.004800
0.363200 0.231200 0.011200
0.389600 0.231200 0.004800
0.399200 0.231200 0.008800
0.455200 0.231200 0.005600
0.480000 0.231200 0.011200
0.501600 0.232000 0.016800
0.633600 0.232000 0.018400
0.520000 0.232800 0.013600
0.532800 0.232800 0.026400
0.551200 0.232800 0.023200
0.668000 0.232800 0.016800
0.686400 0.232800 0.016800
0.540800 0.233600 0.019200
0.566400 0.233600 0.030400
0.577600 0.233600 0.005600
0.650400 0.233600 0.011200
0.695200 0.233600 0.005600
0.706400 0.233600 0.008800
0.723200 0.233600 0.011200
0.740000 0.233600 0.011200
0.756000 0.233600 0.013600
0.775200 0.233600 0.015200
0.588000 0.234400 0.016000
0.782400 0.234400 0.022400
0.608800 0.235200 0.013600
0.796000 0.235200 0.011200
0.812000 0.235200 0.008800
0.849600 0.235200 0.012800
0.832800 0.236000 0.007200
0.841600 0.236000 0.004800
0.824000 0.236800 0.005600
0.264800 0.242400 0.007200
0.272800 0.243200 0.005600
0.245600 0.244000 0.005600
0.254400 0.244000 0.005600
0.283200 0.244000 0.006400
0.292800 0.244000 0.005600
0.300000 0.244800 0.005600
0.312000 0.245600 0.005600
0.330400 0.245600 0.004800
0.338400 0.245600 0.005600
0.321600 0.246400 0.005600
0.347200 0.246400 0.005600
0.354400 0.246400 0.005600
0.380800 0.246400 0.005600
0.390400 0.246400 0.005600
0.363200 0.247200 0.004800
0.372000 0.247200 0.005600
0.399200 0.247200 0.005600
0.406400 0.248000 0.005600
0.314400 0.256000 0.005600
0.323200 0.256000 0.005600
0.331200 0.256800 0.005600
0.340000 0.256800 0.005600
0.348800 0.256800 0.005600
0.356800 0.256800 0.004800
0.242400 0.257600 0.005600
0.290400 0.257600 0.005600
0.299200 0.257600 0.005600
0.366400 0.257600 0.005600
0.373600 0.257600 0.005600
0.414400 0.257600 0.007200
0.252000 0.258400 0.005600
0.260000 0.258400 0.005600
0.268000 0.258400 0.004800
0.275200 0.258400 0.005600
0.283200 0.258400 0.004800
0.384000 0.258400 0.005600
0.405600 0.258400 0.005600
0.393600 0.259200 0.007200
0.233600 0.260000 0.004800
0.625600 0.262400 0.012000
0.633600 0.262400 0.012000
0.140800 0.272000 0.028000
0.233600 0.272000 0.012800
0.160000 0.272800 0.013600
0.340000 0.272800 0.011200
0.447200 0.272800 0.016800
0.210400 0.273600 0.018400
0.218400 0.273600 0.004800
0.253600 0.273600 0.011200
0.268000 0.273600 0.005600
0.276800 0.273600 0.012800
0.289600 0.273600 0.008800
0.312800 0.273600 0.008800
0.323200 0.273600 0.011200
0.367200 0.273600 0.011200
0.199200 0.274400 0.008800
0.224000 0.274400 0.011200
0.303200 0.274400 0.008800
0.351200 0.274400 0.013600
0.384800 0.274400 0.011200
0.401600 0.274400 0.012000
0.425600 0.274400 0.013600
0.176000 0.275200 0.011200
0.468000 0.275200 0.011200
0.870400 0.275200 0.011200
0.878400 0.275200 0.014400
0.888000 0.275200 0.007200
0.899200 0.275200 0.008800
0.486400 0.276000 0.013600
0.912800 0.276000 0.005600
0.189600 0.276800 0.022400
0.920800 0.276800 0.005600
0.929600 0.276800 0.005600
0.936800 0.276800 0.005600
0.945600 0.276800 0.008800
0.595200 0.277600 0.013600
0.616000 0.277600 0.015200
0.506400 0.278400 0.012800
0.558400 0.278400 0.015200
0.577600 0.278400 0.011200
0.524000 0.279200 0.013600
0.960000 0.279200 0.012000
0.626400 0.280000 0.005600
0.635200 0.280000 0.005600
0.540000 0.280800 0.013600
0.642400 0.280800 0.020000
0.653600 0.280800 0.008800
0.666400 0.280800 0.008800
0.682400 0.280800 0.011200
0.700800 0.281600 0.012800
0.759200 0.281600 0.012800
0.778400 0.281600 0.011200
0.840000 0.281600 0.028800
0.796000 0.282400 0.027200
0.720000 0.283200 0.013600
0.740800 0.283200 0.013600
0.807200 0.283200 0.005600
0.822400 0.283200 0.012800
0.258400 0.299200 0.012800
0.212000 0.300000 0.012800
0.220000 0.300000 0.012800
0.249600 0.300800 0.008800
0.683200 0.302400 0.007200
0.692000 0.302400 0.008800
0.712800 0.302400 0.007200
0.604000 0.303200 0.010400
0.704000 0.303200 0.013600
0.386400 0.304000 0.007200
0.396000 0.304000 0.005600
0.403200 0.304000 0.005600
0.410400 0.304000 0.010400
0.528000 0.304000 0.008800
0.537600 0.304000 0.011200
0.589600 0.304000 0.009600
0.595200 0.304000 0.013600
0.136800 0.316800 0.024000
0.148800 0.317600 0.026400
0.180000 0.317600 0.008800
0.194400 0.317600 0.013600
0.156800 0.318400 0.005600
0.167200 0.318400 0.008800
0.212800 0.318400 0.011200
0.342400 0.318400 0.022400
0.125600 0.319200 0.018400
0.230400 0.319200 0.013600
0.248800 0.319200 0.011200
0.268800 0.319200 0.013600
0.286400 0.319200 0.011200
0.300800 0.319200 0.008800
0.311200 0.320000 0.022400
0.327200 0.320000 0.022400
0.369600 0.320000 0.016800
0.393600 0.321600 0.012800
0.521600 0.321600 0.016800
0.413600 0.322400 0.011200
0.474400 0.322400 0.016800
0.495200 0.322400 0.013600
0.552000 0.322400 0.013600
0.612800 0.322400 0.009600
0.628000 0.322400 0.011200
0.645600 0.322400 0.014400
0.510400 0.323200 0.008800
0.532000 0.323200 0.015200
0.596800 0.323200 0.013600
0.654400 0.323200 0.005600
0.432000 0.324000 0.013600
0.451200 0.324000 0.013600
0.574400 0.324000 0.013600
0.664800 0.324000 0.008800
0.684000 0.324000 0.013600
0.717600 0.324000 0.016800
0.745600 0.324000 0.016800
0.700800 0.324800 0.011200
0.735200 0.324800 0.005600
0.781600 0.326400 0.011200
0.800000 0.326400 0.012800
0.858400 0.326400 0.008800
0.767200 0.327200 0.027200
0.836800 0.327200 0.016000
0.847200 0.327200 0.005600
0.817600 0.328000 0.016800
0.828000 0.328000 0.004800
0.365600 0.345600 0.007200
0.376800 0.345600 0.005600
0.385600 0.345600 0.005600
0.393600 0.345600 0.003200
0.592000 0.345600 0.007200
0.399200 0.346400 0.008800
0.408000 0.346400 0.005600
0.415200 0.346400 0.003200
0.420800 0.346400 0.008800
0.575200 0.346400 0.012000
0.584000 0.346400 0.005600
0.431200 0.347200 0.005600
0.622400 0.347200 0.007200
0.642400 0.347200 0.008800
0.439200 0.348000 0.012000
0.601600 0.348000 0.005600
0.610400 0.348000 0.007200
0.632800 0.348000 0.007200
0.140800 0.360000 0.016800
0.160800 0.360800 0.011200
0.180800 0.361600 0.013600
0.200000 0.361600 0.013600
0.217600 0.363200 0.008800
0.231200 0.363200 0.008800
0.278400 0.364000 0.018400
0.246400 0.364800 0.024800
0.265600 0.364800 0.019200
0.320000 0.364800 0.016800
0.340800 0.364800 0.015200
0.380800 0.364800 0.005600
0.392800 0.364800 0.011200
0.256000 0.365600 0.019200
0.288000 0.365600 0.005600
0.298400 0.365600 0.016000
0.369600 0.365600 0.015200
0.410400 0.365600 0.012000
0.432000 0.365600 0.011200
0.447200 0.365600 0.016800
0.456800 0.365600 0.017600
0.480800 0.365600 0.016800
0.519200 0.365600 0.011200
0.307200 0.366400 0.016800
0.502400 0.366400 0.013600
0.465600 0.367200 0.019200
0.533600 0.367200 0.011200
0.655200 0.368000 0.005600
0.841600 0.368000 0.022400
0.571200 0.368800 0.011200
0.681600 0.368800 0.016800
0.812000 0.368800 0.016000
0.554400 0.369600 0.013600
0.584000 0.369600 0.008800
0.614400 0.369600 0.013600
0.664800 0.369600 0.005600
0.711200 0.369600 0.008800
0.724800 0.369600 0.013600
0.792000 0.369600 0.005600
0.800800 0.369600 0.005600
0.828000 0.369600 0.008800
0.597600 0.370400 0.019200
0.630400 0.370400 0.011200
0.644000 0.370400 0.008800
0.672800 0.370400 0.005600
0.692000 0.370400 0.015200
0.701600 0.370400 0.005600
0.781600 0.370400 0.008800
0.686400 0.371200 0.012000
0.758400 0.371200 0.008800
0.769600 0.371200 0.008800
0.743200 0.372000 0.008800
0.363200 0.388800 0.012800
0.499200 0.388800 0.005600
0.372000 0.389600 0.005600
0.380000 0.389600 0.005600
0.388800 0.389600 0.005600
0.395200 0.389600 0.011200
0.424000 0.389600 0.007200
0.493600 0.389600 0.004800
0.508000 0.389600 0.005600
0.516800 0.389600 0.005600
0.406400 0.390400 0.014400
0.414400 0.390400 0.007200
0.433600 0.390400 0.005600
0.442400 0.390400 0.005600
0.483200 0.390400 0.008800
0.487200 0.390400 0.003200
0.524800 0.390400 0.011200
0.543200 0.390400 0.011200
0.466400 0.391200 0.005600
0.475200 0.391200 0.005600
0.536800 0.391200 0.011200
0.450400 0.392000 0.005600
0.458400 0.392000 0.005600
0.526400 0.409600 0.011200
0.535200 0.409600 0.011200
0.549600 0.409600 0.005600
0.556800 0.409600 0.005600
0.564000 0.409600 0.003200
0.491200 0.410400 0.013600
0.500000 0.410400 0.011200
0.512800 0.410400 0.011200
0.521600 0.410400 0.013600
0.542400 0.410400 0.005600
0.568800 0.410400 0.003200
0.588800 0.410400 0.005600
0.596000 0.410400 0.013600
0.574400 0.411200 0.003200
0.580800 0.411200 0.005600
0.604800 0.411200 0.008000
0.615200 0.412000 0.007200
0.654400 0.412000 0.013600
0.660800 0.412000 0.011200
0.666400 0.412000 0.013600
0.675200 0.412000 0.011200
0.681600 0.412000 0.005600
0.688800 0.412000 0.005600
0.699200 0.412000 0.003200
0.626400 0.412800 0.007200
0.636800 0.412800 0.005600
0.644800 0.412800 0.012800
0.704800 0.412800 0.008000
0.715200 0.414400 0.008800
