0.134400 0.020800 0.012800
0.169600 0.020800 0.008800
0.180800 0.020800 0.008800
0.153600 0.021600 0.008800
0.194400 0.021600 0.008800
0.203200 0.021600 0.013600
0.878400 0.028800 0.011200
0.863200 0.029600 0.011200
0.184800 0.036000 0.008000
0.136800 0.036800 0.005600
0.172000 0.036800 0.008000
0.116000 0.037600 0.008800
0.126400 0.037600 0.007200
0.159200 0.037600 0.007200
0.148000 0.038400 0.008000
0.199200 0.038400 0.008000
0.210400 0.039200 0.007200
0.220000 0.039200 0.005600
0.231200 0.039200 0.007200
0.243200 0.040000 0.007200
0.256800 0.040000 0.008000
0.270400 0.040000 0.008800
0.282400 0.040800 0.008000
0.295200 0.040800 0.007200
0.306400 0.040800 0.007200
0.316800 0.040800 0.007200
0.328000 0.040800 0.007200
0.339200 0.041600 0.007200
0.352000 0.041600 0.008000
0.363200 0.041600 0.007200
0.376000 0.042400 0.008800
0.392800 0.042400 0.005600
0.401600 0.042400 0.005600
0.434400 0.042400 0.008800
0.384800 0.043200 0.005600
0.409600 0.043200 0.005600
0.420800 0.043200 0.008000
0.445600 0.043200 0.007200
0.457600 0.043200 0.008000
0.470400 0.043200 0.008800
0.481600 0.043200 0.007200
0.560000 0.043200 0.008000
0.494400 0.044000 0.007200
0.503200 0.044000 0.011200
0.508800 0.044000 0.008800
0.520000 0.044000 0.008000
0.535200 0.044000 0.008800
0.548000 0.044000 0.008000
0.571200 0.044000 0.008000
0.583200 0.044800 0.008000
0.617600 0.045600 0.007200
0.628000 0.045600 0.007200
0.685600 0.045600 0.018400
0.739200 0.045600 0.008800
0.775200 0.045600 0.008800
0.596000 0.046400 0.008000
0.640000 0.046400 0.008800
0.652000 0.046400 0.007200
0.662400 0.046400 0.006400
0.672000 0.046400 0.019200
0.696000 0.046400 0.007200
0.708800 0.046400 0.008800
0.718400 0.046400 0.008800
0.728000 0.046400 0.016800
0.752800 0.046400 0.008800
0.764000 0.046400 0.008800
0.786400 0.046400 0.013600
0.804800 0.046400 0.008800
0.844800 0.046400 0.011200
0.606400 0.047200 0.007200
0.793600 0.047200 0.016800
0.814400 0.047200 0.011200
0.820800 0.047200 0.004800
0.828800 0.047200 0.010400
0.858400 0.048000 0.008800
0.872000 0.048000 0.008800
0.885600 0.048000 0.008800
0.900800 0.048000 0.009600
0.943200 0.049600 0.011200
0.912800 0.050400 0.008800
0.927200 0.050400 0.009600
0.118400 0.053600 0.010400
0.143200 0.053600 0.007200
0.130400 0.054400 0.008800
0.152000 0.054400 0.005600
0.158400 0.054400 0.005600
0.170400 0.054400 0.008800
0.196000 0.054400 0.008800
0.208000 0.054400 0.008800
0.220800 0.054400 0.008000
0.233600 0.054400 0.008800
0.248800 0.054400 0.008800
0.257600 0.054400 0.011200
0.181600 0.055200 0.008800
0.272000 0.056000 0.008000
0.284000 0.056000 0.008800
0.302400 0.056800 0.008000
0.315200 0.056800 0.008800
0.323200 0.056800 0.005600
0.332800 0.056800 0.008000
0.348800 0.056800 0.008800
0.363200 0.056800 0.008800
0.376000 0.057600 0.007200
0.390400 0.057600 0.008800
0.404800 0.057600 0.008000
0.453600 0.057600 0.011200
0.459200 0.058400 0.009600
0.484000 0.058400 0.008000
0.496000 0.058400 0.008000
0.532000 0.058400 0.008800
0.416800 0.059200 0.007200
0.427200 0.059200 0.007200
0.439200 0.059200 0.010400
0.446400 0.059200 0.011200
0.471200 0.059200 0.008000
0.506400 0.059200 0.007200
0.517600 0.059200 0.007200
0.541600 0.059200 0.007200
0.552800 0.060000 0.007200
0.584000 0.060000 0.005600
0.590400 0.060000 0.004800
0.562400 0.060800 0.007200
0.573600 0.060800 0.007200
0.601600 0.060800 0.008000
0.816800 0.064800 0.007200
0.826400 0.065600 0.008800
0.273600 0.072000 0.008000
0.288800 0.072000 0.008800
0.300000 0.072000 0.007200
0.311200 0.072800 0.006400
0.332000 0.072800 0.008800
0.345600 0.072800 0.008800
0.354400 0.073600 0.008800
0.321600 0.074400 0.007200
0.359200 0.074400 0.008800
0.366400 0.074400 0.008800
0.371200 0.075200 0.008000
0.375200 0.075200 0.008800
0.380800 0.075200 0.008000
0.751200 0.075200 0.008800
0.762400 0.075200 0.011200
0.801600 0.075200 0.008800
0.813600 0.075200 0.007200
0.575200 0.076800 0.008000
0.588000 0.076800 0.007200
0.780800 0.076800 0.008800
0.790400 0.076800 0.008000
0.824800 0.076800 0.008000
0.562400 0.077600 0.008000
0.599200 0.077600 0.007200
0.614400 0.077600 0.008800
0.626400 0.077600 0.007200
0.638400 0.077600 0.007200
0.663200 0.078400 0.008800
0.689600 0.078400 0.008800
0.649600 0.079200 0.008000
0.677600 0.079200 0.008800
0.120800 0.087200 0.013600
0.164000 0.087200 0.008800
0.150400 0.088000 0.009600
0.176000 0.088000 0.005600
0.184800 0.088000 0.015200
0.211200 0.088000 0.016800
0.137600 0.088800 0.012800
0.231200 0.088800 0.012800
0.199200 0.089600 0.008800
0.264800 0.090400 0.011200
0.297600 0.090400 0.013600
0.221600 0.091200 0.015200
0.248000 0.091200 0.011200
0.309600 0.091200 0.008800
0.362400 0.091200 0.012800
0.280000 0.092000 0.008800
0.288800 0.092000 0.014400
0.325600 0.092000 0.010400
0.342400 0.092000 0.008800
0.378400 0.092000 0.008800
0.536000 0.092000 0.004800
0.544800 0.092000 0.016000
0.553600 0.092000 0.013600
0.353600 0.092800 0.005600
0.408800 0.092800 0.016800
0.418400 0.092800 0.005600
0.431200 0.092800 0.009600
0.526400 0.092800 0.015200
0.043200 0.093600 0.021600
0.392800 0.093600 0.011200
0.480800 0.093600 0.012800
0.497600 0.093600 0.013600
0.600800 0.093600 0.011200
0.616800 0.093600 0.011200
0.508000 0.094400 0.008800
0.517600 0.094400 0.015200
0.570400 0.094400 0.010400
0.583200 0.094400 0.012800
0.461600 0.095200 0.011200
0.592000 0.095200 0.005600
0.636000 0.095200 0.010400
0.652800 0.095200 0.012800
0.712000 0.095200 0.016800
0.445600 0.096000 0.011200
0.704000 0.096000 0.013600
0.734400 0.096000 0.013600
0.688800 0.096800 0.011200
0.718400 0.096800 0.024800
0.772800 0.096800 0.013600
0.752000 0.097600 0.016000
0.673600 0.098400 0.011200
0.760000 0.098400 0.016800
0.792800 0.098400 0.011200
0.814400 0.098400 0.012800
0.832800 0.099200 0.013600
0.865600 0.100800 0.015200
0.136000 0.108000 0.008800
0.151200 0.108800 0.008800
0.206400 0.108800 0.008000
0.163200 0.109600 0.008800
0.178400 0.109600 0.008800
0.220000 0.109600 0.008000
0.232800 0.109600 0.010400
0.240800 0.109600 0.003200
0.195200 0.110400 0.008000
0.247200 0.110400 0.005600
0.256800 0.110400 0.008000
0.543200 0.112800 0.008000
0.553600 0.112800 0.005600
0.573600 0.112800 0.007200
0.586400 0.112800 0.008800
0.467200 0.113600 0.008800
0.561600 0.113600 0.005600
0.593600 0.113600 0.005600
0.454400 0.114400 0.008000
0.480800 0.114400 0.005600
0.513600 0.114400 0.008800
0.528800 0.114400 0.008000
0.490400 0.115200 0.007200
0.502400 0.115200 0.007200
0.824000 0.119200 0.008800
0.870400 0.119200 0.008800
0.772800 0.120000 0.008800
0.836800 0.120000 0.008000
0.848800 0.120000 0.007200
0.859200 0.120000 0.007200
0.782400 0.120800 0.005600
0.792000 0.120800 0.007200
0.804800 0.120800 0.008800
0.043200 0.122400 0.016800
0.127200 0.127200 0.016000
0.149600 0.128800 0.011200
0.166400 0.128800 0.011200
0.184800 0.128800 0.012000
0.340800 0.128800 0.008800
0.419200 0.129600 0.005600
0.491200 0.129600 0.005600
0.204800 0.130400 0.012800
0.311200 0.130400 0.013600
0.327200 0.130400 0.011200
0.350400 0.130400 0.020800
0.364000 0.130400 0.008800
0.385600 0.130400 0.016000
0.408800 0.130400 0.016800
0.480800 0.130400 0.011200
0.226400 0.131200 0.013600
0.248000 0.131200 0.013600
0.375200 0.131200 0.005600
0.511200 0.131200 0.008800
0.540800 0.131200 0.012000
0.268800 0.132000 0.013600
0.393600 0.132000 0.013600
0.426400 0.132000 0.012800
0.444000 0.132000 0.013600
0.463200 0.132000 0.011200
0.499200 0.132000 0.011200
0.560800 0.132000 0.012800
0.288800 0.132800 0.013600
0.524800 0.132800 0.008800
0.579200 0.132800 0.015200
0.590400 0.133600 0.005600
0.601600 0.133600 0.016800
0.620800 0.133600 0.013600
0.637600 0.134400 0.011200
0.651200 0.134400 0.022400
0.660800 0.134400 0.019200
0.741600 0.135200 0.012000
0.750400 0.135200 0.003200
0.671200 0.136000 0.024800
0.704800 0.136000 0.016800
0.727200 0.136000 0.013600
0.688000 0.136800 0.013600
0.757600 0.136800 0.005600
0.767200 0.136800 0.005600
0.814400 0.136800 0.012000
0.776000 0.137600 0.011200
0.792800 0.138400 0.011200
0.836800 0.138400 0.011200
0.854400 0.138400 0.008800
0.874400 0.138400 0.012800
0.867200 0.139200 0.013600
0.366400 0.151200 0.007200
0.402400 0.151200 0.005600
0.413600 0.151200 0.008000
0.427200 0.151200 0.010400
0.376000 0.152000 0.006400
0.385600 0.152000 0.005600
0.392000 0.152000 0.008800
0.443200 0.152000 0.007200
0.452800 0.152000 0.006400
0.464800 0.152800 0.008000
0.513600 0.153600 0.008800
0.524000 0.153600 0.011200
0.529600 0.153600 0.010400
0.553600 0.153600 0.011200
0.934400 0.153600 0.008800
0.541600 0.154400 0.008000
0.560800 0.154400 0.005600
0.835200 0.154400 0.005600
0.844800 0.154400 0.007200
0.569600 0.155200 0.008800
0.742400 0.155200 0.007200
0.768800 0.155200 0.008800
0.856000 0.155200 0.007200
0.874400 0.155200 0.006400
0.885600 0.155200 0.007200
0.910400 0.155200 0.008800
0.922400 0.155200 0.008000
0.945600 0.155200 0.008800
0.958400 0.155200 0.010400
0.732800 0.156000 0.005600
0.756800 0.156000 0.008800
0.776000 0.156000 0.008800
0.787200 0.156000 0.007200
0.864800 0.156000 0.005600
0.894400 0.156000 0.013600
0.901600 0.156000 0.004800
0.716800 0.156800 0.008800
0.726400 0.156800 0.011200
0.800000 0.156800 0.008000
0.812800 0.156800 0.008800
0.581600 0.157600 0.008000
0.147200 0.163200 0.016800
0.123200 0.164800 0.015200
0.592800 0.164800 0.007200
0.171200 0.165600 0.011200
0.207200 0.165600 0.011200
0.188800 0.167200 0.011200
0.228800 0.168000 0.016000
0.246400 0.168000 0.011200
0.308000 0.168000 0.016800
0.299200 0.168800 0.019200
0.348800 0.168800 0.008800
0.365600 0.168800 0.012800
0.384000 0.168800 0.012000
0.263200 0.169600 0.011200
0.284800 0.169600 0.019200
0.328800 0.170400 0.007200
0.402400 0.170400 0.011200
0.416800 0.170400 0.010400
0.320800 0.171200 0.004000
0.336800 0.171200 0.005600
0.432800 0.171200 0.008800
0.480000 0.171200 0.014400
0.315200 0.172000 0.003200
0.444800 0.172000 0.008800
0.455200 0.172000 0.016800
0.460800 0.172000 0.013600
0.470400 0.172000 0.004800
0.497600 0.172000 0.023200
0.508800 0.173600 0.008800
0.525600 0.174400 0.013600
0.546400 0.174400 0.016000
0.660800 0.174400 0.013600
0.556800 0.175200 0.005600
0.570400 0.175200 0.011200
0.603200 0.175200 0.026400
0.640800 0.175200 0.013600
0.678400 0.175200 0.015200
0.686400 0.175200 0.016000
0.711200 0.175200 0.015200
0.588000 0.176000 0.008800
0.620800 0.176000 0.013600
0.696800 0.176000 0.005600
0.740000 0.176000 0.013600
0.756000 0.176000 0.011200
0.770400 0.176000 0.008800
0.780000 0.176800 0.013600
0.825600 0.176800 0.013600
0.872000 0.176800 0.018400
0.800000 0.177600 0.013600
0.863200 0.178400 0.019200
0.844000 0.179200 0.012000
0.106400 0.184800 0.014400
0.168800 0.184800 0.008000
0.180800 0.184800 0.007200
0.194400 0.184800 0.008000
0.116000 0.185600 0.008800
0.128800 0.185600 0.008800
0.154400 0.185600 0.008800
0.144000 0.186400 0.007200
0.206400 0.187200 0.008800
0.215200 0.187200 0.005600
0.585600 0.190400 0.011200
0.357600 0.191200 0.005600
0.368800 0.191200 0.008000
0.326400 0.192000 0.008000
0.336000 0.192000 0.007200
0.346400 0.192000 0.007200
0.380800 0.192000 0.007200
0.392000 0.192000 0.008000
0.403200 0.192000 0.007200
0.412800 0.192000 0.008800
0.734400 0.195200 0.008000
0.749600 0.195200 0.009600
0.765600 0.195200 0.007200
0.780000 0.195200 0.010400
0.788000 0.195200 0.005600
0.682400 0.196000 0.008800
0.694400 0.196000 0.008800
0.709600 0.196000 0.007200
0.722400 0.196000 0.007200
0.170400 0.204800 0.015200
0.144000 0.205600 0.016000
0.152000 0.205600 0.016800
0.126400 0.206400 0.013600
0.190400 0.206400 0.005600
0.295200 0.206400 0.007200
0.238400 0.207200 0.008800
0.264800 0.207200 0.013600
0.285600 0.207200 0.008800
0.199200 0.208000 0.007200
0.228800 0.208000 0.016800
0.250400 0.208000 0.008800
0.274400 0.208000 0.005600
0.304800 0.208000 0.008800
0.318400 0.208000 0.012000
0.213600 0.208800 0.011200
0.338400 0.208800 0.009600
0.353600 0.208800 0.010400
0.367200 0.208800 0.008800
0.381600 0.208800 0.012000
0.399200 0.209600 0.008800
0.414400 0.210400 0.011200
0.512000 0.210400 0.013600
0.446400 0.211200 0.024800
0.465600 0.211200 0.016800
0.430400 0.212000 0.011200
0.455200 0.212000 0.005600
0.481600 0.212000 0.011200
0.495200 0.212000 0.008800
0.541600 0.212000 0.005600
0.627200 0.212000 0.016800
0.532800 0.212800 0.015200
0.551200 0.212800 0.008800
0.584000 0.212800 0.011200
0.635200 0.212800 0.013600
0.566400 0.213600 0.011200
0.603200 0.213600 0.013600
0.659200 0.214400 0.016000
0.669600 0.214400 0.008800
0.684000 0.214400 0.012800
0.702400 0.214400 0.012800
0.708800 0.215200 0.013600
0.716800 0.215200 0.005600
0.776800 0.216000 0.008800
0.728000 0.216800 0.013600
0.789600 0.216800 0.007200
0.762400 0.218400 0.011200
0.744800 0.219200 0.011200
0.801600 0.220000 0.008800
0.816000 0.220000 0.020800
0.821600 0.220000 0.013600
0.876000 0.220000 0.024800
0.844000 0.221600 0.011200
0.859200 0.221600 0.011200
0.256800 0.225600 0.006400
0.266400 0.225600 0.007200
0.271200 0.225600 0.009600
0.285600 0.225600 0.008800
0.236000 0.226400 0.007200
0.246400 0.226400 0.006400
0.276800 0.226400 0.005600
0.298400 0.226400 0.005600
0.308000 0.226400 0.008800
0.639200 0.234400 0.007200
0.649600 0.234400 0.007200
0.660800 0.234400 0.007200
0.668800 0.234400 0.005600
0.676800 0.234400 0.005600
0.628000 0.235200 0.007200
0.685600 0.235200 0.005600
0.693600 0.235200 0.005600
0.701600 0.235200 0.008800
0.599200 0.236000 0.008800
0.617600 0.236800 0.007200
0.608800 0.237600 0.005600
0.156000 0.240000 0.011200
0.168800 0.240800 0.007200
0.124000 0.241600 0.024800
0.180000 0.241600 0.016800
0.140000 0.242400 0.011200
0.198400 0.243200 0.016000
0.207200 0.243200 0.020800
0.260000 0.243200 0.012800
0.189600 0.244000 0.005600
0.236800 0.244000 0.013600
0.275200 0.244000 0.005600
0.287200 0.244000 0.016000
0.218400 0.244800 0.016800
0.224000 0.245600 0.013600
0.352800 0.245600 0.022400
0.366400 0.245600 0.011200
0.299200 0.246400 0.005600
0.382400 0.246400 0.011200
0.396800 0.246400 0.022400
0.315200 0.247200 0.019200
0.407200 0.247200 0.008800
0.420000 0.248000 0.011200
0.571200 0.248000 0.019200
0.333600 0.248800 0.026400
0.506400 0.248800 0.011200
0.433600 0.249600 0.020800
0.444000 0.249600 0.019200
0.458400 0.249600 0.011200
0.473600 0.249600 0.005600
0.524800 0.249600 0.013600
0.557600 0.249600 0.008800
0.533600 0.250400 0.005600
0.544000 0.250400 0.008800
0.485600 0.252000 0.016800
0.581600 0.252000 0.007200
0.595200 0.253600 0.011200
0.636000 0.254400 0.013600
0.693600 0.254400 0.016800
0.645600 0.255200 0.005600
0.657600 0.255200 0.016000
0.702400 0.255200 0.015200
0.616000 0.256000 0.011200
0.681600 0.256000 0.016800
0.716000 0.256000 0.011200
0.730400 0.256000 0.007200
0.758400 0.256800 0.011200
0.772800 0.256800 0.011200
0.787200 0.256800 0.023200
0.803200 0.256800 0.013600
0.816800 0.256800 0.016800
0.837600 0.256800 0.008800
0.765600 0.257600 0.003200
0.780000 0.257600 0.005600
0.741600 0.258400 0.008800
0.823200 0.258400 0.016800
0.848000 0.258400 0.005600
0.864800 0.260800 0.021600
0.516800 0.272000 0.012800
0.569600 0.272000 0.005600
0.576000 0.272800 0.010400
0.588800 0.272800 0.008800
0.525600 0.273600 0.005600
0.537600 0.273600 0.008000
0.560000 0.273600 0.007200
0.598400 0.273600 0.005600
0.549600 0.274400 0.007200
0.606400 0.274400 0.005600
0.615200 0.275200 0.005600
0.627200 0.275200 0.008800
0.621600 0.276000 0.010400
0.139200 0.284800 0.005600
0.127200 0.285600 0.016800
0.168000 0.287200 0.008800
0.146400 0.288000 0.003200
0.158400 0.288000 0.011200
0.194400 0.288000 0.012000
0.233600 0.288000 0.012800
0.152000 0.288800 0.004800
0.180000 0.288800 0.007200
0.252000 0.288800 0.013600
0.337600 0.288800 0.019200
0.214400 0.289600 0.011200
0.271200 0.289600 0.011200
0.286400 0.289600 0.011200
0.313600 0.289600 0.020000
0.356000 0.289600 0.013600
0.493600 0.289600 0.016800
0.326400 0.290400 0.008800
0.373600 0.290400 0.016800
0.396000 0.290400 0.011200
0.469600 0.290400 0.011200
0.303200 0.291200 0.016800
0.383200 0.291200 0.005600
0.484800 0.291200 0.016800
0.508800 0.291200 0.011200
0.410400 0.292000 0.007200
0.420800 0.292000 0.022400
0.436000 0.292000 0.010400
0.552000 0.292000 0.013600
0.450400 0.292800 0.012800
0.520800 0.292800 0.008800
0.535200 0.293600 0.011200
0.572800 0.293600 0.013600
0.726400 0.293600 0.008800
0.737600 0.293600 0.005600
0.560800 0.294400 0.016800
0.583200 0.294400 0.013600
0.588800 0.294400 0.011200
0.596800 0.294400 0.004000
0.604000 0.294400 0.005600
0.655200 0.294400 0.016000
0.616000 0.295200 0.010400
0.632000 0.295200 0.010400
0.647200 0.295200 0.013600
0.712000 0.295200 0.011200
0.672000 0.296000 0.012800
0.694400 0.296000 0.011200
0.748000 0.296000 0.016800
0.765600 0.298400 0.008800
0.782400 0.299200 0.024800
0.805600 0.300000 0.008800
0.819200 0.300000 0.009600
0.834400 0.300000 0.008800
0.851200 0.300800 0.010400
0.876000 0.300800 0.008800
0.795200 0.301600 0.006400
0.844800 0.301600 0.004800
0.863200 0.301600 0.008800
0.164000 0.304000 0.008800
0.134400 0.304800 0.008000
0.148800 0.304800 0.009600
0.176000 0.304800 0.007200
0.188800 0.304800 0.007200
0.200000 0.306400 0.007200
0.214400 0.307200 0.008000
0.592800 0.309600 0.008800
0.503200 0.310400 0.008000
0.448000 0.311200 0.007200
0.458400 0.311200 0.007200
0.468800 0.311200 0.005600
0.478400 0.311200 0.006400
0.489600 0.311200 0.007200
0.513600 0.311200 0.007200
0.524800 0.311200 0.008000
0.538400 0.311200 0.007200
0.604000 0.311200 0.004800
0.611200 0.312000 0.006400
0.623200 0.312000 0.007200
0.548800 0.312800 0.008800
0.631200 0.312800 0.003200
0.640800 0.312800 0.007200
0.649600 0.312800 0.008000
0.672800 0.312800 0.005600
0.679200 0.312800 0.005600
0.692800 0.312800 0.008800
0.663200 0.313600 0.007200
0.705600 0.313600 0.007200
0.813600 0.315200 0.006400
0.825600 0.316000 0.007200
0.838400 0.316000 0.008000
0.852000 0.316000 0.007200
0.874400 0.316000 0.007200
0.864000 0.316800 0.006400
0.887200 0.316800 0.008800
0.900800 0.316800 0.008800
0.915200 0.317600 0.011200
0.141600 0.324000 0.008800
0.319200 0.324000 0.021600
0.334400 0.324000 0.019200
0.343200 0.324000 0.021600
0.130400 0.324800 0.016800
0.158400 0.324800 0.012800
0.176800 0.324800 0.013600
0.278400 0.324800 0.008800
0.310400 0.324800 0.019200
0.200800 0.325600 0.011200
0.216800 0.325600 0.011200
0.294400 0.325600 0.011200
0.357600 0.325600 0.011200
0.386400 0.325600 0.008800
0.420000 0.325600 0.013600
0.265600 0.326400 0.011200
0.372000 0.326400 0.011200
0.404000 0.326400 0.011200
0.231200 0.327200 0.011200
0.246400 0.327200 0.013600
0.435200 0.328000 0.005600
0.452000 0.328800 0.012800
0.468800 0.329600 0.008800
0.482400 0.330400 0.015200
0.490400 0.330400 0.015200
0.502400 0.330400 0.015200
0.540800 0.330400 0.012800
0.582400 0.330400 0.016000
0.590400 0.330400 0.022400
0.524800 0.331200 0.011200
0.562400 0.331200 0.011200
0.576000 0.331200 0.021600
0.509600 0.332000 0.013600
0.604800 0.332000 0.011200
0.633600 0.332000 0.008000
0.704800 0.332000 0.011200
0.620800 0.332800 0.011200
0.644800 0.332800 0.008800
0.682400 0.332800 0.013600
0.721600 0.332800 0.011200
0.662400 0.334400 0.012000
0.737600 0.334400 0.024800
0.765600 0.335200 0.005600
0.776000 0.335200 0.007200
0.784800 0.335200 0.005600
0.791200 0.335200 0.004000
0.747200 0.336000 0.005600
0.799200 0.336000 0.012000
0.870400 0.336000 0.013600
0.815200 0.336800 0.013600
0.834400 0.336800 0.011200
0.852000 0.336800 0.013600
0.754400 0.337600 0.016800
0.880000 0.337600 0.016000
0.884000 0.337600 0.013600
0.188800 0.397600 0.007200
0.179200 0.398400 0.006400
0.223200 0.399200 0.016000
0.201600 0.400000 0.008800
0.213600 0.400800 0.008800
