246.000000 41.000000 19.000000
271.000000 43.000000 14.000000
293.000000 43.000000 11.000000
309.000000 43.000000 11.000000
327.000000 43.000000 11.000000
339.000000 43.000000 19.000000
1075.000000 48.000000 7.000000
1085.000000 49.000000 21.000000
1102.000000 49.000000 14.000000
169.000000 63.000000 21.000000
182.000000 64.000000 11.000000
222.000000 64.000000 18.000000
209.000000 65.000000 7.000000
232.000000 66.000000 7.000000
241.000000 66.000000 7.000000
251.000000 66.000000 7.000000
259.000000 66.000000 13.000000
267.000000 66.000000 14.000000
330.000000 66.000000 14.000000
340.000000 66.000000 14.000000
193.000000 67.000000 21.000000
201.000000 67.000000 4.000000
274.000000 67.000000 11.000000
288.000000 67.000000 9.000000
311.000000 67.000000 17.000000
318.000000 67.000000 14.000000
346.000000 67.000000 11.000000
371.000000 67.000000 9.000000
384.000000 67.000000 21.000000
499.000000 67.000000 17.000000
300.000000 68.000000 7.000000
359.000000 68.000000 11.000000
392.000000 68.000000 7.000000
401.000000 68.000000 13.000000
437.000000 68.000000 4.000000
460.000000 68.000000 21.000000
418.000000 69.000000 17.000000
430.000000 69.000000 11.000000
445.000000 69.000000 11.000000
472.000000 69.000000 19.000000
480.000000 69.000000 17.000000
487.000000 69.000000 11.000000
493.000000 69.000000 4.000000
509.000000 69.000000 7.000000
520.000000 69.000000 17.000000
737.000000 69.000000 11.000000
750.000000 69.000000 9.000000
782.000000 69.000000 14.000000
800.000000 69.000000 11.000000
825.000000 69.000000 23.000000
842.000000 69.000000 11.000000
528.000000 70.000000 7.000000
537.000000 70.000000 7.000000
580.000000 70.000000 13.000000
659.000000 70.000000 24.000000
672.000000 70.000000 9.000000
687.000000 70.000000 10.000000
706.000000 70.000000 12.000000
762.000000 70.000000 21.000000
813.000000 70.000000 9.000000
855.000000 70.000000 20.000000
919.000000 70.000000 24.000000
987.000000 70.000000 14.000000
548.000000 71.000000 16.000000
554.000000 71.000000 21.000000
565.000000 71.000000 9.000000
590.000000 71.000000 11.000000
605.000000 71.000000 8.000000
651.000000 71.000000 17.000000
721.000000 71.000000 11.000000
890.000000 71.000000 9.000000
906.000000 71.000000 11.000000
925.000000 71.000000 14.000000
938.000000 71.000000 11.000000
952.000000 71.000000 20.000000
993.000000 71.000000 14.000000
1003.000000 71.000000 7.000000
866.000000 72.000000 6.000000
876.000000 72.000000 17.000000
962.000000 72.000000 20.000000
974.000000 72.000000 17.000000
1012.000000 72.000000 7.000000
1023.000000 72.000000 17.000000
618.000000 73.000000 19.000000
626.000000 73.000000 17.000000
640.000000 73.000000 8.000000
1035.000000 73.000000 17.000000
1042.000000 73.000000 12.000000
1060.000000 73.000000 14.000000
1074.000000 73.000000 10.000000
1087.000000 74.000000 11.000000
1094.000000 74.000000 11.000000
1081.000000 75.000000 4.000000
274.000000 107.000000 11.000000
285.000000 107.000000 7.000000
296.000000 107.000000 7.000000
512.000000 107.000000 19.000000
309.000000 108.000000 9.000000
525.000000 108.000000 9.000000
536.000000 108.000000 7.000000
575.000000 108.000000 4.000000
625.000000 108.000000 7.000000
641.000000 108.000000 11.000000
322.000000 109.000000 9.000000
334.000000 109.000000 9.000000
543.000000 109.000000 14.000000
555.000000 109.000000 16.000000
562.000000 109.000000 14.000000
583.000000 109.000000 7.000000
611.000000 109.000000 11.000000
348.000000 110.000000 11.000000
594.000000 110.000000 9.000000
922.000000 110.000000 11.000000
891.000000 111.000000 11.000000
905.000000 111.000000 11.000000
936.000000 111.000000 9.000000
1030.000000 111.000000 7.000000
1041.000000 111.000000 17.000000
948.000000 112.000000 7.000000
959.000000 112.000000 7.000000
983.000000 112.000000 11.000000
995.000000 112.000000 7.000000
1007.000000 112.000000 9.000000
1018.000000 112.000000 7.000000
261.000000 113.000000 7.000000
969.000000 113.000000 11.000000
264.000000 121.000000 4.000000
450.000000 132.000000 21.000000
873.000000 132.000000 8.000000
249.000000 133.000000 38.000000
440.000000 133.000000 30.000000
195.000000 134.000000 17.000000
274.000000 135.000000 14.000000
299.000000 135.000000 17.000000
318.000000 135.000000 14.000000
342.000000 135.000000 17.000000
223.000000 136.000000 17.000000
373.000000 136.000000 11.000000
171.000000 137.000000 21.000000
358.000000 137.000000 9.000000
391.000000 137.000000 14.000000
407.000000 138.000000 21.000000
419.000000 138.000000 20.000000
479.000000 138.000000 14.000000
569.000000 138.000000 21.000000
427.000000 139.000000 32.000000
495.000000 139.000000 11.000000
522.000000 139.000000 17.000000
546.000000 139.000000 16.000000
768.000000 139.000000 19.000000
463.000000 140.000000 7.000000
509.000000 140.000000 7.000000
609.000000 140.000000 17.000000
835.000000 140.000000 17.000000
590.000000 141.000000 17.000000
634.000000 141.000000 14.000000
671.000000 141.000000 28.000000
683.000000 141.000000 20.000000
695.000000 141.000000 7.000000
712.000000 141.000000 14.000000
733.000000 141.000000 17.000000
822.000000 141.000000 6.000000
889.000000 141.000000 14.000000
656.000000 142.000000 24.000000
855.000000 142.000000 16.000000
904.000000 142.000000 11.000000
793.000000 143.000000 12.000000
811.000000 143.000000 11.000000
918.000000 143.000000 14.000000
939.000000 143.000000 14.000000
963.000000 144.000000 14.000000
1008.000000 144.000000 14.000000
987.000000 145.000000 14.000000
1025.000000 145.000000 11.000000
1044.000000 145.000000 14.000000
1067.000000 145.000000 14.000000
1056.000000 146.000000 6.000000
1086.000000 146.000000 14.000000
871.000000 162.000000 6.000000
879.000000 162.000000 7.000000
936.000000 162.000000 11.000000
943.000000 162.000000 7.000000
976.000000 162.000000 9.000000
364.000000 163.000000 11.000000
417.000000 163.000000 11.000000
496.000000 163.000000 11.000000
509.000000 163.000000 14.000000
516.000000 163.000000 14.000000
735.000000 163.000000 5.000000
744.000000 163.000000 7.000000
755.000000 163.000000 7.000000
768.000000 163.000000 10.000000
774.000000 163.000000 7.000000
785.000000 163.000000 8.000000
799.000000 163.000000 8.000000
811.000000 163.000000 7.000000
889.000000 163.000000 7.000000
900.000000 163.000000 7.000000
911.000000 163.000000 7.000000
922.000000 163.000000 8.000000
377.000000 164.000000 11.000000
409.000000 164.000000 11.000000
825.000000 164.000000 11.000000
834.000000 164.000000 7.000000
848.000000 164.000000 9.000000
861.000000 164.000000 8.000000
957.000000 164.000000 10.000000
964.000000 164.000000 6.000000
989.000000 164.000000 8.000000
392.000000 165.000000 10.000000
528.000000 165.000000 7.000000
1003.000000 165.000000 7.000000
1019.000000 165.000000 7.000000
1031.000000 165.000000 7.000000
1044.000000 165.000000 7.000000
1059.000000 165.000000 10.000000
541.000000 166.000000 9.000000
1012.000000 166.000000 5.000000
1071.000000 166.000000 7.000000
1081.000000 166.000000 7.000000
568.000000 167.000000 11.000000
1092.000000 167.000000 9.000000
555.000000 168.000000 11.000000
563.000000 168.000000 4.000000
577.000000 168.000000 7.000000
588.000000 168.000000 11.000000
1012.000000 178.000000 7.000000
741.000000 179.000000 11.000000
747.000000 179.000000 10.000000
761.000000 179.000000 9.000000
773.000000 179.000000 8.000000
824.000000 179.000000 7.000000
867.000000 179.000000 8.000000
1021.000000 179.000000 7.000000
786.000000 180.000000 7.000000
798.000000 180.000000 7.000000
854.000000 180.000000 8.000000
880.000000 180.000000 9.000000
914.000000 180.000000 10.000000
927.000000 180.000000 8.000000
944.000000 180.000000 10.000000
971.000000 180.000000 9.000000
985.000000 180.000000 7.000000
996.000000 180.000000 7.000000
1027.000000 180.000000 7.000000
1037.000000 180.000000 7.000000
1053.000000 180.000000 9.000000
809.000000 181.000000 9.000000
836.000000 181.000000 7.000000
897.000000 181.000000 11.000000
958.000000 181.000000 7.000000
1066.000000 181.000000 8.000000
1080.000000 181.000000 8.000000
1093.000000 182.000000 7.000000
1109.000000 182.000000 10.000000
1125.000000 182.000000 10.000000
1141.000000 182.000000 9.000000
1178.000000 182.000000 13.000000
1153.000000 183.000000 7.000000
1164.000000 183.000000 7.000000
1188.000000 183.000000 6.000000
1224.000000 183.000000 17.000000
1202.000000 184.000000 11.000000
1214.000000 184.000000 7.000000
474.000000 185.000000 17.000000
177.000000 186.000000 34.000000
315.000000 186.000000 7.000000
201.000000 187.000000 17.000000
230.000000 188.000000 17.000000
258.000000 188.000000 17.000000
276.000000 188.000000 11.000000
447.000000 188.000000 36.000000
293.000000 189.000000 11.000000
306.000000 189.000000 7.000000
370.000000 189.000000 21.000000
427.000000 189.000000 16.000000
396.000000 190.000000 11.000000
408.000000 190.000000 7.000000
327.000000 191.000000 9.000000
341.000000 191.000000 9.000000
499.000000 191.000000 16.000000
352.000000 192.000000 21.000000
358.000000 193.000000 4.000000
524.000000 194.000000 14.000000
542.000000 194.000000 11.000000
567.000000 194.000000 18.000000
600.000000 194.000000 11.000000
614.000000 194.000000 7.000000
634.000000 194.000000 6.000000
695.000000 194.000000 17.000000
557.000000 195.000000 7.000000
581.000000 195.000000 21.000000
624.000000 195.000000 7.000000
718.000000 195.000000 21.000000
729.000000 195.000000 22.000000
643.000000 196.000000 7.000000
656.000000 196.000000 18.000000
676.000000 196.000000 11.000000
776.000000 197.000000 12.000000
796.000000 197.000000 11.000000
840.000000 197.000000 11.000000
757.000000 198.000000 10.000000
861.000000 198.000000 12.000000
880.000000 198.000000 10.000000
937.000000 198.000000 14.000000
965.000000 198.000000 13.000000
1021.000000 198.000000 14.000000
1123.000000 198.000000 11.000000
742.000000 199.000000 9.000000
813.000000 199.000000 10.000000
891.000000 199.000000 14.000000
988.000000 199.000000 14.000000
1138.000000 199.000000 10.000000
1153.000000 199.000000 7.000000
1164.000000 199.000000 11.000000
826.000000 200.000000 11.000000
902.000000 200.000000 6.000000
1043.000000 200.000000 14.000000
1179.000000 200.000000 11.000000
911.000000 202.000000 6.000000
918.000000 202.000000 12.000000
1066.000000 202.000000 15.000000
1096.000000 202.000000 15.000000
838.000000 219.000000 9.000000
771.000000 220.000000 11.000000
787.000000 220.000000 10.000000
814.000000 220.000000 9.000000
827.000000 220.000000 7.000000
854.000000 220.000000 10.000000
868.000000 220.000000 9.000000
881.000000 220.000000 7.000000
801.000000 221.000000 11.000000
893.000000 221.000000 7.000000
927.000000 221.000000 7.000000
938.000000 221.000000 7.000000
904.000000 222.000000 7.000000
915.000000 222.000000 7.000000
950.000000 223.000000 9.000000
976.000000 223.000000 7.000000
985.000000 223.000000 7.000000
994.000000 223.000000 12.000000
965.000000 224.000000 11.000000
235.000000 237.000000 14.000000
292.000000 237.000000 11.000000
172.000000 238.000000 26.000000
206.000000 239.000000 24.000000
216.000000 239.000000 21.000000
260.000000 239.000000 14.000000
277.000000 239.000000 9.000000
306.000000 239.000000 11.000000
493.000000 239.000000 11.000000
190.000000 240.000000 11.000000
318.000000 240.000000 21.000000
344.000000 241.000000 24.000000
359.000000 241.000000 11.000000
443.000000 241.000000 14.000000
463.000000 241.000000 11.000000
510.000000 241.000000 14.000000
386.000000 242.000000 11.000000
478.000000 242.000000 11.000000
530.000000 242.000000 14.000000
550.000000 242.000000 14.000000
371.000000 243.000000 7.000000
398.000000 243.000000 7.000000
409.000000 243.000000 27.000000
425.000000 243.000000 14.000000
570.000000 243.000000 14.000000
842.000000 243.000000 14.000000
592.000000 244.000000 16.000000
827.000000 244.000000 11.000000
615.000000 245.000000 14.000000
778.000000 245.000000 17.000000
787.000000 245.000000 17.000000
812.000000 245.000000 14.000000
866.000000 245.000000 14.000000
634.000000 246.000000 11.000000
665.000000 246.000000 14.000000
970.000000 246.000000 14.000000
647.000000 247.000000 7.000000
688.000000 247.000000 14.000000
725.000000 247.000000 17.000000
759.000000 247.000000 19.000000
890.000000 247.000000 14.000000
909.000000 247.000000 14.000000
931.000000 247.000000 14.000000
954.000000 247.000000 14.000000
707.000000 248.000000 11.000000
737.000000 248.000000 6.000000
746.000000 248.000000 17.000000
766.000000 248.000000 17.000000
988.000000 248.000000 17.000000
1011.000000 249.000000 17.000000
1033.000000 250.000000 21.000000
1045.000000 250.000000 24.000000
1061.000000 252.000000 11.000000
1081.000000 253.000000 15.000000
722.000000 268.000000 9.000000
684.000000 269.000000 9.000000
696.000000 270.000000 7.000000
708.000000 270.000000 8.000000
911.000000 271.000000 12.000000
919.000000 271.000000 7.000000
930.000000 271.000000 7.000000
953.000000 271.000000 9.000000
941.000000 272.000000 7.000000
965.000000 272.000000 10.000000
1055.000000 273.000000 11.000000
1070.000000 274.000000 11.000000
1079.000000 275.000000 7.000000
1092.000000 275.000000 10.000000
221.000000 282.000000 7.000000
171.000000 286.000000 27.000000
208.000000 286.000000 24.000000
237.000000 287.000000 21.000000
185.000000 288.000000 34.000000
260.000000 288.000000 17.000000
1044.000000 288.000000 8.000000
408.000000 289.000000 23.000000
283.000000 290.000000 14.000000
335.000000 290.000000 19.000000
359.000000 290.000000 17.000000
422.000000 290.000000 11.000000
304.000000 291.000000 16.000000
381.000000 291.000000 34.000000
451.000000 291.000000 27.000000
468.000000 292.000000 27.000000
598.000000 292.000000 23.000000
716.000000 292.000000 7.000000
395.000000 293.000000 34.000000
500.000000 293.000000 31.000000
520.000000 293.000000 14.000000
545.000000 293.000000 17.000000
584.000000 293.000000 11.000000
654.000000 293.000000 17.000000
707.000000 293.000000 17.000000
437.000000 294.000000 11.000000
485.000000 294.000000 28.000000
566.000000 294.000000 14.000000
697.000000 294.000000 7.000000
743.000000 294.000000 31.000000
816.000000 294.000000 24.000000
682.000000 295.000000 21.000000
734.000000 295.000000 22.000000
783.000000 295.000000 14.000000
830.000000 295.000000 26.000000
624.000000 296.000000 22.000000
636.000000 296.000000 30.000000
848.000000 296.000000 11.000000
909.000000 296.000000 7.000000
608.000000 297.000000 7.000000
761.000000 297.000000 34.000000
802.000000 297.000000 11.000000
881.000000 297.000000 17.000000
922.000000 297.000000 11.000000
963.000000 297.000000 10.000000
983.000000 297.000000 28.000000
900.000000 298.000000 7.000000
975.000000 298.000000 6.000000
998.000000 298.000000 21.000000
865.000000 299.000000 14.000000
936.000000 299.000000 7.000000
948.000000 299.000000 11.000000
1026.000000 299.000000 28.000000
1069.000000 301.000000 21.000000
332.000000 316.000000 12.000000
302.000000 317.000000 11.000000
312.000000 317.000000 11.000000
565.000000 320.000000 11.000000
400.000000 321.000000 11.000000
579.000000 321.000000 10.000000
597.000000 321.000000 10.000000
807.000000 321.000000 11.000000
416.000000 322.000000 11.000000
610.000000 322.000000 11.000000
822.000000 322.000000 11.000000
876.000000 322.000000 10.000000
890.000000 322.000000 9.000000
901.000000 323.000000 16.000000
907.000000 323.000000 11.000000
171.000000 339.000000 19.000000
200.000000 340.000000 17.000000
276.000000 341.000000 17.000000
221.000000 342.000000 24.000000
255.000000 342.000000 17.000000
358.000000 342.000000 31.000000
231.000000 343.000000 21.000000
301.000000 343.000000 17.000000
328.000000 343.000000 20.000000
339.000000 343.000000 31.000000
381.000000 343.000000 24.000000
856.000000 343.000000 7.000000
396.000000 345.000000 11.000000
411.000000 345.000000 11.000000
428.000000 345.000000 14.000000
678.000000 346.000000 17.000000
750.000000 346.000000 15.000000
967.000000 346.000000 31.000000
449.000000 347.000000 21.000000
460.000000 347.000000 24.000000
475.000000 347.000000 17.000000
509.000000 347.000000 7.000000
633.000000 347.000000 16.000000
699.000000 347.000000 31.000000
732.000000 347.000000 7.000000
779.000000 347.000000 17.000000
800.000000 348.000000 19.000000
814.000000 348.000000 6.000000
824.000000 348.000000 7.000000
839.000000 348.000000 14.000000
869.000000 348.000000 7.000000
883.000000 348.000000 11.000000
948.000000 348.000000 16.000000
496.000000 349.000000 18.000000
547.000000 349.000000 9.000000
561.000000 349.000000 11.000000
590.000000 349.000000 17.000000
906.000000 349.000000 15.000000
532.000000 350.000000 11.000000
658.000000 350.000000 17.000000
716.000000 350.000000 24.000000
928.000000 350.000000 14.000000
577.000000 351.000000 21.000000
613.000000 351.000000 17.000000
993.000000 351.000000 17.000000
518.000000 352.000000 7.000000
1036.000000 352.000000 17.000000
1013.000000 353.000000 14.000000
1079.000000 353.000000 7.000000
1059.000000 354.000000 17.000000
1088.000000 354.000000 24.000000
187.000000 365.000000 11.000000
156.000000 367.000000 12.000000
164.000000 367.000000 7.000000
172.000000 367.000000 12.000000
296.000000 370.000000 14.000000
286.000000 371.000000 11.000000
483.000000 371.000000 13.000000
535.000000 371.000000 9.000000
563.000000 371.000000 10.000000
596.000000 371.000000 10.000000
609.000000 371.000000 9.000000
463.000000 372.000000 11.000000
473.000000 372.000000 7.000000
547.000000 372.000000 9.000000
742.000000 373.000000 8.000000
756.000000 373.000000 11.000000
718.000000 374.000000 9.000000
730.000000 374.000000 9.000000
937.000000 384.000000 9.000000
218.000000 389.000000 28.000000
236.000000 389.000000 28.000000
166.000000 390.000000 17.000000
205.000000 390.000000 31.000000
188.000000 391.000000 17.000000
265.000000 392.000000 21.000000
384.000000 393.000000 14.000000
406.000000 393.000000 17.000000
512.000000 393.000000 14.000000
251.000000 394.000000 11.000000
317.000000 394.000000 17.000000
340.000000 394.000000 16.000000
363.000000 394.000000 14.000000
617.000000 394.000000 14.000000
292.000000 395.000000 16.000000
496.000000 396.000000 14.000000
532.000000 396.000000 14.000000
565.000000 396.000000 7.000000
578.000000 396.000000 24.000000
636.000000 396.000000 11.000000
683.000000 396.000000 14.000000
700.000000 396.000000 11.000000
441.000000 397.000000 10.000000
472.000000 397.000000 15.000000
551.000000 397.000000 11.000000
595.000000 397.000000 11.000000
660.000000 397.000000 17.000000
718.000000 397.000000 14.000000
426.000000 398.000000 11.000000
748.000000 398.000000 17.000000
454.000000 399.000000 9.000000
769.000000 399.000000 20.000000
828.000000 399.000000 16.000000
783.000000 400.000000 11.000000
850.000000 400.000000 14.000000
802.000000 401.000000 16.000000
874.000000 402.000000 16.000000
941.000000 402.000000 21.000000
906.000000 403.000000 17.000000
930.000000 403.000000 28.000000
965.000000 403.000000 17.000000
988.000000 406.000000 17.000000
1014.000000 406.000000 14.000000
1072.000000 406.000000 24.000000
1038.000000 407.000000 14.000000
1053.000000 407.000000 14.000000
405.000000 421.000000 7.000000
415.000000 421.000000 7.000000
424.000000 421.000000 7.000000
394.000000 422.000000 11.000000
436.000000 422.000000 7.000000
447.000000 422.000000 7.000000
720.000000 422.000000 9.000000
736.000000 422.000000 10.000000
464.000000 423.000000 12.000000
476.000000 423.000000 14.000000
752.000000 423.000000 8.000000
457.000000 424.000000 7.000000
765.000000 424.000000 9.000000
865.000000 424.000000 7.000000
778.000000 425.000000 8.000000
788.000000 425.000000 7.000000
800.000000 425.000000 11.000000
843.000000 425.000000 7.000000
854.000000 425.000000 7.000000
821.000000 426.000000 11.000000
833.000000 426.000000 7.000000
877.000000 427.000000 7.000000
888.000000 427.000000 11.000000
661.000000 428.000000 11.000000
898.000000 428.000000 7.000000
633.000000 429.000000 10.000000
646.000000 429.000000 11.000000
907.000000 429.000000 12.000000
594.000000 430.000000 12.000000
996.000000 430.000000 10.000000
1034.000000 430.000000 9.000000
1009.000000 431.000000 9.000000
1021.000000 431.000000 7.000000
1051.000000 431.000000 12.000000
1068.000000 432.000000 11.000000
979.000000 434.000000 14.000000
969.000000 435.000000 15.000000
353.000000 436.000000 14.000000
170.000000 442.000000 33.000000
214.000000 442.000000 17.000000
192.000000 443.000000 14.000000
235.000000 443.000000 31.000000
257.000000 445.000000 20.000000
269.000000 445.000000 27.000000
351.000000 445.000000 31.000000
250.000000 446.000000 27.000000
284.000000 447.000000 11.000000
301.000000 447.000000 11.000000
341.000000 447.000000 31.000000
444.000000 447.000000 17.000000
758.000000 447.000000 10.000000
319.000000 449.000000 28.000000
423.000000 449.000000 14.000000
492.000000 449.000000 17.000000
351.000000 450.000000 21.000000
403.000000 450.000000 11.000000
471.000000 450.000000 14.000000
517.000000 450.000000 19.000000
374.000000 451.000000 21.000000
386.000000 451.000000 11.000000
530.000000 451.000000 5.000000
624.000000 451.000000 21.000000
544.000000 452.000000 21.000000
670.000000 452.000000 17.000000
571.000000 453.000000 17.000000
593.000000 453.000000 14.000000
613.000000 453.000000 24.000000
644.000000 453.000000 17.000000
708.000000 453.000000 14.000000
690.000000 454.000000 14.000000
857.000000 455.000000 21.000000
726.000000 456.000000 14.000000
872.000000 456.000000 27.000000
788.000000 457.000000 21.000000
813.000000 457.000000 14.000000
887.000000 457.000000 21.000000
745.000000 458.000000 11.000000
834.000000 458.000000 14.000000
1011.000000 458.000000 14.000000
910.000000 459.000000 24.000000
925.000000 459.000000 11.000000
942.000000 459.000000 14.000000
959.000000 459.000000 7.000000
1030.000000 459.000000 11.000000
759.000000 460.000000 10.000000
993.000000 460.000000 11.000000
764.000000 461.000000 14.000000
772.000000 461.000000 11.000000
974.000000 461.000000 14.000000
1043.000000 461.000000 6.000000
1053.000000 462.000000 21.000000
1068.000000 463.000000 10.000000
1081.000000 463.000000 21.000000
