1362
1362
1362
1362
1362
1362
1357
1357
1358
1358
1358
1361
1361
1358
1358
1361
1361
1358
1358
1358
1358
1361
1360
1360
1358
1361
1359
1359
1359
1358
1361
1360
1360
1360
1359
1359
1359
1359
1360
1360
1360
1359
1359
1359
1359
1359
1321
1321
1321
1321
1321
1321
1321
1321
1321
1321
1321
1321
1321
1321
1321
1321
1321
1321
1321
1321
1321
1321
1321
1321
1321
1321
1321
1321
1321
1321
1321
1321
1321
1321
1321
1321
1321
1321
1321
1321
1321
1321
1321
1321
1352
1321
1321
1321
1321
1321
1321
1321
1321
1321
1321
1321
1321
1321
1355
1353
1354
1354
1355
1355
1355
1356
1356
1356
1356
1356
1354
1354
1355
1355
1355
1355
1355
1355
1356
1356
1356
1356
1356
1356
1356
1356
1356
1356
1353
1353
1353
1354
1355
1355
1355
1356
1356
1356
1356
1356
1356
1356
1356
1356
1356
1356
1353
1353
1353
1356
1356
1356
1356
1352
1353
1353
1353
1352
1321
1321
1321
1321
1321
1321
1321
1321
1321
1321
1321
1321
1321
1321
1321
1321
1321
1321
1321
1321
1321
1321
1321
1321
1321
1321
1321
1321
1321
1321
1321
1321
1321
1321
1321
1321
1321
1321
1321
1321
1321
1321
1321
1321
1321
1321
1321
1321
1321
1321
1321
1321
1321
1321
1349
1350
1350
1346
1346
1344
1344
1344
1350
1350
1349
1349
1349
1349
1349
1349
1346
1346
1346
1346
1344
1344
1344
1349
1347
1347
1345
1345
1345
1345
1344
1344
1351
1347
1347
1345
1345
1345
1344
1351
1351
1351
1351
1351
1347
1351
1351
-1
1348
1321
1321
1321
1321
1321
1321
1321
1321
1321
1321
1321
1321
1321
1321
1321
1321
1321
1321
1321
1321
1321
1321
1321
1321
1321
1321
1321
1321
1321
1321
1321
1321
1321
1321
1321
1321
1321
1321
1321
1321
1321
1321
1321
1321
1321
1321
1321
1321
1321
1321
1321
1321
1321
1321
1343
1343
1343
1342
1342
1342
1342
1342
1342
1342
1343
1343
1341
1341
1342
1342
1342
1342
1342
1343
1341
1341
1341
1341
1341
1341
1341
-1
1340
1321
1321
1321
1321
1321
1321
1321
1321
1321
1321
1321
1321
1321
1321
1321
1321
1321
1321
1321
1321
1321
1321
1321
1321
1321
1321
1321
1321
1321
1321
1321
1321
1321
1321
1321
1321
1321
1321
1321
1321
1321
1321
1321
1321
1321
1321
1321
1321
1321
1321
1322
1322
1322
1321
1322
1321
1321
1321
1322
1321
1322
1322
1322
1322
1322
1322
1322
1322
1322
1337
1337
1337
1337
1335
1337
1337
1337
1337
1335
1335
1337
1337
1337
1335
1335
1335
1335
1337
1337
1337
1337
1337
1336
1336
1336
1336
1336
1338
1338
1338
1338
1338
1337
1336
1336
1338
1338
1321
1321
1321
1321
1321
1321
1321
1321
1321
1321
1321
1321
1321
1321
1321
1321
1321
1321
1321
1321
1321
1321
1321
1321
1321
1321
1321
1321
1321
1321
1321
1321
1321
1321
1321
1321
1321
1321
1321
1321
1321
1321
1321
1321
1321
1321
1321
1321
1321
1321
1321
1321
1321
1321
1333
1333
1333
1333
1333
1333
1333
1333
1333
1333
1332
1332
1334
1334
1334
1331
1331
1331
1332
1332
1332
1332
1332
1332
1332
1334
1334
1331
1331
1333
1323
1323
1323
1323
1323
1321
1323
1323
1323
1323
1323
1323
1321
1321
1321
1321
1321
1321
1321
1321
1321
1321
1321
1321
1321
1321
1321
1321
1321
1321
1321
1321
1321
1321
1321
1321
1321
1321
1321
1321
1321
1321
1321
1321
1321
1321
1321
1321
1321
1321
1321
1321
1321
1321
1321
1321
1321
1321
1321
1321
1321
1321
1327
1327
1327
1327
1327
1328
1330
1329
1329
1329
1329
1328
1330
1329
1328
1328
1328
1330
1330
1330
1330
1329
1330
1321
1321
1321
1321
1321
1321
1321
1321
1321
1321
1321
1321
1321
1321
1321
1321
1321
1321
1321
1321
1321
1321
1321
1321
1321
1321
1321
1321
1321
1321
1321
1321
1321
1321
1321
1321
1321
1321
1321
1321
1321
1321
1321
1321
1321
1321
1321
1321
1321
1321
1321
1321
1321
1324
1324
1321
1324
1324
1324
1324
1324
1324
1324
1324
1321
1324
1324
1324
1326
1326
1326
1326
1326
1326
1326
1326
1325
1325
1325
1325
1325
1325
1325