760
760
760
760
760
760
773
773
771
779
780
772
780
780
771
771
771
771
771
780
772
772
772
771
771
779
772
772
771
772
772
759
759
759
759
759
759
759
759
752
752
752
752
752
752
752
752
752
752
752
752
752
752
752
752
752
752
752
752
752
752
752
752
752
752
752
752
752
752
752
752
752
752
752
752
752
752
752
752
752
752
752
752
752
752
752
752
752
752
752
752
752
752
752
752
770
770
770
770
770
770
770
770
758
758
758
758
761
761
761
-1
758
761
761
761
761
778
778
778
778
778
778
778
778
778
752
752
752
752
752
752
752
752
752
752
752
752
752
752
752
752
752
752
752
752
752
752
752
752
752
752
752
752
752
752
752
752
752
752
752
752
752
752
752
752
752
752
752
752
752
752
752
752
752
752
752
752
752
769
762
769
757
757
762
762
762
769
769
769
757
757
757
757
757
762
762
762
769
769
757
757
777
777
752
752
752
752
752
752
752
752
752
752
752
752
752
752
752
752
752
752
752
752
752
752
752
752
752
752
752
752
752
752
752
752
752
752
752
752
752
752
752
752
752
752
752
752
752
752
752
752
752
756
763
763
756
756
763
763
763
768
756
756
763
763
768
768
776
756
763
768
776
776
768
768
776
776
776
776
776
776
752
752
752
752
752
752
752
752
752
752
752
752
752
752
752
752
752
752
752
752
752
752
752
752
752
752
752
752
752
752
752
752
752
752
752
752
752
752
752
752
752
752
752
752
752
752
775
775
775
775
775
775
775
774
774
774
764
764
767
767
774
774
774
774
764
767
767
767
767
774
764
767
752
752
752
752
752
752
752
752
752
752
752
752
752
752
752
752
752
752
752
752
752
752
752
752
752
752
752
752
752
752
752
752
752
752
752
752
752
752
752
752
752
752
752
752
752
752
752
752
752
752
752
752
752
752
752
752
765
765
765
755
755
755
755
765
765
765
766
755
765
766
766
766
755
755
766
766
766
766
766
752
752
752
752
752
752
752
752
752
752
752
752
752
752
752
752
752
752
752
752
752
752
752
752
752
752
752
752
752
752
752
752
752
752
752
752
752
752
752
752
752
752
752
752
752
752
752
752
752
752
752
752
752
752
752
754
754
754
754
754
753
753
753
753
753
753
753
752
752
752
752
752
752
752
752
752
752
752
752
752
752
752
752
752
752
752
752
752
752
752
752
752
752
752
752
752
752
752
752
752
752
752
752
752
752
752
752
752
752
752
752
752
752
752
752
752
752
752
752
752
752
752
752
752
752
752
-1