0.780800 0.044000 0.008800
0.790400 0.044000 0.007200
0.799200 0.044000 0.005600
0.825600 0.044000 0.008800
0.853600 0.044000 0.007200
0.864000 0.044000 0.007200
0.921600 0.044000 0.018400
0.932000 0.044000 0.016800
0.544000 0.044800 0.007200
0.609600 0.044800 0.011200
0.623200 0.044800 0.010400
0.660800 0.044800 0.008800
0.686400 0.044800 0.005600
0.695200 0.044800 0.008800
0.706400 0.044800 0.011200
0.729600 0.044800 0.008800
0.740800 0.044800 0.008800
0.757600 0.044800 0.011200
0.768800 0.044800 0.008800
0.807200 0.044800 0.005600
0.814400 0.044800 0.011200
0.836800 0.044800 0.013600
0.844800 0.044800 0.005600
0.873600 0.044800 0.008800
0.884000 0.044800 0.016800
0.890400 0.044800 0.005600
0.899200 0.044800 0.005600
0.907200 0.044800 0.012800
0.940800 0.044800 0.016800
0.945600 0.044800 0.011200
0.442400 0.045600 0.016000
0.453600 0.045600 0.008800
0.480000 0.045600 0.003200
0.507200 0.045600 0.007200
0.518400 0.045600 0.013600
0.525600 0.045600 0.005600
0.534400 0.045600 0.005600
0.553600 0.045600 0.007200
0.565600 0.045600 0.008800
0.581600 0.045600 0.011200
0.594400 0.045600 0.009600
0.670400 0.045600 0.005600
0.678400 0.045600 0.005600
0.720000 0.045600 0.008800
0.749600 0.045600 0.005600
0.953600 0.045600 0.011200
0.405600 0.046400 0.007200
0.415200 0.046400 0.005600
0.436000 0.046400 0.016800
0.466400 0.046400 0.011200
0.474400 0.046400 0.016800
0.485600 0.046400 0.008800
0.496800 0.046400 0.008000
0.636800 0.046400 0.011200
0.646400 0.046400 0.008800
0.714400 0.046400 0.012800
0.175200 0.047200 0.012800
0.379200 0.047200 0.005600
0.396000 0.047200 0.005600
0.424800 0.047200 0.008800
0.148000 0.048000 0.008800
0.157600 0.048000 0.013600
0.168000 0.048000 0.013600
0.192800 0.048000 0.005600
0.200800 0.048000 0.005600
0.210400 0.048000 0.014400
0.220000 0.048000 0.008800
0.253600 0.048000 0.008800
0.388000 0.048000 0.005600
0.133600 0.048800 0.011200
0.142400 0.048800 0.011200
0.184000 0.048800 0.005600
0.243200 0.048800 0.008800
0.264000 0.048800 0.007200
0.274400 0.048800 0.005600
0.282400 0.048800 0.005600
0.291200 0.048800 0.005600
0.300000 0.048800 0.005600
0.308800 0.048800 0.005600
0.319200 0.048800 0.008000
0.338400 0.048800 0.016000
0.344800 0.048800 0.011200
0.351200 0.048800 0.011200
0.362400 0.048800 0.015200
0.369600 0.048800 0.005600
0.231200 0.049600 0.008000
0.328800 0.049600 0.008800
0.166400 0.070400 0.008800
0.177600 0.070400 0.008800
0.192800 0.070400 0.008800
0.202400 0.070400 0.016800
0.130400 0.071200 0.015200
0.150400 0.071200 0.011200
0.869600 0.075200 0.022400
0.882400 0.075200 0.022400
0.444000 0.088000 0.008800
0.464800 0.088000 0.007200
0.474400 0.088000 0.005600
0.484800 0.088000 0.007200
0.287200 0.088800 0.005600
0.293600 0.088800 0.005600
0.431200 0.088800 0.008800
0.454400 0.088800 0.007200
0.266400 0.089600 0.008800
0.276800 0.089600 0.007200
0.303200 0.089600 0.007200
0.313600 0.089600 0.008800
0.328800 0.089600 0.008800
0.341600 0.089600 0.007200
0.352800 0.089600 0.008800
0.386400 0.089600 0.012000
0.496800 0.089600 0.008800
0.564000 0.089600 0.013600
0.750400 0.089600 0.008800
0.362400 0.090400 0.005600
0.370400 0.090400 0.013600
0.379200 0.090400 0.005600
0.508800 0.090400 0.011200
0.721600 0.090400 0.008000
0.735200 0.090400 0.008800
0.745600 0.090400 0.008800
0.760800 0.090400 0.008000
0.770400 0.090400 0.008800
0.535200 0.091200 0.008800
0.552000 0.091200 0.011200
0.678400 0.091200 0.007200
0.710400 0.091200 0.008800
0.784000 0.091200 0.011200
0.514400 0.092000 0.011200
0.525600 0.092000 0.007200
0.628800 0.092000 0.011200
0.640000 0.092000 0.008800
0.652800 0.092000 0.008000
0.662400 0.092000 0.005600
0.669600 0.092000 0.005600
0.696800 0.092000 0.005600
0.689600 0.092800 0.011200
0.177600 0.108800 0.005600
0.184000 0.108800 0.004800
0.202400 0.108800 0.008800
0.150400 0.109600 0.011200
0.192000 0.109600 0.019200
0.134400 0.110400 0.024800
0.165600 0.110400 0.008800
0.214400 0.110400 0.020800
0.239200 0.111200 0.008000
0.248800 0.111200 0.015200
0.265600 0.111200 0.013600
0.784800 0.111200 0.011200
0.328000 0.112000 0.005600
0.354400 0.112000 0.008800
0.423200 0.112000 0.007200
0.724800 0.112000 0.013600
0.744000 0.112000 0.013600
0.765600 0.112000 0.013600
0.084800 0.112800 0.022400
0.276000 0.112800 0.013600
0.306400 0.112800 0.012800
0.315200 0.112800 0.004800
0.322400 0.112800 0.004000
0.340000 0.112800 0.008800
0.366400 0.112800 0.008800
0.380000 0.112800 0.008800
0.410400 0.112800 0.011200
0.432800 0.112800 0.008800
0.462400 0.112800 0.011200
0.509600 0.112800 0.008800
0.528000 0.112800 0.012800
0.676800 0.112800 0.012800
0.802400 0.112800 0.013600
0.228800 0.113600 0.008800
0.291200 0.113600 0.011200
0.393600 0.113600 0.008800
0.445600 0.113600 0.008800
0.492800 0.113600 0.004800
0.499200 0.113600 0.005600
0.612800 0.113600 0.008800
0.627200 0.113600 0.008800
0.642400 0.113600 0.011200
0.659200 0.113600 0.011200
0.693600 0.113600 0.005600
0.704800 0.113600 0.008800
0.480800 0.114400 0.009600
0.562400 0.114400 0.011200
0.581600 0.114400 0.016800
0.602400 0.114400 0.008800
0.823200 0.114400 0.013600
0.075200 0.115200 0.022400
0.548000 0.115200 0.013600
0.844000 0.115200 0.013600
0.063200 0.116800 0.019200
0.593600 0.116800 0.004800
0.860800 0.116800 0.024800
0.053600 0.117600 0.016000
0.288800 0.132800 0.007200
0.300000 0.132800 0.007200
0.309600 0.132800 0.011200
0.316000 0.132800 0.010400
0.248800 0.133600 0.009600
0.260000 0.133600 0.007200
0.270400 0.133600 0.007200
0.278400 0.133600 0.008800
0.232800 0.134400 0.008800
0.244800 0.134400 0.008800
0.328800 0.134400 0.008800
0.338400 0.134400 0.007200
0.352800 0.134400 0.009600
0.619200 0.135200 0.011200
0.625600 0.135200 0.005600
0.644800 0.135200 0.007200
0.594400 0.136000 0.007200
0.604800 0.136000 0.008000
0.610400 0.136000 0.012000
0.633600 0.136000 0.007200
0.658400 0.136000 0.007200
0.667200 0.136000 0.008800
0.065600 0.139200 0.019200
0.054400 0.140000 0.019200
0.324000 0.152000 0.013600
0.529600 0.152000 0.020800
0.681600 0.152000 0.011200
0.277600 0.152800 0.013600
0.298400 0.152800 0.014400
0.380800 0.152800 0.015200
0.535200 0.152800 0.013600
0.545600 0.152800 0.005600
0.564800 0.152800 0.016800
0.592800 0.152800 0.012000
0.647200 0.152800 0.011200
0.849600 0.152800 0.013600
0.859200 0.152800 0.013600
0.138400 0.153600 0.019200
0.152800 0.153600 0.019200
0.257600 0.153600 0.012800
0.344800 0.153600 0.011200
0.363200 0.153600 0.012800
0.573600 0.153600 0.003200
0.609600 0.153600 0.011200
0.627200 0.153600 0.012800
0.634400 0.153600 0.014400
0.699200 0.153600 0.011200
0.716800 0.153600 0.011200
0.732800 0.153600 0.011200
0.765600 0.153600 0.011200
0.783200 0.153600 0.011200
0.816000 0.153600 0.012000
0.833600 0.153600 0.008800
0.168800 0.154400 0.011200
0.185600 0.154400 0.013600
0.206400 0.154400 0.016800
0.400000 0.154400 0.011200
0.465600 0.154400 0.011200
0.500000 0.154400 0.011200
0.554400 0.154400 0.007200
0.664000 0.154400 0.011200
0.748800 0.154400 0.011200
0.800000 0.154400 0.010400
0.236000 0.155200 0.012800
0.416000 0.155200 0.022400
0.451200 0.155200 0.022400
0.482400 0.155200 0.011200
0.516800 0.155200 0.008800
0.578400 0.155200 0.008800
0.428800 0.156000 0.011200
0.218400 0.156800 0.009600
0.784800 0.170400 0.008800
0.852800 0.170400 0.007200
0.794400 0.171200 0.007200
0.806400 0.171200 0.007200
0.835200 0.171200 0.005600
0.844000 0.171200 0.005600
0.863200 0.171200 0.008800
0.819200 0.172000 0.007200
0.828800 0.172000 0.005600
0.872800 0.172000 0.008800
0.475200 0.172800 0.012000
0.496000 0.172800 0.007200
0.505600 0.172800 0.008000
0.483200 0.173600 0.008800
0.594400 0.173600 0.007200
0.605600 0.173600 0.007200
0.620000 0.173600 0.008800
0.631200 0.173600 0.007200
0.641600 0.173600 0.007200
0.716000 0.173600 0.007200
0.518400 0.174400 0.005600
0.527200 0.174400 0.005600
0.536000 0.174400 0.005600
0.544800 0.174400 0.007200
0.554400 0.174400 0.005600
0.567200 0.174400 0.008000
0.584800 0.174400 0.008800
0.653600 0.174400 0.008000
0.675200 0.174400 0.009600
0.680000 0.174400 0.008800
0.706400 0.174400 0.005600
0.727200 0.174400 0.005600
0.291200 0.175200 0.008000
0.301600 0.175200 0.005600
0.663200 0.175200 0.008800
0.668800 0.175200 0.009600
0.688800 0.175200 0.007200
0.698400 0.175200 0.005600
0.736800 0.175200 0.007200
0.132800 0.176000 0.008000
0.141600 0.176000 0.007200
0.156800 0.176000 0.008800
0.170400 0.176000 0.008800
0.280000 0.176000 0.008000
0.308000 0.176000 0.008800
0.182400 0.176800 0.007200
0.194400 0.176800 0.007200
0.217600 0.176800 0.005600
0.265600 0.176800 0.008000
0.208000 0.177600 0.008000
0.240800 0.177600 0.008800
0.228000 0.178400 0.008800
0.254400 0.179200 0.005600
0.771200 0.192000 0.012800
0.835200 0.192000 0.011200
0.028000 0.192800 0.008000
0.037600 0.192800 0.007200
0.047200 0.192800 0.008800
0.064800 0.192800 0.003200
0.069600 0.192800 0.008000
0.075200 0.192800 0.008800
0.296800 0.192800 0.011200
0.496000 0.192800 0.011200
0.796800 0.192800 0.013600
0.850400 0.192800 0.013600
0.856800 0.192800 0.014400
0.059200 0.193600 0.008800
0.082400 0.193600 0.005600
0.100800 0.193600 0.008000
0.113600 0.193600 0.008800
0.376000 0.193600 0.011200
0.476800 0.193600 0.010400
0.615200 0.193600 0.016800
0.669600 0.193600 0.011200
0.686400 0.193600 0.010400
0.702400 0.193600 0.010400
0.718400 0.193600 0.011200
0.754400 0.193600 0.011200
0.816800 0.193600 0.012800
0.091200 0.194400 0.005600
0.141600 0.194400 0.013600
0.159200 0.194400 0.013600
0.172000 0.194400 0.011200
0.242400 0.194400 0.011200
0.275200 0.194400 0.012800
0.398400 0.194400 0.013600
0.428800 0.194400 0.008800
0.513600 0.194400 0.011200
0.528800 0.194400 0.011200
0.543200 0.194400 0.008800
0.569600 0.194400 0.008800
0.589600 0.194400 0.014400
0.606400 0.194400 0.016800
0.631200 0.194400 0.011200
0.648800 0.194400 0.012800
0.738400 0.194400 0.013600
0.203200 0.195200 0.011200
0.260800 0.195200 0.010400
0.284000 0.195200 0.005600
0.312800 0.195200 0.008800
0.324800 0.195200 0.008800
0.338400 0.195200 0.019200
0.345600 0.195200 0.026400
0.414400 0.195200 0.008800
0.451200 0.195200 0.016000
0.464000 0.195200 0.008000
0.579200 0.195200 0.005600
0.187200 0.196000 0.011200
0.360800 0.196000 0.008800
0.440800 0.196000 0.005600
0.555200 0.196000 0.011200
0.218400 0.196800 0.013600
0.050400 0.208000 0.007200
0.072000 0.208000 0.009600
0.078400 0.208000 0.005600
0.086400 0.208000 0.008800
0.096800 0.208000 0.005600
0.105600 0.208000 0.007200
0.038400 0.208800 0.008000
0.061600 0.208800 0.008800
0.116000 0.208800 0.008000
0.028000 0.209600 0.008800
0.763200 0.212000 0.008800
0.504800 0.212800 0.007200
0.772000 0.212800 0.007200
0.784000 0.212800 0.007200
0.857600 0.212800 0.007200
0.868000 0.212800 0.007200
0.468800 0.213600 0.008800
0.478400 0.213600 0.006400
0.487200 0.213600 0.005600
0.495200 0.213600 0.005600
0.793600 0.213600 0.005600
0.801600 0.213600 0.005600
0.811200 0.213600 0.007200
0.820800 0.213600 0.008000
0.832800 0.213600 0.006400
0.876800 0.213600 0.005600
0.884800 0.213600 0.012000
0.424800 0.214400 0.007200
0.516000 0.214400 0.005600
0.524800 0.214400 0.011200
0.434400 0.215200 0.005600
0.443200 0.215200 0.005600
0.452800 0.215200 0.008000
0.842400 0.215200 0.011200
0.206400 0.222400 0.008800
0.380800 0.224000 0.007200
0.432000 0.234400 0.012800
0.470400 0.234400 0.013600
0.491200 0.234400 0.013600
0.567200 0.234400 0.008800
0.576800 0.234400 0.016800
0.370400 0.235200 0.024000
0.450400 0.235200 0.012800
0.510400 0.235200 0.011200
0.527200 0.235200 0.013600
0.552000 0.235200 0.013600
0.594400 0.235200 0.011200
0.740800 0.235200 0.013600
0.764000 0.235200 0.016800
0.790400 0.235200 0.011200
0.352800 0.236000 0.011200
0.401600 0.236000 0.009600
0.416800 0.236000 0.009600
0.612000 0.236000 0.011200
0.628000 0.236000 0.024800
0.656000 0.236000 0.016800
0.774400 0.236000 0.019200
0.827200 0.236000 0.011200
0.843200 0.236000 0.011200
0.276000 0.236800 0.011200
0.310400 0.236800 0.007200
0.336000 0.236800 0.010400
0.673600 0.236800 0.011200
0.689600 0.236800 0.011200
0.724000 0.236800 0.011200
0.809600 0.236800 0.011200
0.859200 0.236800 0.012800
0.180000 0.237600 0.013600
0.201600 0.237600 0.013600
0.224000 0.237600 0.012800
0.240800 0.237600 0.008800
0.256800 0.237600 0.012800
0.321600 0.237600 0.008800
0.708000 0.237600 0.011200
0.156800 0.238400 0.013600
0.293600 0.238400 0.012800
0.389600 0.238400 0.007200
0.137600 0.239200 0.016800
0.808000 0.252800 0.011200
0.469600 0.253600 0.005600
0.816000 0.253600 0.005600
0.868000 0.253600 0.012800
0.411200 0.254400 0.007200
0.424000 0.254400 0.010400
0.431200 0.254400 0.005600
0.459200 0.254400 0.007200
0.480000 0.254400 0.006400
0.488800 0.254400 0.005600
0.824000 0.254400 0.005600
0.832000 0.254400 0.005600
0.859200 0.254400 0.005600
0.388800 0.255200 0.008800
0.401600 0.255200 0.008800
0.440000 0.255200 0.005600
0.450400 0.255200 0.007200
0.496000 0.255200 0.005600
0.840800 0.255200 0.006400
0.849600 0.255200 0.006400
0.214400 0.256000 0.005600
0.178400 0.256800 0.008000
0.193600 0.256800 0.008000
0.204000 0.256800 0.005600
0.223200 0.256800 0.005600
0.233600 0.256800 0.006400
0.244800 0.256800 0.007200
0.289600 0.256800 0.007200
0.299200 0.256800 0.008000
0.254400 0.257600 0.007200
0.277600 0.257600 0.007200
0.268000 0.258400 0.005600
0.362400 0.272800 0.018400
0.385600 0.272800 0.018400
0.472000 0.272800 0.011200
0.568000 0.272800 0.011200
0.371200 0.273600 0.016800
0.396000 0.273600 0.013600
0.436000 0.273600 0.015200
0.528000 0.273600 0.013600
0.639200 0.273600 0.007200
0.160800 0.274400 0.012800
0.181600 0.274400 0.012000
0.350400 0.274400 0.008800
0.428000 0.274400 0.016800
0.488000 0.274400 0.011200
0.507200 0.274400 0.013600
0.548000 0.274400 0.013600
0.587200 0.274400 0.013600
0.648800 0.274400 0.016800
0.319200 0.275200 0.011200
0.336000 0.275200 0.011200
0.454400 0.275200 0.012000
0.603200 0.275200 0.011200
0.617600 0.275200 0.008800
0.628000 0.275200 0.008800
0.704800 0.275200 0.008800
0.715200 0.275200 0.005600
0.732000 0.275200 0.012800
0.807200 0.275200 0.016000
0.857600 0.275200 0.013600
0.142400 0.276000 0.012800
0.205600 0.276000 0.012800
0.241600 0.276000 0.012000
0.301600 0.276000 0.013600
0.412000 0.276000 0.011200
0.665600 0.276000 0.016800
0.747200 0.276000 0.008800
0.760000 0.276000 0.008800
0.789600 0.276000 0.011200
0.817600 0.276000 0.008800
0.224000 0.276800 0.011200
0.263200 0.276800 0.012800
0.674400 0.276800 0.022400
0.688800 0.276800 0.011200
0.773600 0.276800 0.011200
0.280000 0.277600 0.011200
0.832000 0.277600 0.011200
0.845600 0.277600 0.008800
0.180800 0.291200 0.007200
0.198400 0.291200 0.005600
0.191200 0.292000 0.005600
0.134400 0.293600 0.008000
0.154400 0.293600 0.007200
0.167200 0.293600 0.007200
0.144800 0.294400 0.005600
0.332800 0.294400 0.006400
0.744000 0.294400 0.008800
0.751200 0.295200 0.011200
0.768000 0.295200 0.007200
0.778400 0.295200 0.005600
0.785600 0.295200 0.008800
0.840000 0.295200 0.007200
0.756800 0.296000 0.008800
0.789600 0.296000 0.008800
0.795200 0.296000 0.011200
0.802400 0.296000 0.008800
0.822400 0.296000 0.005600
0.831200 0.296000 0.005600
0.814400 0.296800 0.005600
0.854400 0.296800 0.008000
0.863200 0.296800 0.008800
0.069600 0.306400 0.005600
0.076800 0.306400 0.011200
0.121600 0.306400 0.008800
0.090400 0.307200 0.007200
0.027200 0.308000 0.008000
0.050400 0.308000 0.008800
0.059200 0.308000 0.007200
0.080800 0.308000 0.008000
0.100000 0.308000 0.007200
0.112000 0.308000 0.007200
0.037600 0.308800 0.005600
0.333600 0.308800 0.008800
0.381600 0.308800 0.008800
0.451200 0.308800 0.011200
0.227200 0.309600 0.013600
0.345600 0.309600 0.005600
0.394400 0.309600 0.008800
0.406400 0.309600 0.016800
0.192800 0.310400 0.009600
0.209600 0.310400 0.011200
0.291200 0.310400 0.011200
0.320800 0.310400 0.008800
0.355200 0.310400 0.008000
0.418400 0.310400 0.021600
0.428000 0.310400 0.016800
0.436800 0.310400 0.022400
0.463200 0.310400 0.007200
0.488000 0.310400 0.005600
0.584000 0.310400 0.007200
0.160800 0.311200 0.009600
0.176800 0.311200 0.011200
0.250400 0.311200 0.016000
0.273600 0.311200 0.011200
0.308800 0.311200 0.011200
0.365600 0.311200 0.013600
0.370400 0.311200 0.009600
0.472000 0.311200 0.005600
0.479200 0.311200 0.005600
0.496800 0.311200 0.020800
0.530400 0.311200 0.016800
0.571200 0.311200 0.011200
0.594400 0.311200 0.016000
0.144000 0.312000 0.012000
0.510400 0.312000 0.019200
0.520000 0.312000 0.005600
0.551200 0.312000 0.016800
0.610400 0.312000 0.009600
0.622400 0.312000 0.008800
0.632000 0.312000 0.005600
0.640000 0.312000 0.005600
0.652800 0.312800 0.009600
0.674400 0.312800 0.013600
0.731200 0.312800 0.011200
0.766400 0.312800 0.013600
0.784000 0.312800 0.012800
0.789600 0.313600 0.013600
0.801600 0.313600 0.013600
0.694400 0.314400 0.012800
0.715200 0.314400 0.010400
0.744800 0.314400 0.003200
0.756800 0.314400 0.005600
0.810400 0.314400 0.004800
0.821600 0.314400 0.008800
0.860800 0.316000 0.014400
0.838400 0.316800 0.011200
0.057600 0.320800 0.006400
0.080800 0.320800 0.007200
0.022400 0.321600 0.008800
0.028000 0.321600 0.004800
0.048000 0.321600 0.005600
0.068000 0.321600 0.008000
0.091200 0.321600 0.005600
0.100000 0.321600 0.007200
0.110400 0.321600 0.005600
0.118400 0.321600 0.011200
0.035200 0.322400 0.005600
0.042400 0.323200 0.004800
0.580800 0.328000 0.007200
0.594400 0.328000 0.008000
0.605600 0.328800 0.006400
0.615200 0.328800 0.005600
0.626400 0.328800 0.007200
0.637600 0.328800 0.006400
0.648000 0.329600 0.007200
0.660000 0.329600 0.008000
0.147200 0.330400 0.008800
0.160000 0.330400 0.008800
0.170400 0.330400 0.008800
0.358400 0.330400 0.008800
0.678400 0.330400 0.005600
0.688000 0.330400 0.005600
0.706400 0.330400 0.005600
0.715200 0.330400 0.006400
0.137600 0.331200 0.008800
0.373600 0.331200 0.008000
0.384800 0.331200 0.010400
0.672000 0.331200 0.008800
0.697600 0.331200 0.005600
0.181600 0.332000 0.007200
0.192800 0.332000 0.008800
0.206400 0.332000 0.008800
0.389600 0.332000 0.012800
0.399200 0.332000 0.005600
0.219200 0.332800 0.007200
0.406400 0.332800 0.005600
0.231200 0.333600 0.008800
0.027200 0.334400 0.007200
0.037600 0.334400 0.005600
0.046400 0.334400 0.007200
0.060000 0.334400 0.008000
0.560800 0.347200 0.011200
0.577600 0.347200 0.011200
0.500000 0.348000 0.016000
0.537600 0.348000 0.016800
0.548000 0.348000 0.005600
0.592800 0.348000 0.008800
0.444000 0.348800 0.013600
0.478400 0.348800 0.016800
0.518400 0.348800 0.016800
0.604800 0.348800 0.008800
0.463200 0.349600 0.011200
0.620800 0.349600 0.011200
0.668000 0.349600 0.012800
0.722400 0.349600 0.013600
0.741600 0.349600 0.013600
0.764800 0.349600 0.013600
0.806400 0.349600 0.013600
0.825600 0.349600 0.013600
0.840800 0.349600 0.024800
0.488000 0.350400 0.005600
0.637600 0.350400 0.008800
0.688000 0.350400 0.012800
0.704800 0.350400 0.011200
0.785600 0.350400 0.013600
0.860000 0.350400 0.016800
0.028000 0.351200 0.008000
0.039200 0.351200 0.008800
0.084800 0.351200 0.005600
0.424000 0.351200 0.012800
0.653600 0.351200 0.010400
0.052000 0.352000 0.005600
0.060800 0.352000 0.005600
0.070400 0.352000 0.006400
0.079200 0.352000 0.011200
0.092800 0.352000 0.005600
0.112000 0.352000 0.016000
0.119200 0.352000 0.011200
0.156800 0.352000 0.012800
0.356800 0.352000 0.012800
0.373600 0.352000 0.011200
0.406400 0.352000 0.011200
0.648800 0.352000 0.019200
0.100800 0.352800 0.013600
0.139200 0.352800 0.012800
0.389600 0.352800 0.011200
0.174400 0.353600 0.011200
0.225600 0.353600 0.013600
0.244000 0.353600 0.011200
0.259200 0.353600 0.008800
0.271200 0.353600 0.024000
0.303200 0.353600 0.024800
0.323200 0.353600 0.015200
0.190400 0.354400 0.011200
0.289600 0.354400 0.024800
0.340800 0.354400 0.008800
0.205600 0.355200 0.011200
0.312800 0.355200 0.019200
0.028800 0.368000 0.011200
0.072000 0.368000 0.011200
0.039200 0.368800 0.011200
0.056000 0.368800 0.011200
0.062400 0.368800 0.011200
0.076800 0.368800 0.011200
0.934400 0.368800 0.016800
0.946400 0.368800 0.024000
0.087200 0.370400 0.008800
0.914400 0.370400 0.013600
0.100800 0.372000 0.011200
0.691200 0.384800 0.003200
0.712000 0.384800 0.012800
0.697600 0.385600 0.011200
0.703200 0.385600 0.015200
0.728800 0.385600 0.006400
0.628000 0.386400 0.008800
0.640800 0.386400 0.008800
0.656000 0.386400 0.010400
0.670400 0.386400 0.008800
0.680800 0.386400 0.008800
0.737600 0.386400 0.005600
0.580000 0.387200 0.009600
0.600000 0.387200 0.011200
0.615200 0.387200 0.008800
0.744800 0.387200 0.019200
0.756000 0.387200 0.008800
0.765600 0.387200 0.008800
0.794400 0.387200 0.008800
0.804000 0.387200 0.005600
0.812800 0.387200 0.008800
0.508000 0.388000 0.012000
0.533600 0.388000 0.005600
0.540800 0.388000 0.005600
0.585600 0.388000 0.009600
0.592000 0.388000 0.016000
0.776800 0.388000 0.011200
0.782400 0.388000 0.011200
0.824800 0.388000 0.008800
0.836000 0.388000 0.008800
0.847200 0.388000 0.008800
0.200000 0.388800 0.005600
0.207200 0.388800 0.011200
0.212800 0.388800 0.009600
0.237600 0.388800 0.008800
0.278400 0.388800 0.008800
0.483200 0.388800 0.008800
0.500800 0.388800 0.005600
0.513600 0.388800 0.011200
0.524000 0.388800 0.007200
0.551200 0.388800 0.007200
0.560000 0.388800 0.005600
0.568000 0.388800 0.013600
0.856800 0.388800 0.007200
0.865600 0.388800 0.014400
0.174400 0.389600 0.011200
0.191200 0.389600 0.008800
0.224800 0.389600 0.010400
0.247200 0.389600 0.011200
0.260800 0.389600 0.011200
0.267200 0.389600 0.011200
0.288000 0.389600 0.005600
0.299200 0.389600 0.008800
0.308800 0.389600 0.007200
0.320800 0.389600 0.008800
0.368000 0.389600 0.007200
0.377600 0.389600 0.005600
0.414400 0.389600 0.011200
0.456000 0.389600 0.013600
0.492800 0.389600 0.005600
0.164000 0.390400 0.008800
0.335200 0.390400 0.016000
0.345600 0.390400 0.007200
0.356000 0.390400 0.008800
0.385600 0.390400 0.005600
0.401600 0.390400 0.008800
0.405600 0.390400 0.008800
0.431200 0.390400 0.012000
0.448000 0.390400 0.005600
0.461600 0.390400 0.011200
0.473600 0.390400 0.008800
0.138400 0.391200 0.011200
0.150400 0.391200 0.009600
0.392800 0.391200 0.011200
0.425600 0.391200 0.008800
0.439200 0.391200 0.005600
0.921600 0.396800 0.018400
0.930400 0.396800 0.019200
0.308800 0.405600 0.011200
0.313600 0.405600 0.008800
0.327200 0.406400 0.008800
0.211200 0.407200 0.008800
0.235200 0.407200 0.011200
0.240000 0.407200 0.011200
0.288000 0.407200 0.005600
0.296800 0.407200 0.008800
0.139200 0.408000 0.011200
0.147200 0.408000 0.013600
0.157600 0.408000 0.012800
0.164800 0.408000 0.005600
0.174400 0.408000 0.007200
0.198400 0.408000 0.008800
0.222400 0.408000 0.008800
0.250400 0.408000 0.008800
0.256000 0.408000 0.005600
0.264000 0.408000 0.005600
0.272800 0.408000 0.005600
0.281600 0.408000 0.005600
0.185600 0.408800 0.007200
0.207200 0.429600 0.011200
