930
930
930
930
930
930
930
930
930
930
930
930
930
930
929
929
929
929
929
929
934
934
932
932
932
933
932
932
932
932
932
932
933
933
933
932
932
932
932
932
933
933
933
931
931
931
931
931
931
931
899
899
899
899
899
899
899
899
899
899
899
899
899
899
899
899
899
899
899
899
899
899
899
899
899
899
899
899
899
899
899
899
899
899
899
899
899
899
899
899
899
899
899
899
899
899
899
899
899
899
899
899
899
899
899
899
899
928
928
923
923
923
923
923
923
923
923
923
923
923
923
923
923
923
923
923
925
923
923
923
923
923
924
924
924
924
926
926
924
927
927
926
926
926
926
925
927
927
925
927
927
925
925
925
925
925
928
928
899
899
899
899
899
899
899
899
899
899
899
899
899
899
899
899
899
899
899
899
899
899
899
899
899
899
899
899
899
899
899
899
899
899
899
899
899
899
899
899
899
899
899
899
899
899
899
899
899
899
899
899
899
899
899
899
899
899
899
899
899
899
919
919
919
919
922
919
919
919
919
919
919
919
920
920
921
922
922
922
922
922
922
922
922
922
920
920
920
920
920
920
920
920
920
921
921
922
922
922
922
922
922
921
921
921
899
905
905
899
899
899
899
905
905
905
905
899
899
899
899
899
899
899
899
899
899
899
899
899
899
899
899
899
899
899
899
899
899
905
899
899
899
899
899
899
899
899
899
899
899
899
905
905
899
899
899
899
899
899
899
899
899
899
899
899
899
899
899
899
899
899
899
899
905
905
905
905
905
905
905
905
905
916
916
916
916
916
916
916
916
916
916
917
917
917
917
917
917
917
918
918
918
918
918
918
918
918
918
918
918
918
918
918
918
918
918
918
906
906
906
906
906
906
906
906
906
906
906
906
906
906
906
906
916
906
906
916
916
916
916
916
899
899
899
899
899
899
899
899
899
899
899
899
899
899
899
899
899
899
899
899
899
899
899
899
899
899
899
899
899
899
899
899
899
899
899
899
899
899
899
899
899
899
899
899
899
899
899
899
899
899
899
899
899
899
899
899
899
899
915
915
914
915
915
915
915
908
908
915
914
914
914
908
908
908
908
908
914
908
908
908
908
908
908
908
907
907
907
907
907
907
907
900
900
900
900
900
900
900
899
904
899
899
904
899
899
899
899
899
899
904
899
899
899
899
904
904
899
899
899
899
899
899
899
899
899
899
899
899
904
899
899
899
899
899
899
899
899
904
904
904
899
899
899
899
899
899
899
899
899
899
899
899
899
899
899
899
899
899
899
899
899
899
899
899
899
899
899
900
900
900
900
900
900
900
900
900
904
904
904
913
912
912
913
913
913
913
913
912
912
912
913
913
913
912
911
911
911
911
911
900
900
900
900
900
900
900
909
909
909
909
909
909
909
900
909
909
909
909
909
909
909
900
900
900
900
899
899
899
899
899
899
899
899
899
899
899
899
899
899
899
899
899
899
899
899
899
899
899
899
899
899
899
899
899
899
899
899
899
899
899
899
899
899
899
899
899
899
899
899
899
899
899
899
899
899
899
899
899
899
899
899
899
899
899
899
899
901
901
901
901
901
901
901
901
901
901
910
910
910
910
910
910
910
910
910
910
910
910
910
910
901
910
910
910
901
901
910
901
901
901
901
901
910
910
910
910
901
901
901
901
901
899
899
899
899
899
901
899
899
899
899
899
899
899
899
899
899
899
899
899
899
899
899
899
899
899
899
899
899
899
899
899
899
899
899
899
899
899
899
899
899
899
899
899
899
899
899
899
899
899
899
899
899
899
899
899
899
899
899
899
899
899
899
899
899
902
902
902
902
902
902
902
902
902
902
902
902
902
902
902
902
902
902
902
902
902
902
902
902
902
902
902
902
902
902
902
902
902
902
902
902
902
902
902
902
903
903
903
903
903
903
903
903
902
902
902
902
902
902
902
902
902
902
902
902
902