0.173600 0.027200 0.011200
0.218400 0.027200 0.005600
0.225600 0.027200 0.003200
0.336000 0.027200 0.005600
0.342400 0.027200 0.004800
0.349600 0.027200 0.004800
0.356000 0.027200 0.005600
0.368000 0.027200 0.003200
0.167200 0.028000 0.011200
0.182400 0.028000 0.005600
0.208000 0.028000 0.005600
0.231200 0.028000 0.008800
0.363200 0.028000 0.005600
0.373600 0.028000 0.005600
0.380000 0.028000 0.005600
0.041600 0.028800 0.005600
0.126400 0.028800 0.003200
0.132800 0.028800 0.005600
0.140800 0.028800 0.005600
0.192000 0.028800 0.005600
0.200000 0.028800 0.005600
0.238400 0.028800 0.005600
0.245600 0.028800 0.005600
0.255200 0.028800 0.005600
0.263200 0.028800 0.005600
0.282400 0.028800 0.007200
0.293600 0.028800 0.007200
0.389600 0.028800 0.007200
0.397600 0.028800 0.005600
0.032800 0.029600 0.005600
0.060000 0.029600 0.008800
0.069600 0.029600 0.004800
0.088000 0.029600 0.004000
0.094400 0.029600 0.004800
0.102400 0.029600 0.005600
0.111200 0.029600 0.005600
0.120000 0.029600 0.005600
0.149600 0.029600 0.006400
0.159200 0.029600 0.005600
0.272000 0.029600 0.005600
0.301600 0.029600 0.005600
0.406400 0.029600 0.005600
0.414400 0.029600 0.007200
0.049600 0.030400 0.007200
0.076800 0.030400 0.005600
0.082400 0.030400 0.008800
0.424800 0.030400 0.005600
0.433600 0.030400 0.005600
0.308000 0.031200 0.005600
0.443200 0.031200 0.006400
0.453600 0.031200 0.005600
0.925600 0.031200 0.008800
0.936000 0.031200 0.007200
0.945600 0.031200 0.007200
0.951200 0.031200 0.008800
0.460000 0.032000 0.004800
0.468000 0.032000 0.005600
0.886400 0.032000 0.008800
0.897600 0.032000 0.008000
0.908000 0.032000 0.005600
0.918400 0.032000 0.007200
0.960000 0.032000 0.005600
0.967200 0.032000 0.005600
0.477600 0.032800 0.005600
0.914400 0.032800 0.003200
0.488000 0.033600 0.007200
0.496800 0.033600 0.008000
0.843200 0.033600 0.005600
0.850400 0.033600 0.005600
0.862400 0.033600 0.008000
0.872000 0.033600 0.007200
0.508800 0.034400 0.005600
0.517600 0.034400 0.005600
0.542400 0.034400 0.007200
0.807200 0.034400 0.005600
0.817600 0.034400 0.006400
0.827200 0.034400 0.005600
0.835200 0.034400 0.005600
0.856800 0.034400 0.003200
0.524000 0.035200 0.004800
0.532000 0.035200 0.005600
0.604800 0.035200 0.013600
0.613600 0.035200 0.012000
0.764000 0.035200 0.007200
0.772800 0.035200 0.005600
0.780800 0.035200 0.005600
0.788000 0.035200 0.005600
0.795200 0.035200 0.008800
0.552800 0.036000 0.007200
0.572800 0.036000 0.005600
0.580800 0.036000 0.005600
0.652000 0.036000 0.008800
0.692000 0.036000 0.007200
0.712000 0.036000 0.007200
0.753600 0.036000 0.005600
0.563200 0.036800 0.007200
0.588800 0.036800 0.005600
0.596000 0.036800 0.012000
0.636800 0.036800 0.007200
0.660800 0.036800 0.005600
0.673600 0.036800 0.008000
0.681600 0.036800 0.007200
0.700800 0.036800 0.005600
0.721600 0.036800 0.005600
0.729600 0.036800 0.005600
0.736800 0.036800 0.005600
0.743200 0.036800 0.008800
0.336000 0.038400 0.007200
0.344800 0.039200 0.005600
0.364000 0.039200 0.007200
0.245600 0.040000 0.007200
0.355200 0.040000 0.007200
0.393600 0.040000 0.005600
0.400800 0.040000 0.005600
0.172800 0.040800 0.004800
0.180000 0.040800 0.005600
0.187200 0.040800 0.004800
0.211200 0.040800 0.006400
0.221600 0.040800 0.005600
0.230400 0.040800 0.008000
0.262400 0.040800 0.004800
0.270400 0.040800 0.005600
0.279200 0.040800 0.006400
0.373600 0.040800 0.007200
0.384000 0.040800 0.007200
0.408000 0.040800 0.005600
0.417600 0.040800 0.006400
0.032000 0.041600 0.005600
0.078400 0.041600 0.005600
0.126400 0.041600 0.005600
0.156800 0.041600 0.005600
0.165600 0.041600 0.005600
0.196800 0.041600 0.008000
0.202400 0.041600 0.007200
0.254400 0.041600 0.005600
0.288800 0.041600 0.005600
0.296800 0.041600 0.005600
0.040800 0.042400 0.005600
0.070400 0.042400 0.005600
0.086400 0.042400 0.005600
0.093600 0.042400 0.005600
0.103200 0.042400 0.005600
0.118400 0.042400 0.005600
0.133600 0.042400 0.005600
0.141600 0.042400 0.005600
0.148800 0.042400 0.005600
0.428800 0.042400 0.007200
0.439200 0.042400 0.005600
0.451200 0.042400 0.007200
0.048000 0.043200 0.004800
0.055200 0.043200 0.004800
0.063200 0.043200 0.005600
0.112000 0.043200 0.005600
0.308000 0.043200 0.008800
0.313600 0.043200 0.008000
0.461600 0.044000 0.007200
0.897600 0.044000 0.007200
0.908800 0.044000 0.007200
0.949600 0.044000 0.006400
0.957600 0.044000 0.004800
0.965600 0.044000 0.005600
0.472000 0.044800 0.008000
0.887200 0.044800 0.006400
0.920800 0.044800 0.007200
0.939200 0.044800 0.007200
0.974400 0.044800 0.005600
0.484000 0.045600 0.005600
0.831200 0.045600 0.007200
0.867200 0.045600 0.007200
0.876800 0.045600 0.006400
0.931200 0.045600 0.008800
0.492800 0.046400 0.005600
0.512000 0.046400 0.006400
0.520000 0.046400 0.005600
0.526400 0.046400 0.005600
0.543200 0.046400 0.006400
0.820800 0.046400 0.007200
0.841600 0.046400 0.007200
0.849600 0.046400 0.005600
0.857600 0.046400 0.005600
0.501600 0.047200 0.007200
0.534400 0.047200 0.005600
0.776800 0.047200 0.007200
0.809600 0.047200 0.008000
0.640800 0.048000 0.005600
0.649600 0.048000 0.005600
0.661600 0.048000 0.007200
0.671200 0.048000 0.005600
0.681600 0.048000 0.005600
0.755200 0.048000 0.005600
0.766400 0.048000 0.007200
0.786400 0.048000 0.005600
0.792800 0.048000 0.009600
0.798400 0.048000 0.008000
0.634400 0.048800 0.005600
0.689600 0.048800 0.005600
0.700000 0.048800 0.007200
0.712800 0.048800 0.008000
0.731200 0.048800 0.005600
0.737600 0.048800 0.003200
0.744800 0.048800 0.005600
0.722400 0.049600 0.005600
0.032800 0.053600 0.007200
0.214400 0.053600 0.008800
0.044800 0.054400 0.005600
0.052800 0.054400 0.008000
0.125600 0.054400 0.008800
0.185600 0.054400 0.007200
0.204800 0.054400 0.006400
0.220000 0.054400 0.008800
0.264000 0.054400 0.006400
0.272800 0.054400 0.005600
0.280800 0.054400 0.005600
0.064800 0.055200 0.005600
0.073600 0.055200 0.006400
0.080800 0.055200 0.005600
0.088800 0.055200 0.005600
0.108800 0.055200 0.005600
0.146400 0.055200 0.004800
0.153600 0.055200 0.005600
0.160800 0.055200 0.005600
0.174400 0.055200 0.005600
0.195200 0.055200 0.007200
0.229600 0.055200 0.005600
0.237600 0.055200 0.005600
0.244800 0.055200 0.008800
0.255200 0.055200 0.003200
0.100800 0.056000 0.008800
0.116000 0.056000 0.005600
0.139200 0.056000 0.005600
0.168000 0.056000 0.003200
0.289600 0.056000 0.008800
0.295200 0.056000 0.011200
0.303200 0.056000 0.005600
0.312800 0.056800 0.008000
0.636800 0.059200 0.008800
0.644000 0.059200 0.017600
0.651200 0.060800 0.006400
0.664000 0.060800 0.008800
0.672000 0.060800 0.004800
0.679200 0.060800 0.005600
0.688000 0.060800 0.005600
0.696800 0.061600 0.007200
0.747200 0.062400 0.008800
0.705600 0.063200 0.005600
0.712000 0.063200 0.008800
0.720800 0.063200 0.007200
0.733600 0.063200 0.008800
0.742400 0.063200 0.008800
0.758400 0.063200 0.008000
0.767200 0.063200 0.007200
0.031200 0.066400 0.008800
0.039200 0.068000 0.005600
0.048000 0.068000 0.007200
0.058400 0.068800 0.005600
0.065600 0.068800 0.008800
0.077600 0.068800 0.008000
0.197600 0.072000 0.005600
0.188800 0.072800 0.007200
0.165600 0.073600 0.013600
0.176000 0.073600 0.008800
0.120800 0.074400 0.013600
0.141600 0.076800 0.012800
0.956800 0.076800 0.016000
0.936800 0.077600 0.011200
0.947200 0.077600 0.008800
0.924000 0.078400 0.008000
0.912800 0.079200 0.011200
0.899200 0.080000 0.011200
0.904800 0.080000 0.012800
0.888800 0.080800 0.005600
0.660800 0.081600 0.008000
0.837600 0.081600 0.005600
0.880800 0.081600 0.005600
0.648000 0.082400 0.007200
0.714400 0.082400 0.005600
0.723200 0.082400 0.006400
0.734400 0.082400 0.007200
0.818400 0.082400 0.008800
0.829600 0.082400 0.005600
0.844800 0.082400 0.004000
0.851200 0.082400 0.010400
0.858400 0.082400 0.005600
0.866400 0.082400 0.011200
0.873600 0.082400 0.005600
0.672000 0.083200 0.005600
0.681600 0.083200 0.008800
0.696800 0.083200 0.007200
0.706400 0.083200 0.005600
0.745600 0.083200 0.007200
0.756000 0.083200 0.005600
0.779200 0.083200 0.011200
0.789600 0.083200 0.005600
0.798400 0.083200 0.007200
0.810400 0.083200 0.005600
0.765600 0.084000 0.008800
0.644800 0.093600 0.007200
0.653600 0.093600 0.007200
0.664000 0.094400 0.005600
0.672000 0.094400 0.005600
0.681600 0.095200 0.007200
0.744000 0.095200 0.005600
0.754400 0.095200 0.007200
0.692000 0.096000 0.006400
0.718400 0.096000 0.005600
0.727200 0.096000 0.005600
0.735200 0.096000 0.005600
0.764800 0.096000 0.005600
0.700800 0.096800 0.005600
0.708800 0.096800 0.005600
0.150400 0.100000 0.008800
0.187200 0.100000 0.007200
0.941600 0.100000 0.011200
0.086400 0.100800 0.013600
0.914400 0.100800 0.011200
0.926400 0.100800 0.008800
0.092000 0.101600 0.011200
0.160000 0.101600 0.005600
0.168800 0.101600 0.005600
0.176000 0.101600 0.006400
0.196800 0.101600 0.006400
0.212000 0.101600 0.010400
0.048000 0.102400 0.012000
0.064800 0.102400 0.011200
0.078400 0.102400 0.011200
0.056800 0.103200 0.004800
0.205600 0.103200 0.005600
0.041600 0.104000 0.011200
0.242400 0.104000 0.007200
0.264800 0.104800 0.011200
0.272000 0.104800 0.005600
0.512000 0.104800 0.007200
0.251200 0.105600 0.005600
0.259200 0.105600 0.011200
0.280800 0.105600 0.005600
0.314400 0.105600 0.008800
0.461600 0.105600 0.011200
0.469600 0.105600 0.005600
0.476800 0.105600 0.010400
0.489600 0.105600 0.005600
0.521600 0.105600 0.007200
0.530400 0.105600 0.005600
0.540800 0.105600 0.008000
0.560800 0.105600 0.012800
0.290400 0.106400 0.005600
0.304000 0.106400 0.005600
0.322400 0.106400 0.004800
0.329600 0.106400 0.004800
0.337600 0.106400 0.005600
0.500000 0.106400 0.007200
0.552800 0.106400 0.005600
0.297600 0.107200 0.005600
0.344800 0.107200 0.004800
0.380800 0.107200 0.007200
0.352000 0.108000 0.008800
0.356800 0.108000 0.010400
0.364000 0.108000 0.005600
0.372000 0.108000 0.005600
0.446400 0.108800 0.006400
0.585600 0.111200 0.005600
0.052000 0.120000 0.012800
0.042400 0.120800 0.007200
0.179200 0.120800 0.011200
0.196000 0.120800 0.012000
0.164800 0.121600 0.013600
0.209600 0.122400 0.008800
0.220800 0.122400 0.016800
0.228800 0.122400 0.013600
0.262400 0.122400 0.011200
0.251200 0.123200 0.015200
0.274400 0.123200 0.013600
0.294400 0.124000 0.011200
0.309600 0.124000 0.008800
0.450400 0.124000 0.012000
0.467200 0.124000 0.008800
0.491200 0.124000 0.008800
0.577600 0.124000 0.016800
0.597600 0.124000 0.011200
0.615200 0.124000 0.013600
0.636800 0.124000 0.013600
0.324000 0.124800 0.008800
0.372800 0.124800 0.012800
0.380800 0.124800 0.005600
0.388000 0.124800 0.004800
0.396000 0.124800 0.013600
0.477600 0.124800 0.008800
0.506400 0.124800 0.011200
0.526400 0.124800 0.012000
0.550400 0.124800 0.012800
0.784000 0.124800 0.005600
0.341600 0.125600 0.013600
0.360000 0.125600 0.011200
0.414400 0.125600 0.012800
0.534400 0.125600 0.004000
0.540800 0.125600 0.005600
0.557600 0.125600 0.013600
0.761600 0.125600 0.005600
0.808000 0.125600 0.011200
0.825600 0.125600 0.011200
0.432000 0.126400 0.011200
0.564000 0.126400 0.011200
0.656000 0.126400 0.011200
0.668000 0.126400 0.008800
0.679200 0.126400 0.008800
0.700000 0.126400 0.004800
0.707200 0.126400 0.004800
0.753600 0.126400 0.004800
0.772000 0.126400 0.008800
0.792800 0.126400 0.013600
0.692800 0.127200 0.020000
0.716000 0.127200 0.019200
0.728800 0.127200 0.008800
0.747200 0.128000 0.012800
0.841600 0.128000 0.013600
0.806400 0.144000 0.007200
0.796000 0.144800 0.008000
0.836000 0.146400 0.007200
0.848800 0.146400 0.007200
0.856000 0.147200 0.009600
0.773600 0.148000 0.008800
0.760000 0.148800 0.005600
0.768000 0.149600 0.004800
0.720000 0.159200 0.016800
0.728800 0.160000 0.018400
0.743200 0.160800 0.011200
0.782400 0.160800 0.012800
0.109600 0.161600 0.005600
0.116000 0.161600 0.008800
0.127200 0.161600 0.005600
0.636800 0.161600 0.008800
0.651200 0.161600 0.011200
0.667200 0.161600 0.011200
0.684800 0.161600 0.011200
0.761600 0.161600 0.011200
0.819200 0.161600 0.013600
0.834400 0.161600 0.013600
0.057600 0.162400 0.006400
0.068000 0.162400 0.007200
0.080000 0.162400 0.007200
0.092000 0.162400 0.005600
0.100000 0.162400 0.007200
0.135200 0.162400 0.007200
0.140000 0.162400 0.003200
0.145600 0.162400 0.008000
0.625600 0.162400 0.020800
0.699200 0.162400 0.012800
0.704800 0.162400 0.011200
0.800000 0.162400 0.010400
0.048000 0.163200 0.005600
0.612000 0.163200 0.009600
0.841600 0.163200 0.013600
0.028800 0.164000 0.008800
0.039200 0.164000 0.005600
0.567200 0.164000 0.011200
0.184800 0.164800 0.015200
0.522400 0.164800 0.005600
0.542400 0.164800 0.017600
0.552800 0.164800 0.024800
0.582400 0.164800 0.011200
0.598400 0.164800 0.008800
0.310400 0.165600 0.005600
0.336800 0.165600 0.016800
0.481600 0.165600 0.005600
0.513600 0.165600 0.007200
0.531200 0.165600 0.015200
0.194400 0.166400 0.016800
0.259200 0.166400 0.019200
0.324000 0.166400 0.009600
0.344800 0.166400 0.012800
0.360000 0.166400 0.008800
0.500000 0.166400 0.019200
0.268000 0.167200 0.015200
0.279200 0.167200 0.005600
0.456800 0.167200 0.022400
0.470400 0.167200 0.018400
0.492000 0.167200 0.016000
0.504800 0.167200 0.021600
0.166400 0.168000 0.013600
0.210400 0.168000 0.011200
0.226400 0.168000 0.011200
0.288800 0.168000 0.008800
0.301600 0.168000 0.008800
0.376800 0.168000 0.011200
0.392800 0.168000 0.011200
0.411200 0.168000 0.012000
0.425600 0.168000 0.011200
0.440800 0.168000 0.012800
0.446400 0.168000 0.016800
0.245600 0.168800 0.016800
0.144800 0.173600 0.004800
0.112800 0.174400 0.006400
0.121600 0.174400 0.005600
0.129600 0.174400 0.005600
0.137600 0.174400 0.005600
0.151200 0.174400 0.005600
0.092000 0.175200 0.005600
0.085600 0.176000 0.004800
0.099200 0.176000 0.009600
0.062400 0.176800 0.008000
0.071200 0.176800 0.005600
0.079200 0.176800 0.005600
0.028800 0.177600 0.007200
0.046400 0.177600 0.008800
0.038400 0.178400 0.005600
0.764000 0.179200 0.008000
0.812000 0.179200 0.008000
0.797600 0.180000 0.008000
0.801600 0.180000 0.008800
0.654400 0.180800 0.005600
0.662400 0.180800 0.005600
0.669600 0.180800 0.007200
0.681600 0.180800 0.006400
0.703200 0.180800 0.007200
0.713600 0.180800 0.006400
0.744800 0.180800 0.006400
0.752800 0.180800 0.009600
0.776000 0.180800 0.006400
0.787200 0.180800 0.008000
0.692800 0.181600 0.007200
0.722400 0.181600 0.008800
0.734400 0.181600 0.008800
0.867200 0.181600 0.008800
0.876000 0.181600 0.005600
0.883200 0.181600 0.005600
0.861600 0.182400 0.008800
0.921600 0.182400 0.008800
0.932800 0.182400 0.008000
0.944000 0.182400 0.008800
0.955200 0.182400 0.005600
0.964000 0.182400 0.008800
0.890400 0.183200 0.005600
0.896800 0.183200 0.009600
0.914400 0.183200 0.008800
0.172800 0.184000 0.008800
0.348800 0.184000 0.006400
0.395200 0.184000 0.010400
0.902400 0.184000 0.008800
0.177600 0.184800 0.010400
0.196000 0.184800 0.008000
0.324000 0.184800 0.008800
0.328000 0.184800 0.005600
0.336000 0.184800 0.008800
0.357600 0.184800 0.007200
0.368000 0.184800 0.008800
0.402400 0.184800 0.004800
0.432800 0.184800 0.008800
0.184800 0.185600 0.004800
0.191200 0.185600 0.009600
0.373600 0.185600 0.008800
0.408800 0.185600 0.005600
0.416800 0.185600 0.007200
0.426400 0.185600 0.008800
0.421600 0.186400 0.003200
0.215200 0.188000 0.011200
0.223200 0.188000 0.005600
0.261600 0.188000 0.008800
0.276000 0.188000 0.005600
0.283200 0.188000 0.005600
0.231200 0.188800 0.005600
0.267200 0.188800 0.008800
0.290400 0.188800 0.005600
0.069600 0.189600 0.005600
0.053600 0.190400 0.011200
0.060000 0.190400 0.005600
0.028800 0.191200 0.006400
0.078400 0.191200 0.007200
0.037600 0.192000 0.005600
0.045600 0.192000 0.005600
0.964000 0.193600 0.007200
0.864000 0.195200 0.008000
0.873600 0.195200 0.006400
0.885600 0.195200 0.008000
0.954400 0.195200 0.008800
0.899200 0.196000 0.006400
0.917600 0.196000 0.007200
0.928800 0.196000 0.007200
0.938400 0.196000 0.007200
0.948800 0.196000 0.008800
0.908000 0.196800 0.006400
0.162400 0.203200 0.015200
0.181600 0.204000 0.011200
0.668000 0.204000 0.016800
0.673600 0.204000 0.016800
0.701600 0.204000 0.005600
0.721600 0.204000 0.012800
0.819200 0.204000 0.005600
0.651200 0.204800 0.013600
0.690400 0.204800 0.015200
0.768800 0.204800 0.010400
0.828000 0.204800 0.005600
0.836000 0.204800 0.005600
0.846400 0.204800 0.014400
0.199200 0.205600 0.012800
0.313600 0.205600 0.016800
0.379200 0.205600 0.005600
0.623200 0.205600 0.016000
0.628800 0.205600 0.003200
0.708800 0.205600 0.005600
0.744000 0.205600 0.013600
0.756000 0.205600 0.005600
0.788000 0.205600 0.015200
0.288800 0.206400 0.011200
0.368000 0.206400 0.008800
0.385600 0.206400 0.013600
0.498400 0.206400 0.011200
0.547200 0.206400 0.008800
0.564800 0.206400 0.004800
0.586400 0.206400 0.008800
0.602400 0.206400 0.011200
0.614400 0.206400 0.005600
0.635200 0.206400 0.011200
0.797600 0.206400 0.008800
0.809600 0.206400 0.007200
0.216800 0.207200 0.011200
0.252800 0.207200 0.011200
0.305600 0.207200 0.019200
0.332800 0.207200 0.011200
0.346400 0.207200 0.007200
0.356000 0.207200 0.005600
0.402400 0.207200 0.011200
0.435200 0.207200 0.012800
0.451200 0.207200 0.011200
0.480000 0.207200 0.024800
0.558400 0.207200 0.005600
0.573600 0.207200 0.013600
0.268800 0.208000 0.012800
0.417600 0.208000 0.008800
0.466400 0.208000 0.009600
0.234400 0.208800 0.011200
0.511200 0.208800 0.022400
0.518400 0.208800 0.022400
0.532800 0.208800 0.008800
0.864800 0.208800 0.008000
0.875200 0.208800 0.008000
0.889600 0.208800 0.008800
0.903200 0.209600 0.007200
0.824800 0.220000 0.005600
0.834400 0.220000 0.007200
0.805600 0.220800 0.004800
0.816800 0.220800 0.007200
0.717600 0.221600 0.008800
0.726400 0.221600 0.005600
0.732000 0.221600 0.009600
0.740800 0.221600 0.005600
0.752800 0.221600 0.007200
0.762400 0.221600 0.005600
0.768800 0.221600 0.005600
0.774400 0.221600 0.004000
0.780000 0.221600 0.004800
0.798400 0.221600 0.005600
0.791200 0.228800 0.007200
0.847200 0.241600 0.024800
0.683200 0.242400 0.016800
0.813600 0.242400 0.012800
0.832000 0.242400 0.011200
0.726400 0.243200 0.012800
0.743200 0.243200 0.013600
0.773600 0.243200 0.016800
0.795200 0.243200 0.011200
0.700000 0.244000 0.008000
0.710400 0.244000 0.005600
0.752000 0.244000 0.016000
0.759200 0.244000 0.019200
0.784000 0.244000 0.005600
0.662400 0.244800 0.013600
0.670400 0.244800 0.019200
0.608000 0.245600 0.018400
0.614400 0.245600 0.012000
0.621600 0.245600 0.005600
0.630400 0.245600 0.013600
0.647200 0.245600 0.011200
0.473600 0.246400 0.011200
0.488800 0.246400 0.008800
0.508800 0.246400 0.008800
0.586400 0.246400 0.019200
0.596800 0.246400 0.008800
0.365600 0.247200 0.005600
0.399200 0.247200 0.005600
0.411200 0.247200 0.016800
0.436800 0.247200 0.016800
0.459200 0.247200 0.008800
0.524000 0.247200 0.011200
0.540000 0.247200 0.011200
0.558400 0.247200 0.011200
0.574400 0.247200 0.011200
0.204800 0.248000 0.008800
0.299200 0.248000 0.015200
0.310400 0.248000 0.005600
0.318400 0.248000 0.013600
0.332800 0.248000 0.019200
0.353600 0.248000 0.011200
0.375200 0.248000 0.008000
0.428800 0.248000 0.016800
0.447200 0.248000 0.008800
0.499200 0.248000 0.005600
0.220000 0.248800 0.011200
0.391200 0.248800 0.013600
0.164000 0.249600 0.016800
0.280800 0.249600 0.016800
0.291200 0.249600 0.007200
0.192000 0.250400 0.008800
0.231200 0.250400 0.019200
0.271200 0.250400 0.008800
0.180000 0.251200 0.008800
0.240000 0.251200 0.019200
0.252000 0.251200 0.016800
0.210400 0.264000 0.007200
0.175200 0.265600 0.005600
0.200800 0.265600 0.004800
0.184000 0.266400 0.005600
0.193600 0.266400 0.005600
0.037600 0.275200 0.008800
0.166400 0.275200 0.008000
0.029600 0.276000 0.007200
0.072800 0.276000 0.010400
0.124800 0.276000 0.008800
0.140800 0.276000 0.008800
0.049600 0.276800 0.007200
0.131200 0.276800 0.003200
0.057600 0.277600 0.005600
0.065600 0.277600 0.005600
0.078400 0.277600 0.004000
0.084800 0.277600 0.005600
0.095200 0.277600 0.007200
0.102400 0.277600 0.005600
0.110400 0.277600 0.005600
0.420800 0.284800 0.005600
0.348000 0.285600 0.012800
0.367200 0.285600 0.022400
0.383200 0.285600 0.024800
0.393600 0.285600 0.023200
0.408000 0.285600 0.011200
0.441600 0.285600 0.005600
0.460800 0.285600 0.005600
0.555200 0.285600 0.011200
0.582400 0.285600 0.008000
0.619200 0.285600 0.005600
0.671200 0.285600 0.012800
0.274400 0.286400 0.005600
0.303200 0.286400 0.012800
0.318400 0.286400 0.008800
0.472800 0.286400 0.011200
0.516800 0.286400 0.004800
0.542400 0.286400 0.009600
0.560800 0.286400 0.004000
0.611200 0.286400 0.011200
0.651200 0.286400 0.009600
0.230400 0.287200 0.013600
0.253600 0.287200 0.011200
0.286400 0.287200 0.011200
0.328800 0.287200 0.016800
0.377600 0.287200 0.005600
0.431200 0.287200 0.007200
0.452000 0.287200 0.015200
0.488800 0.287200 0.011200
0.506400 0.287200 0.013600
0.527200 0.287200 0.024800
0.569600 0.287200 0.011200
0.592000 0.287200 0.012800
0.632800 0.287200 0.010400
0.688000 0.287200 0.011200
0.725600 0.287200 0.013600
0.732000 0.287200 0.013600
0.267200 0.288000 0.013600
0.708000 0.288000 0.012000
0.777600 0.288000 0.011200
0.809600 0.288000 0.011200
0.029600 0.288800 0.008000
0.213600 0.288800 0.011200
0.748000 0.288800 0.010400
0.764000 0.288800 0.008800
0.792800 0.288800 0.011200
0.823200 0.288800 0.011200
0.034400 0.289600 0.008800
0.042400 0.289600 0.005600
0.056800 0.289600 0.008800
0.071200 0.289600 0.005600
0.189600 0.289600 0.004800
0.198400 0.289600 0.013600
0.050400 0.290400 0.005600
0.062400 0.290400 0.008000
0.080000 0.290400 0.005600
0.132000 0.290400 0.005600
0.180000 0.290400 0.013600
0.844800 0.290400 0.011200
0.087200 0.291200 0.005600
0.097600 0.291200 0.006400
0.105600 0.291200 0.005600
0.114400 0.291200 0.006400
0.123200 0.291200 0.005600
0.140800 0.291200 0.007200
0.164000 0.291200 0.013600
0.616000 0.299200 0.005600
0.576800 0.300000 0.003200
0.608800 0.300000 0.003200
0.626400 0.300000 0.006400
0.569600 0.300800 0.005600
0.582400 0.300800 0.007200
0.592800 0.300800 0.004800
0.601600 0.300800 0.005600
0.638400 0.300800 0.005600
0.648000 0.300800 0.006400
0.660000 0.300800 0.005600
0.671200 0.301600 0.007200
0.684000 0.301600 0.005600
0.691200 0.301600 0.005600
0.698400 0.301600 0.005600
0.707200 0.301600 0.005600
0.717600 0.301600 0.006400
0.032000 0.302400 0.007200
0.040800 0.302400 0.005600
0.047200 0.302400 0.005600
0.056800 0.302400 0.006400
0.067200 0.302400 0.006400
0.139200 0.302400 0.008800
0.732000 0.302400 0.005600
0.740800 0.302400 0.005600
0.077600 0.303200 0.006400
0.756000 0.303200 0.004800
0.764000 0.303200 0.005600
0.774400 0.303200 0.006400
0.792000 0.303200 0.005600
0.846400 0.303200 0.005600
0.103200 0.304000 0.005600
0.112000 0.304000 0.007200
0.124800 0.304000 0.007200
0.132800 0.304000 0.004800
0.748800 0.304000 0.004800
0.802400 0.304000 0.005600
0.823200 0.304000 0.005600
0.839200 0.304000 0.004800
0.091200 0.304800 0.008000
0.812800 0.304800 0.005600
0.831200 0.304800 0.005600
0.569600 0.311200 0.005600
0.620800 0.311200 0.008800
0.576800 0.312000 0.007200
0.586400 0.312000 0.008000
0.592000 0.312000 0.008800
0.599200 0.312000 0.007200
0.609600 0.312000 0.008000
0.627200 0.312800 0.005600
0.635200 0.312800 0.005600
0.644000 0.312800 0.005600
0.653600 0.312800 0.005600
0.660800 0.313600 0.005600
0.670400 0.313600 0.005600
0.677600 0.314400 0.005600
0.685600 0.314400 0.008000
0.712800 0.314400 0.008800
0.724000 0.314400 0.005600
0.794400 0.314400 0.007200
0.697600 0.315200 0.005600
0.705600 0.315200 0.005600
0.732800 0.315200 0.008800
0.748000 0.315200 0.008800
0.760800 0.315200 0.005600
0.031200 0.316000 0.007200
0.038400 0.316000 0.008000
0.084800 0.316000 0.005600
0.771200 0.316000 0.007200
0.784800 0.316000 0.007200
0.052000 0.316800 0.007200
0.066400 0.316800 0.008000
0.076800 0.316800 0.005600
0.136000 0.316800 0.006400
0.146400 0.316800 0.008000
0.093600 0.317600 0.005600
0.103200 0.317600 0.006400
0.117600 0.317600 0.005600
0.126400 0.317600 0.005600
0.111200 0.318400 0.005600
0.030400 0.329600 0.007200
0.039200 0.329600 0.005600
0.047200 0.330400 0.005600
0.054400 0.330400 0.005600
0.064000 0.330400 0.007200
0.076000 0.330400 0.005600
0.166400 0.330400 0.013600
0.196800 0.330400 0.011200
0.084000 0.331200 0.008800
0.089600 0.331200 0.003200
0.096800 0.331200 0.005600
0.106400 0.331200 0.005600
0.116000 0.331200 0.007200
0.128800 0.331200 0.008000
0.135200 0.331200 0.003200
0.151200 0.331200 0.007200
0.184000 0.331200 0.008800
0.140800 0.332000 0.008800
0.406400 0.332000 0.011200
0.217600 0.332800 0.016800
0.227200 0.332800 0.013600
0.248000 0.332800 0.013600
0.266400 0.332800 0.012800
0.296000 0.332800 0.005600
0.313600 0.332800 0.013600
0.331200 0.332800 0.016800
0.421600 0.332800 0.008800
0.443200 0.332800 0.008800
0.211200 0.333600 0.011200
0.285600 0.333600 0.016000
0.339200 0.333600 0.018400
0.359200 0.333600 0.013600
0.393600 0.333600 0.007200
0.431200 0.333600 0.005600
0.454400 0.333600 0.007200
0.468000 0.333600 0.011200
0.572800 0.333600 0.011200
0.647200 0.333600 0.004800
0.379200 0.334400 0.011200
0.536000 0.334400 0.011200
0.548800 0.334400 0.010400
0.560800 0.334400 0.005600
0.603200 0.334400 0.011200
0.484800 0.335200 0.011200
0.526400 0.335200 0.005600
0.541600 0.335200 0.004000
0.654400 0.335200 0.004800
0.500000 0.336000 0.011200
0.514400 0.336000 0.009600
0.618400 0.336000 0.011200
0.632000 0.336000 0.012000
0.587200 0.336800 0.011200
0.639200 0.336800 0.005600
0.670400 0.336800 0.012800
0.683200 0.336800 0.013600
0.822400 0.336800 0.011200
0.701600 0.337600 0.011200
0.716000 0.337600 0.008800
0.726400 0.337600 0.005600
0.787200 0.337600 0.007200
0.803200 0.337600 0.012800
0.739200 0.338400 0.011200
0.759200 0.338400 0.012800
0.776800 0.338400 0.008800
0.839200 0.338400 0.016000
0.035200 0.342400 0.007200
0.046400 0.342400 0.005600
0.056800 0.343200 0.007200
0.065600 0.343200 0.007200
0.536800 0.351200 0.008800
0.520000 0.352000 0.005600
0.527200 0.352000 0.007200
0.544000 0.352000 0.005600
0.552800 0.352000 0.007200
0.561600 0.352800 0.005600
0.571200 0.353600 0.005600
0.580000 0.354400 0.006400
0.600000 0.354400 0.005600
0.608800 0.354400 0.005600
0.616800 0.354400 0.005600
0.625600 0.354400 0.005600
0.633600 0.354400 0.008800
0.638400 0.354400 0.003200
0.648000 0.354400 0.007200
0.590400 0.355200 0.006400
0.660800 0.355200 0.005600
0.680800 0.355200 0.008800
0.704800 0.355200 0.003200
0.709600 0.355200 0.008000
0.737600 0.355200 0.005600
0.669600 0.356000 0.008000
0.696000 0.356000 0.007200
0.718400 0.356000 0.005600
0.726400 0.356000 0.008800
0.746400 0.356000 0.005600
0.155200 0.356800 0.010400
0.162400 0.356800 0.004800
0.168800 0.356800 0.005600
0.186400 0.356800 0.003200
0.200000 0.356800 0.011200
0.767200 0.356800 0.005600
0.779200 0.356800 0.008000
0.179200 0.357600 0.007200
0.191200 0.357600 0.007200
0.227200 0.357600 0.008800
0.234400 0.357600 0.008800
0.240000 0.357600 0.009600
0.279200 0.357600 0.005600
0.367200 0.357600 0.005600
0.755200 0.357600 0.007200
0.800000 0.357600 0.008800
0.208000 0.358400 0.004800
0.214400 0.358400 0.010400
0.222400 0.358400 0.008800
0.246400 0.358400 0.008000
0.260800 0.358400 0.004000
0.267200 0.358400 0.008800
0.272800 0.358400 0.005600
0.288000 0.358400 0.007200
0.299200 0.358400 0.008800
0.307200 0.358400 0.005600
0.327200 0.358400 0.008800
0.335200 0.358400 0.005600
0.342400 0.358400 0.005600
0.348000 0.358400 0.003200
0.788800 0.358400 0.007200
0.813600 0.358400 0.007200
0.822400 0.358400 0.005600
0.830400 0.358400 0.005600
0.843200 0.358400 0.005600
0.852000 0.358400 0.007200
0.313600 0.359200 0.010400
0.353600 0.359200 0.003200
0.359200 0.359200 0.005600
0.376800 0.359200 0.005600
0.396000 0.359200 0.005600
0.836800 0.359200 0.005600
0.385600 0.360000 0.007200
0.404800 0.360000 0.008000
0.908000 0.364000 0.011200
0.920800 0.364000 0.005600
0.928800 0.364000 0.013600
0.937600 0.364000 0.005600
0.522400 0.364800 0.007200
0.532800 0.366400 0.005600
0.541600 0.366400 0.008000
0.552800 0.366400 0.008000
0.556800 0.366400 0.007200
0.566400 0.367200 0.007200
0.578400 0.367200 0.005600
0.589600 0.367200 0.007200
0.600800 0.368800 0.006400
0.610400 0.368800 0.005600
0.620000 0.368800 0.005600
0.628800 0.368800 0.005600
0.637600 0.369600 0.007200
0.648000 0.369600 0.008800
0.658400 0.369600 0.008000
0.278400 0.370400 0.007200
0.669600 0.370400 0.005600
0.845600 0.370400 0.007200
0.855200 0.370400 0.008000
0.157600 0.371200 0.008800
0.166400 0.371200 0.007200
0.176000 0.371200 0.008800
0.184800 0.371200 0.005600
0.192800 0.371200 0.005600
0.267200 0.371200 0.008800
0.287200 0.371200 0.005600
0.409600 0.371200 0.008800
0.679200 0.371200 0.005600
0.687200 0.371200 0.005600
0.693600 0.371200 0.005600
0.724800 0.371200 0.005600
0.731200 0.371200 0.011200
0.756800 0.371200 0.007200
0.769600 0.371200 0.007200
0.781600 0.371200 0.008000
0.836800 0.371200 0.007200
0.860800 0.371200 0.012800
0.200000 0.372000 0.008800
0.205600 0.372000 0.003200
0.225600 0.372000 0.007200
0.233600 0.372000 0.010400
0.239200 0.372000 0.008800
0.260000 0.372000 0.005600
0.294400 0.372000 0.010400
0.308000 0.372000 0.008800
0.320800 0.372000 0.007200
0.330400 0.372000 0.005600
0.339200 0.372000 0.005600
0.384000 0.372000 0.005600
0.391200 0.372000 0.003200
0.397600 0.372000 0.005600
0.404800 0.372000 0.008800
0.703200 0.372000 0.007200
0.715200 0.372000 0.007200
0.741600 0.372000 0.010400
0.746400 0.372000 0.008000
0.814400 0.372000 0.004800
0.824800 0.372000 0.008000
0.211200 0.372800 0.008800
0.251200 0.372800 0.008800
0.349600 0.372800 0.007200
0.360000 0.372800 0.008800
0.796800 0.372800 0.008000
0.808000 0.372800 0.005600
0.366400 0.373600 0.003200
0.374400 0.373600 0.007200
0.517600 0.376800 0.007200
0.528800 0.377600 0.006400
0.539200 0.378400 0.006400
0.549600 0.378400 0.005600
0.559200 0.379200 0.007200
0.584800 0.380000 0.007200
0.574400 0.380800 0.007200
0.599200 0.381600 0.008800
0.609600 0.381600 0.007200
0.619200 0.381600 0.005600
0.630400 0.382400 0.007200
0.640000 0.382400 0.005600
0.912000 0.382400 0.011200
0.922400 0.383200 0.011200
0.154400 0.385600 0.009600
0.200000 0.386400 0.008800
0.179200 0.387200 0.007200
0.191200 0.387200 0.007200
0.212000 0.387200 0.008800
0.224000 0.387200 0.008800
0.232800 0.387200 0.005600
0.168800 0.388000 0.007200
0.844000 0.404800 0.007200
0.854400 0.404800 0.007200
0.864800 0.404800 0.008800
0.788800 0.405600 0.005600
0.797600 0.405600 0.008800
0.803200 0.405600 0.008800
0.824800 0.405600 0.007200
0.834400 0.405600 0.005600
0.938400 0.405600 0.003200
0.946400 0.405600 0.007200
0.966400 0.405600 0.008800
0.762400 0.406400 0.008800
0.772800 0.406400 0.008800
0.777600 0.406400 0.008800
0.813600 0.406400 0.007200
0.872800 0.406400 0.005600
0.884800 0.406400 0.007200
0.904800 0.406400 0.008000
0.919200 0.406400 0.007200
0.930400 0.406400 0.007200
0.956800 0.406400 0.005600
0.630400 0.407200 0.003200
0.637600 0.407200 0.005600
0.691200 0.407200 0.007200
0.700000 0.407200 0.003200
0.706400 0.407200 0.005600
0.718400 0.407200 0.008000
0.748000 0.407200 0.007200
0.895200 0.407200 0.007200
0.086400 0.408000 0.007200
0.138400 0.408000 0.005600
0.551200 0.408000 0.005600
0.592000 0.408000 0.008800
0.645600 0.408000 0.005600
0.654400 0.408000 0.005600
0.664800 0.408000 0.007200
0.737600 0.408000 0.005600
0.096000 0.408800 0.007200
0.116000 0.408800 0.005600
0.125600 0.408800 0.008800
0.164000 0.408800 0.006400
0.175200 0.408800 0.007200
0.183200 0.408800 0.003200
0.189600 0.408800 0.005600
0.284000 0.408800 0.005600
0.451200 0.408800 0.008800
0.560800 0.408800 0.005600
0.570400 0.408800 0.005600
0.579200 0.408800 0.005600
0.587200 0.408800 0.008800
0.600000 0.408800 0.007200
0.612000 0.408800 0.005600
0.623200 0.408800 0.008800
0.676000 0.408800 0.008800
0.728800 0.408800 0.007200
0.106400 0.409600 0.005600
0.148000 0.409600 0.008800
0.197600 0.409600 0.005600
0.206400 0.409600 0.005600
0.213600 0.409600 0.005600
0.223200 0.409600 0.005600
0.248800 0.409600 0.008000
0.257600 0.409600 0.005600
0.267200 0.409600 0.005600
0.275200 0.409600 0.005600
0.293600 0.409600 0.005600
0.300800 0.409600 0.003200
0.308000 0.409600 0.005600
0.316800 0.409600 0.005600
0.324800 0.409600 0.005600
0.332000 0.409600 0.005600
0.340800 0.409600 0.005600
0.357600 0.409600 0.005600
0.365600 0.409600 0.005600
0.372000 0.409600 0.003200
0.393600 0.409600 0.005600
0.402400 0.409600 0.005600
0.409600 0.409600 0.005600
0.417600 0.409600 0.005600
0.425600 0.409600 0.005600
0.434400 0.409600 0.005600
0.442400 0.409600 0.005600
0.457600 0.409600 0.008800
0.468800 0.409600 0.005600
0.476800 0.409600 0.005600
0.485600 0.409600 0.005600
0.495200 0.409600 0.006400
0.505600 0.409600 0.005600
0.536800 0.409600 0.005600
0.544800 0.409600 0.005600
0.229600 0.410400 0.005600
0.237600 0.410400 0.005600
0.349600 0.410400 0.005600
0.377600 0.410400 0.005600
0.385600 0.410400 0.005600
0.514400 0.410400 0.005600
0.524000 0.410400 0.005600
0.828800 0.418400 0.006400
0.872000 0.418400 0.008000
0.789600 0.419200 0.005600
0.798400 0.419200 0.008800
0.811200 0.419200 0.008800
0.819200 0.419200 0.005600
0.838400 0.419200 0.005600
0.847200 0.419200 0.005600
0.856000 0.419200 0.008800
0.860800 0.419200 0.008800
0.884000 0.419200 0.007200
0.694400 0.420000 0.007200
0.716000 0.420000 0.005600
0.721600 0.420000 0.010400
0.758400 0.420000 0.007200
0.770400 0.420000 0.007200
0.780800 0.420000 0.005600
0.911200 0.420000 0.008800
0.946400 0.420000 0.007200
0.684800 0.420800 0.007200
0.706400 0.420800 0.007200
0.729600 0.420800 0.004800
0.737600 0.420800 0.007200
0.748800 0.420800 0.007200
0.893600 0.420800 0.005600
0.904000 0.420800 0.005600
0.920800 0.420800 0.005600
0.955200 0.420800 0.007200
0.965600 0.420800 0.005600
0.084800 0.421600 0.007200
0.396000 0.421600 0.005600
0.448000 0.421600 0.005600
0.573600 0.421600 0.005600
0.644000 0.421600 0.008800
0.666400 0.421600 0.007200
0.675200 0.421600 0.005600
0.932800 0.421600 0.008800
0.972000 0.421600 0.011200
0.150400 0.422400 0.007200
0.175200 0.422400 0.007200
0.276800 0.422400 0.006400
0.287200 0.422400 0.005600
0.295200 0.422400 0.008800
0.311200 0.422400 0.008000
0.388800 0.422400 0.005600
0.402400 0.422400 0.005600
0.430400 0.422400 0.007200
0.456800 0.422400 0.008800
0.481600 0.422400 0.006400
0.493600 0.422400 0.007200
0.520800 0.422400 0.005600
0.551200 0.422400 0.005600
0.582400 0.422400 0.005600
0.592000 0.422400 0.007200
0.602400 0.422400 0.007200
0.613600 0.422400 0.007200
0.623200 0.422400 0.005600
0.631200 0.422400 0.005600
0.653600 0.422400 0.007200
0.094400 0.423200 0.007200
0.102400 0.423200 0.005600
0.111200 0.423200 0.005600
0.131200 0.423200 0.004800
0.139200 0.423200 0.007200
0.159200 0.423200 0.005600
0.167200 0.423200 0.004800
0.188000 0.423200 0.006400
0.197600 0.423200 0.008800
0.203200 0.423200 0.008800
0.242400 0.423200 0.005600
0.250400 0.423200 0.005600
0.260000 0.423200 0.005600
0.268000 0.423200 0.005600
0.324800 0.423200 0.005600
0.332800 0.423200 0.005600
0.348800 0.423200 0.007200
0.359200 0.423200 0.005600
0.368000 0.423200 0.005600
0.375200 0.423200 0.008800
0.411200 0.423200 0.005600
0.420800 0.423200 0.005600
0.463200 0.423200 0.005600
0.472000 0.423200 0.005600
0.505600 0.423200 0.008000
0.532000 0.423200 0.007200
0.541600 0.423200 0.005600
0.564000 0.423200 0.008000
0.117600 0.424000 0.008800
0.123200 0.424000 0.007200
0.214400 0.424000 0.007200
0.234400 0.424000 0.005600
0.224800 0.424800 0.006400
0.443200 0.434400 0.008800
0.084000 0.435200 0.008000
0.104000 0.435200 0.007200
0.284000 0.435200 0.003200
0.318400 0.435200 0.007200
0.328800 0.435200 0.005600
0.344000 0.435200 0.007200
0.433600 0.435200 0.005600
0.456000 0.435200 0.008800
0.494400 0.435200 0.004000
0.501600 0.435200 0.004800
0.113600 0.436000 0.008000
0.174400 0.436000 0.005600
0.236800 0.436000 0.005600
0.243200 0.436000 0.003200
0.289600 0.436000 0.008000
0.308000 0.436000 0.005600
0.336000 0.436000 0.005600
0.354400 0.436000 0.005600
0.361600 0.436000 0.005600
0.369600 0.436000 0.006400
0.380800 0.436000 0.007200
0.393600 0.436000 0.008000
0.404000 0.436000 0.005600
0.425600 0.436000 0.005600
0.462400 0.436000 0.005600
0.470400 0.436000 0.005600
0.509600 0.436000 0.007200
0.520000 0.436000 0.006400
0.529600 0.436000 0.005600
0.097600 0.436800 0.008800
0.122400 0.436800 0.007200
0.133600 0.436800 0.007200
0.142400 0.436800 0.008800
0.156800 0.436800 0.005600
0.165600 0.436800 0.005600
0.183200 0.436800 0.005600
0.204000 0.436800 0.008000
0.210400 0.436800 0.003200
0.216800 0.436800 0.005600
0.277600 0.436800 0.008800
0.299200 0.436800 0.005600
0.413600 0.436800 0.008000
0.479200 0.436800 0.005600
0.488000 0.436800 0.005600
0.540000 0.436800 0.007200
0.550400 0.436800 0.008000
0.567200 0.436800 0.011200
0.617600 0.436800 0.009600
0.630400 0.436800 0.008800
0.669600 0.436800 0.008800
0.687200 0.436800 0.011200
0.192800 0.437600 0.007200
0.227200 0.437600 0.006400
0.253600 0.437600 0.008000
0.575200 0.437600 0.004800
0.582400 0.437600 0.005600
0.596800 0.437600 0.010400
0.610400 0.437600 0.005600
0.640000 0.437600 0.008800
0.654400 0.437600 0.011200
0.662400 0.437600 0.005600
0.680800 0.437600 0.005600
0.266400 0.438400 0.008000
0.589600 0.438400 0.005600
