1888
1888
1885
1888
1885
1888
1888
1888
1886
1886
1886
1886
1886
1886
1881
1881
1881
1881
1881
1881
1881
1881
1884
1884
1884
1882
1884
1884
1884
1884
1884
1884
1882
1883
1882
1883
1882
1882
1882
1882
1883
1883
1883
1883
1883
1883
1883
1880
1880
1880
1883
1880
1880
1880
1847
1847
1847
1847
1847
1847
1847
1847
1847
1847
1847
1847
1847
1847
1847
1847
1847
1847
1847
1847
1847
1847
1847
1847
1847
1847
1847
1847
1847
1847
1847
1847
1847
1847
1847
1847
1847
1847
1847
1847
1847
1847
1847
1847
1847
1847
1847
1847
1847
1847
1847
1847
1879
1876
1875
1879
1879
1879
1876
1876
1876
1876
1876
1876
1876
1876
1875
1875
1879
1878
1876
1876
1876
1876
1878
1878
1878
1878
1878
1877
1877
1877
1876
1878
1878
1878
1878
1878
1878
1878
1877
1877
1877
1877
1876
1878
1878
1877
1876
1876
1876
-1
1847
1847
1847
1847
1847
1847
1847
1847
1847
1847
1847
1847
1847
1847
1847
1847
1847
1847
1847
1847
1847
1847
1847
1847
1847
1847
1847
1847
1847
1847
1847
1847
1847
1847
1847
1847
1847
1847
1847
1847
1847
1847
1847
1847
1847
1847
1847
1847
1847
1847
1847
1873
1874
1871
1871
1871
1871
1871
1872
1872
1872
1872
1873
1873
1873
1873
1873
1873
1873
1874
1874
1874
1874
1874
1874
1874
1874
1874
1871
1871
1871
1872
1872
1872
1873
1873
1873
1874
1870
1871
1872
1872
1872
1869
1869
1869
1869
1869
1869
1869
1869
1847
1847
1847
1847
1847
1847
1847
1847
1847
1847
1847
1847
1847
1847
1847
1847
1847
1847
1847
1847
1847
1847
1847
1847
1847
1847
1847
1847
1847
1847
1847
1847
1847
1847
1847
1847
1847
1847
1847
1847
1847
1847
1847
1847
1847
1847
1847
1847
1868
1868
1868
1868
1867
1868
1868
1868
1868
1868
1868
1868
1868
1867
1867
1867
1867
1867
1868
1868
1866
1866
1866
1866
1866
1866
1866
1866
1866
1866
1847
1847
1847
1847
1847
1847
1847
1847
1847
1847
1847
1847
1847
1847
1847
1847
1847
1847
1847
1847
1847
1847
1847
1847
1847
1847
1847
1847
1847
1847
1847
1847
1847
1847
1847
1847
1847
1847
1847
1847
1847
1847
1847
1847
1847
1847
1847
1847
1864
1864
1864
1864
1864
1864
1864
1863
1863
1863
1865
1863
1863
1863
1863
1863
1863
1862
1865
1865
1865
1865
1863
1865
1865
1865
1865
1863
1847
1847
1847
1847
1847
1847
1847
1847
1847
1847
1847
1847
1847
1847
1847
1847
1847
1847
1847
1847
1847
1847
1847
1847
1847
1847
1847
1847
1847
1847
1847
1847
1847
1847
1847
1847
1847
1847
1847
1847
1847
1847
1847
1847
1847
1847
1847
1847
1847
1847
1847
1858
1857
1857
1861
1861
1857
1858
1858
1858
1858
1861
1861
1861
1861
1861
1861
1861
1856
1857
1857
1857
1857
1858
1858
1858
1858
1861
1857
1856
1859
1860
1856
1856
1856
1859
1861
1850
1850
1850
1850
1850
1850
1850
1850
1850
1850
1847
1847
1847
1847
1847
1847
1847
1847
1847
1847
1847
1847
1847
1847
1847
1847
1848
1847
1847
1847
1847
1847
1848
1848
1848
1848
1848
1847
1847
1847
1847
1847
1847
1847
1848
1848
1847
1847
1847
1847
1847
1847
1848
1848
1847
1847
1847
1847
1847
1847
1847
1847
1847
1847
1847
1847
1847
1847
1847
1847
1847
1847
1850
1850
1850
1850
1850
1850
1850
1848
1853
1848
1848
1848
1848
1853
1853
1853
1853
1853
1848
1853
1853
1853
1854
1854
1854
1854
1854
1852
1852
1852
1852
1854
1854
1854
1854
1852
1852
1852
1852
1852
1855
1855
1855
1855
1855
1855
1855
1855
1855
1847
1847
1847
1847
1847
1847
1847
1847
1847
1847
1847
1847
1847
1847
1847
1847
1847
1847
1847
1847
1847
1847
1847
1847
1847
1847
1847
1847
1847
1847
1847
1847
1847
1847
1847
1847
1847
1847
1847
1847
1847
1847
1847
1847
1847
1847
1847
1847
1847
1847
1847
1847
1847
1851
1851
1851
1851
1851
1851
1849
1849
1849
1849
1849
1849
1849
1849