0.215200 0.050400 0.018400
0.226400 0.050400 0.008800
0.249600 0.050400 0.016800
0.240000 0.051200 0.008800
0.172000 0.052000 0.016800
0.191200 0.052000 0.011200
0.864800 0.052000 0.005600
0.858400 0.052800 0.012800
0.874400 0.052800 0.013600
0.556000 0.067200 0.008800
0.581600 0.067200 0.003200
0.564800 0.068000 0.011200
0.572800 0.068000 0.007200
0.592000 0.068000 0.008800
0.600800 0.068000 0.008800
0.576800 0.068800 0.003200
0.684000 0.076800 0.008000
0.629600 0.078400 0.008800
0.639200 0.078400 0.007200
0.649600 0.078400 0.007200
0.660800 0.078400 0.008000
0.672800 0.078400 0.007200
0.696000 0.078400 0.006400
0.712800 0.078400 0.011200
0.705600 0.079200 0.005600
0.557600 0.082400 0.008000
0.814400 0.082400 0.012800
0.568000 0.083200 0.007200
0.595200 0.083200 0.005600
0.602400 0.083200 0.005600
0.612000 0.083200 0.008800
0.778400 0.083200 0.019200
0.790400 0.083200 0.008800
0.800800 0.083200 0.011200
0.805600 0.083200 0.015200
0.824000 0.083200 0.016000
0.828800 0.083200 0.011200
0.577600 0.084000 0.005600
0.587200 0.084000 0.005600
0.836800 0.084000 0.005600
0.848800 0.084000 0.009600
0.200000 0.088000 0.005600
0.523200 0.088000 0.008800
0.147200 0.088800 0.011200
0.183200 0.088800 0.005600
0.210400 0.088800 0.007200
0.512800 0.088800 0.005600
0.710400 0.088800 0.005600
0.155200 0.089600 0.012000
0.160000 0.089600 0.008800
0.170400 0.089600 0.009600
0.177600 0.089600 0.003200
0.192000 0.089600 0.005600
0.220000 0.089600 0.005600
0.474400 0.089600 0.012800
0.483200 0.089600 0.005600
0.492000 0.089600 0.007200
0.502400 0.089600 0.007200
0.672800 0.089600 0.005600
0.678400 0.089600 0.005600
0.687200 0.089600 0.005600
0.698400 0.089600 0.007200
0.229600 0.090400 0.006400
0.240000 0.090400 0.008800
0.720800 0.090400 0.008000
0.320800 0.092000 0.008800
0.620800 0.096000 0.006400
0.757600 0.100800 0.006400
0.149600 0.106400 0.011200
0.049600 0.107200 0.013600
0.179200 0.107200 0.005600
0.186400 0.107200 0.012800
0.218400 0.107200 0.011200
0.416000 0.107200 0.016800
0.054400 0.108000 0.016800
0.064000 0.108000 0.005600
0.076000 0.108000 0.016000
0.168800 0.108000 0.013600
0.200000 0.108000 0.011200
0.296800 0.108000 0.013600
0.304000 0.108000 0.012800
0.323200 0.108000 0.012000
0.343200 0.108000 0.010400
0.396000 0.108000 0.013600
0.548000 0.108000 0.011200
0.566400 0.108000 0.013600
0.236800 0.108800 0.011200
0.252800 0.108800 0.008800
0.268000 0.108800 0.009600
0.281600 0.108800 0.011200
0.359200 0.108800 0.011200
0.377600 0.108800 0.011200
0.425600 0.108800 0.004800
0.479200 0.108800 0.013600
0.499200 0.108800 0.012000
0.513600 0.108800 0.011200
0.586400 0.108800 0.013600
0.433600 0.109600 0.007200
0.444000 0.109600 0.007200
0.604000 0.109600 0.016800
0.664800 0.109600 0.008800
0.676800 0.109600 0.008800
0.455200 0.110400 0.008800
0.463200 0.110400 0.005600
0.614400 0.110400 0.004000
0.652800 0.110400 0.005600
0.690400 0.110400 0.013600
0.713600 0.110400 0.011200
0.855200 0.110400 0.019200
0.529600 0.111200 0.011200
0.641600 0.111200 0.008800
0.732800 0.111200 0.012800
0.749600 0.112000 0.011200
0.784000 0.112000 0.011200
0.796800 0.112000 0.012800
0.813600 0.112000 0.013600
0.842400 0.112000 0.016800
0.861600 0.112000 0.015200
0.624000 0.112800 0.014400
0.772800 0.112800 0.008800
0.822400 0.112800 0.005600
0.834400 0.112800 0.016000
0.761600 0.113600 0.008800
0.339200 0.124000 0.006400
0.248000 0.124800 0.006400
0.272000 0.124800 0.006400
0.314400 0.124800 0.007200
0.328000 0.124800 0.007200
0.348000 0.124800 0.005600
0.262400 0.125600 0.005600
0.282400 0.125600 0.005600
0.293600 0.125600 0.007200
0.304000 0.125600 0.005600
0.372800 0.128000 0.008800
0.384000 0.128000 0.008000
0.709600 0.129600 0.008800
0.792800 0.129600 0.008800
0.686400 0.130400 0.006400
0.698400 0.130400 0.008800
0.704000 0.130400 0.003200
0.803200 0.130400 0.007200
0.668000 0.131200 0.005600
0.676800 0.131200 0.006400
0.812800 0.131200 0.006400
0.824000 0.132000 0.008800
0.272000 0.134400 0.006400
0.252800 0.136000 0.005600
0.261600 0.136000 0.005600
0.295200 0.136000 0.005600
0.304800 0.136000 0.005600
0.315200 0.136000 0.005600
0.322400 0.136000 0.004800
0.773600 0.142400 0.008000
0.050400 0.146400 0.026400
0.064000 0.146400 0.011200
0.464000 0.148000 0.013600
0.198400 0.148800 0.019200
0.224800 0.148800 0.009600
0.400800 0.148800 0.016800
0.500800 0.148800 0.005600
0.584000 0.148800 0.011200
0.667200 0.148800 0.011200
0.868000 0.148800 0.024000
0.148000 0.149600 0.015200
0.239200 0.149600 0.008800
0.364000 0.149600 0.013600
0.380800 0.149600 0.011200
0.394400 0.149600 0.022400
0.412000 0.149600 0.008800
0.422400 0.149600 0.008800
0.435200 0.149600 0.007200
0.480000 0.149600 0.008800
0.490400 0.149600 0.007200
0.511200 0.149600 0.008800
0.523200 0.149600 0.008800
0.535200 0.149600 0.008800
0.547200 0.149600 0.016800
0.602400 0.149600 0.012800
0.619200 0.149600 0.011200
0.635200 0.149600 0.009600
0.650400 0.149600 0.011200
0.192000 0.150400 0.005600
0.289600 0.150400 0.008800
0.320000 0.150400 0.013600
0.554400 0.150400 0.022400
0.568000 0.150400 0.011200
0.168000 0.151200 0.011200
0.180800 0.151200 0.008800
0.209600 0.151200 0.008800
0.250400 0.151200 0.007200
0.261600 0.151200 0.008800
0.270400 0.151200 0.005600
0.280000 0.151200 0.005600
0.303200 0.151200 0.011200
0.446400 0.151200 0.008800
0.682400 0.151200 0.005600
0.691200 0.151200 0.005600
0.709600 0.151200 0.007200
0.758400 0.151200 0.022400
0.343200 0.152000 0.013600
0.700800 0.152000 0.005600
0.719200 0.152000 0.015200
0.739200 0.152000 0.013600
0.857600 0.152000 0.029600
0.789600 0.152800 0.013600
0.806400 0.153600 0.011200
0.821600 0.153600 0.011200
0.836000 0.154400 0.011200
0.096000 0.167200 0.028000
0.108800 0.167200 0.029600
0.148800 0.168800 0.008800
0.161600 0.169600 0.008000
0.171200 0.170400 0.006400
0.525600 0.170400 0.010400
0.181600 0.171200 0.005600
0.192000 0.171200 0.008000
0.470400 0.171200 0.008800
0.512800 0.171200 0.007200
0.324000 0.172000 0.008800
0.480800 0.172000 0.007200
0.503200 0.172000 0.008800
0.533600 0.172000 0.011200
0.336000 0.172800 0.007200
0.491200 0.172800 0.008800
0.539200 0.172800 0.009600
0.345600 0.173600 0.005600
0.354400 0.173600 0.007200
0.652000 0.176000 0.008000
0.678400 0.176000 0.008800
0.691200 0.176000 0.006400
0.701600 0.176000 0.005600
0.629600 0.176800 0.008000
0.639200 0.176800 0.007200
0.663200 0.176800 0.008800
0.714400 0.176800 0.008800
0.746400 0.180000 0.008000
0.780000 0.180000 0.011200
0.726400 0.180800 0.005600
0.733600 0.180800 0.008800
0.772800 0.180800 0.004800
0.599200 0.181600 0.005600
0.756000 0.181600 0.005600
0.764800 0.181600 0.005600
0.151200 0.186400 0.013600
0.176000 0.188000 0.012800
0.366400 0.188800 0.008800
0.405600 0.188800 0.022400
0.188800 0.189600 0.008800
0.202400 0.189600 0.008800
0.379200 0.189600 0.008800
0.264800 0.190400 0.013600
0.283200 0.190400 0.019200
0.393600 0.190400 0.011200
0.214400 0.191200 0.008000
0.228800 0.191200 0.011200
0.246400 0.191200 0.011200
0.329600 0.191200 0.014400
0.348800 0.191200 0.013600
0.308800 0.192000 0.008800
0.319200 0.192800 0.007200
0.357600 0.192800 0.005600
0.435200 0.192800 0.013600
0.449600 0.192800 0.022400
0.568000 0.193600 0.011200
0.457600 0.194400 0.005600
0.470400 0.194400 0.011200
0.484800 0.194400 0.011200
0.498400 0.194400 0.013600
0.536000 0.195200 0.011200
0.580800 0.195200 0.011200
0.596000 0.195200 0.011200
0.611200 0.195200 0.008800
0.621600 0.195200 0.007200
0.650400 0.195200 0.008800
0.668800 0.195200 0.012800
0.686400 0.195200 0.013600
0.804800 0.195200 0.019200
0.516800 0.196000 0.016800
0.552000 0.196000 0.011200
0.636000 0.196000 0.011200
0.425600 0.196800 0.004000
0.708000 0.196800 0.013600
0.784800 0.196800 0.013600
0.420000 0.197600 0.011200
0.744000 0.197600 0.012800
0.771200 0.197600 0.012800
0.812000 0.197600 0.016800
0.853600 0.197600 0.016800
0.730400 0.198400 0.011200
0.753600 0.198400 0.005600
0.762400 0.198400 0.012800
0.831200 0.198400 0.013600
0.792800 0.221600 0.008800
0.804000 0.223200 0.008000
0.816000 0.224000 0.008800
0.656000 0.227200 0.013600
0.661600 0.227200 0.008000
0.766400 0.229600 0.012000
0.156800 0.232000 0.028000
0.252000 0.232000 0.026400
0.148800 0.232800 0.020800
0.244000 0.233600 0.024800
0.267200 0.233600 0.013600
0.176800 0.234400 0.027200
0.225600 0.234400 0.021600
0.363200 0.234400 0.019200
0.193600 0.235200 0.012800
0.211200 0.236000 0.011200
0.283200 0.236000 0.024800
0.296000 0.236800 0.019200
0.349600 0.236800 0.024800
0.446400 0.236800 0.014400
0.760000 0.236800 0.005600
0.321600 0.237600 0.024800
0.338400 0.237600 0.019200
0.411200 0.237600 0.011200
0.422400 0.237600 0.007200
0.453600 0.237600 0.020000
0.623200 0.237600 0.013600
0.386400 0.238400 0.014400
0.403200 0.238400 0.004800
0.430400 0.238400 0.003200
0.465600 0.238400 0.008800
0.480000 0.238400 0.013600
0.499200 0.238400 0.011200
0.512000 0.238400 0.024000
0.572800 0.238400 0.023200
0.397600 0.239200 0.011200
0.529600 0.239200 0.024000
0.556800 0.239200 0.013600
0.586400 0.239200 0.019200
0.638400 0.239200 0.013600
0.699200 0.239200 0.016800
0.721600 0.239200 0.019200
0.737600 0.239200 0.011200
0.752000 0.239200 0.024000
0.858400 0.239200 0.008800
0.436000 0.240000 0.019200
0.542400 0.240000 0.008800
0.604800 0.240000 0.013600
0.656800 0.240000 0.016800
0.676800 0.240000 0.016000
0.710400 0.240000 0.005600
0.793600 0.240000 0.008800
0.808000 0.240000 0.011200
0.836800 0.240000 0.019200
0.847200 0.240000 0.018400
0.783200 0.240800 0.016000
0.827200 0.240800 0.013600
0.872800 0.240800 0.022400
0.771200 0.241600 0.008800
0.219200 0.260000 0.008000
0.228000 0.260800 0.005600
0.237600 0.260800 0.007200
0.464000 0.260800 0.008000
0.474400 0.261600 0.006400
0.484000 0.261600 0.008800
0.788000 0.261600 0.005600
0.672000 0.262400 0.008000
0.778400 0.262400 0.007200
0.796800 0.262400 0.008800
0.204000 0.263200 0.009600
0.681600 0.263200 0.006400
0.691200 0.263200 0.007200
0.740800 0.272800 0.016800
0.149600 0.273600 0.016000
0.172000 0.274400 0.012800
0.188800 0.274400 0.016800
0.627200 0.274400 0.013600
0.441600 0.275200 0.005600
0.451200 0.275200 0.005600
0.269600 0.276000 0.011200
0.282400 0.276000 0.008800
0.210400 0.276800 0.011200
0.251200 0.276800 0.012800
0.415200 0.276800 0.013600
0.500000 0.276800 0.008800
0.510400 0.276800 0.008800
0.568000 0.276800 0.004000
0.575200 0.276800 0.013600
0.228000 0.277600 0.012800
0.293600 0.277600 0.008800
0.345600 0.277600 0.013600
0.376000 0.277600 0.008800
0.431200 0.277600 0.016800
0.524000 0.277600 0.018400
0.609600 0.277600 0.016800
0.647200 0.277600 0.011200
0.703200 0.277600 0.012800
0.743200 0.277600 0.016800
0.307200 0.278400 0.008800
0.319200 0.278400 0.007200
0.330400 0.278400 0.016800
0.354400 0.278400 0.017600
0.392000 0.278400 0.012000
0.397600 0.278400 0.011200
0.476800 0.278400 0.011200
0.486400 0.278400 0.019200
0.546400 0.278400 0.011200
0.590400 0.278400 0.016800
0.658400 0.278400 0.005600
0.668000 0.278400 0.014400
0.732000 0.278400 0.005600
0.769600 0.278400 0.020800
0.811200 0.278400 0.013600
0.863200 0.278400 0.018400
0.365600 0.279200 0.008800
0.463200 0.279200 0.010400
0.533600 0.279200 0.008800
0.560000 0.279200 0.013600
0.684000 0.279200 0.011200
0.721600 0.279200 0.016800
0.795200 0.279200 0.008800
0.852800 0.279200 0.008800
0.759200 0.280000 0.005600
0.784000 0.280000 0.011200
0.829600 0.280800 0.013600
0.840000 0.281600 0.019200
0.146400 0.298400 0.011200
0.154400 0.298400 0.005600
0.497600 0.298400 0.005600
0.162400 0.299200 0.011200
0.334400 0.299200 0.008800
0.504800 0.299200 0.005600
0.453600 0.300000 0.004000
0.512000 0.300000 0.010400
0.525600 0.300000 0.005600
0.542400 0.300000 0.005600
0.736000 0.300000 0.007200
0.344800 0.300800 0.008000
0.533600 0.300800 0.004800
0.554400 0.300800 0.005600
0.561600 0.300800 0.005600
0.572800 0.300800 0.008000
0.746400 0.300800 0.005600
0.788800 0.300800 0.008800
0.801600 0.300800 0.007200
0.811200 0.300800 0.005600
0.817600 0.300800 0.010400
0.828000 0.300800 0.007200
0.839200 0.300800 0.007200
0.848800 0.300800 0.005600
0.429600 0.301600 0.007200
0.439200 0.301600 0.005600
0.447200 0.301600 0.005600
0.582400 0.301600 0.005600
0.592000 0.301600 0.007200
0.601600 0.301600 0.008800
0.753600 0.301600 0.011200
0.857600 0.304800 0.014400
0.719200 0.306400 0.007200
0.728000 0.306400 0.004000
0.776000 0.306400 0.007200
0.372000 0.307200 0.010400
0.868800 0.309600 0.008000
0.879200 0.310400 0.008000
0.888800 0.312000 0.005600
0.898400 0.312800 0.007200
0.907200 0.313600 0.014400
0.473600 0.315200 0.014400
0.481600 0.315200 0.005600
0.233600 0.316000 0.017600
0.246400 0.316000 0.019200
0.521600 0.316000 0.011200
0.150400 0.316800 0.013600
0.298400 0.316800 0.011200
0.392000 0.316800 0.008800
0.427200 0.316800 0.011200
0.491200 0.316800 0.005600
0.500000 0.316800 0.008800
0.511200 0.316800 0.005600
0.280000 0.317600 0.011200
0.368800 0.317600 0.019200
0.406400 0.317600 0.013600
0.413600 0.317600 0.016800
0.452000 0.317600 0.015200
0.537600 0.317600 0.008800
0.548000 0.317600 0.005600
0.616800 0.317600 0.011200
0.169600 0.318400 0.011200
0.188000 0.318400 0.008800
0.200000 0.318400 0.008800
0.212800 0.318400 0.013600
0.222400 0.318400 0.016800
0.350400 0.318400 0.012800
0.379200 0.318400 0.008000
0.555200 0.318400 0.004800
0.631200 0.318400 0.008800
0.640800 0.318400 0.016000
0.720800 0.318400 0.011200
0.263200 0.319200 0.012000
0.312800 0.319200 0.011200
0.330400 0.319200 0.011200
0.564800 0.319200 0.012800
0.591200 0.319200 0.011200
0.601600 0.319200 0.005600
0.650400 0.319200 0.008800
0.661600 0.319200 0.015200
0.703200 0.319200 0.011200
0.739200 0.319200 0.011200
0.754400 0.319200 0.011200
0.764000 0.319200 0.016800
0.777600 0.319200 0.008000
0.810400 0.319200 0.011200
0.825600 0.319200 0.008800
0.836000 0.319200 0.008800
0.577600 0.320000 0.011200
0.669600 0.320000 0.013600
0.682400 0.320000 0.016000
0.790400 0.320000 0.011200
0.848000 0.320000 0.008800
0.861600 0.321600 0.011200
0.193600 0.334400 0.007200
0.477600 0.334400 0.007200
0.172000 0.335200 0.007200
0.183200 0.335200 0.007200
0.206400 0.335200 0.005600
0.486400 0.335200 0.005600
0.495200 0.335200 0.007200
0.515200 0.335200 0.005600
0.524000 0.335200 0.005600
0.531200 0.335200 0.004800
0.215200 0.336000 0.005600
0.223200 0.336000 0.008800
0.228800 0.336000 0.004000
0.250400 0.336000 0.007200
0.508000 0.336000 0.008800
0.240800 0.336800 0.007200
0.264000 0.336800 0.006400
0.273600 0.336800 0.005600
0.560800 0.336800 0.007200
0.571200 0.336800 0.008000
0.650400 0.336800 0.008000
0.823200 0.336800 0.007200
0.584000 0.337600 0.007200
0.593600 0.337600 0.005600
0.600000 0.337600 0.005600
0.608800 0.337600 0.005600
0.638400 0.337600 0.008000
0.660000 0.337600 0.010400
0.664800 0.337600 0.008800
0.712800 0.337600 0.007200
0.721600 0.337600 0.005600
0.832000 0.337600 0.008800
0.674400 0.338400 0.005600
0.694400 0.338400 0.007200
0.701600 0.338400 0.008800
0.733600 0.338400 0.008000
0.744000 0.338400 0.007200
0.753600 0.338400 0.008800
0.846400 0.338400 0.006400
0.300000 0.339200 0.005600
0.316800 0.339200 0.008000
0.619200 0.339200 0.008800
0.855200 0.339200 0.005600
0.284800 0.340000 0.005600
0.292000 0.340000 0.005600
0.306400 0.340000 0.008000
0.865600 0.340000 0.008800
0.879200 0.344800 0.005600
0.817600 0.345600 0.005600
0.810400 0.346400 0.005600
0.163200 0.350400 0.022400
0.149600 0.352000 0.011200
0.199200 0.352000 0.012800
0.220000 0.352800 0.011200
0.180800 0.353600 0.012800
0.235200 0.353600 0.008800
0.246400 0.353600 0.016800
0.259200 0.353600 0.015200
0.268800 0.353600 0.013600
0.431200 0.353600 0.008800
0.185600 0.354400 0.016800
0.276000 0.354400 0.013600
0.440800 0.354400 0.016800
0.286400 0.355200 0.013600
0.296800 0.355200 0.008800
0.309600 0.355200 0.009600
0.325600 0.355200 0.011200
0.419200 0.355200 0.018400
0.486400 0.355200 0.015200
0.897600 0.355200 0.012800
0.912000 0.355200 0.011200
0.360800 0.356000 0.011200
0.392000 0.356000 0.024000
0.455200 0.356000 0.019200
0.465600 0.356000 0.019200
0.545600 0.356000 0.013600
0.586400 0.356000 0.013600
0.604000 0.356000 0.012800
0.675200 0.356000 0.016000
0.344800 0.356800 0.011200
0.376800 0.356800 0.011200
0.405600 0.356800 0.022400
0.506400 0.356800 0.013600
0.563200 0.356800 0.011200
0.578400 0.356800 0.015200
0.665600 0.356800 0.015200
0.827200 0.356800 0.012000
0.864000 0.356800 0.013600
0.878400 0.356800 0.011200
0.926400 0.356800 0.011200
0.525600 0.357600 0.011200
0.620800 0.357600 0.013600
0.645600 0.357600 0.013600
0.692800 0.357600 0.013600
0.723200 0.357600 0.011200
0.751200 0.357600 0.012800
0.769600 0.357600 0.013600
0.839200 0.357600 0.016800
0.852800 0.357600 0.010400
0.941600 0.357600 0.008800
0.952800 0.357600 0.008800
0.961600 0.357600 0.013600
0.684800 0.358400 0.005600
0.787200 0.358400 0.011200
0.705600 0.359200 0.011200
0.738400 0.359200 0.008800
0.806400 0.359200 0.012800
0.975200 0.360800 0.011200
0.962400 0.376800 0.008800
0.929600 0.378400 0.011200
0.952000 0.378400 0.014400
0.148800 0.387200 0.017600
0.172800 0.387200 0.008800
0.428000 0.387200 0.008800
0.160000 0.388000 0.008000
0.187200 0.388000 0.008800
0.203200 0.388000 0.008800
0.268000 0.388000 0.008800
0.324800 0.388000 0.019200
0.339200 0.388000 0.005600
0.370400 0.388000 0.005600
0.412800 0.388000 0.003200
0.417600 0.388000 0.008000
0.197600 0.388800 0.003200
0.212000 0.388800 0.005600
0.232000 0.388800 0.005600
0.256800 0.388800 0.008000
0.304000 0.388800 0.008800
0.314400 0.388800 0.007200
0.330400 0.388800 0.013600
0.348000 0.388800 0.013600
0.361600 0.388800 0.005600
0.380800 0.388800 0.007200
0.390400 0.388800 0.005600
0.399200 0.388800 0.005600
0.407200 0.388800 0.005600
0.223200 0.389600 0.008000
0.244800 0.389600 0.008800
0.280000 0.389600 0.008800
0.291200 0.389600 0.008800
0.352800 0.389600 0.013600
0.444800 0.389600 0.011200
0.458400 0.390400 0.005600
0.466400 0.390400 0.013600
0.541600 0.390400 0.011200
0.491200 0.391200 0.008800
0.564000 0.391200 0.005600
0.476800 0.392000 0.008800
0.502400 0.392000 0.007200
0.555200 0.392000 0.007200
0.583200 0.392000 0.008800
0.651200 0.392000 0.008800
0.660800 0.392000 0.007200
0.512800 0.392800 0.007200
0.521600 0.392800 0.014400
0.573600 0.392800 0.007200
0.597600 0.392800 0.009600
0.613600 0.392800 0.008800
0.912800 0.392800 0.028800
0.925600 0.392800 0.008000
0.625600 0.393600 0.008000
0.638400 0.393600 0.008000
0.672800 0.393600 0.008800
0.685600 0.394400 0.007200
0.696000 0.394400 0.007200
0.717600 0.394400 0.005600
0.727200 0.394400 0.005600
0.736800 0.394400 0.013600
0.788800 0.394400 0.016800
0.708800 0.395200 0.008800
0.756800 0.395200 0.011200
0.776000 0.395200 0.018400
0.781600 0.395200 0.013600
0.767200 0.396000 0.007200
0.799200 0.396000 0.007200
0.809600 0.396800 0.007200
0.819200 0.396800 0.015200
0.834400 0.396800 0.010400
0.876000 0.396800 0.011200
0.864000 0.397600 0.011200
0.869600 0.397600 0.016800
0.848000 0.399200 0.013600
0.856800 0.399200 0.005600
0.580000 0.409600 0.008000
0.591200 0.411200 0.008000
0.631200 0.411200 0.005600
0.637600 0.411200 0.010400
0.600800 0.412000 0.011200
0.651200 0.412000 0.008800
0.663200 0.412000 0.011200
0.692800 0.412000 0.008000
0.622400 0.412800 0.012000
0.680800 0.412800 0.008800
0.711200 0.412800 0.005600
0.718400 0.412800 0.010400
0.615200 0.413600 0.011200
0.704000 0.413600 0.011200
0.729600 0.414400 0.008800
0.740000 0.415200 0.008800
