0.211200 0.062400 0.018400
0.200000 0.063200 0.008800
0.176800 0.064800 0.005600
0.186400 0.064800 0.008800
0.148800 0.065600 0.023200
0.165600 0.065600 0.008800
0.840000 0.069600 0.012800
0.855200 0.070400 0.013600
0.477600 0.079200 0.018400
0.491200 0.080000 0.011200
0.500800 0.080000 0.008800
0.513600 0.080800 0.008800
0.523200 0.082400 0.016800
0.528800 0.083200 0.011200
0.818400 0.091200 0.015200
0.828000 0.091200 0.007200
0.838400 0.092000 0.007200
0.849600 0.092000 0.007200
0.859200 0.092000 0.008800
0.319200 0.093600 0.003200
0.404000 0.093600 0.009600
0.871200 0.093600 0.011200
0.297600 0.094400 0.011200
0.311200 0.094400 0.010400
0.381600 0.094400 0.007200
0.392000 0.094400 0.007200
0.325600 0.095200 0.008800
0.170400 0.096000 0.009600
0.336000 0.096000 0.011200
0.350400 0.096000 0.007200
0.360000 0.096000 0.006400
0.369600 0.096000 0.007200
0.133600 0.096800 0.013600
0.142400 0.096800 0.011200
0.149600 0.096800 0.003200
0.156800 0.096800 0.011200
0.238400 0.096800 0.011200
0.600000 0.115200 0.011200
0.448800 0.116000 0.016000
0.468000 0.116000 0.011200
0.481600 0.116000 0.016800
0.564800 0.116000 0.013600
0.616800 0.116000 0.011200
0.674400 0.116000 0.008800
0.688000 0.116000 0.008800
0.761600 0.116000 0.021600
0.333600 0.116800 0.004800
0.365600 0.116800 0.012800
0.382400 0.116800 0.008800
0.500000 0.116800 0.008800
0.548800 0.116800 0.013600
0.573600 0.116800 0.005600
0.584000 0.116800 0.008800
0.632800 0.116800 0.008800
0.648800 0.116800 0.011200
0.661600 0.116800 0.008800
0.708000 0.116800 0.013600
0.725600 0.116800 0.016000
0.748800 0.116800 0.011200
0.821600 0.116800 0.013600
0.855200 0.116800 0.019200
0.236800 0.117600 0.013600
0.340000 0.117600 0.005600
0.396800 0.117600 0.019200
0.405600 0.117600 0.005600
0.510400 0.117600 0.005600
0.518400 0.117600 0.015200
0.535200 0.117600 0.011200
0.734400 0.117600 0.016800
0.776000 0.117600 0.020800
0.789600 0.117600 0.008800
0.813600 0.117600 0.005600
0.839200 0.117600 0.013600
0.863200 0.117600 0.016800
0.259200 0.118400 0.012800
0.278400 0.118400 0.011200
0.294400 0.118400 0.011200
0.309600 0.118400 0.008800
0.321600 0.118400 0.009600
0.420000 0.118400 0.018400
0.430400 0.118400 0.007200
0.802400 0.118400 0.008800
0.164000 0.119200 0.011200
0.180800 0.119200 0.010400
0.196000 0.119200 0.009600
0.210400 0.119200 0.008800
0.223200 0.119200 0.008800
0.352800 0.119200 0.009600
0.438400 0.119200 0.005600
0.136000 0.120000 0.013600
0.151200 0.120000 0.009600
0.602400 0.137600 0.013600
0.608800 0.137600 0.008800
0.621600 0.137600 0.008800
0.630400 0.137600 0.005600
0.640800 0.137600 0.007200
0.727200 0.137600 0.008800
0.737600 0.137600 0.007200
0.748800 0.137600 0.007200
0.759200 0.137600 0.008800
0.771200 0.137600 0.008800
0.500000 0.138400 0.008800
0.592800 0.138400 0.008800
0.653600 0.138400 0.008800
0.136000 0.139200 0.008800
0.146400 0.139200 0.008800
0.158400 0.139200 0.007200
0.165600 0.139200 0.005600
0.173600 0.139200 0.008800
0.184800 0.139200 0.007200
0.196000 0.139200 0.008800
0.424800 0.139200 0.008800
0.434400 0.139200 0.007200
0.488000 0.139200 0.007200
0.445600 0.140000 0.007200
0.476800 0.140000 0.007200
0.456000 0.140800 0.005600
0.465600 0.140800 0.007200
0.859200 0.149600 0.012000
0.076800 0.153600 0.007200
0.035200 0.154400 0.007200
0.046400 0.154400 0.008000
0.056800 0.154400 0.005600
0.065600 0.154400 0.008800
0.087200 0.154400 0.005600
0.095200 0.154400 0.007200
0.105600 0.154400 0.005600
0.113600 0.154400 0.012800
0.025600 0.155200 0.008000
0.249600 0.156800 0.014400
0.135200 0.157600 0.012800
0.153600 0.157600 0.011200
0.166400 0.157600 0.011200
0.192800 0.157600 0.008800
0.203200 0.157600 0.013600
0.221600 0.157600 0.013600
0.231200 0.157600 0.005600
0.241600 0.157600 0.014400
0.386400 0.157600 0.008800
0.397600 0.157600 0.024000
0.404000 0.157600 0.019200
0.181600 0.158400 0.010400
0.319200 0.158400 0.005600
0.364800 0.158400 0.011200
0.276000 0.159200 0.013600
0.295200 0.159200 0.011200
0.311200 0.159200 0.005600
0.349600 0.159200 0.009600
0.376800 0.159200 0.004800
0.416000 0.159200 0.008800
0.428000 0.159200 0.008800
0.484000 0.159200 0.005600
0.257600 0.160000 0.005600
0.267200 0.160000 0.006400
0.282400 0.160000 0.011200
0.304800 0.160000 0.011200
0.328000 0.160000 0.005600
0.336000 0.160000 0.012800
0.441600 0.160000 0.011200
0.474400 0.160000 0.012800
0.526400 0.160000 0.011200
0.544000 0.160000 0.011200
0.457600 0.160800 0.011200
0.495200 0.160800 0.013600
0.512000 0.160800 0.011200
0.556800 0.160800 0.005600
0.564800 0.160800 0.005600
0.572800 0.160800 0.012800
0.600800 0.160800 0.005600
0.588800 0.161600 0.011200
0.608000 0.161600 0.012800
0.623200 0.161600 0.013600
0.696800 0.161600 0.019200
0.705600 0.161600 0.004800
0.665600 0.162400 0.013600
0.683200 0.162400 0.012800
0.718400 0.162400 0.015200
0.740000 0.162400 0.013600
0.632000 0.163200 0.004800
0.642400 0.163200 0.015200
0.771200 0.163200 0.011200
0.777600 0.163200 0.004800
0.675200 0.164000 0.004800
0.756000 0.164000 0.013600
0.765600 0.164000 0.016000
0.788000 0.164000 0.011200
0.803200 0.164000 0.011200
0.653600 0.164800 0.008800
0.820800 0.164800 0.011200
0.840000 0.166400 0.012000
0.856800 0.166400 0.012000
0.107200 0.170400 0.011200
0.099200 0.171200 0.005600
0.060000 0.172000 0.006400
0.088000 0.172000 0.007200
0.037600 0.172800 0.003200
0.042400 0.172800 0.011200
0.050400 0.172800 0.005600
0.068800 0.172800 0.005600
0.077600 0.172800 0.005600
0.026400 0.173600 0.009600
0.296800 0.175200 0.005600
0.268000 0.176000 0.008000
0.305600 0.176000 0.005600
0.224800 0.176800 0.011200
0.277600 0.176800 0.007200
0.287200 0.176800 0.006400
0.316000 0.176800 0.007200
0.324800 0.176800 0.005600
0.341600 0.176800 0.012000
0.204800 0.177600 0.008800
0.213600 0.177600 0.008800
0.332800 0.177600 0.005600
0.173600 0.178400 0.007200
0.184800 0.178400 0.008800
0.192800 0.178400 0.011200
0.164000 0.179200 0.008800
0.132000 0.180000 0.013600
0.140800 0.180000 0.008800
0.151200 0.180000 0.008800
0.430400 0.180000 0.008800
0.484000 0.180000 0.007200
0.439200 0.180800 0.008000
0.450400 0.180800 0.007200
0.460800 0.180800 0.007200
0.495200 0.180800 0.007200
0.506400 0.180800 0.008800
0.472800 0.181600 0.007200
0.586400 0.181600 0.008000
0.596000 0.181600 0.006400
0.605600 0.181600 0.008800
0.618400 0.181600 0.008800
0.629600 0.181600 0.008000
0.644000 0.182400 0.007200
0.656000 0.182400 0.007200
0.674400 0.182400 0.012000
0.773600 0.182400 0.008800
0.667200 0.183200 0.008800
0.680000 0.183200 0.008800
0.787200 0.183200 0.008800
0.824800 0.183200 0.007200
0.797600 0.184000 0.007200
0.813600 0.184000 0.008800
0.834400 0.184000 0.005600
0.844000 0.184000 0.005600
0.806400 0.184800 0.007200
0.852800 0.184800 0.008800
0.863200 0.186400 0.008800
0.100800 0.187200 0.008800
0.033600 0.188800 0.007200
0.043200 0.188800 0.007200
0.079200 0.188800 0.008800
0.088800 0.188800 0.008800
0.024000 0.189600 0.008000
0.055200 0.189600 0.008000
0.074400 0.189600 0.011200
0.065600 0.190400 0.005600
0.268800 0.198400 0.013600
0.300000 0.199200 0.019200
0.310400 0.199200 0.018400
0.357600 0.199200 0.008800
0.171200 0.200000 0.013600
0.184000 0.200000 0.016800
0.194400 0.200000 0.013600
0.249600 0.200000 0.014400
0.286400 0.200000 0.008800
0.385600 0.200000 0.011200
0.564800 0.200000 0.005600
0.155200 0.200800 0.011200
0.214400 0.200800 0.008800
0.232000 0.200800 0.013600
0.276800 0.200800 0.004800
0.328000 0.200800 0.016000
0.370400 0.200800 0.011200
0.436000 0.200800 0.015200
0.558400 0.200800 0.019200
0.576000 0.200800 0.008800
0.716000 0.200800 0.005600
0.135200 0.201600 0.012800
0.204000 0.201600 0.016000
0.224800 0.201600 0.005600
0.241600 0.201600 0.004800
0.343200 0.201600 0.013600
0.393600 0.201600 0.003200
0.412800 0.201600 0.013600
0.418400 0.201600 0.013600
0.445600 0.201600 0.005600
0.516800 0.201600 0.005600
0.547200 0.201600 0.015200
0.705600 0.201600 0.008000
0.865600 0.201600 0.024800
0.398400 0.202400 0.003200
0.456800 0.202400 0.013600
0.473600 0.202400 0.011200
0.509600 0.202400 0.012800
0.587200 0.202400 0.004800
0.596000 0.202400 0.013600
0.609600 0.202400 0.011200
0.692800 0.202400 0.008800
0.834400 0.202400 0.011200
0.403200 0.203200 0.008800
0.486400 0.203200 0.013600
0.493600 0.203200 0.012800
0.530400 0.203200 0.011200
0.644800 0.203200 0.005600
0.652800 0.203200 0.005600
0.664800 0.203200 0.009600
0.680000 0.203200 0.008800
0.787200 0.203200 0.012800
0.848800 0.203200 0.010400
0.068000 0.204000 0.008800
0.620800 0.204000 0.005600
0.628800 0.204000 0.012800
0.636000 0.204000 0.005600
0.731200 0.204000 0.019200
0.768800 0.204000 0.013600
0.779200 0.204000 0.005600
0.803200 0.204000 0.011200
0.817600 0.204000 0.011200
0.876000 0.204000 0.020800
0.054400 0.204800 0.008000
0.085600 0.204800 0.008800
0.722400 0.204800 0.005600
0.742400 0.204800 0.007200
0.752800 0.204800 0.008800
0.761600 0.204800 0.005600
0.043200 0.205600 0.008000
0.200800 0.221600 0.005600
0.207200 0.221600 0.009600
0.452000 0.221600 0.011200
0.468000 0.221600 0.008800
0.480000 0.221600 0.008000
0.181600 0.222400 0.008800
0.192000 0.222400 0.007200
0.460800 0.222400 0.005600
0.491200 0.222400 0.007200
0.511200 0.222400 0.007200
0.523200 0.222400 0.007200
0.553600 0.222400 0.008800
0.633600 0.222400 0.008000
0.218400 0.223200 0.008800
0.232000 0.223200 0.007200
0.322400 0.223200 0.008800
0.501600 0.223200 0.007200
0.533600 0.223200 0.005600
0.543200 0.223200 0.005600
0.644000 0.223200 0.008000
0.654400 0.223200 0.007200
0.664800 0.223200 0.005600
0.671200 0.223200 0.005600
0.243200 0.224000 0.008800
0.264000 0.224000 0.011200
0.332000 0.224000 0.007200
0.352800 0.224000 0.008000
0.682400 0.224000 0.008000
0.253600 0.224800 0.008800
0.342400 0.224800 0.007200
0.364800 0.224800 0.005600
0.377600 0.224800 0.008800
0.692800 0.224800 0.006400
0.705600 0.224800 0.008800
0.714400 0.224800 0.005600
0.723200 0.225600 0.012800
0.728000 0.225600 0.008800
0.767200 0.225600 0.009600
0.409600 0.240000 0.016800
0.388000 0.240800 0.013600
0.428800 0.240800 0.011200
0.356800 0.241600 0.013600
0.476800 0.241600 0.004800
0.484800 0.241600 0.005600
0.596000 0.241600 0.024800
0.470400 0.242400 0.004000
0.507200 0.242400 0.008800
0.519200 0.242400 0.013600
0.524000 0.242400 0.011200
0.133600 0.243200 0.018400
0.147200 0.243200 0.004800
0.159200 0.243200 0.011200
0.174400 0.243200 0.013600
0.294400 0.243200 0.011200
0.315200 0.243200 0.005600
0.322400 0.243200 0.012000
0.329600 0.243200 0.011200
0.337600 0.243200 0.005600
0.345600 0.243200 0.011200
0.365600 0.243200 0.013600
0.373600 0.243200 0.005600
0.462400 0.243200 0.012000
0.494400 0.243200 0.008800
0.539200 0.243200 0.010400
0.567200 0.243200 0.008800
0.580800 0.243200 0.011200
0.603200 0.243200 0.005600
0.651200 0.243200 0.010400
0.705600 0.243200 0.005600
0.712800 0.243200 0.013600
0.184800 0.244000 0.004800
0.193600 0.244000 0.013600
0.229600 0.244000 0.012800
0.246400 0.244000 0.010400
0.261600 0.244000 0.010400
0.277600 0.244000 0.011200
0.447200 0.244000 0.011200
0.553600 0.244000 0.008800
0.617600 0.244000 0.018400
0.628800 0.244000 0.008800
0.637600 0.244000 0.005600
0.665600 0.244000 0.011200
0.680000 0.244000 0.008800
0.694400 0.244000 0.008800
0.209600 0.244800 0.011200
0.220800 0.244800 0.005600
0.609600 0.244800 0.004000
0.723200 0.244800 0.005600
0.734400 0.244800 0.008800
0.806400 0.244800 0.016800
0.836800 0.244800 0.008800
0.307200 0.245600 0.011200
0.752000 0.245600 0.013600
0.762400 0.245600 0.005600
0.769600 0.245600 0.012800
0.784800 0.245600 0.016800
0.793600 0.245600 0.018400
0.816800 0.245600 0.005600
0.823200 0.245600 0.011200
0.848000 0.245600 0.005600
0.860000 0.246400 0.011200
0.229600 0.260000 0.007200
0.352000 0.260000 0.007200
0.218400 0.260800 0.006400
0.241600 0.260800 0.007200
0.316000 0.260800 0.006400
0.327200 0.260800 0.006400
0.336000 0.260800 0.011200
0.341600 0.260800 0.010400
0.362400 0.260800 0.006400
0.200000 0.261600 0.008800
0.208800 0.261600 0.005600
0.252800 0.261600 0.006400
0.264800 0.261600 0.008000
0.307200 0.261600 0.007200
0.374400 0.262400 0.008000
0.385600 0.262400 0.008800
0.657600 0.262400 0.007200
0.676800 0.262400 0.006400
0.687200 0.262400 0.006400
0.708000 0.262400 0.008800
0.851200 0.262400 0.008800
0.666400 0.263200 0.006400
0.696800 0.263200 0.006400
0.821600 0.263200 0.009600
0.840800 0.264000 0.008800
0.834400 0.264800 0.011200
0.250400 0.280000 0.011200
0.268800 0.280000 0.011200
0.431200 0.280000 0.011200
0.180000 0.280800 0.013600
0.286400 0.280800 0.011200
0.303200 0.280800 0.011200
0.732800 0.280800 0.014400
0.148800 0.281600 0.008800
0.216000 0.281600 0.011200
0.234400 0.281600 0.011200
0.337600 0.281600 0.011200
0.359200 0.281600 0.012000
0.376000 0.281600 0.011200
0.412800 0.281600 0.011200
0.504000 0.281600 0.008800
0.514400 0.281600 0.005600
0.524800 0.281600 0.007200
0.754400 0.281600 0.011200
0.769600 0.281600 0.011200
0.814400 0.281600 0.012000
0.135200 0.282400 0.011200
0.164000 0.282400 0.011200
0.322400 0.282400 0.011200
0.394400 0.282400 0.012800
0.452000 0.282400 0.011200
0.467200 0.282400 0.011200
0.483200 0.282400 0.016800
0.496000 0.282400 0.015200
0.537600 0.282400 0.010400
0.631200 0.282400 0.008800
0.662400 0.282400 0.011200
0.680000 0.282400 0.010400
0.696000 0.282400 0.009600
0.784800 0.282400 0.011200
0.798400 0.282400 0.011200
0.200800 0.283200 0.010400
0.552000 0.283200 0.005600
0.564000 0.283200 0.011200
0.579200 0.283200 0.012800
0.611200 0.283200 0.008800
0.645600 0.283200 0.011200
0.713600 0.283200 0.011200
0.844800 0.283200 0.010400
0.598400 0.284000 0.008800
0.830400 0.284000 0.010400
0.620800 0.284800 0.005600
0.861600 0.284800 0.016800
0.409600 0.296800 0.005600
0.420000 0.297600 0.008000
0.435200 0.297600 0.007200
0.446400 0.297600 0.007200
0.280000 0.298400 0.008800
0.348800 0.298400 0.007200
0.456000 0.298400 0.005600
0.665600 0.298400 0.008800
0.707200 0.298400 0.007200
0.239200 0.299200 0.005600
0.248800 0.299200 0.007200
0.259200 0.299200 0.007200
0.268000 0.299200 0.005600
0.275200 0.299200 0.003200
0.287200 0.299200 0.005600
0.338400 0.299200 0.005600
0.679200 0.299200 0.008000
0.692800 0.299200 0.008800
0.719200 0.299200 0.006400
0.729600 0.299200 0.007200
0.219200 0.300000 0.006400
0.228800 0.300000 0.006400
0.296800 0.300000 0.007200
0.306400 0.300000 0.005600
0.314400 0.300000 0.005600
0.328800 0.300000 0.005600
0.360000 0.300000 0.007200
0.371200 0.300000 0.008000
0.463200 0.300000 0.005600
0.132800 0.300800 0.008000
0.144800 0.300800 0.008800
0.156800 0.300800 0.003200
0.181600 0.300800 0.006400
0.190400 0.300800 0.010400
0.196000 0.300800 0.008800
0.204800 0.300800 0.008800
0.209600 0.300800 0.008800
0.320800 0.300800 0.005600
0.471200 0.300800 0.005600
0.496800 0.300800 0.008000
0.162400 0.301600 0.005600
0.171200 0.302400 0.006400
0.713600 0.315200 0.012800
0.748800 0.316000 0.011200
0.767200 0.316000 0.011200
0.784000 0.316000 0.011200
0.804800 0.316000 0.010400
0.821600 0.316000 0.008800
0.386400 0.316800 0.008800
0.518400 0.316800 0.016800
0.694400 0.316800 0.008800
0.704000 0.316800 0.005600
0.730400 0.316800 0.011200
0.845600 0.316800 0.008800
0.188000 0.317600 0.012800
0.396800 0.317600 0.008800
0.411200 0.317600 0.016800
0.429600 0.317600 0.016800
0.509600 0.317600 0.005600
0.553600 0.317600 0.008800
0.592000 0.317600 0.008800
0.602400 0.317600 0.015200
0.645600 0.317600 0.011200
0.664000 0.317600 0.009600
0.682400 0.317600 0.011200
0.836000 0.317600 0.007200
0.861600 0.317600 0.020800
0.166400 0.318400 0.011200
0.205600 0.318400 0.012000
0.320000 0.318400 0.005600
0.351200 0.318400 0.011200
0.374400 0.318400 0.008000
0.440800 0.318400 0.021600
0.455200 0.318400 0.008800
0.488000 0.318400 0.009600
0.500800 0.318400 0.005600
0.566400 0.318400 0.008800
0.579200 0.318400 0.008800
0.623200 0.318400 0.012800
0.136000 0.319200 0.011200
0.150400 0.319200 0.008800
0.237600 0.319200 0.011200
0.270400 0.319200 0.008800
0.304000 0.319200 0.012000
0.326400 0.319200 0.013600
0.336800 0.319200 0.008800
0.360000 0.319200 0.003200
0.470400 0.319200 0.011200
0.529600 0.319200 0.008000
0.540800 0.319200 0.007200
0.609600 0.319200 0.012800
0.223200 0.320000 0.011200
0.252800 0.320000 0.005600
0.260800 0.320000 0.004800
0.287200 0.320000 0.011200
0.365600 0.320800 0.004800
0.816800 0.328800 0.006400
0.871200 0.328800 0.008800
0.807200 0.329600 0.007200
0.827200 0.329600 0.006400
0.764800 0.330400 0.007200
0.838400 0.330400 0.005600
0.753600 0.331200 0.006400
0.775200 0.331200 0.005600
0.784000 0.331200 0.005600
0.795200 0.331200 0.007200
0.845600 0.331200 0.005600
0.724800 0.332000 0.007200
0.743200 0.332000 0.012000
0.715200 0.332800 0.005600
0.736000 0.332800 0.005600
0.706400 0.333600 0.006400
0.617600 0.335200 0.006400
0.602400 0.336000 0.005600
0.609600 0.336000 0.005600
0.637600 0.336000 0.011200
0.643200 0.336000 0.011200
0.652000 0.336000 0.005600
0.660000 0.336000 0.005600
0.669600 0.336000 0.007200
0.680000 0.336000 0.008000
0.692800 0.336000 0.008800
0.495200 0.336800 0.008000
0.505600 0.336800 0.007200
0.535200 0.336800 0.007200
0.554400 0.336800 0.005600
0.628800 0.336800 0.007200
0.254400 0.337600 0.007200
0.265600 0.337600 0.007200
0.513600 0.337600 0.007200
0.524800 0.337600 0.005600
0.545600 0.337600 0.005600
0.563200 0.337600 0.005600
0.572000 0.337600 0.005600
0.580800 0.337600 0.005600
0.591200 0.337600 0.007200
0.244800 0.338400 0.008800
0.277600 0.338400 0.008000
0.518400 0.338400 0.003200
0.865600 0.343200 0.007200
0.836000 0.344000 0.007200
0.845600 0.344000 0.005600
0.856000 0.344000 0.005600
0.877600 0.344000 0.007200
0.888800 0.344000 0.016000
0.470400 0.353600 0.020000
0.417600 0.355200 0.019200
0.441600 0.355200 0.011200
0.394400 0.356000 0.005600
0.401600 0.356000 0.013600
0.457600 0.356000 0.009600
0.493600 0.356000 0.011200
0.511200 0.356000 0.012800
0.531200 0.356000 0.010400
0.355200 0.356800 0.011200
0.384000 0.356800 0.008800
0.481600 0.356800 0.007200
0.546400 0.356800 0.012800
0.565600 0.356800 0.009600
0.620000 0.356800 0.013600
0.680800 0.356800 0.008800
0.747200 0.356800 0.005600
0.816800 0.356800 0.008800
0.339200 0.357600 0.011200
0.371200 0.357600 0.008800
0.580000 0.357600 0.008800
0.590400 0.357600 0.005600
0.603200 0.357600 0.011200
0.628000 0.357600 0.016800
0.637600 0.357600 0.008800
0.662400 0.357600 0.013600
0.696000 0.357600 0.011200
0.736000 0.357600 0.019200
0.784800 0.357600 0.008800
0.796000 0.357600 0.007200
0.826400 0.357600 0.014400
0.138400 0.358400 0.018400
0.171200 0.358400 0.016800
0.259200 0.358400 0.013600
0.278400 0.358400 0.009600
0.292800 0.358400 0.008800
0.323200 0.358400 0.011200
0.648000 0.358400 0.016800
0.710400 0.358400 0.008800
0.720000 0.358400 0.008800
0.757600 0.358400 0.021600
0.772000 0.358400 0.008800
0.806400 0.358400 0.008800
0.844800 0.358400 0.011200
0.184000 0.359200 0.008800
0.195200 0.359200 0.008000
0.232000 0.359200 0.010400
0.245600 0.359200 0.008800
0.856800 0.359200 0.011200
0.872800 0.359200 0.011200
0.151200 0.360000 0.016800
0.160000 0.360000 0.016800
0.308000 0.360000 0.011200
0.207200 0.360800 0.007200
0.216800 0.361600 0.008800
