446.000000 56.000000 7.000000
417.000000 58.000000 11.000000
433.000000 58.000000 11.000000
404.000000 59.000000 9.000000
367.000000 60.000000 21.000000
389.000000 60.000000 11.000000
1062.000000 65.000000 36.000000
746.000000 70.000000 19.000000
758.000000 72.000000 9.000000
770.000000 72.000000 21.000000
778.000000 72.000000 15.000000
787.000000 72.000000 13.000000
795.000000 72.000000 6.000000
804.000000 72.000000 7.000000
814.000000 72.000000 7.000000
834.000000 72.000000 15.000000
843.000000 72.000000 16.000000
852.000000 74.000000 7.000000
862.000000 74.000000 17.000000
874.000000 74.000000 17.000000
896.000000 74.000000 11.000000
914.000000 74.000000 14.000000
161.000000 76.000000 11.000000
190.000000 76.000000 16.000000
201.000000 76.000000 7.000000
210.000000 76.000000 7.000000
220.000000 76.000000 11.000000
235.000000 76.000000 11.000000
248.000000 76.000000 10.000000
264.000000 76.000000 13.000000
281.000000 76.000000 7.000000
325.000000 76.000000 11.000000
133.000000 77.000000 11.000000
150.000000 77.000000 9.000000
169.000000 77.000000 14.000000
178.000000 77.000000 14.000000
273.000000 77.000000 4.000000
297.000000 77.000000 12.000000
305.000000 77.000000 4.000000
313.000000 77.000000 7.000000
97.000000 78.000000 11.000000
290.000000 78.000000 14.000000
74.000000 79.000000 16.000000
85.000000 79.000000 7.000000
116.000000 79.000000 10.000000
202.000000 96.000000 11.000000
323.000000 96.000000 14.000000
333.000000 96.000000 17.000000
143.000000 97.000000 14.000000
154.000000 97.000000 7.000000
166.000000 97.000000 11.000000
183.000000 97.000000 13.000000
291.000000 97.000000 13.000000
306.000000 97.000000 10.000000
73.000000 98.000000 9.000000
113.000000 98.000000 11.000000
132.000000 98.000000 14.000000
190.000000 98.000000 14.000000
218.000000 98.000000 9.000000
250.000000 98.000000 12.000000
269.000000 98.000000 11.000000
284.000000 98.000000 11.000000
86.000000 99.000000 9.000000
99.000000 99.000000 9.000000
236.000000 99.000000 6.000000
228.000000 100.000000 7.000000
147.000000 118.000000 7.000000
1081.000000 118.000000 19.000000
74.000000 119.000000 12.000000
106.000000 119.000000 14.000000
157.000000 119.000000 7.000000
169.000000 119.000000 9.000000
182.000000 119.000000 11.000000
1093.000000 119.000000 9.000000
88.000000 120.000000 11.000000
114.000000 120.000000 7.000000
137.000000 120.000000 7.000000
1105.000000 120.000000 19.000000
1150.000000 120.000000 11.000000
1113.000000 121.000000 17.000000
1127.000000 121.000000 14.000000
1136.000000 121.000000 14.000000
1143.000000 121.000000 4.000000
1161.000000 121.000000 7.000000
1172.000000 121.000000 7.000000
1196.000000 121.000000 11.000000
126.000000 122.000000 9.000000
1182.000000 122.000000 7.000000
901.000000 128.000000 11.000000
623.000000 137.000000 24.000000
564.000000 138.000000 11.000000
578.000000 138.000000 9.000000
590.000000 139.000000 11.000000
606.000000 139.000000 14.000000
547.000000 141.000000 11.000000
635.000000 141.000000 24.000000
507.000000 142.000000 14.000000
652.000000 142.000000 14.000000
642.000000 143.000000 6.000000
678.000000 143.000000 6.000000
703.000000 143.000000 22.000000
378.000000 144.000000 24.000000
464.000000 144.000000 14.000000
486.000000 144.000000 16.000000
529.000000 144.000000 14.000000
668.000000 144.000000 21.000000
692.000000 144.000000 20.000000
718.000000 144.000000 21.000000
356.000000 145.000000 14.000000
394.000000 145.000000 7.000000
441.000000 145.000000 17.000000
741.000000 145.000000 14.000000
413.000000 146.000000 17.000000
724.000000 146.000000 14.000000
336.000000 147.000000 14.000000
759.000000 147.000000 17.000000
770.000000 147.000000 6.000000
792.000000 147.000000 27.000000
809.000000 147.000000 14.000000
828.000000 147.000000 14.000000
314.000000 148.000000 14.000000
783.000000 148.000000 18.000000
851.000000 148.000000 14.000000
900.000000 148.000000 14.000000
273.000000 149.000000 14.000000
295.000000 149.000000 14.000000
868.000000 149.000000 11.000000
243.000000 150.000000 14.000000
913.000000 150.000000 9.000000
256.000000 151.000000 11.000000
882.000000 151.000000 11.000000
925.000000 152.000000 11.000000
225.000000 153.000000 14.000000
940.000000 153.000000 14.000000
961.000000 153.000000 11.000000
973.000000 153.000000 24.000000
190.000000 154.000000 16.000000
197.000000 155.000000 21.000000
208.000000 155.000000 7.000000
1035.000000 155.000000 17.000000
168.000000 156.000000 26.000000
990.000000 156.000000 14.000000
1009.000000 156.000000 17.000000
1056.000000 156.000000 12.000000
1083.000000 156.000000 21.000000
1020.000000 157.000000 36.000000
1072.000000 157.000000 21.000000
1104.000000 157.000000 17.000000
554.000000 172.000000 14.000000
571.000000 172.000000 14.000000
583.000000 172.000000 7.000000
593.000000 172.000000 17.000000
605.000000 172.000000 17.000000
733.000000 172.000000 11.000000
746.000000 172.000000 11.000000
615.000000 173.000000 7.000000
624.000000 173.000000 7.000000
633.000000 173.000000 7.000000
643.000000 173.000000 7.000000
652.000000 173.000000 15.000000
761.000000 173.000000 10.000000
777.000000 173.000000 11.000000
790.000000 173.000000 10.000000
810.000000 173.000000 11.000000
823.000000 173.000000 11.000000
664.000000 174.000000 17.000000
670.000000 174.000000 14.000000
830.000000 174.000000 14.000000
841.000000 174.000000 14.000000
308.000000 177.000000 11.000000
371.000000 177.000000 11.000000
385.000000 177.000000 14.000000
323.000000 178.000000 10.000000
337.000000 178.000000 9.000000
355.000000 178.000000 11.000000
975.000000 180.000000 11.000000
1005.000000 180.000000 10.000000
1019.000000 180.000000 11.000000
1035.000000 180.000000 9.000000
987.000000 181.000000 11.000000
1073.000000 181.000000 10.000000
1045.000000 182.000000 4.000000
1051.000000 182.000000 14.000000
1060.000000 182.000000 7.000000
1119.000000 200.000000 35.000000
854.000000 203.000000 28.000000
946.000000 203.000000 13.000000
964.000000 203.000000 14.000000
1075.000000 203.000000 17.000000
1097.000000 203.000000 36.000000
185.000000 204.000000 5.000000
333.000000 204.000000 14.000000
788.000000 204.000000 11.000000
845.000000 204.000000 7.000000
871.000000 204.000000 31.000000
918.000000 204.000000 9.000000
930.000000 204.000000 11.000000
1041.000000 204.000000 7.000000
1051.000000 204.000000 17.000000
165.000000 205.000000 17.000000
177.000000 205.000000 4.000000
193.000000 205.000000 6.000000
308.000000 205.000000 17.000000
354.000000 205.000000 21.000000
388.000000 205.000000 14.000000
775.000000 205.000000 9.000000
833.000000 205.000000 20.000000
864.000000 205.000000 31.000000
890.000000 205.000000 24.000000
1008.000000 205.000000 11.000000
1020.000000 205.000000 17.000000
207.000000 206.000000 11.000000
245.000000 206.000000 11.000000
366.000000 206.000000 20.000000
428.000000 206.000000 14.000000
471.000000 206.000000 17.000000
710.000000 206.000000 11.000000
728.000000 206.000000 14.000000
745.000000 206.000000 14.000000
762.000000 206.000000 17.000000
805.000000 206.000000 12.000000
980.000000 206.000000 11.000000
992.000000 206.000000 19.000000
1030.000000 206.000000 7.000000
226.000000 207.000000 14.000000
263.000000 207.000000 11.000000
279.000000 207.000000 26.000000
288.000000 207.000000 19.000000
408.000000 207.000000 11.000000
453.000000 207.000000 16.000000
578.000000 207.000000 14.000000
589.000000 207.000000 4.000000
602.000000 207.000000 16.000000
821.000000 207.000000 11.000000
901.000000 207.000000 24.000000
907.000000 207.000000 21.000000
484.000000 208.000000 11.000000
507.000000 208.000000 17.000000
535.000000 208.000000 14.000000
556.000000 208.000000 13.000000
633.000000 208.000000 14.000000
655.000000 208.000000 14.000000
665.000000 208.000000 27.000000
685.000000 208.000000 21.000000
697.000000 208.000000 7.000000
620.000000 209.000000 11.000000
939.000000 224.000000 15.000000
949.000000 226.000000 7.000000
483.000000 227.000000 9.000000
495.000000 227.000000 7.000000
575.000000 227.000000 9.000000
960.000000 227.000000 7.000000
970.000000 227.000000 9.000000
984.000000 227.000000 10.000000
1024.000000 227.000000 8.000000
1037.000000 227.000000 9.000000
468.000000 228.000000 10.000000
521.000000 228.000000 9.000000
535.000000 228.000000 7.000000
546.000000 228.000000 7.000000
560.000000 228.000000 9.000000
633.000000 228.000000 9.000000
647.000000 228.000000 7.000000
660.000000 228.000000 10.000000
757.000000 228.000000 9.000000
771.000000 228.000000 9.000000
786.000000 228.000000 9.000000
800.000000 228.000000 9.000000
813.000000 228.000000 10.000000
1014.000000 228.000000 5.000000
1053.000000 228.000000 9.000000
282.000000 229.000000 7.000000
386.000000 229.000000 8.000000
398.000000 229.000000 7.000000
416.000000 229.000000 11.000000
428.000000 229.000000 14.000000
436.000000 229.000000 7.000000
447.000000 229.000000 7.000000
456.000000 229.000000 4.000000
507.000000 229.000000 7.000000
590.000000 229.000000 9.000000
620.000000 229.000000 8.000000
1063.000000 229.000000 6.000000
1072.000000 229.000000 12.000000
373.000000 230.000000 9.000000
409.000000 230.000000 7.000000
268.000000 231.000000 9.000000
606.000000 231.000000 9.000000
193.000000 232.000000 8.000000
206.000000 232.000000 7.000000
222.000000 232.000000 10.000000
233.000000 232.000000 7.000000
242.000000 232.000000 7.000000
252.000000 232.000000 11.000000
170.000000 233.000000 16.000000
180.000000 233.000000 8.000000
1139.000000 249.000000 14.000000
1154.000000 249.000000 11.000000
562.000000 250.000000 14.000000
1169.000000 250.000000 9.000000
1191.000000 250.000000 15.000000
1215.000000 250.000000 11.000000
1180.000000 251.000000 7.000000
1229.000000 251.000000 14.000000
408.000000 252.000000 14.000000
428.000000 252.000000 14.000000
445.000000 252.000000 11.000000
544.000000 252.000000 14.000000
584.000000 252.000000 14.000000
729.000000 252.000000 11.000000
748.000000 252.000000 20.000000
1001.000000 252.000000 15.000000
368.000000 253.000000 16.000000
461.000000 253.000000 17.000000
485.000000 253.000000 14.000000
504.000000 253.000000 14.000000
630.000000 253.000000 14.000000
713.000000 253.000000 14.000000
778.000000 253.000000 14.000000
802.000000 253.000000 14.000000
821.000000 253.000000 14.000000
840.000000 253.000000 14.000000
858.000000 253.000000 30.000000
898.000000 253.000000 7.000000
914.000000 253.000000 20.000000
922.000000 253.000000 20.000000
1021.000000 253.000000 7.000000
1031.000000 253.000000 17.000000
1046.000000 253.000000 7.000000
1054.000000 253.000000 17.000000
274.000000 254.000000 21.000000
334.000000 254.000000 27.000000
389.000000 254.000000 14.000000
524.000000 254.000000 14.000000
607.000000 254.000000 14.000000
884.000000 254.000000 14.000000
949.000000 254.000000 16.000000
258.000000 255.000000 17.000000
289.000000 255.000000 21.000000
356.000000 255.000000 7.000000
650.000000 255.000000 17.000000
866.000000 255.000000 31.000000
972.000000 255.000000 16.000000
981.000000 255.000000 14.000000
163.000000 256.000000 17.000000
348.000000 256.000000 28.000000
676.000000 256.000000 16.000000
694.000000 256.000000 14.000000
1070.000000 256.000000 14.000000
1091.000000 256.000000 30.000000
185.000000 257.000000 14.000000
202.000000 257.000000 11.000000
235.000000 257.000000 14.000000
318.000000 257.000000 21.000000
1100.000000 257.000000 21.000000
218.000000 258.000000 14.000000
1141.000000 270.000000 10.000000
1171.000000 270.000000 9.000000
1194.000000 270.000000 7.000000
1204.000000 270.000000 7.000000
1216.000000 270.000000 11.000000
1224.000000 270.000000 11.000000
1157.000000 271.000000 9.000000
1185.000000 271.000000 7.000000
937.000000 273.000000 9.000000
962.000000 273.000000 7.000000
949.000000 274.000000 7.000000
974.000000 274.000000 7.000000
986.000000 274.000000 14.000000
1005.000000 274.000000 7.000000
1013.000000 275.000000 7.000000
1023.000000 275.000000 14.000000
719.000000 276.000000 7.000000
676.000000 277.000000 10.000000
689.000000 277.000000 7.000000
701.000000 277.000000 11.000000
730.000000 277.000000 7.000000
742.000000 277.000000 11.000000
397.000000 281.000000 9.000000
411.000000 281.000000 11.000000
492.000000 281.000000 11.000000
509.000000 281.000000 12.000000
516.000000 281.000000 7.000000
271.000000 282.000000 11.000000
296.000000 282.000000 4.000000
385.000000 282.000000 11.000000
424.000000 282.000000 9.000000
479.000000 282.000000 7.000000
526.000000 282.000000 7.000000
550.000000 282.000000 11.000000
242.000000 283.000000 10.000000
258.000000 283.000000 9.000000
278.000000 283.000000 7.000000
288.000000 283.000000 7.000000
306.000000 283.000000 7.000000
329.000000 283.000000 11.000000
438.000000 283.000000 11.000000
454.000000 283.000000 11.000000
468.000000 283.000000 8.000000
537.000000 283.000000 7.000000
230.000000 284.000000 10.000000
317.000000 284.000000 7.000000
961.000000 288.000000 8.000000
1143.000000 288.000000 11.000000
1157.000000 289.000000 9.000000
1200.000000 290.000000 11.000000
1214.000000 290.000000 9.000000
1227.000000 290.000000 20.000000
1172.000000 291.000000 11.000000
1181.000000 291.000000 11.000000
690.000000 304.000000 17.000000
200.000000 306.000000 7.000000
284.000000 306.000000 15.000000
630.000000 306.000000 17.000000
640.000000 306.000000 24.000000
662.000000 306.000000 21.000000
711.000000 306.000000 7.000000
723.000000 306.000000 19.000000
166.000000 307.000000 21.000000
187.000000 307.000000 17.000000
208.000000 307.000000 14.000000
263.000000 307.000000 17.000000
743.000000 307.000000 17.000000
764.000000 307.000000 14.000000
821.000000 307.000000 14.000000
841.000000 307.000000 14.000000
916.000000 307.000000 11.000000
934.000000 307.000000 14.000000
950.000000 307.000000 9.000000
216.000000 308.000000 6.000000
228.000000 308.000000 15.000000
250.000000 308.000000 17.000000
499.000000 308.000000 14.000000
601.000000 308.000000 21.000000
783.000000 308.000000 14.000000
803.000000 308.000000 13.000000
900.000000 308.000000 14.000000
966.000000 308.000000 14.000000
303.000000 309.000000 14.000000
330.000000 309.000000 16.000000
351.000000 309.000000 15.000000
402.000000 309.000000 14.000000
476.000000 309.000000 16.000000
879.000000 309.000000 14.000000
990.000000 309.000000 17.000000
1016.000000 309.000000 17.000000
374.000000 310.000000 17.000000
384.000000 310.000000 17.000000
424.000000 310.000000 16.000000
448.000000 310.000000 17.000000
518.000000 310.000000 14.000000
536.000000 310.000000 14.000000
576.000000 310.000000 17.000000
613.000000 310.000000 31.000000
860.000000 310.000000 14.000000
1043.000000 310.000000 18.000000
1086.000000 310.000000 21.000000
1142.000000 310.000000 14.000000
1154.000000 310.000000 9.000000
1166.000000 310.000000 7.000000
1178.000000 310.000000 7.000000
1197.000000 310.000000 8.000000
556.000000 311.000000 14.000000
1186.000000 311.000000 7.000000
1100.000000 312.000000 32.000000
187.000000 330.000000 10.000000
200.000000 330.000000 9.000000
214.000000 330.000000 7.000000
237.000000 330.000000 8.000000
249.000000 330.000000 7.000000
270.000000 330.000000 8.000000
225.000000 331.000000 7.000000
258.000000 331.000000 7.000000
283.000000 331.000000 9.000000
296.000000 331.000000 11.000000
343.000000 331.000000 8.000000
357.000000 331.000000 9.000000
369.000000 331.000000 7.000000
380.000000 331.000000 7.000000
395.000000 331.000000 11.000000
315.000000 332.000000 7.000000
321.000000 332.000000 13.000000
331.000000 332.000000 7.000000
305.000000 333.000000 7.000000
1030.000000 333.000000 7.000000
1080.000000 333.000000 9.000000
1092.000000 333.000000 14.000000
1099.000000 333.000000 13.000000
1010.000000 334.000000 7.000000
1021.000000 334.000000 7.000000
1040.000000 334.000000 7.000000
1050.000000 334.000000 7.000000
1061.000000 336.000000 7.000000
1069.000000 336.000000 7.000000
378.000000 344.000000 6.000000
846.000000 352.000000 11.000000
796.000000 353.000000 14.000000
955.000000 353.000000 7.000000
454.000000 354.000000 14.000000
476.000000 354.000000 7.000000
652.000000 354.000000 17.000000
707.000000 354.000000 14.000000
727.000000 354.000000 13.000000
745.000000 354.000000 14.000000
763.000000 354.000000 11.000000
832.000000 354.000000 11.000000
972.000000 354.000000 14.000000
995.000000 354.000000 14.000000
468.000000 355.000000 5.000000
487.000000 355.000000 7.000000
499.000000 355.000000 29.000000
517.000000 355.000000 14.000000
586.000000 355.000000 7.000000
629.000000 355.000000 21.000000
677.000000 355.000000 14.000000
777.000000 355.000000 11.000000
815.000000 355.000000 11.000000
862.000000 355.000000 14.000000
879.000000 355.000000 11.000000
897.000000 355.000000 14.000000
922.000000 355.000000 16.000000
1037.000000 355.000000 13.000000
1056.000000 355.000000 11.000000
435.000000 356.000000 14.000000
536.000000 356.000000 11.000000
554.000000 356.000000 14.000000
564.000000 356.000000 7.000000
573.000000 356.000000 17.000000
599.000000 356.000000 20.000000
692.000000 356.000000 9.000000
940.000000 356.000000 12.000000
1011.000000 356.000000 17.000000
409.000000 357.000000 21.000000
1075.000000 357.000000 14.000000
337.000000 358.000000 14.000000
359.000000 358.000000 18.000000
369.000000 358.000000 23.000000
388.000000 358.000000 14.000000
156.000000 359.000000 28.000000
1096.000000 359.000000 16.000000
170.000000 360.000000 21.000000
197.000000 360.000000 19.000000
271.000000 360.000000 17.000000
226.000000 361.000000 14.000000
294.000000 361.000000 14.000000
313.000000 361.000000 17.000000
247.000000 362.000000 14.000000
844.000000 374.000000 10.000000
679.000000 375.000000 9.000000
705.000000 375.000000 11.000000
748.000000 375.000000 7.000000
761.000000 375.000000 7.000000
830.000000 375.000000 9.000000
690.000000 376.000000 9.000000
737.000000 376.000000 7.000000
772.000000 376.000000 7.000000
804.000000 376.000000 11.000000
819.000000 376.000000 7.000000
933.000000 376.000000 11.000000
1053.000000 376.000000 9.000000
725.000000 377.000000 10.000000
783.000000 377.000000 15.000000
950.000000 378.000000 10.000000
1040.000000 378.000000 8.000000
1067.000000 378.000000 9.000000
964.000000 379.000000 11.000000
979.000000 379.000000 10.000000
991.000000 379.000000 9.000000
1005.000000 379.000000 11.000000
1016.000000 379.000000 9.000000
1028.000000 379.000000 9.000000
1083.000000 379.000000 10.000000
1098.000000 380.000000 8.000000
1110.000000 380.000000 17.000000
167.000000 385.000000 11.000000
185.000000 385.000000 12.000000
815.000000 401.000000 17.000000
634.000000 402.000000 7.000000
567.000000 403.000000 14.000000
583.000000 403.000000 7.000000
597.000000 403.000000 11.000000
619.000000 403.000000 14.000000
643.000000 403.000000 17.000000
771.000000 403.000000 20.000000
826.000000 403.000000 7.000000
1057.000000 403.000000 7.000000
545.000000 404.000000 17.000000
664.000000 404.000000 16.000000
687.000000 404.000000 17.000000
799.000000 404.000000 17.000000
844.000000 404.000000 14.000000
880.000000 404.000000 7.000000
895.000000 404.000000 14.000000
1068.000000 404.000000 7.000000
457.000000 405.000000 7.000000
468.000000 405.000000 17.000000
514.000000 405.000000 21.000000
712.000000 405.000000 17.000000
867.000000 405.000000 11.000000
928.000000 405.000000 14.000000
949.000000 405.000000 17.000000
1045.000000 405.000000 8.000000
1080.000000 405.000000 18.000000
446.000000 406.000000 7.000000
488.000000 406.000000 17.000000
525.000000 406.000000 24.000000
729.000000 406.000000 11.000000
743.000000 406.000000 21.000000
973.000000 406.000000 17.000000
997.000000 406.000000 14.000000
1016.000000 406.000000 14.000000
1034.000000 406.000000 19.000000
284.000000 407.000000 16.000000
306.000000 407.000000 11.000000
320.000000 407.000000 9.000000
399.000000 407.000000 17.000000
912.000000 407.000000 7.000000
1104.000000 407.000000 17.000000
337.000000 408.000000 12.000000
355.000000 408.000000 14.000000
376.000000 408.000000 14.000000
431.000000 408.000000 11.000000
210.000000 409.000000 14.000000
227.000000 409.000000 7.000000
243.000000 409.000000 14.000000
259.000000 409.000000 14.000000
416.000000 409.000000 27.000000
187.000000 410.000000 14.000000
159.000000 411.000000 19.000000
890.000000 425.000000 7.000000
908.000000 425.000000 11.000000
622.000000 426.000000 6.000000
630.000000 426.000000 7.000000
640.000000 426.000000 6.000000
790.000000 426.000000 9.000000
802.000000 426.000000 8.000000
815.000000 426.000000 9.000000
858.000000 426.000000 4.000000
866.000000 426.000000 7.000000
877.000000 426.000000 9.000000
897.000000 426.000000 7.000000
611.000000 427.000000 9.000000
651.000000 427.000000 7.000000
662.000000 427.000000 7.000000
673.000000 427.000000 9.000000
828.000000 427.000000 7.000000
839.000000 427.000000 7.000000
848.000000 428.000000 7.000000
265.000000 430.000000 9.000000
278.000000 430.000000 11.000000
251.000000 431.000000 9.000000
437.000000 431.000000 11.000000
480.000000 431.000000 13.000000
448.000000 432.000000 7.000000
470.000000 432.000000 5.000000
460.000000 433.000000 7.000000
332.000000 441.000000 8.000000
512.000000 450.000000 11.000000
496.000000 451.000000 11.000000
531.000000 451.000000 14.000000
577.000000 451.000000 11.000000
563.000000 452.000000 11.000000
726.000000 452.000000 11.000000
687.000000 453.000000 31.000000
759.000000 453.000000 19.000000
769.000000 453.000000 21.000000
893.000000 453.000000 14.000000
993.000000 453.000000 28.000000
220.000000 454.000000 6.000000
361.000000 454.000000 28.000000
548.000000 454.000000 11.000000
706.000000 454.000000 14.000000
738.000000 454.000000 6.000000
788.000000 454.000000 14.000000
812.000000 454.000000 21.000000
877.000000 454.000000 7.000000
917.000000 454.000000 21.000000
950.000000 454.000000 26.000000
981.000000 454.000000 28.000000
352.000000 455.000000 20.000000
444.000000 455.000000 14.000000
478.000000 455.000000 11.000000
595.000000 455.000000 14.000000
617.000000 455.000000 14.000000
638.000000 455.000000 14.000000
746.000000 455.000000 7.000000
826.000000 455.000000 11.000000
843.000000 455.000000 23.000000
866.000000 455.000000 20.000000
963.000000 455.000000 28.000000
1009.000000 455.000000 24.000000
1063.000000 455.000000 34.000000
161.000000 456.000000 24.000000
177.000000 456.000000 7.000000
232.000000 456.000000 33.000000
377.000000 456.000000 28.000000
395.000000 456.000000 14.000000
415.000000 456.000000 28.000000
462.000000 456.000000 11.000000
660.000000 456.000000 17.000000
677.000000 456.000000 24.000000
931.000000 456.000000 28.000000
1038.000000 456.000000 24.000000
189.000000 457.000000 31.000000
209.000000 457.000000 31.000000
322.000000 457.000000 17.000000
1079.000000 457.000000 38.000000
1102.000000 457.000000 31.000000
248.000000 458.000000 11.000000
268.000000 458.000000 14.000000
300.000000 458.000000 11.000000
341.000000 458.000000 17.000000
285.000000 459.000000 9.000000
