0.144800 0.068800 0.016800
0.191200 0.068800 0.008800
0.204000 0.068800 0.020000
0.212800 0.068800 0.005600
0.179200 0.069600 0.008800
0.163200 0.070400 0.011200
0.851200 0.077600 0.013600
0.868000 0.079200 0.013600
0.771200 0.098400 0.005600
0.777600 0.098400 0.003200
0.784000 0.098400 0.008800
0.796800 0.098400 0.011200
0.805600 0.098400 0.005600
0.816800 0.098400 0.008800
0.753600 0.099200 0.012800
0.762400 0.099200 0.005600
0.461600 0.100000 0.010400
0.455200 0.100800 0.003200
0.474400 0.100800 0.008800
0.486400 0.100800 0.005600
0.496800 0.100800 0.008800
0.380800 0.101600 0.005600
0.440000 0.101600 0.012800
0.448000 0.101600 0.005600
0.128800 0.102400 0.008800
0.143200 0.102400 0.008000
0.156800 0.102400 0.008000
0.354400 0.102400 0.008000
0.364800 0.102400 0.005600
0.373600 0.102400 0.005600
0.390400 0.102400 0.006400
0.399200 0.102400 0.005600
0.408000 0.102400 0.013600
0.166400 0.103200 0.005600
0.174400 0.103200 0.013600
0.185600 0.103200 0.014400
0.192000 0.103200 0.010400
0.293600 0.103200 0.011200
0.304800 0.103200 0.008000
0.316000 0.103200 0.005600
0.324800 0.103200 0.005600
0.342400 0.103200 0.005600
0.333600 0.104000 0.005600
0.560000 0.104800 0.008800
0.567200 0.104800 0.004800
0.529600 0.105600 0.011200
0.549600 0.105600 0.005600
0.537600 0.106400 0.011200
0.543200 0.106400 0.011200
0.336000 0.113600 0.005600
0.346400 0.113600 0.005600
0.356000 0.113600 0.005600
0.731200 0.122400 0.008800
0.488800 0.123200 0.005600
0.704800 0.123200 0.016800
0.719200 0.123200 0.010400
0.770400 0.123200 0.013600
0.790400 0.123200 0.011200
0.308000 0.124000 0.011200
0.480000 0.124000 0.015200
0.592800 0.124000 0.011200
0.646400 0.124000 0.008800
0.664800 0.124000 0.013600
0.742400 0.124000 0.007200
0.806400 0.124000 0.013600
0.825600 0.124000 0.013600
0.131200 0.124800 0.015200
0.163200 0.124800 0.008800
0.174400 0.124800 0.016800
0.432000 0.124800 0.011200
0.447200 0.124800 0.013600
0.456800 0.124800 0.005600
0.466400 0.124800 0.013600
0.499200 0.124800 0.014400
0.514400 0.124800 0.016800
0.556800 0.124800 0.013600
0.576800 0.124800 0.013600
0.612800 0.124800 0.013600
0.628800 0.124800 0.011200
0.683200 0.124800 0.013600
0.699200 0.124800 0.013600
0.752800 0.124800 0.016800
0.815200 0.124800 0.005600
0.840000 0.124800 0.011200
0.140000 0.125600 0.017600
0.150400 0.125600 0.019200
0.198400 0.125600 0.012000
0.251200 0.125600 0.013600
0.264800 0.125600 0.008000
0.276000 0.125600 0.008800
0.292800 0.125600 0.011200
0.322400 0.125600 0.008800
0.383200 0.125600 0.013600
0.419200 0.125600 0.011200
0.522400 0.125600 0.016800
0.536000 0.125600 0.008800
0.547200 0.125600 0.005600
0.857600 0.125600 0.012800
0.184000 0.126400 0.016000
0.213600 0.126400 0.005600
0.220000 0.126400 0.005600
0.232000 0.126400 0.008800
0.365600 0.126400 0.011200
0.412000 0.126400 0.005600
0.335200 0.127200 0.008800
0.346400 0.127200 0.008800
0.353600 0.127200 0.012800
0.402400 0.127200 0.013600
0.338400 0.144800 0.005600
0.348000 0.144800 0.007200
0.356000 0.144800 0.005600
0.365600 0.144800 0.007200
0.375200 0.144800 0.008800
0.469600 0.144800 0.008800
0.330400 0.145600 0.007200
0.458400 0.145600 0.006400
0.476800 0.145600 0.005600
0.484800 0.145600 0.008800
0.496800 0.145600 0.008800
0.449600 0.146400 0.007200
0.569600 0.146400 0.008000
0.430400 0.148000 0.007200
0.421600 0.149600 0.008000
0.603200 0.149600 0.008000
0.440800 0.162400 0.005600
0.132800 0.163200 0.013600
0.148000 0.163200 0.011200
0.212000 0.163200 0.005600
0.178400 0.164000 0.016800
0.186400 0.164000 0.015200
0.196800 0.164000 0.005600
0.204800 0.164000 0.004800
0.299200 0.164000 0.021600
0.310400 0.164000 0.011200
0.324800 0.164000 0.012800
0.342400 0.164000 0.013600
0.412000 0.164000 0.012800
0.423200 0.164000 0.008800
0.459200 0.164000 0.008800
0.472800 0.164000 0.005600
0.557600 0.164000 0.016800
0.596800 0.164000 0.005600
0.612000 0.164000 0.022400
0.658400 0.164000 0.008800
0.668800 0.164000 0.016800
0.732000 0.164000 0.019200
0.164800 0.164800 0.011200
0.284800 0.164800 0.011200
0.315200 0.164800 0.016800
0.354400 0.164800 0.016000
0.362400 0.164800 0.014400
0.382400 0.164800 0.008800
0.396000 0.164800 0.008800
0.405600 0.164800 0.005600
0.432000 0.164800 0.005600
0.448000 0.164800 0.013600
0.481600 0.164800 0.005600
0.510400 0.164800 0.008800
0.537600 0.164800 0.013600
0.568000 0.164800 0.024800
0.585600 0.164800 0.019200
0.607200 0.164800 0.027200
0.637600 0.164800 0.005600
0.644800 0.164800 0.010400
0.676800 0.164800 0.004800
0.685600 0.164800 0.016800
0.719200 0.164800 0.019200
0.740800 0.164800 0.019200
0.840800 0.164800 0.008800
0.236000 0.165600 0.011200
0.252800 0.165600 0.011200
0.270400 0.165600 0.010400
0.488800 0.165600 0.005600
0.498400 0.165600 0.008800
0.519200 0.165600 0.016800
0.697600 0.165600 0.018400
0.756000 0.165600 0.022400
0.777600 0.165600 0.019200
0.791200 0.165600 0.007200
0.811200 0.165600 0.008800
0.856800 0.165600 0.022400
0.220800 0.166400 0.012800
0.372800 0.166400 0.005600
0.623200 0.166400 0.013600
0.630400 0.166400 0.005600
0.706400 0.166400 0.026400
0.800800 0.166400 0.005600
0.767200 0.167200 0.005600
0.826400 0.167200 0.011200
0.219200 0.181600 0.008000
0.236800 0.181600 0.003200
0.280800 0.181600 0.005600
0.230400 0.182400 0.008800
0.253600 0.182400 0.006400
0.264000 0.182400 0.005600
0.272800 0.182400 0.005600
0.288800 0.182400 0.011200
0.370400 0.182400 0.007200
0.400800 0.182400 0.007200
0.412000 0.182400 0.005600
0.421600 0.182400 0.006400
0.432800 0.182400 0.008000
0.243200 0.183200 0.005600
0.380800 0.183200 0.007200
0.390400 0.183200 0.005600
0.173600 0.185600 0.007200
0.736000 0.187200 0.008000
0.648000 0.199200 0.019200
0.841600 0.199200 0.008800
0.520800 0.200000 0.007200
0.547200 0.200000 0.005600
0.636000 0.200000 0.008800
0.688000 0.200000 0.016800
0.772800 0.200000 0.013600
0.792800 0.200000 0.012800
0.823200 0.200000 0.012800
0.852000 0.200000 0.013600
0.516800 0.200800 0.003200
0.537600 0.200800 0.005600
0.561600 0.200800 0.012800
0.598400 0.200800 0.008800
0.609600 0.200800 0.008800
0.699200 0.200800 0.005600
0.713600 0.200800 0.011200
0.529600 0.201600 0.006400
0.586400 0.201600 0.011200
0.671200 0.201600 0.013600
0.732800 0.201600 0.011200
0.751200 0.201600 0.011200
0.808000 0.201600 0.011200
0.147200 0.202400 0.027200
0.275200 0.202400 0.005600
0.298400 0.202400 0.013600
0.464000 0.202400 0.022400
0.510400 0.202400 0.016000
0.624000 0.202400 0.010400
0.160000 0.203200 0.019200
0.167200 0.203200 0.015200
0.316000 0.203200 0.011200
0.329600 0.203200 0.022400
0.346400 0.203200 0.016800
0.364800 0.203200 0.018400
0.427200 0.203200 0.016000
0.448800 0.203200 0.019200
0.502400 0.203200 0.022400
0.132800 0.204000 0.022400
0.183200 0.204000 0.013600
0.192000 0.204000 0.004800
0.211200 0.204000 0.005600
0.219200 0.204000 0.012000
0.234400 0.204000 0.011200
0.265600 0.204000 0.005600
0.282400 0.204000 0.003200
0.376800 0.204000 0.019200
0.389600 0.204000 0.016800
0.410400 0.204000 0.013600
0.438400 0.204000 0.007200
0.485600 0.204000 0.022400
0.199200 0.204800 0.011200
0.204000 0.204800 0.003200
0.252000 0.204800 0.010400
0.696000 0.216000 0.005600
0.705600 0.216800 0.006400
0.716800 0.216800 0.005600
0.726400 0.217600 0.008800
0.805600 0.217600 0.008800
0.852800 0.217600 0.008000
0.860800 0.217600 0.011200
0.539200 0.218400 0.008800
0.546400 0.218400 0.003200
0.551200 0.218400 0.008000
0.563200 0.218400 0.005600
0.732000 0.218400 0.005600
0.741600 0.218400 0.005600
0.750400 0.218400 0.005600
0.760800 0.218400 0.007200
0.772000 0.218400 0.005600
0.792800 0.218400 0.007200
0.800800 0.218400 0.011200
0.833600 0.218400 0.007200
0.842400 0.218400 0.008000
0.572000 0.219200 0.006400
0.606400 0.219200 0.006400
0.616000 0.219200 0.008800
0.781600 0.219200 0.007200
0.272800 0.220000 0.007200
0.583200 0.220000 0.008800
0.596800 0.220000 0.005600
0.262400 0.220800 0.006400
0.244000 0.221600 0.005600
0.252800 0.221600 0.005600
0.190400 0.222400 0.007200
0.212000 0.222400 0.005600
0.219200 0.222400 0.004800
0.226400 0.222400 0.005600
0.235200 0.222400 0.005600
0.180800 0.223200 0.007200
0.201600 0.223200 0.007200
0.535200 0.236000 0.013600
0.499200 0.237600 0.022400
0.470400 0.238400 0.014400
0.488800 0.238400 0.021600
0.514400 0.238400 0.024800
0.523200 0.238400 0.005600
0.799200 0.238400 0.013600
0.278400 0.239200 0.013600
0.298400 0.239200 0.011200
0.324000 0.239200 0.022400
0.480000 0.239200 0.005600
0.640000 0.239200 0.013600
0.804000 0.239200 0.010400
0.860000 0.239200 0.015200
0.312800 0.240000 0.008800
0.461600 0.240000 0.021600
0.556000 0.240000 0.013600
0.657600 0.240000 0.012800
0.673600 0.240000 0.011200
0.692800 0.240000 0.016800
0.820800 0.240000 0.012800
0.244800 0.240800 0.012800
0.263200 0.240800 0.011200
0.353600 0.240800 0.011200
0.381600 0.240800 0.011200
0.399200 0.240800 0.013600
0.621600 0.240800 0.008800
0.703200 0.240800 0.007200
0.716000 0.240800 0.013600
0.837600 0.240800 0.011200
0.137600 0.241600 0.023200
0.226400 0.241600 0.011200
0.338400 0.241600 0.011200
0.435200 0.241600 0.008800
0.445600 0.241600 0.020800
0.578400 0.241600 0.013600
0.596000 0.241600 0.011200
0.611200 0.241600 0.008800
0.734400 0.241600 0.012800
0.751200 0.241600 0.011200
0.787200 0.241600 0.011200
0.179200 0.242400 0.014400
0.365600 0.242400 0.011200
0.420000 0.242400 0.013600
0.770400 0.242400 0.013600
0.153600 0.243200 0.022400
0.210400 0.243200 0.011200
0.168800 0.244000 0.019200
0.198400 0.244000 0.008800
0.242400 0.260800 0.005600
0.249600 0.260800 0.005600
0.665600 0.260800 0.007200
0.812000 0.260800 0.008000
0.822400 0.260800 0.007200
0.848800 0.260800 0.005600
0.856800 0.260800 0.011200
0.193600 0.261600 0.008800
0.200000 0.261600 0.003200
0.232800 0.261600 0.007200
0.256000 0.261600 0.009600
0.646400 0.261600 0.008800
0.655200 0.261600 0.005600
0.786400 0.261600 0.008800
0.798400 0.261600 0.008800
0.830400 0.261600 0.005600
0.838400 0.261600 0.012800
0.205600 0.262400 0.005600
0.214400 0.262400 0.005600
0.223200 0.262400 0.006400
0.719200 0.262400 0.008800
0.729600 0.262400 0.008000
0.413600 0.280800 0.015200
0.502400 0.280800 0.011200
0.517600 0.280800 0.011200
0.552800 0.280800 0.015200
0.598400 0.280800 0.022400
0.611200 0.280800 0.008800
0.673600 0.280800 0.007200
0.785600 0.280800 0.012000
0.861600 0.280800 0.012800
0.462400 0.281600 0.013600
0.535200 0.281600 0.011200
0.576800 0.281600 0.013600
0.628000 0.281600 0.012800
0.682400 0.281600 0.016800
0.699200 0.281600 0.011200
0.164000 0.282400 0.005600
0.346400 0.282400 0.008800
0.379200 0.282400 0.016800
0.387200 0.282400 0.003200
0.392800 0.282400 0.003200
0.404800 0.282400 0.005600
0.424800 0.282400 0.008800
0.441600 0.282400 0.013600
0.483200 0.282400 0.011200
0.646400 0.282400 0.011200
0.753600 0.282400 0.016000
0.766400 0.282400 0.003200
0.772000 0.282400 0.011200
0.820000 0.282400 0.011200
0.172800 0.283200 0.005600
0.275200 0.283200 0.008800
0.285600 0.283200 0.005600
0.292800 0.283200 0.005600
0.301600 0.283200 0.013600
0.335200 0.283200 0.008800
0.660800 0.283200 0.011200
0.716000 0.283200 0.013600
0.806400 0.283200 0.011200
0.834400 0.283200 0.011200
0.844000 0.283200 0.013600
0.135200 0.284000 0.024000
0.186400 0.284000 0.011200
0.223200 0.284000 0.013600
0.318400 0.284000 0.011200
0.362400 0.284000 0.011200
0.734400 0.284000 0.013600
0.154400 0.284800 0.015200
0.204000 0.284800 0.011200
0.241600 0.284800 0.011200
0.259200 0.285600 0.011200
0.875200 0.298400 0.008800
0.336800 0.299200 0.007200
0.357600 0.299200 0.005600
0.510400 0.299200 0.007200
0.546400 0.299200 0.009600
0.552800 0.299200 0.005600
0.805600 0.299200 0.010400
0.857600 0.299200 0.004800
0.865600 0.299200 0.005600
0.316000 0.300000 0.006400
0.325600 0.300000 0.006400
0.348800 0.300000 0.005600
0.364000 0.300000 0.008800
0.485600 0.300000 0.008800
0.497600 0.300000 0.008000
0.520800 0.300000 0.005600
0.532000 0.300000 0.007200
0.810400 0.300000 0.008800
0.821600 0.300000 0.007200
0.832000 0.300000 0.005600
0.841600 0.300000 0.005600
0.849600 0.300000 0.005600
0.292000 0.302400 0.006400
0.281600 0.303200 0.005600
0.462400 0.316800 0.013600
0.184000 0.317600 0.019200
0.425600 0.317600 0.022400
0.454400 0.317600 0.016800
0.477600 0.317600 0.009600
0.213600 0.318400 0.013600
0.221600 0.318400 0.005600
0.236800 0.318400 0.013600
0.412000 0.318400 0.011200
0.431200 0.318400 0.003200
0.190400 0.319200 0.013600
0.199200 0.319200 0.005600
0.207200 0.319200 0.005600
0.247200 0.319200 0.022400
0.444000 0.319200 0.007200
0.487200 0.319200 0.016000
0.808000 0.319200 0.011200
0.826400 0.319200 0.012800
0.859200 0.319200 0.016800
0.865600 0.319200 0.013600
0.143200 0.320000 0.024800
0.161600 0.320000 0.016800
0.173600 0.320000 0.022400
0.287200 0.320000 0.016800
0.327200 0.320000 0.011200
0.341600 0.320000 0.013600
0.356000 0.320000 0.011200
0.375200 0.320000 0.013600
0.395200 0.320000 0.013600
0.496800 0.320000 0.013600
0.800000 0.320000 0.015200
0.845600 0.320000 0.011200
0.264000 0.320800 0.019200
0.300000 0.320800 0.008800
0.314400 0.320800 0.019200
0.528000 0.320800 0.012800
0.546400 0.320800 0.011200
0.751200 0.320800 0.019200
0.774400 0.320800 0.013600
0.792800 0.320800 0.013600
0.509600 0.321600 0.011200
0.566400 0.321600 0.013600
0.602400 0.321600 0.008800
0.631200 0.321600 0.016800
0.642400 0.321600 0.008800
0.660800 0.321600 0.015200
0.590400 0.322400 0.008800
0.612000 0.322400 0.016000
0.680800 0.322400 0.013600
0.701600 0.322400 0.016800
0.581600 0.323200 0.016800
0.620800 0.323200 0.024800
0.713600 0.323200 0.005600
0.725600 0.323200 0.019200
0.737600 0.324000 0.011200
0.050400 0.342400 0.011200
0.446400 0.342400 0.012800
0.455200 0.342400 0.005600
0.463200 0.343200 0.005600
0.471200 0.343200 0.005600
0.792000 0.343200 0.008000
0.063200 0.344000 0.008000
0.478400 0.344000 0.005600
0.783200 0.344000 0.007200
0.804800 0.344000 0.008800
0.815200 0.344000 0.007200
0.819200 0.344000 0.009600
0.823200 0.344000 0.013600
0.487200 0.344800 0.005600
0.496800 0.344800 0.008800
0.773600 0.344800 0.005600
0.856000 0.344800 0.008800
0.214400 0.345600 0.008800
0.745600 0.345600 0.011200
0.752000 0.345600 0.011200
0.764000 0.345600 0.008800
0.832800 0.345600 0.008800
0.845600 0.345600 0.008000
0.617600 0.349600 0.008800
0.684800 0.352000 0.010400
0.151200 0.363200 0.012800
0.171200 0.363200 0.011200
0.188800 0.363200 0.013600
0.398400 0.363200 0.008800
0.136000 0.364000 0.026400
0.314400 0.364000 0.005600
0.404000 0.364000 0.003200
0.409600 0.364000 0.008800
0.420000 0.364000 0.014400
0.228000 0.364800 0.019200
0.235200 0.364800 0.016800
0.456000 0.364800 0.011200
0.470400 0.364800 0.011200
0.213600 0.365600 0.013600
0.252800 0.365600 0.022400
0.295200 0.365600 0.016800
0.304800 0.365600 0.027200
0.323200 0.365600 0.013600
0.352800 0.365600 0.013600
0.392800 0.365600 0.003200
0.444000 0.365600 0.017600
0.541600 0.365600 0.016800
0.338400 0.366400 0.011200
0.274400 0.367200 0.016000
0.369600 0.367200 0.011200
0.382400 0.367200 0.020000
0.488800 0.367200 0.011200
0.505600 0.367200 0.011200
0.520000 0.367200 0.008800
0.535200 0.367200 0.024800
0.556800 0.367200 0.011200
0.577600 0.367200 0.013600
0.755200 0.367200 0.015200
0.793600 0.367200 0.016800
0.592000 0.368000 0.008800
0.747200 0.368000 0.016800
0.772000 0.368000 0.016000
0.811200 0.368000 0.016800
0.605600 0.368800 0.019200
0.628000 0.368800 0.017600
0.704800 0.368800 0.008800
0.817600 0.368800 0.013600
0.654400 0.369600 0.011200
0.692000 0.369600 0.011200
0.723200 0.369600 0.016800
0.856800 0.369600 0.015200
0.861600 0.369600 0.018400
0.736800 0.370400 0.007200
0.835200 0.370400 0.011200
0.847200 0.370400 0.005600
0.671200 0.371200 0.013600
0.052800 0.376800 0.024800
0.071200 0.379200 0.012800
0.064000 0.380800 0.028800
