2040
2040
2040
2040
2040
2040
2040
2040
2040
2041
2041
2039
2039
2039
2039
2039
2039
2042
2042
2042
2042
2042
2042
2042
2042
2043
2043
2043
2043
2043
2043
2043
2043
2043
2043
2045
2045
2045
2045
2045
2045
2044
2044
2044
2044
2044
2044
2044
2044
2038
2038
2038
2038
2038
2038
2038
2038
2038
2038
2038
2038
2038
2038
2038
2038
2038
2038
2038
2038
2038
2038
2038
2038
2038
2038
2038
2038
2038
2038
2038
2038
2038
2038
2038
2038
2038
2038
2038
2038
2038
2038
2038
2038
2038
2038
2038
2038
2038
2038
2038
2038
2051
2051
2051
2051
2051
2050
2051
2051
2050
2050
2050
2050
2050
2047
2049
2047
2047
2047
2047
2049
2049
2049
2049
2049
2049
2046
2047
2047
2049
2049
2046
2046
2046
2038
2038
2038
2038
2038
2038
2038
2038
2038
2038
2038
2038
2038
2038
2038
2038
2038
2038
2038
2038
2038
2038
2038
2038
2038
2038
2038
2038
2038
2038
2038
2038
2038
2038
2038
2038
2038
2038
2038
2038
2038
2038
2038
2038
2038
2038
2038
2038
2038
2038
2038
2038
2038
2054
2054
2054
2054
2054
2053
2053
2053
2053
2055
2055
2055
2055
2054
2054
2054
2054
2054
2053
2053
2053
2055
2055
2055
2055
2055
2055
2055
2055
2054
2054
2054
2054
2053
2055
2056
2056
2056
2056
2056
2056
2056
2056
2056
2038
2052
2038
2038
2052
2052
2038
2038
2038
2038
2038
2052
2038
2038
2038
2038
2038
2038
2038
2038
2038
2038
2038
2038
2038
2038
2038
2038
2038
2038
2038
2038
2038
2038
2038
2038
2038
2038
2038
2038
2038
2038
2038
2038
2038
2038
2038
2038
2038
2038
2038
2038
2038
2038
2038
2058
2058
2058
2058
2058
2058
2058
2058
2058
2058
2058
2058
2058
2058
2058
2058
2058
2058
2058
2059
2059
2058
2058
2058
2058
2059
2059
2059
2059
2059
2059
2059
2059
2059
2059
2059
2057
2057
2057
2057
2057
2057
2057
2057
2057
2057
2057
2057
2057
2057
2038
2038
2038
2038
2038
2038
2038
2038
2038
2038
2038
2038
2038
2038
2038
2038
2038
2038
2038
2038
2038
2038
2038
2038
2038
2038
2038
2038
2038
2038
2038
2038
2038
2038
2038
2038
2038
2038
2038
2038
2038
2038
2061
2061
2060
2060
2060
2060
2061
2061
2061
2060
2060
2061
2061
2060
2060
2063
2063
2062
2062
2062
2062
2062
2062
2062
2061
2061
2063
2063
2063
2063
2063
2063
2063
2063
2062
2061
2061
2061
2061
2063
2063
2062
2062
2063
2062
2038
2038
2038
2038
2038
2038
2038
2038
2038
2038
2038
2038
2038
2038
2038
2038
2038
2038
2038
2038
2038
2038
2038
2038
2038
2038
2038
2038
2038
2038
2038
2038
2038
2038
2038
2038
2038
2038
2038
2038
2038
2038
2038
2038
2038
2038
2038
2038
2038
2038
2065
2067
2067
2065
2067
2067
2067
2065
2065
2065
2065
2065
2066
2067
2067
2067
2066
2066
2066
2068
2068
2068
2066
2064
2068
2064
2064
2064
2064
2064
2064
2064
2064
2064
-1
2038
2038
2038
2038
2038
2038
2038
2038
2038
2038
2038
2038
2038
2038
2038
2038
2038
2038
2038
2038
2038
2038
2038
2038
2038
2038
2038
2038
2038
2038
2038
2038
2038
2038
2038
2038
2038
2038
2038
2038
2038
2038
2038
2038
2038
2038
2038
2038
2038
2069
2069
2069
2069
2069
2069
2069
2069
2069
2069
2073
2073
2073
2073
2073
2073
2073
2073
2073
2073
2073
2073
2073
2073
2073
2073
2071
2071
2071
2071
2071
2072
2070
2038
2038
2038
2038
2038
2038
2038
2038
2038
2038
2038
2038
2038
2038
2038
2038
2038
2038
2038
2038
2038
2038
2038
2038
2038
2038
2038
2038
2038
2038
2038
2038
2038
2038
2038
2038
2038
2038
2038
2038
2038
2038
2038
2038
2038
2038
2038
2038
2038
2038
2038
2038
2038
2038
2038
2038
2075
2075
2075
2075
2074
2074
2074
2074
2074
2074
2074