0.192800 0.064800 0.008000
0.204000 0.064800 0.008800
0.160800 0.065600 0.016800
0.180000 0.065600 0.008800
0.217600 0.065600 0.020000
0.225600 0.065600 0.015200
0.838400 0.077600 0.019200
0.848800 0.078400 0.021600
0.789600 0.084800 0.011200
0.468800 0.096000 0.008000
0.478400 0.096000 0.013600
0.552800 0.096000 0.008800
0.492000 0.096800 0.011200
0.500000 0.096800 0.005600
0.508000 0.096800 0.005600
0.563200 0.096800 0.007200
0.514400 0.097600 0.004800
0.520000 0.097600 0.005600
0.571200 0.097600 0.005600
0.577600 0.097600 0.005600
0.618400 0.097600 0.007200
0.636000 0.097600 0.005600
0.646400 0.097600 0.008800
0.529600 0.098400 0.012800
0.587200 0.098400 0.007200
0.599200 0.098400 0.008800
0.608000 0.098400 0.007200
0.628000 0.098400 0.005600
0.652800 0.098400 0.003200
0.658400 0.098400 0.008800
0.667200 0.098400 0.005600
0.676800 0.098400 0.007200
0.688800 0.098400 0.008800
0.846400 0.105600 0.008800
0.892000 0.106400 0.013600
0.861600 0.107200 0.008800
0.874400 0.107200 0.008800
0.884800 0.107200 0.015200
0.140800 0.115200 0.016000
0.253600 0.115200 0.016800
0.150400 0.116000 0.020000
0.162400 0.116000 0.008800
0.197600 0.116000 0.011200
0.212800 0.116000 0.008800
0.228000 0.116000 0.008800
0.240000 0.116000 0.008800
0.316000 0.116000 0.011200
0.179200 0.116800 0.011200
0.454400 0.116800 0.011200
0.703200 0.116800 0.011200
0.272800 0.117600 0.012800
0.281600 0.117600 0.005600
0.300800 0.117600 0.008800
0.329600 0.117600 0.008800
0.469600 0.117600 0.008800
0.514400 0.117600 0.008800
0.528800 0.117600 0.008800
0.547200 0.117600 0.005600
0.265600 0.118400 0.005600
0.289600 0.118400 0.005600
0.386400 0.118400 0.011200
0.416800 0.118400 0.008800
0.434400 0.118400 0.012800
0.540800 0.118400 0.011200
0.558400 0.118400 0.013600
0.611200 0.118400 0.010400
0.656000 0.118400 0.008800
0.672000 0.118400 0.011200
0.686400 0.118400 0.008800
0.721600 0.118400 0.013600
0.740800 0.118400 0.013600
0.341600 0.119200 0.008800
0.354400 0.119200 0.008800
0.369600 0.119200 0.011200
0.404800 0.119200 0.011200
0.500000 0.119200 0.009600
0.576800 0.119200 0.012000
0.584800 0.119200 0.005600
0.595200 0.119200 0.008800
0.624800 0.119200 0.008800
0.639200 0.119200 0.012800
0.764000 0.119200 0.013600
0.485600 0.120000 0.011200
0.779200 0.120000 0.011200
0.808800 0.120800 0.008800
0.795200 0.121600 0.008800
0.824000 0.121600 0.012800
0.842400 0.122400 0.008800
0.853600 0.123200 0.008800
0.868800 0.124000 0.012000
0.297600 0.136800 0.010400
0.415200 0.136800 0.007200
0.320000 0.137600 0.008800
0.424000 0.137600 0.005600
0.540800 0.137600 0.008000
0.552000 0.137600 0.008800
0.564800 0.137600 0.007200
0.574400 0.137600 0.007200
0.584800 0.137600 0.005600
0.609600 0.137600 0.008800
0.620800 0.137600 0.007200
0.632000 0.137600 0.008000
0.244000 0.138400 0.008800
0.252800 0.138400 0.008000
0.263200 0.138400 0.008000
0.280800 0.138400 0.011200
0.304000 0.138400 0.005600
0.312000 0.138400 0.005600
0.446400 0.138400 0.008800
0.464000 0.138400 0.005600
0.472000 0.138400 0.005600
0.478400 0.138400 0.005600
0.487200 0.138400 0.008800
0.499200 0.138400 0.005600
0.508800 0.138400 0.007200
0.596000 0.138400 0.007200
0.273600 0.139200 0.005600
0.292000 0.139200 0.008800
0.433600 0.139200 0.005600
0.456000 0.139200 0.005600
0.520800 0.139200 0.007200
0.530400 0.139200 0.008000
0.768000 0.139200 0.008800
0.780800 0.139200 0.008000
0.440000 0.140000 0.004000
0.793600 0.140000 0.007200
0.804000 0.140000 0.008800
0.808800 0.140000 0.005600
0.835200 0.140000 0.005600
0.818400 0.140800 0.007200
0.135200 0.141600 0.007200
0.161600 0.141600 0.005600
0.175200 0.141600 0.008800
0.126400 0.142400 0.015200
0.145600 0.142400 0.005600
0.153600 0.142400 0.005600
0.841600 0.155200 0.019200
0.571200 0.156000 0.013600
0.793600 0.156000 0.012800
0.812800 0.156000 0.011200
0.832000 0.156000 0.011200
0.872000 0.156000 0.016000
0.380000 0.156800 0.011200
0.417600 0.156800 0.013600
0.459200 0.156800 0.012800
0.475200 0.156800 0.012000
0.580800 0.156800 0.005600
0.770400 0.156800 0.011200
0.854400 0.156800 0.016000
0.212000 0.157600 0.011200
0.226400 0.157600 0.005600
0.239200 0.157600 0.003200
0.332000 0.157600 0.013600
0.350400 0.157600 0.011200
0.364800 0.157600 0.008800
0.436800 0.157600 0.011200
0.449600 0.157600 0.005600
0.467200 0.157600 0.004800
0.490400 0.157600 0.011200
0.554400 0.157600 0.011200
0.598400 0.157600 0.012800
0.658400 0.157600 0.012800
0.708000 0.157600 0.011200
0.719200 0.157600 0.019200
0.750400 0.157600 0.016800
0.153600 0.158400 0.005600
0.163200 0.158400 0.008800
0.233600 0.158400 0.003200
0.245600 0.158400 0.004800
0.290400 0.158400 0.005600
0.314400 0.158400 0.011200
0.324000 0.158400 0.004800
0.484800 0.158400 0.005600
0.514400 0.158400 0.010400
0.543200 0.158400 0.011200
0.632800 0.158400 0.008000
0.641600 0.158400 0.005600
0.649600 0.158400 0.004800
0.693600 0.158400 0.011200
0.739200 0.158400 0.008800
0.179200 0.159200 0.011200
0.196000 0.159200 0.011200
0.300000 0.159200 0.008800
0.395200 0.159200 0.013600
0.405600 0.159200 0.005600
0.497600 0.159200 0.011200
0.527200 0.159200 0.008800
0.536000 0.159200 0.012800
0.619200 0.159200 0.011200
0.676800 0.159200 0.011200
0.144800 0.160000 0.007200
0.259200 0.160000 0.011200
0.274400 0.160000 0.012800
0.135200 0.160800 0.013600
0.524800 0.175200 0.009600
0.529600 0.175200 0.008000
0.540800 0.175200 0.008800
0.549600 0.175200 0.005600
0.572800 0.175200 0.008000
0.464000 0.176000 0.008800
0.472800 0.176000 0.007200
0.483200 0.176000 0.005600
0.498400 0.176000 0.006400
0.508800 0.176000 0.007200
0.519200 0.176000 0.008000
0.559200 0.176000 0.007200
0.584000 0.176000 0.008000
0.356000 0.176800 0.008800
0.368000 0.176800 0.008000
0.490400 0.176800 0.005600
0.656000 0.176800 0.007200
0.154400 0.177600 0.007200
0.166400 0.177600 0.006400
0.176800 0.177600 0.005600
0.212000 0.177600 0.007200
0.222400 0.177600 0.008800
0.326400 0.177600 0.008000
0.343200 0.177600 0.010400
0.377600 0.177600 0.006400
0.387200 0.177600 0.008800
0.404800 0.177600 0.008800
0.416800 0.177600 0.008800
0.421600 0.177600 0.009600
0.623200 0.177600 0.008000
0.643200 0.177600 0.007200
0.666400 0.177600 0.007200
0.845600 0.177600 0.008800
0.188000 0.178400 0.007200
0.198400 0.178400 0.007200
0.313600 0.178400 0.008800
0.336000 0.178400 0.005600
0.632800 0.178400 0.007200
0.676800 0.178400 0.008000
0.856800 0.178400 0.011200
0.864000 0.178400 0.005600
0.143200 0.179200 0.007200
0.398400 0.179200 0.003200
0.872800 0.179200 0.012800
0.133600 0.180800 0.008000
0.592000 0.188800 0.005600
0.437600 0.195200 0.008800
0.699200 0.195200 0.011200
0.228000 0.196000 0.013600
0.284800 0.196000 0.022400
0.292000 0.196000 0.018400
0.318400 0.196000 0.009600
0.364800 0.196000 0.011200
0.384800 0.196000 0.011200
0.517600 0.196000 0.011200
0.616800 0.196000 0.007200
0.640800 0.196000 0.012000
0.662400 0.196000 0.011200
0.680800 0.196000 0.011200
0.741600 0.196000 0.016800
0.749600 0.196000 0.015200
0.221600 0.196800 0.015200
0.257600 0.196800 0.008800
0.426400 0.196800 0.008800
0.450400 0.196800 0.010400
0.480000 0.196800 0.008800
0.532800 0.196800 0.011200
0.607200 0.196800 0.013600
0.626400 0.196800 0.008800
0.729600 0.196800 0.011200
0.846400 0.196800 0.011200
0.138400 0.197600 0.013600
0.159200 0.197600 0.013600
0.175200 0.197600 0.011200
0.192800 0.197600 0.010400
0.209600 0.197600 0.008800
0.243200 0.197600 0.011200
0.272000 0.197600 0.011200
0.301600 0.197600 0.011200
0.333600 0.197600 0.011200
0.348800 0.197600 0.008800
0.398400 0.197600 0.008800
0.409600 0.197600 0.011200
0.498400 0.197600 0.012800
0.551200 0.197600 0.011200
0.568000 0.197600 0.011200
0.713600 0.197600 0.008800
0.758400 0.197600 0.013600
0.776800 0.197600 0.012800
0.797600 0.197600 0.013600
0.818400 0.197600 0.022400
0.830400 0.197600 0.011200
0.148000 0.198400 0.005600
0.306400 0.198400 0.011200
0.465600 0.198400 0.011200
0.584000 0.198400 0.012800
0.866400 0.198400 0.012800
0.943200 0.206400 0.008800
0.952000 0.206400 0.011200
0.957600 0.206400 0.009600
0.972800 0.206400 0.005600
0.932800 0.207200 0.008800
0.920800 0.208000 0.008800
0.901600 0.209600 0.008800
0.912800 0.209600 0.007200
0.372800 0.213600 0.008000
0.384000 0.213600 0.005600
0.392000 0.214400 0.005600
0.400000 0.214400 0.005600
0.416800 0.214400 0.005600
0.408800 0.215200 0.005600
0.425600 0.215200 0.006400
0.436000 0.215200 0.006400
0.444800 0.215200 0.005600
0.452000 0.215200 0.005600
0.876800 0.215200 0.005600
0.460800 0.216000 0.005600
0.468000 0.216000 0.005600
0.868000 0.216000 0.008000
0.887200 0.216000 0.008800
0.170400 0.216800 0.007200
0.180000 0.216800 0.005600
0.190400 0.216800 0.007200
0.201600 0.216800 0.006400
0.585600 0.216800 0.008800
0.596000 0.216800 0.007200
0.617600 0.216800 0.003200
0.756000 0.216800 0.007200
0.768800 0.216800 0.008000
0.856000 0.216800 0.008800
0.212000 0.217600 0.008000
0.605600 0.217600 0.005600
0.612000 0.217600 0.004000
0.624000 0.217600 0.004000
0.648000 0.217600 0.006400
0.660800 0.217600 0.009600
0.719200 0.217600 0.011200
0.727200 0.217600 0.005600
0.736800 0.217600 0.005600
0.133600 0.218400 0.008800
0.144000 0.218400 0.005600
0.152000 0.218400 0.005600
0.159200 0.218400 0.005600
0.630400 0.218400 0.004800
0.637600 0.218400 0.005600
0.668000 0.218400 0.005600
0.745600 0.218400 0.005600
0.779200 0.218400 0.008800
0.970400 0.220800 0.011200
0.948000 0.221600 0.008800
0.959200 0.221600 0.008800
0.923200 0.222400 0.008800
0.936000 0.222400 0.010400
0.904000 0.223200 0.008800
0.912800 0.224000 0.008800
0.262400 0.229600 0.013600
0.244800 0.232000 0.011200
0.305600 0.232000 0.011200
0.494400 0.232000 0.009600
0.227200 0.232800 0.011200
0.283200 0.232800 0.016800
0.293600 0.232800 0.005600
0.321600 0.232800 0.011200
0.335200 0.232800 0.008800
0.346400 0.232800 0.007200
0.363200 0.232800 0.013600
0.384000 0.232800 0.014400
0.535200 0.232800 0.013600
0.831200 0.232800 0.024800
0.206400 0.233600 0.011200
0.396800 0.233600 0.013600
0.404000 0.233600 0.013600
0.413600 0.233600 0.005600
0.436000 0.233600 0.005600
0.464000 0.233600 0.011200
0.480000 0.233600 0.008800
0.507200 0.233600 0.008800
0.595200 0.233600 0.008800
0.842400 0.233600 0.005600
0.140000 0.234400 0.011200
0.158400 0.234400 0.010400
0.176800 0.234400 0.011200
0.192800 0.234400 0.008800
0.424800 0.234400 0.008800
0.444800 0.234400 0.005600
0.452800 0.234400 0.005600
0.517600 0.234400 0.016000
0.543200 0.234400 0.004800
0.552000 0.234400 0.008800
0.564000 0.234400 0.008800
0.573600 0.234400 0.005600
0.583200 0.234400 0.008800
0.608800 0.234400 0.020000
0.636000 0.234400 0.011200
0.654400 0.234400 0.011200
0.783200 0.234400 0.011200
0.850400 0.234400 0.012800
0.867200 0.234400 0.013600
0.617600 0.235200 0.015200
0.688000 0.235200 0.011200
0.758400 0.235200 0.015200
0.768000 0.235200 0.012800
0.798400 0.235200 0.011200
0.814400 0.235200 0.011200
0.673600 0.236000 0.011200
0.707200 0.236000 0.013600
0.728000 0.236000 0.013600
0.737600 0.236000 0.005600
0.747200 0.236000 0.008800
0.202400 0.254400 0.009600
0.236800 0.254400 0.008800
0.261600 0.254400 0.010400
0.268800 0.254400 0.003200
0.195200 0.255200 0.004800
0.224800 0.255200 0.008000
0.275200 0.255200 0.005600
0.284800 0.255200 0.005600
0.166400 0.256000 0.005600
0.174400 0.256000 0.005600
0.185600 0.256000 0.008800
0.215200 0.256000 0.007200
0.292000 0.256000 0.005600
0.300000 0.256000 0.007200
0.310400 0.256000 0.005600
0.157600 0.256800 0.005600
0.544800 0.256800 0.008800
0.737600 0.256800 0.011200
0.147200 0.257600 0.007200
0.488000 0.257600 0.008800
0.502400 0.257600 0.010400
0.550400 0.257600 0.008000
0.496800 0.258400 0.005600
0.512000 0.258400 0.007200
0.521600 0.258400 0.005600
0.529600 0.258400 0.008800
0.344800 0.259200 0.007200
0.747200 0.259200 0.005600
0.765600 0.259200 0.007200
0.776000 0.260000 0.011200
0.855200 0.260000 0.008800
0.318400 0.260800 0.005600
0.754400 0.260800 0.012800
0.864800 0.260800 0.007200
0.876000 0.261600 0.007200
0.887200 0.261600 0.011200
0.328000 0.262400 0.005600
0.336000 0.262400 0.005600
0.472000 0.262400 0.006400
0.236800 0.270400 0.004800
0.137600 0.272000 0.011200
0.151200 0.272800 0.016800
0.159200 0.272800 0.012000
0.173600 0.273600 0.008800
0.340000 0.273600 0.013600
0.386400 0.273600 0.008800
0.189600 0.274400 0.011200
0.228800 0.274400 0.013600
0.260000 0.274400 0.008800
0.272000 0.274400 0.016000
0.290400 0.274400 0.013600
0.346400 0.274400 0.011200
0.202400 0.275200 0.008800
0.215200 0.275200 0.008800
0.248800 0.275200 0.011200
0.281600 0.275200 0.005600
0.300800 0.275200 0.005600
0.310400 0.275200 0.012800
0.327200 0.275200 0.008800
0.360000 0.275200 0.008800
0.373600 0.275200 0.008800
0.409600 0.275200 0.008800
0.462400 0.275200 0.011200
0.486400 0.275200 0.013600
0.396800 0.276000 0.008800
0.419200 0.276000 0.008800
0.430400 0.276000 0.007200
0.444800 0.276000 0.011200
0.524000 0.276000 0.011200
0.542400 0.276000 0.011200
0.616000 0.276000 0.016800
0.506400 0.276800 0.011200
0.558400 0.276800 0.011200
0.574400 0.276800 0.011200
0.708000 0.276800 0.016800
0.590400 0.277600 0.011200
0.637600 0.277600 0.012000
0.672800 0.277600 0.013600
0.687200 0.277600 0.011200
0.703200 0.277600 0.011200
0.732000 0.277600 0.014400
0.737600 0.277600 0.013600
0.825600 0.277600 0.010400
0.838400 0.277600 0.005600
0.716000 0.278400 0.021600
0.769600 0.278400 0.011200
0.607200 0.279200 0.026400
0.653600 0.279200 0.011200
0.792000 0.279200 0.013600
0.811200 0.279200 0.011200
0.848800 0.279200 0.013600
0.754400 0.280000 0.011200
0.857600 0.280800 0.004800
0.867200 0.280800 0.008800
0.876800 0.280800 0.015200
0.403200 0.293600 0.005600
0.471200 0.293600 0.008800
0.394400 0.294400 0.008800
0.412000 0.294400 0.008800
0.480800 0.294400 0.006400
0.335200 0.295200 0.012800
0.344000 0.295200 0.007200
0.353600 0.295200 0.005600
0.370400 0.295200 0.008800
0.491200 0.295200 0.007200
0.513600 0.295200 0.008800
0.519200 0.295200 0.003200
0.621600 0.295200 0.008800
0.360800 0.296000 0.005600
0.501600 0.296000 0.007200
0.524800 0.296000 0.008800
0.639200 0.296000 0.005600
0.632000 0.296800 0.005600
0.648000 0.296800 0.006400
0.668800 0.296800 0.008800
0.657600 0.297600 0.008000
0.203200 0.299200 0.011200
0.764800 0.299200 0.008800
0.775200 0.299200 0.007200
0.784000 0.299200 0.005600
0.211200 0.300000 0.008800
0.216800 0.300000 0.003200
0.795200 0.300000 0.007200
0.805600 0.300000 0.007200
0.223200 0.300800 0.005600
0.230400 0.300800 0.005600
0.236000 0.300800 0.009600
0.814400 0.300800 0.005600
0.823200 0.300800 0.011200
0.172000 0.313600 0.016800
0.747200 0.314400 0.017600
0.155200 0.315200 0.011200
0.181600 0.315200 0.004800
0.672800 0.315200 0.012800
0.139200 0.316000 0.024800
0.224800 0.316000 0.011200
0.260800 0.316000 0.008800
0.275200 0.316000 0.008800
0.290400 0.316000 0.016800
0.644000 0.316000 0.004800
0.651200 0.316000 0.005600
0.657600 0.316000 0.004000
0.665600 0.316000 0.005600
0.737600 0.316000 0.024800
0.192800 0.316800 0.014400
0.204000 0.316800 0.004000
0.211200 0.316800 0.011200
0.232000 0.316800 0.005600
0.240800 0.316800 0.005600
0.309600 0.316800 0.016800
0.320800 0.316800 0.007200
0.382400 0.316800 0.013600
0.447200 0.316800 0.019200
0.458400 0.316800 0.004800
0.468000 0.316800 0.013600
0.487200 0.316800 0.013600
0.520000 0.316800 0.013600
0.528000 0.316800 0.005600
0.614400 0.316800 0.010400
0.630400 0.316800 0.011200
0.687200 0.316800 0.009600
0.722400 0.316800 0.013600
0.756800 0.316800 0.005600
0.248800 0.317600 0.005600
0.329600 0.317600 0.004800
0.339200 0.317600 0.012800
0.405600 0.317600 0.011200
0.432800 0.317600 0.008800
0.503200 0.317600 0.011200
0.540800 0.317600 0.011200
0.765600 0.317600 0.013600
0.302400 0.318400 0.005600
0.354400 0.318400 0.009600
0.368000 0.318400 0.008800
0.600800 0.318400 0.008800
0.702400 0.318400 0.011200
0.779200 0.318400 0.011200
0.797600 0.318400 0.012800
0.421600 0.319200 0.008800
0.556800 0.319200 0.011200
0.818400 0.319200 0.011200
0.828800 0.319200 0.011200
0.584800 0.320000 0.008800
0.863200 0.320000 0.016800
0.572000 0.320800 0.008800
0.845600 0.320800 0.011200
0.221600 0.332800 0.008800
0.236800 0.332800 0.008800
0.206400 0.333600 0.010400
0.215200 0.333600 0.005600
0.249600 0.333600 0.005600
0.259200 0.333600 0.008000
0.272000 0.333600 0.009600
0.608800 0.334400 0.008800
0.618400 0.334400 0.005600
0.628000 0.334400 0.005600
0.637600 0.334400 0.006400
0.364000 0.335200 0.007200
0.405600 0.335200 0.007200
0.652000 0.335200 0.008800
0.373600 0.336000 0.005600
0.383200 0.336000 0.007200
0.394400 0.336000 0.007200
0.415200 0.336000 0.008800
0.331200 0.339200 0.007200
0.329600 0.351200 0.007200
0.340000 0.351200 0.008800
0.570400 0.351200 0.015200
0.236000 0.352000 0.013600
0.386400 0.352000 0.010400
0.143200 0.352800 0.021600
0.221600 0.352800 0.011200
0.286400 0.352800 0.016000
0.296800 0.352800 0.005600
0.316800 0.352800 0.008800
0.356000 0.352800 0.011200
0.473600 0.352800 0.016800
0.565600 0.352800 0.013600
0.651200 0.352800 0.005600
0.204000 0.353600 0.011200
0.305600 0.353600 0.005600
0.518400 0.353600 0.011200
0.588800 0.353600 0.011200
0.638400 0.353600 0.011200
0.155200 0.354400 0.011200
0.160000 0.354400 0.008800
0.172000 0.354400 0.008800
0.192000 0.354400 0.007200
0.255200 0.354400 0.008800
0.370400 0.354400 0.009600
0.404000 0.354400 0.011200
0.422400 0.354400 0.011200
0.455200 0.354400 0.011200
0.485600 0.354400 0.005600
0.503200 0.354400 0.008800
0.536000 0.354400 0.011200
0.548800 0.354400 0.011200
0.581600 0.354400 0.005600
0.604000 0.354400 0.011200
0.620800 0.354400 0.011200
0.659200 0.354400 0.013600
0.774400 0.354400 0.013600
0.867200 0.354400 0.024800
0.181600 0.355200 0.007200
0.270400 0.355200 0.011200
0.437600 0.355200 0.011200
0.493600 0.355200 0.005600
0.673600 0.355200 0.011200
0.792800 0.355200 0.013600
0.836800 0.355200 0.021600
0.849600 0.355200 0.009600
0.688000 0.356000 0.008800
0.700800 0.356000 0.008800
0.716000 0.356000 0.011200
0.755200 0.356000 0.015200
0.823200 0.356000 0.011200
0.808000 0.356800 0.011200
0.732800 0.357600 0.011200
0.452800 0.379200 0.010400
