309
309
309
309
309
309
316
316
316
313
313
313
313
313
313
313
314
314
314
314
314
314
314
314
314
313
315
313
313
313
313
315
315
315
315
315
315
313
313
315
315
310
312
310
310
310
312
314
310
310
310
310
310
310
312
312
312
312
314
314
314
314
310
310
314
311
-1
317
308
304
308
308
308
308
304
304
304
308
308
308
308
308
308
308
308
308
308
308
308
308
308
308
308
308
308
308
308
308
308
308
308
308
308
308
308
308
308
308
308
308
308
308
308
308
308
308
308
308
308
308
308
308
308
323
323
323
323
323
323
323
323
323
323
321
321
320
318
320
320
320
318
320
320
318
318
323
323
323
323
323
323
323
319
303
303
308
308
308
308
308
308
308
308
308
308
308
308
308
308
308
308
308
308
308
308
308
308
308
308
308
308
308
308
308
308
308
308
308
308
308
308
308
308
308
308
308
308
308
308
308
308
308
308
308
308
308
308
308
301
301
324
324
324
327
324
324
327
327
326
327
327
327
326
327
327
326
326
329
329
329
329
329
329
329
329
329
329
329
329
329
328
329
329
308
308
308
308
308
308
308
308
308
308
308
308
308
308
308
308
308
308
308
308
308
308
308
308
308
308
308
308
308
308
308
308
308
308
308
308
308
308
308
308
308
308
308
308
308
308
308
308
308
305
305
305
307
307
306
308
308
308
308
308
308
308
308
308
308
308
308
308
308
308
308
308
308
308
308
308
308
308
308
308
308
308
308
308
308
308
308
308
308
308
308
308
308
308
308
308
308
308
308
308
308
308
308
308
308
308
308
308
300
300
300
299
299
299
297
298
297
297
300
298
298
308
308
308
308
308
308
308
308
308
308
308
308
308
308
308
308
308
308
308
308
308
308
308
308
308
308
308
308
308
308
308
308
308
308
308
308
308
308
308
308
308
308
308
308
308
308
308
308
308
308
308
308
308
308
286
286
290
286
287
290
289
290
290
290
291
287
290
290
290
290
291
293
293
293
293
293
293
293
289
289
289
290
290
290
291
293
292
292
294
288
295
295
295
295
295
308
308
308
308
308
308
308
308
308
308
308
308
308
308
308
308
308
308
308
308
308
308
308
308
308
308
308
308
308
308
308
308
308
308
308
308
308
308
308
308
308
308
308
308
308
308
308
308
308
308
308
308
308
285
284
285
285
285
284
284
284
284
284
285
285
285
285
284
285
285
285
283
283
283
281
283
283
283
283
283
283
283
283
283
281
283
283
283
283
283
283
281
285
285
283
281
285
285
285
281
281
282
282
308
308
308
308
308
308
308
308
308
308
308
308
308
308
308
308
308
308
308
308
308
308
308
308
308
308
308
308
308
308
308
308
308
308
308
308
308
308
308
308
308
308
308
308
308
308
308
308
308
308
308
308
308
308
308
308
308
308
280
280
280
279
279
279
279
279
279
279
279
279
279
279
279
279
279
279
279
279
279
279
279
279
279
279
279
279
279
279
279
279
279
279
279
279
279
279
279
279
279
279
279
279
279
279
279
279
279
279
280
280
279
279
279
279
279
279
279
279
279
279
279
279
279
279
279
279
279
279
279
279
279
279
279
279
279
279
279
279
279
279
279
279
279
279
279
279
279
279
279