0.227200 0.040800 0.013600
0.268800 0.040800 0.011200
0.338400 0.040800 0.008800
0.460000 0.040800 0.008800
0.236800 0.041600 0.005600
0.245600 0.041600 0.005600
0.255200 0.041600 0.023200
0.276800 0.041600 0.005600
0.283200 0.041600 0.008800
0.294400 0.041600 0.011200
0.301600 0.041600 0.005600
0.309600 0.041600 0.005600
0.316000 0.041600 0.005600
0.322400 0.041600 0.010400
0.349600 0.041600 0.007200
0.359200 0.041600 0.007200
0.389600 0.041600 0.005600
0.398400 0.041600 0.008800
0.409600 0.041600 0.008800
0.418400 0.041600 0.005600
0.424800 0.041600 0.005600
0.448000 0.041600 0.009600
0.469600 0.041600 0.005600
0.477600 0.041600 0.005600
0.328000 0.042400 0.008800
0.369600 0.042400 0.007200
0.380800 0.042400 0.005600
0.440800 0.042400 0.003200
0.485600 0.042400 0.005600
0.505600 0.042400 0.008000
0.515200 0.042400 0.008800
0.434400 0.043200 0.012800
0.494400 0.043200 0.008800
0.527200 0.043200 0.007200
0.540800 0.043200 0.008800
0.553600 0.044800 0.011200
0.145600 0.059200 0.016800
0.178400 0.059200 0.008800
0.164800 0.060000 0.011200
0.188000 0.060800 0.008800
0.201600 0.060800 0.008800
0.212800 0.060800 0.008800
0.860800 0.064000 0.011200
0.847200 0.065600 0.022400
0.561600 0.080000 0.008800
0.404800 0.080800 0.008800
0.439200 0.080800 0.007200
0.610400 0.080800 0.008800
0.396000 0.081600 0.008800
0.416800 0.081600 0.008800
0.428800 0.081600 0.008800
0.457600 0.081600 0.012800
0.549600 0.081600 0.008000
0.575200 0.081600 0.005600
0.588000 0.081600 0.008800
0.598400 0.081600 0.007200
0.622400 0.081600 0.007200
0.411200 0.082400 0.003200
0.449600 0.082400 0.005600
0.473600 0.082400 0.008800
0.633600 0.082400 0.008000
0.642400 0.082400 0.005600
0.652000 0.082400 0.005600
0.660800 0.082400 0.012800
0.333600 0.083200 0.005600
0.342400 0.083200 0.005600
0.377600 0.083200 0.013600
0.385600 0.083200 0.004000
0.484000 0.083200 0.005600
0.493600 0.083200 0.007200
0.502400 0.083200 0.005600
0.510400 0.083200 0.005600
0.519200 0.083200 0.005600
0.531200 0.083200 0.008800
0.324800 0.084000 0.008800
0.348800 0.084000 0.005600
0.355200 0.084000 0.005600
0.368000 0.084000 0.005600
0.176000 0.090400 0.005600
0.182400 0.091200 0.012000
0.190400 0.091200 0.005600
0.198400 0.092000 0.005600
0.205600 0.092000 0.005600
0.213600 0.092000 0.005600
0.244800 0.092000 0.008000
0.228800 0.092800 0.010400
0.806400 0.096800 0.016000
0.788000 0.097600 0.005600
0.793600 0.097600 0.009600
0.814400 0.097600 0.015200
0.824800 0.097600 0.016800
0.831200 0.097600 0.016800
0.841600 0.098400 0.008800
0.756000 0.099200 0.019200
0.768800 0.099200 0.016800
0.780000 0.099200 0.005600
0.855200 0.099200 0.011200
0.701600 0.100000 0.008800
0.539200 0.100800 0.011200
0.552800 0.100800 0.008800
0.632000 0.100800 0.011200
0.642400 0.100800 0.013600
0.656800 0.100800 0.005600
0.663200 0.100800 0.011200
0.675200 0.100800 0.008800
0.716000 0.100800 0.013600
0.733600 0.100800 0.016800
0.748000 0.100800 0.016800
0.418400 0.101600 0.008800
0.523200 0.101600 0.007200
0.562400 0.101600 0.005600
0.587200 0.101600 0.011200
0.600000 0.101600 0.008800
0.612800 0.101600 0.013600
0.390400 0.102400 0.005600
0.402400 0.102400 0.010400
0.431200 0.102400 0.008800
0.571200 0.102400 0.013600
0.689600 0.102400 0.008800
0.500000 0.103200 0.008800
0.512800 0.103200 0.008800
0.620000 0.103200 0.016800
0.444000 0.104000 0.013600
0.452000 0.104000 0.003200
0.460800 0.104000 0.013600
0.488000 0.104000 0.008800
0.316000 0.104800 0.013600
0.336000 0.104800 0.013600
0.344000 0.104800 0.004800
0.353600 0.104800 0.013600
0.373600 0.104800 0.014400
0.382400 0.104800 0.013600
0.476000 0.104800 0.011200
0.362400 0.105600 0.015200
0.301600 0.106400 0.010400
0.326400 0.106400 0.005600
0.266400 0.107200 0.005600
0.286400 0.107200 0.010400
0.166400 0.108000 0.031200
0.178400 0.108000 0.008800
0.191200 0.108000 0.008000
0.224800 0.108000 0.007200
0.233600 0.108000 0.007200
0.245600 0.108000 0.008800
0.273600 0.108000 0.013600
0.279200 0.108000 0.003200
0.133600 0.108800 0.011200
0.157600 0.108800 0.004000
0.201600 0.108800 0.005600
0.212800 0.108800 0.008000
0.257600 0.108800 0.007200
0.148800 0.109600 0.024800
0.054400 0.111200 0.040000
0.845600 0.116000 0.011200
0.857600 0.116000 0.010400
0.702400 0.120800 0.008000
0.715200 0.120800 0.007200
0.725600 0.120800 0.005600
0.735200 0.120800 0.005600
0.745600 0.120800 0.008800
0.813600 0.120800 0.008800
0.688800 0.121600 0.008800
0.416000 0.123200 0.008800
0.446400 0.123200 0.011200
0.452000 0.123200 0.008800
0.391200 0.124000 0.011200
0.397600 0.124000 0.011200
0.405600 0.124000 0.008800
0.428800 0.124000 0.008800
0.438400 0.124000 0.005600
0.383200 0.124800 0.011200
0.548000 0.125600 0.007200
0.053600 0.131200 0.040000
0.757600 0.136800 0.004800
0.808000 0.136800 0.013600
0.832000 0.136800 0.016800
0.844000 0.136800 0.013600
0.861600 0.136800 0.012800
0.764800 0.137600 0.013600
0.780000 0.137600 0.011200
0.794400 0.137600 0.008800
0.825600 0.137600 0.013600
0.852800 0.137600 0.005600
0.730400 0.139200 0.008800
0.742400 0.139200 0.012800
0.683200 0.140000 0.008800
0.697600 0.140000 0.008800
0.714400 0.140000 0.011200
0.639200 0.140800 0.013600
0.673600 0.140800 0.016800
0.605600 0.141600 0.008800
0.617600 0.141600 0.008800
0.630400 0.141600 0.008800
0.656000 0.141600 0.005600
0.664000 0.141600 0.012800
0.579200 0.142400 0.010400
0.594400 0.142400 0.008800
0.644000 0.142400 0.003200
0.432800 0.143200 0.011200
0.501600 0.143200 0.009600
0.543200 0.143200 0.005600
0.565600 0.143200 0.008800
0.379200 0.144000 0.011200
0.396000 0.144000 0.010400
0.415200 0.144000 0.009600
0.449600 0.144000 0.008800
0.475200 0.144000 0.005600
0.486400 0.144000 0.007200
0.516000 0.144000 0.008800
0.532800 0.144000 0.015200
0.552800 0.144000 0.008800
0.373600 0.144800 0.013600
0.464000 0.144800 0.008000
0.317600 0.147200 0.010400
0.333600 0.147200 0.008800
0.346400 0.147200 0.011200
0.354400 0.147200 0.003200
0.209600 0.148000 0.011200
0.304000 0.148000 0.008800
0.136000 0.148800 0.012800
0.152000 0.148800 0.005600
0.165600 0.148800 0.011200
0.181600 0.148800 0.011200
0.196000 0.148800 0.005600
0.226400 0.148800 0.008800
0.276800 0.148800 0.013600
0.290400 0.148800 0.008800
0.362400 0.148800 0.012800
0.240000 0.149600 0.011200
0.268800 0.149600 0.019200
0.256000 0.150400 0.011200
0.486400 0.156000 0.005600
0.495200 0.156000 0.006400
0.506400 0.156000 0.007200
0.516800 0.156000 0.007200
0.465600 0.156800 0.005600
0.476800 0.156800 0.006400
0.417600 0.157600 0.005600
0.428000 0.157600 0.007200
0.438400 0.157600 0.005600
0.444800 0.157600 0.005600
0.456000 0.157600 0.006400
0.386400 0.158400 0.003200
0.402400 0.158400 0.005600
0.408000 0.158400 0.008800
0.634400 0.158400 0.006400
0.645600 0.158400 0.007200
0.657600 0.158400 0.008000
0.380800 0.159200 0.008000
0.392800 0.159200 0.005600
0.624000 0.159200 0.007200
0.580800 0.160000 0.006400
0.592000 0.160000 0.007200
0.603200 0.160000 0.005600
0.612000 0.160000 0.007200
0.561600 0.160800 0.005600
0.570400 0.160800 0.005600
0.204800 0.166400 0.006400
0.132800 0.167200 0.011200
0.140000 0.168000 0.005600
0.149600 0.168800 0.007200
0.160800 0.168800 0.008800
0.854400 0.173600 0.012800
0.692800 0.174400 0.008800
0.736000 0.174400 0.024000
0.824000 0.174400 0.011200
0.838400 0.174400 0.011200
0.642400 0.175200 0.008800
0.660000 0.175200 0.011200
0.673600 0.175200 0.005600
0.680000 0.175200 0.011200
0.744800 0.175200 0.016800
0.623200 0.176000 0.012800
0.705600 0.176000 0.009600
0.720800 0.176000 0.011200
0.754400 0.176000 0.019200
0.795200 0.176000 0.016800
0.606400 0.176800 0.011200
0.632000 0.176800 0.005600
0.765600 0.176800 0.008800
0.778400 0.176800 0.011200
0.804000 0.176800 0.013600
0.556800 0.177600 0.011200
0.574400 0.177600 0.011200
0.483200 0.178400 0.011200
0.544000 0.178400 0.013600
0.592000 0.178400 0.011200
0.494400 0.179200 0.008800
0.528000 0.179200 0.005600
0.536000 0.179200 0.005600
0.344000 0.180000 0.011200
0.435200 0.180000 0.004800
0.508800 0.180000 0.011200
0.520000 0.180000 0.005600
0.328000 0.180800 0.011200
0.360000 0.180800 0.016800
0.366400 0.180800 0.019200
0.379200 0.180800 0.013600
0.388800 0.180800 0.005600
0.414400 0.180800 0.011200
0.442400 0.180800 0.005600
0.452800 0.180800 0.008800
0.468000 0.180800 0.011200
0.284000 0.181600 0.011200
0.300000 0.181600 0.008800
0.427200 0.181600 0.012000
0.257600 0.182400 0.008800
0.268000 0.182400 0.011200
0.313600 0.182400 0.008800
0.399200 0.182400 0.008800
0.244000 0.183200 0.010400
0.134400 0.184000 0.011200
0.213600 0.184000 0.008800
0.148000 0.185600 0.008800
0.160800 0.185600 0.011200
0.168000 0.185600 0.012000
0.228800 0.185600 0.008800
0.186400 0.186400 0.008800
0.200000 0.186400 0.008800
0.819200 0.191200 0.008000
0.860800 0.191200 0.008800
0.832000 0.192000 0.008000
0.848000 0.192000 0.008000
0.808000 0.192800 0.007200
0.432000 0.198400 0.005600
0.444800 0.198400 0.007200
0.453600 0.198400 0.007200
0.257600 0.199200 0.007200
0.288800 0.199200 0.008000
0.376000 0.199200 0.009600
0.380800 0.199200 0.008800
0.407200 0.199200 0.008800
0.421600 0.199200 0.007200
0.234400 0.200000 0.005600
0.245600 0.200000 0.008000
0.269600 0.200000 0.006400
0.279200 0.200000 0.005600
0.390400 0.200000 0.008800
0.219200 0.200800 0.005600
0.226400 0.200800 0.005600
0.206400 0.201600 0.005600
0.120800 0.202400 0.011200
0.132800 0.202400 0.007200
0.152800 0.202400 0.005600
0.162400 0.202400 0.005600
0.172000 0.202400 0.007200
0.197600 0.202400 0.005600
0.142400 0.203200 0.007200
0.184000 0.203200 0.008000
0.192000 0.203200 0.005600
0.833600 0.207200 0.011200
0.795200 0.208000 0.011200
0.852000 0.208000 0.013600
0.861600 0.208000 0.024800
0.812000 0.208800 0.011200
0.744800 0.210400 0.011200
0.762400 0.210400 0.012000
0.649600 0.212000 0.012800
0.727200 0.212000 0.012000
0.779200 0.212000 0.011200
0.631200 0.212800 0.013600
0.693600 0.212800 0.011200
0.529600 0.213600 0.022400
0.544000 0.213600 0.008800
0.587200 0.213600 0.009600
0.603200 0.213600 0.011200
0.614400 0.213600 0.005600
0.621600 0.213600 0.005600
0.673600 0.213600 0.012800
0.710400 0.213600 0.011200
0.474400 0.214400 0.011200
0.558400 0.214400 0.008800
0.572800 0.214400 0.008800
0.455200 0.215200 0.012000
0.508800 0.215200 0.013600
0.519200 0.215200 0.005600
0.419200 0.216000 0.010400
0.435200 0.216000 0.011200
0.493600 0.216000 0.011200
0.382400 0.217600 0.011200
0.401600 0.217600 0.011200
0.271200 0.218400 0.015200
0.358400 0.218400 0.005600
0.253600 0.219200 0.005600
0.260800 0.219200 0.012800
0.368000 0.219200 0.007200
0.191200 0.220000 0.010400
0.210400 0.220000 0.012800
0.226400 0.220000 0.012000
0.243200 0.220000 0.013600
0.278400 0.220000 0.012800
0.291200 0.220000 0.008800
0.314400 0.220000 0.010400
0.327200 0.220000 0.011200
0.351200 0.220000 0.005600
0.301600 0.220800 0.005600
0.341600 0.220800 0.011200
0.135200 0.221600 0.012800
0.176000 0.221600 0.008800
0.161600 0.222400 0.013600
0.151200 0.223200 0.016800
0.643200 0.231200 0.007200
0.652800 0.231200 0.006400
0.676000 0.231200 0.006400
0.689600 0.231200 0.008000
0.631200 0.232000 0.007200
0.664800 0.232000 0.007200
0.620000 0.232800 0.008000
0.487200 0.234400 0.005600
0.493600 0.234400 0.004800
0.500800 0.234400 0.005600
0.508800 0.234400 0.005600
0.516000 0.234400 0.005600
0.456000 0.235200 0.011200
0.464800 0.235200 0.008800
0.476000 0.235200 0.007200
0.321600 0.237600 0.007200
0.287200 0.238400 0.008800
0.307200 0.238400 0.008800
0.332800 0.238400 0.007200
0.352000 0.238400 0.010400
0.199200 0.239200 0.003200
0.225600 0.239200 0.003200
0.296800 0.239200 0.005600
0.344800 0.239200 0.005600
0.215200 0.240000 0.008000
0.181600 0.240800 0.008800
0.192800 0.240800 0.008800
0.204000 0.240800 0.003200
0.220800 0.240800 0.003200
0.175200 0.241600 0.005600
0.136800 0.244800 0.009600
0.827200 0.245600 0.011200
0.844800 0.245600 0.013600
0.862400 0.246400 0.016800
0.738400 0.248000 0.011200
0.753600 0.248800 0.007200
0.810400 0.248800 0.013600
0.637600 0.249600 0.011200
0.670400 0.249600 0.008800
0.707200 0.249600 0.019200
0.721600 0.249600 0.010400
0.764800 0.249600 0.018400
0.776800 0.249600 0.022400
0.791200 0.249600 0.011200
0.581600 0.250400 0.011200
0.654400 0.250400 0.010400
0.681600 0.250400 0.008800
0.696800 0.250400 0.013600
0.612000 0.251200 0.016000
0.536800 0.252000 0.020800
0.543200 0.252000 0.015200
0.596000 0.252000 0.011200
0.553600 0.252800 0.005600
0.565600 0.252800 0.009600
0.475200 0.253600 0.012800
0.495200 0.253600 0.011200
0.524800 0.253600 0.008800
0.389600 0.254400 0.019200
0.457600 0.254400 0.010400
0.510400 0.254400 0.011200
0.334400 0.256000 0.013600
0.343200 0.256000 0.016800
0.366400 0.256000 0.005600
0.394400 0.256000 0.013600
0.432000 0.256000 0.011200
0.444000 0.256000 0.005600
0.308000 0.256800 0.008800
0.319200 0.256800 0.011200
0.375200 0.256800 0.013600
0.411200 0.256800 0.012800
0.240000 0.257600 0.015200
0.291200 0.257600 0.012800
0.356000 0.257600 0.015200
0.169600 0.258400 0.019200
0.192800 0.258400 0.010400
0.259200 0.258400 0.005600
0.268000 0.258400 0.008800
0.278400 0.258400 0.008800
0.204800 0.259200 0.005600
0.212800 0.259200 0.005600
0.220800 0.259200 0.013600
0.231200 0.259200 0.005600
0.155200 0.260000 0.011200
0.179200 0.260000 0.016000
0.133600 0.260800 0.011200
0.253600 0.260800 0.011200
0.140000 0.261600 0.012800
0.713600 0.270400 0.008800
0.723200 0.270400 0.013600
0.800800 0.270400 0.008800
0.829600 0.270400 0.008800
0.657600 0.271200 0.008800
0.676000 0.271200 0.005600
0.695200 0.271200 0.013600
0.702400 0.271200 0.008800
0.811200 0.271200 0.005600
0.817600 0.271200 0.005600
0.840800 0.271200 0.007200
0.849600 0.271200 0.005600
0.856800 0.271200 0.011200
0.666400 0.272000 0.008800
0.684800 0.272000 0.008800
0.424800 0.275200 0.005600
0.560000 0.275200 0.008800
0.398400 0.276000 0.008800
0.403200 0.276000 0.008800
0.416000 0.276000 0.008800
0.431200 0.276000 0.010400
0.532000 0.276000 0.008000
0.548800 0.276000 0.012800
0.540800 0.276800 0.005600
0.285600 0.277600 0.003200
0.290400 0.277600 0.009600
0.254400 0.278400 0.008800
0.264000 0.278400 0.008800
0.278400 0.278400 0.005600
0.243200 0.279200 0.008800
0.296000 0.279200 0.008800
0.196800 0.280000 0.005600
0.203200 0.280000 0.011200
0.212800 0.280000 0.008000
0.222400 0.280000 0.008800
0.235200 0.280000 0.011200
0.189600 0.280800 0.011200
0.142400 0.284800 0.008800
0.786400 0.290400 0.008800
0.830400 0.290400 0.013600
0.838400 0.290400 0.005600
0.848800 0.290400 0.013600
0.744800 0.291200 0.016800
0.794400 0.291200 0.005600
0.801600 0.291200 0.012800
0.864000 0.291200 0.013600
0.726400 0.292000 0.011200
0.765600 0.292000 0.016800
0.776000 0.292000 0.008800
0.756800 0.292800 0.016800
0.816000 0.292800 0.011200
0.696000 0.293600 0.016800
0.663200 0.294400 0.008800
0.676800 0.294400 0.016800
0.708000 0.294400 0.016800
0.547200 0.295200 0.011200
0.573600 0.295200 0.008800
0.589600 0.295200 0.011200
0.604000 0.295200 0.008800
0.620000 0.295200 0.022400
0.632800 0.295200 0.008800
0.650400 0.295200 0.011200
0.435200 0.296000 0.013600
0.528000 0.296000 0.012000
0.559200 0.296000 0.011200
0.385600 0.296800 0.008800
0.447200 0.296800 0.008800
0.507200 0.296800 0.012800
0.396000 0.297600 0.005600
0.430400 0.297600 0.019200
0.460800 0.297600 0.008800
0.473600 0.297600 0.008800
0.374400 0.298400 0.005600
0.419200 0.298400 0.008800
0.489600 0.298400 0.011200
0.323200 0.299200 0.016800
0.334400 0.299200 0.008800
0.355200 0.299200 0.005600
0.405600 0.299200 0.019200
0.136800 0.300000 0.027200
0.314400 0.300000 0.005600
0.344000 0.300000 0.016000
0.364000 0.300000 0.016800
0.268800 0.300800 0.008800
0.283200 0.300800 0.011200
0.296800 0.300800 0.013600
0.301600 0.300800 0.016800
0.212800 0.301600 0.008800
0.239200 0.301600 0.011200
0.180000 0.302400 0.016800
0.187200 0.302400 0.004800
0.198400 0.302400 0.016800
0.223200 0.302400 0.018400
0.257600 0.302400 0.016800
0.151200 0.303200 0.016800
0.169600 0.303200 0.008800
0.158400 0.304000 0.016800
0.514400 0.314400 0.008800
0.526400 0.315200 0.008000
0.483200 0.316800 0.008800
0.579200 0.331200 0.005600
0.859200 0.331200 0.016800
0.773600 0.332000 0.004800
0.782400 0.332000 0.013600
0.796000 0.332000 0.008800
0.840800 0.332000 0.011200
0.587200 0.332800 0.013600
0.825600 0.332800 0.011200
0.601600 0.333600 0.011200
0.620000 0.333600 0.012800
0.640000 0.333600 0.011200
0.691200 0.333600 0.019200
0.767200 0.333600 0.024000
0.810400 0.333600 0.010400
0.553600 0.334400 0.011200
0.656000 0.334400 0.011200
0.677600 0.334400 0.017600
0.728000 0.334400 0.013600
0.434400 0.335200 0.004800
0.537600 0.335200 0.016800
0.568000 0.335200 0.008800
0.668000 0.335200 0.007200
0.700000 0.335200 0.006400
0.712800 0.335200 0.009600
0.735200 0.335200 0.015200
0.743200 0.335200 0.021600
0.755200 0.335200 0.008800
0.441600 0.336000 0.013600
0.493600 0.336000 0.013600
0.516000 0.336800 0.016000
0.527200 0.336800 0.005600
0.417600 0.337600 0.008800
0.474400 0.337600 0.011200
0.392800 0.338400 0.011200
0.426400 0.338400 0.005600
0.407200 0.339200 0.005600
0.459200 0.339200 0.013600
0.343200 0.340000 0.016800
0.369600 0.340000 0.016800
0.380000 0.340000 0.005600
0.310400 0.340800 0.008800
0.324800 0.340800 0.011200
0.295200 0.341600 0.011200
0.241600 0.342400 0.013600
0.258400 0.342400 0.008800
0.268000 0.342400 0.004800
0.278400 0.342400 0.015200
0.217600 0.343200 0.013600
0.354400 0.343200 0.005600
0.154400 0.344800 0.016000
0.164800 0.344800 0.005600
0.196800 0.344800 0.013600
0.204000 0.344800 0.005600
0.134400 0.346400 0.016800
0.176000 0.346400 0.016800
0.943200 0.372000 0.019200
0.931200 0.373600 0.011200
0.918400 0.375200 0.013600
0.635200 0.376000 0.008800
0.646400 0.376000 0.005600
0.656000 0.376000 0.015200
0.452000 0.376800 0.008800
0.481600 0.376800 0.012800
0.501600 0.376800 0.008800
0.593600 0.376800 0.008800
0.612000 0.376800 0.008800
0.625600 0.376800 0.008800
0.429600 0.377600 0.008800
0.440800 0.377600 0.007200
0.464800 0.377600 0.008800
0.474400 0.377600 0.005600
0.488000 0.377600 0.010400
0.515200 0.377600 0.008800
0.537600 0.377600 0.011200
0.552000 0.377600 0.008800
0.561600 0.377600 0.007200
0.572800 0.377600 0.007200
0.583200 0.377600 0.007200
0.393600 0.378400 0.008800
0.418400 0.378400 0.009600
0.527200 0.378400 0.007200
0.404000 0.379200 0.006400
0.412800 0.379200 0.013600
0.297600 0.380000 0.007200
0.307200 0.380000 0.005600
0.220800 0.380800 0.008800
0.231200 0.380800 0.008800
0.242400 0.380800 0.007200
0.253600 0.380800 0.006400
0.262400 0.380800 0.013600
0.268000 0.380800 0.013600
0.276800 0.380800 0.005600
0.286400 0.380800 0.007200
0.316800 0.380800 0.007200
0.327200 0.380800 0.008000
0.339200 0.380800 0.005600
0.348800 0.380800 0.007200
0.359200 0.380800 0.005600
0.377600 0.380800 0.013600
0.196800 0.381600 0.008800
0.202400 0.381600 0.003200
0.208800 0.381600 0.005600
0.368800 0.381600 0.006400
0.180000 0.382400 0.005600
0.187200 0.382400 0.012800
0.192800 0.382400 0.003200
0.153600 0.383200 0.008800
0.162400 0.383200 0.005600
0.171200 0.383200 0.005600
0.131200 0.384000 0.011200
0.137600 0.384000 0.013600
0.143200 0.384000 0.008800
0.922400 0.397600 0.016000
0.867200 0.405600 0.013600
0.851200 0.407200 0.032000
0.172800 0.416800 0.008000
0.146400 0.417600 0.013600
0.153600 0.417600 0.005600
0.161600 0.418400 0.024000
0.228000 0.420000 0.018400
0.192000 0.420800 0.019200
0.204000 0.420800 0.008800
0.217600 0.420800 0.008800
