0.708800 0.072800 0.022400
0.719200 0.072800 0.019200
0.183200 0.074400 0.008800
0.193600 0.074400 0.008800
0.208800 0.074400 0.008800
0.218400 0.074400 0.017600
0.148000 0.076000 0.028000
0.165600 0.076800 0.011200
0.850400 0.082400 0.012800
0.858400 0.083200 0.005600
0.866400 0.083200 0.005600
0.873600 0.084000 0.012000
0.827200 0.088800 0.011200
0.787200 0.089600 0.005600
0.795200 0.089600 0.005600
0.804000 0.089600 0.008800
0.777600 0.090400 0.007200
0.815200 0.090400 0.008800
0.765600 0.091200 0.008800
0.734400 0.092000 0.005600
0.743200 0.092000 0.007200
0.753600 0.092000 0.007200
0.596800 0.095200 0.016000
0.587200 0.096800 0.016000
0.681600 0.110400 0.016800
0.725600 0.111200 0.016800
0.781600 0.111200 0.008800
0.800800 0.111200 0.016800
0.812800 0.111200 0.016800
0.791200 0.112000 0.016800
0.851200 0.112000 0.009600
0.672800 0.112800 0.008000
0.698400 0.112800 0.020800
0.708000 0.112800 0.016800
0.748800 0.112800 0.013600
0.767200 0.112800 0.011200
0.826400 0.112800 0.011200
0.832000 0.112800 0.004800
0.864800 0.112800 0.008800
0.839200 0.113600 0.005600
0.878400 0.113600 0.020800
0.659200 0.114400 0.011200
0.124800 0.115200 0.019200
0.486400 0.116000 0.013600
0.508000 0.116000 0.016800
0.563200 0.116000 0.013600
0.641600 0.116000 0.011200
0.519200 0.116800 0.021600
0.540000 0.116800 0.016000
0.625600 0.116800 0.011200
0.144000 0.117600 0.013600
0.428800 0.117600 0.005600
0.526400 0.117600 0.027200
0.582400 0.117600 0.012000
0.604800 0.117600 0.013600
0.313600 0.118400 0.022400
0.331200 0.118400 0.019200
0.385600 0.118400 0.011200
0.467200 0.118400 0.011200
0.352000 0.119200 0.005600
0.402400 0.119200 0.013600
0.421600 0.119200 0.022400
0.436000 0.119200 0.013600
0.450400 0.119200 0.011200
0.168800 0.120000 0.016800
0.219200 0.120000 0.011200
0.233600 0.120000 0.016800
0.300800 0.120000 0.008800
0.324000 0.120000 0.016800
0.343200 0.120000 0.016800
0.365600 0.120000 0.016800
0.268000 0.120800 0.013600
0.278400 0.120800 0.004800
0.288000 0.120800 0.019200
0.180800 0.121600 0.019200
0.190400 0.121600 0.008800
0.202400 0.121600 0.008800
0.242400 0.121600 0.005600
0.253600 0.121600 0.008800
0.683200 0.140800 0.011200
0.436800 0.141600 0.011200
0.452800 0.141600 0.004800
0.460000 0.141600 0.010400
0.628800 0.141600 0.008800
0.638400 0.141600 0.008800
0.654400 0.141600 0.008000
0.664800 0.141600 0.005600
0.676000 0.141600 0.008800
0.696000 0.141600 0.008800
0.736000 0.141600 0.015200
0.132000 0.142400 0.008800
0.623200 0.142400 0.010400
0.711200 0.142400 0.010400
0.144800 0.143200 0.008800
0.445600 0.143200 0.005600
0.725600 0.143200 0.007200
0.559200 0.155200 0.008800
0.716000 0.156000 0.010400
0.839200 0.156000 0.005600
0.347200 0.156800 0.008800
0.360000 0.156800 0.022400
0.544800 0.156800 0.011200
0.823200 0.156800 0.013600
0.846400 0.156800 0.027200
0.860000 0.156800 0.027200
0.334400 0.157600 0.022400
0.404800 0.157600 0.013600
0.569600 0.157600 0.007200
0.580000 0.157600 0.005600
0.588000 0.157600 0.005600
0.597600 0.157600 0.015200
0.777600 0.157600 0.009600
0.790400 0.157600 0.005600
0.798400 0.157600 0.005600
0.809600 0.157600 0.008800
0.877600 0.157600 0.024000
0.128000 0.158400 0.028800
0.421600 0.158400 0.024800
0.430400 0.158400 0.015200
0.435200 0.158400 0.009600
0.477600 0.158400 0.018400
0.488000 0.158400 0.018400
0.508800 0.158400 0.016800
0.732800 0.158400 0.011200
0.763200 0.158400 0.023200
0.248000 0.159200 0.007200
0.375200 0.159200 0.011200
0.389600 0.159200 0.011200
0.465600 0.159200 0.015200
0.527200 0.159200 0.012800
0.620800 0.159200 0.015200
0.627200 0.159200 0.012800
0.662400 0.159200 0.011200
0.676800 0.159200 0.011200
0.690400 0.159200 0.009600
0.701600 0.159200 0.008800
0.748000 0.159200 0.013600
0.175200 0.160000 0.019200
0.190400 0.160000 0.013600
0.195200 0.160000 0.021600
0.207200 0.160000 0.008800
0.220800 0.160000 0.008800
0.230400 0.160000 0.005600
0.258400 0.160000 0.008800
0.277600 0.160000 0.013600
0.297600 0.160000 0.013600
0.447200 0.160000 0.013600
0.457600 0.160000 0.005600
0.499200 0.160000 0.005600
0.643200 0.160000 0.012800
0.150400 0.160800 0.013600
0.161600 0.160800 0.022400
0.240000 0.160800 0.014400
0.608800 0.160800 0.008800
0.315200 0.161600 0.013600
0.577600 0.176800 0.008000
0.551200 0.177600 0.007200
0.562400 0.177600 0.008000
0.590400 0.177600 0.008800
0.540800 0.178400 0.006400
0.661600 0.180000 0.005600
0.668800 0.180000 0.004800
0.651200 0.180800 0.007200
0.640000 0.181600 0.005600
0.678400 0.181600 0.007200
0.686400 0.181600 0.005600
0.696000 0.181600 0.005600
0.705600 0.181600 0.013600
0.631200 0.182400 0.007200
0.288000 0.193600 0.008800
0.753600 0.193600 0.008800
0.164800 0.194400 0.005600
0.172800 0.194400 0.005600
0.183200 0.194400 0.008800
0.196000 0.194400 0.011200
0.303200 0.194400 0.022400
0.313600 0.194400 0.020000
0.320000 0.194400 0.015200
0.372000 0.194400 0.008800
0.386400 0.194400 0.011200
0.399200 0.194400 0.020800
0.728000 0.194400 0.022400
0.208000 0.195200 0.005600
0.217600 0.195200 0.013600
0.273600 0.195200 0.011200
0.339200 0.195200 0.015200
0.357600 0.195200 0.008800
0.412000 0.195200 0.022400
0.765600 0.195200 0.008800
0.152800 0.196000 0.016800
0.238400 0.196000 0.016800
0.256800 0.196000 0.012800
0.329600 0.196000 0.005600
0.427200 0.196000 0.011200
0.550400 0.196000 0.011200
0.570400 0.196000 0.013600
0.664800 0.196000 0.011200
0.676800 0.196000 0.008800
0.689600 0.196000 0.011200
0.706400 0.196000 0.008800
0.716000 0.196000 0.005600
0.740800 0.196000 0.011200
0.780800 0.196000 0.022400
0.786400 0.196000 0.016800
0.126400 0.196800 0.022400
0.345600 0.196800 0.005600
0.441600 0.196800 0.008800
0.453600 0.196800 0.022400
0.471200 0.196800 0.022400
0.484800 0.196800 0.020800
0.536000 0.196800 0.008800
0.497600 0.197600 0.019200
0.609600 0.197600 0.008800
0.647200 0.197600 0.012800
0.804800 0.197600 0.013600
0.873600 0.197600 0.013600
0.520000 0.198400 0.013600
0.596000 0.198400 0.011200
0.623200 0.198400 0.011200
0.821600 0.198400 0.011200
0.848800 0.198400 0.004800
0.856800 0.198400 0.013600
0.839200 0.199200 0.013600
0.546400 0.216000 0.007200
0.501600 0.216800 0.007200
0.521600 0.216800 0.005600
0.531200 0.216800 0.008800
0.558400 0.216800 0.007200
0.568000 0.216800 0.005600
0.511200 0.217600 0.005600
0.538400 0.217600 0.004800
0.576000 0.217600 0.005600
0.583200 0.217600 0.009600
0.607200 0.217600 0.008000
0.588000 0.218400 0.005600
0.596000 0.218400 0.005600
0.868000 0.233600 0.016800
0.397600 0.234400 0.011200
0.424800 0.234400 0.011200
0.441600 0.234400 0.011200
0.458400 0.234400 0.015200
0.642400 0.234400 0.005600
0.848800 0.234400 0.011200
0.133600 0.235200 0.022400
0.143200 0.235200 0.019200
0.278400 0.235200 0.026400
0.410400 0.235200 0.011200
0.466400 0.235200 0.016800
0.496800 0.235200 0.011200
0.566400 0.235200 0.013600
0.616000 0.235200 0.008800
0.629600 0.235200 0.011200
0.651200 0.235200 0.013600
0.670400 0.235200 0.011200
0.891200 0.235200 0.011200
0.120800 0.236000 0.022400
0.148800 0.236000 0.024800
0.159200 0.236000 0.019200
0.301600 0.236000 0.019200
0.334400 0.236000 0.008800
0.347200 0.236000 0.008800
0.544000 0.236000 0.012800
0.585600 0.236000 0.011200
0.603200 0.236000 0.008800
0.748800 0.236000 0.022400
0.816000 0.236000 0.005600
0.823200 0.236000 0.004800
0.834400 0.236000 0.023200
0.215200 0.236800 0.013600
0.225600 0.236800 0.005600
0.232000 0.236800 0.012000
0.240000 0.236800 0.004800
0.247200 0.236800 0.025600
0.260000 0.236800 0.024800
0.292000 0.236800 0.020800
0.315200 0.236800 0.016800
0.323200 0.236800 0.016800
0.382400 0.236800 0.011200
0.478400 0.236800 0.011200
0.522400 0.236800 0.013600
0.685600 0.236800 0.011200
0.712800 0.236800 0.019200
0.736800 0.236800 0.021600
0.764800 0.236800 0.008800
0.776000 0.236800 0.005600
0.787200 0.236800 0.016800
0.804800 0.236800 0.016000
0.108000 0.237600 0.008800
0.181600 0.237600 0.011200
0.198400 0.237600 0.011200
0.367200 0.237600 0.011200
0.700000 0.237600 0.008800
0.721600 0.237600 0.013600
0.344800 0.254400 0.008800
0.356000 0.254400 0.008800
0.653600 0.254400 0.008000
0.328800 0.255200 0.010400
0.336000 0.255200 0.012800
0.362400 0.255200 0.003200
0.368800 0.255200 0.008800
0.456800 0.255200 0.008000
0.467200 0.255200 0.007200
0.478400 0.255200 0.006400
0.489600 0.255200 0.007200
0.663200 0.255200 0.005600
0.501600 0.256000 0.005600
0.509600 0.256000 0.005600
0.528000 0.256000 0.007200
0.538400 0.256000 0.005600
0.551200 0.256000 0.008800
0.672000 0.256000 0.005600
0.678400 0.256000 0.004800
0.684800 0.256000 0.009600
0.690400 0.256000 0.005600
0.700800 0.256000 0.008000
0.710400 0.256000 0.005600
0.716800 0.256000 0.003200
0.721600 0.256000 0.008000
0.517600 0.256800 0.004800
0.397600 0.272000 0.008800
0.608800 0.272000 0.005600
0.188000 0.272800 0.024800
0.200000 0.272800 0.011200
0.415200 0.272800 0.005600
0.215200 0.273600 0.011200
0.266400 0.273600 0.008800
0.324800 0.273600 0.012800
0.424000 0.273600 0.014400
0.451200 0.273600 0.013600
0.474400 0.273600 0.012800
0.494400 0.273600 0.011200
0.643200 0.273600 0.012800
0.797600 0.273600 0.010400
0.815200 0.273600 0.011200
0.847200 0.273600 0.008800
0.171200 0.274400 0.011200
0.228800 0.274400 0.007200
0.239200 0.274400 0.022400
0.253600 0.274400 0.009600
0.278400 0.274400 0.008800
0.311200 0.274400 0.008800
0.342400 0.274400 0.011200
0.373600 0.274400 0.011200
0.509600 0.274400 0.013600
0.533600 0.274400 0.013600
0.572800 0.274400 0.011200
0.587200 0.274400 0.008800
0.598400 0.274400 0.008800
0.615200 0.274400 0.022400
0.669600 0.274400 0.011200
0.752000 0.274400 0.016800
0.782400 0.274400 0.011200
0.124000 0.275200 0.020800
0.296000 0.275200 0.012800
0.358400 0.275200 0.011200
0.386400 0.275200 0.007200
0.406400 0.275200 0.005600
0.436000 0.275200 0.008000
0.520800 0.275200 0.008000
0.626400 0.275200 0.022400
0.659200 0.275200 0.013600
0.707200 0.275200 0.012800
0.730400 0.275200 0.013600
0.764000 0.275200 0.013600
0.769600 0.275200 0.011200
0.833600 0.275200 0.011200
0.856800 0.275200 0.005600
0.870400 0.275200 0.018400
0.553600 0.276000 0.012800
0.152000 0.276800 0.013600
0.688000 0.276800 0.012800
0.136800 0.278400 0.026400
0.385600 0.293600 0.008000
0.420000 0.293600 0.011200
0.659200 0.293600 0.007200
0.395200 0.294400 0.005600
0.404800 0.294400 0.005600
0.412800 0.294400 0.005600
0.436000 0.294400 0.004800
0.444800 0.294400 0.011200
0.668800 0.294400 0.008800
0.429600 0.295200 0.005600
0.682400 0.296000 0.008000
0.693600 0.296000 0.003200
0.699200 0.296800 0.005600
0.708800 0.296800 0.008800
0.760800 0.312000 0.011200
0.768800 0.312000 0.003200
0.459200 0.312800 0.011200
0.549600 0.312800 0.024800
0.567200 0.312800 0.012800
0.748800 0.312800 0.009600
0.772800 0.312800 0.008800
0.192000 0.313600 0.011200
0.206400 0.313600 0.008800
0.396800 0.313600 0.008800
0.444000 0.313600 0.008800
0.471200 0.313600 0.008800
0.487200 0.313600 0.012800
0.540800 0.313600 0.024800
0.729600 0.313600 0.004800
0.736000 0.313600 0.005600
0.788000 0.313600 0.013600
0.151200 0.314400 0.016800
0.160800 0.314400 0.005600
0.173600 0.314400 0.011200
0.220000 0.314400 0.011200
0.271200 0.314400 0.011200
0.332000 0.314400 0.013600
0.349600 0.314400 0.020800
0.360000 0.314400 0.019200
0.384800 0.314400 0.011200
0.430400 0.314400 0.010400
0.248000 0.315200 0.008800
0.258400 0.315200 0.008800
0.285600 0.315200 0.008800
0.314400 0.315200 0.011200
0.411200 0.315200 0.011200
0.524000 0.315200 0.011200
0.584000 0.315200 0.011200
0.612800 0.315200 0.024000
0.642400 0.315200 0.007200
0.672000 0.315200 0.011200
0.828000 0.315200 0.008800
0.852000 0.315200 0.013600
0.868000 0.315200 0.023200
0.236000 0.316000 0.024800
0.598400 0.316000 0.011200
0.620800 0.316000 0.008800
0.632000 0.316000 0.005600
0.688800 0.316000 0.013600
0.703200 0.316000 0.011200
0.803200 0.316000 0.007200
0.836800 0.316000 0.019200
0.131200 0.316800 0.019200
0.299200 0.316800 0.008800
0.372800 0.316800 0.005600
0.507200 0.316800 0.011200
0.716800 0.316800 0.011200
0.654400 0.318400 0.011200
0.814400 0.318400 0.011200
0.383200 0.332000 0.005600
0.393600 0.332800 0.005600
0.404000 0.333600 0.005600
0.412000 0.333600 0.005600
0.422400 0.333600 0.007200
0.432800 0.333600 0.005600
0.456000 0.334400 0.005600
0.463200 0.334400 0.003200
0.468800 0.334400 0.005600
0.477600 0.334400 0.007200
0.442400 0.335200 0.011200
0.124000 0.348800 0.018400
0.358400 0.349600 0.019200
0.380000 0.349600 0.013600
0.185600 0.350400 0.022400
0.132000 0.351200 0.025600
0.198400 0.351200 0.008800
0.234400 0.351200 0.013600
0.248800 0.351200 0.008800
0.258400 0.351200 0.016800
0.276000 0.351200 0.016800
0.297600 0.351200 0.008800
0.308800 0.351200 0.005600
0.333600 0.351200 0.008800
0.408000 0.351200 0.016000
0.426400 0.351200 0.013600
0.285600 0.352000 0.005600
0.319200 0.352000 0.008800
0.467200 0.352000 0.008800
0.149600 0.352800 0.011200
0.165600 0.352800 0.011200
0.347200 0.352800 0.008800
0.454400 0.352800 0.010400
0.483200 0.352800 0.012800
0.511200 0.352800 0.019200
0.521600 0.352800 0.022400
0.560800 0.352800 0.022400
0.215200 0.353600 0.012800
0.499200 0.353600 0.008800
0.534400 0.353600 0.019200
0.549600 0.353600 0.008800
0.605600 0.353600 0.011200
0.616800 0.353600 0.008800
0.704800 0.353600 0.019200
0.734400 0.353600 0.005600
0.744800 0.353600 0.003200
0.576000 0.354400 0.008800
0.691200 0.354400 0.007200
0.756000 0.354400 0.008800
0.769600 0.354400 0.008800
0.792000 0.354400 0.011200
0.806400 0.354400 0.011200
0.589600 0.355200 0.011200
0.632800 0.355200 0.013600
0.660000 0.355200 0.019200
0.676800 0.355200 0.011200
0.723200 0.355200 0.011200
0.779200 0.355200 0.007200
0.831200 0.355200 0.008800
0.844800 0.355200 0.022400
0.649600 0.356000 0.008800
0.819200 0.356000 0.008000
0.869600 0.356800 0.019200
