730
730
730
730
730
730
730
730
730
730
730
730
730
730
730
730
730
730
730
730
730
730
730
730
730
730
730
730
730
730
729
729
729
729
729
729
731
731
731
751
751
732
732
732
754
754
754
754
754
754
754
754
754
754
754
754
754
754
754
754
754
754
754
754
754
754
754
754
754
754
754
754
754
754
754
754
754
754
754
754
754
754
754
754
754
754
754
754
754
754
754
754
754
754
754
754
728
728
728
752
752
752
752
752
752
728
728
754
754
754
754
754
754
754
754
754
754
754
754
754
754
754
754
754
754
754
754
754
754
754
754
754
754
754
754
754
754
754
754
754
754
754
754
754
754
754
754
754
754
754
754
754
754
754
754
754
754
754
754
754
754
754
748
748
748
748
748
748
748
748
748
748
748
748
748
748
748
748
748
748
748
748
750
748
748
748
748
748
748
750
749
749
749
750
750
750
727
727
727
727
727
727
727
727
754
754
754
754
754
754
754
754
754
754
754
754
754
754
754
754
754
754
754
754
754
754
754
754
754
754
754
754
754
754
754
754
754
754
754
754
754
754
754
754
754
754
754
754
754
754
754
754
754
754
754
754
754
754
754
727
727
727
727
727
733
733
733
733
733
733
733
733
733
733
733
745
745
745
745
745
745
745
745
745
747
746
747
747
747
733
733
733
746
733
733
733
733
746
746
746
747
733
733
733
733
746
746
746
733
733
733
754
754
754
733
754
754
754
754
754
754
754
754
754
754
754
754
754
754
754
754
754
754
754
754
754
754
754
754
754
754
754
754
754
754
754
754
754
754
754
754
754
754
754
754
754
754
754
754
754
754
754
754
754
754
754
743
743
743
743
743
744
743
744
742
742
734
734
734
734
734
734
734
734
754
754
754
754
754
754
754
754
754
754
754
754
754
754
754
754
754
754
754
754
754
754
754
754
754
754
754
754
754
754
754
754
754
754
754
754
754
754
754
754
754
754
754
754
754
754
754
754
754
754
754
754
754
754
754
754
754
754
754
754
734
734
734
740
740
740
740
739
741
739
741
726
726
726
726
726
726
726
726
726
754
754
754
754
754
754
754
754
754
754
754
754
754
754
754
754
754
754
754
754
754
754
754
754
754
754
754
754
754
754
754
754
754
754
754
754
726
726
726
726
754
754
754
754
754
754
754
754
754
754
754
754
726
726
754
754
754
754
754
754
726
726
726
754
754
726
726
726
726
726
726
726
726
726
736
736
737
737
737
737
737
737
736
737
737
737
737
726
726
726
726
726
726
726
726
726
754
754
754
754
754
754
754
754
754
754
754
754
754
754
754
754
754
754
754
754
754
754
754
754
754
754
754
754
754
754
754
754
754
754
754
754
754
754
754
754
754
754
754
754
754
754
754
754
754
754
754
754
735
735
754
735
726
726
726
726
735
-1
738
738
738
738