0.324800 0.043200 0.012800
0.332000 0.043200 0.005600
0.341600 0.043200 0.007200
0.356000 0.043200 0.008800
0.376000 0.043200 0.005600
0.394400 0.043200 0.005600
0.350400 0.044000 0.003200
0.366400 0.044000 0.005600
0.384800 0.044000 0.005600
0.403200 0.044800 0.014400
0.828800 0.051200 0.019200
0.840000 0.051200 0.011200
0.856000 0.052000 0.022400
0.170400 0.062400 0.016800
0.204000 0.062400 0.008800
0.214400 0.062400 0.008800
0.188000 0.063200 0.010400
0.228800 0.063200 0.019200
0.236800 0.063200 0.016000
0.692800 0.074400 0.012000
0.698400 0.074400 0.012800
0.706400 0.074400 0.005600
0.716800 0.074400 0.008800
0.664800 0.075200 0.008800
0.675200 0.075200 0.007200
0.684800 0.075200 0.011200
0.592800 0.078400 0.013600
0.312800 0.079200 0.011200
0.319200 0.079200 0.013600
0.328000 0.079200 0.005600
0.337600 0.079200 0.005600
0.408800 0.079200 0.008800
0.347200 0.080000 0.011200
0.355200 0.080000 0.003200
0.391200 0.080000 0.007200
0.400000 0.080000 0.005600
0.520800 0.080000 0.007200
0.541600 0.080000 0.010400
0.825600 0.080000 0.005600
0.832800 0.080000 0.011200
0.362400 0.080800 0.010400
0.530400 0.080800 0.007200
0.572800 0.080800 0.008800
0.817600 0.080800 0.011200
0.372800 0.081600 0.008800
0.381600 0.081600 0.005600
0.584800 0.081600 0.008800
0.220000 0.084800 0.011200
0.292000 0.084800 0.007200
0.258400 0.085600 0.007200
0.282400 0.085600 0.008800
0.249600 0.086400 0.005600
0.269600 0.086400 0.005600
0.277600 0.086400 0.011200
0.228000 0.087200 0.005600
0.235200 0.087200 0.005600
0.240800 0.087200 0.005600
0.785600 0.093600 0.011200
0.800800 0.095200 0.011200
0.768800 0.096000 0.011200
0.612800 0.096800 0.025600
0.718400 0.096800 0.011200
0.626400 0.097600 0.024800
0.751200 0.097600 0.011200
0.681600 0.098400 0.011200
0.700800 0.098400 0.011200
0.736000 0.098400 0.011200
0.814400 0.098400 0.008800
0.831200 0.098400 0.011200
0.468800 0.099200 0.013600
0.660000 0.099200 0.013600
0.669600 0.099200 0.005600
0.489600 0.100000 0.013600
0.508800 0.100000 0.012800
0.582400 0.100000 0.011200
0.596000 0.100000 0.011200
0.645600 0.100000 0.008800
0.526400 0.100800 0.011200
0.541600 0.100800 0.011200
0.303200 0.101600 0.016800
0.390400 0.101600 0.004800
0.401600 0.101600 0.016000
0.424000 0.101600 0.016800
0.443200 0.101600 0.010400
0.455200 0.101600 0.008800
0.554400 0.101600 0.011200
0.567200 0.101600 0.019200
0.635200 0.101600 0.007200
0.312000 0.102400 0.005600
0.324800 0.102400 0.011200
0.355200 0.102400 0.005600
0.365600 0.102400 0.014400
0.412800 0.102400 0.005600
0.343200 0.103200 0.011200
0.380800 0.103200 0.013600
0.185600 0.104000 0.022400
0.272000 0.104000 0.010400
0.287200 0.104000 0.011200
0.164800 0.104800 0.017600
0.221600 0.104800 0.010400
0.255200 0.104800 0.011200
0.209600 0.105600 0.004800
0.237600 0.105600 0.011200
0.155200 0.106400 0.008800
0.175200 0.106400 0.005600
0.202400 0.106400 0.013600
0.143200 0.107200 0.018400
0.704800 0.114400 0.009600
0.710400 0.114400 0.010400
0.724800 0.115200 0.005600
0.718400 0.116000 0.004800
0.485600 0.116800 0.010400
0.492000 0.118400 0.005600
0.503200 0.118400 0.007200
0.570400 0.118400 0.004000
0.512800 0.119200 0.005600
0.524000 0.119200 0.007200
0.534400 0.119200 0.005600
0.560800 0.119200 0.007200
0.543200 0.120000 0.006400
0.552800 0.120800 0.005600
0.335200 0.121600 0.008800
0.343200 0.123200 0.010400
0.260000 0.124800 0.007200
0.760000 0.132000 0.016000
0.769600 0.132000 0.005600
0.779200 0.132000 0.007200
0.796800 0.132800 0.016800
0.810400 0.132800 0.005600
0.817600 0.132800 0.013600
0.833600 0.132800 0.012800
0.644000 0.133600 0.019200
0.665600 0.133600 0.016800
0.628000 0.134400 0.022400
0.654400 0.134400 0.005600
0.708000 0.134400 0.011200
0.738400 0.134400 0.022400
0.499200 0.135200 0.010400
0.688800 0.135200 0.013600
0.725600 0.135200 0.011200
0.476800 0.136000 0.019200
0.488000 0.136000 0.008800
0.512800 0.136000 0.022400
0.572000 0.136000 0.012800
0.587200 0.136000 0.011200
0.600800 0.136000 0.019200
0.611200 0.136000 0.016800
0.539200 0.136800 0.011200
0.557600 0.136800 0.011200
0.523200 0.137600 0.013600
0.449600 0.138400 0.022400
0.462400 0.138400 0.011200
0.250400 0.139200 0.013600
0.304000 0.139200 0.019200
0.368800 0.139200 0.016800
0.416800 0.139200 0.008800
0.428000 0.139200 0.017600
0.440800 0.139200 0.018400
0.144800 0.140000 0.022400
0.272800 0.140000 0.016000
0.292000 0.140000 0.005600
0.352800 0.140000 0.013600
0.390400 0.140000 0.013600
0.217600 0.140800 0.016800
0.283200 0.140800 0.005600
0.330400 0.140800 0.013600
0.348000 0.140800 0.013600
0.405600 0.140800 0.008800
0.380000 0.141600 0.019200
0.160800 0.142400 0.011200
0.176000 0.142400 0.011200
0.199200 0.142400 0.016800
0.228800 0.142400 0.005600
0.235200 0.143200 0.011200
0.628800 0.157600 0.007200
0.511200 0.158400 0.008000
0.408000 0.159200 0.007200
0.541600 0.159200 0.009600
0.353600 0.160000 0.007200
0.364000 0.160000 0.005600
0.395200 0.160000 0.008000
0.520800 0.160000 0.005600
0.528800 0.160000 0.011200
0.534400 0.160000 0.003200
0.371200 0.160800 0.005600
0.383200 0.160800 0.007200
0.814400 0.168800 0.013600
0.758400 0.170400 0.022400
0.795200 0.170400 0.013600
0.774400 0.171200 0.011200
0.748800 0.172000 0.005600
0.832000 0.172800 0.016800
0.686400 0.173600 0.008800
0.733600 0.173600 0.020000
0.656000 0.174400 0.013600
0.697600 0.174400 0.018400
0.707200 0.174400 0.022400
0.721600 0.174400 0.022400
0.157600 0.175200 0.005600
0.675200 0.175200 0.008800
0.585600 0.176000 0.008800
0.596800 0.176000 0.005600
0.624800 0.176000 0.012800
0.641600 0.176000 0.011200
0.564800 0.176800 0.008800
0.604800 0.176800 0.013600
0.145600 0.177600 0.017600
0.220800 0.177600 0.008800
0.399200 0.177600 0.011200
0.497600 0.177600 0.011200
0.526400 0.177600 0.008800
0.165600 0.178400 0.016800
0.231200 0.178400 0.008800
0.292000 0.178400 0.008800
0.304000 0.178400 0.019200
0.380000 0.178400 0.012800
0.430400 0.178400 0.011200
0.448800 0.178400 0.012800
0.552000 0.178400 0.008800
0.575200 0.178400 0.005600
0.244000 0.179200 0.021600
0.251200 0.179200 0.016800
0.268800 0.179200 0.011200
0.281600 0.179200 0.008800
0.355200 0.179200 0.013600
0.416000 0.179200 0.011200
0.513600 0.179200 0.011200
0.537600 0.179200 0.011200
0.611200 0.179200 0.020800
0.176800 0.180000 0.008000
0.186400 0.180000 0.005600
0.195200 0.180000 0.005600
0.207200 0.180000 0.009600
0.320000 0.180000 0.013600
0.469600 0.180000 0.013600
0.336800 0.180800 0.013600
0.484000 0.180800 0.011200
0.085600 0.181600 0.008800
0.108800 0.181600 0.008800
0.117600 0.181600 0.012800
0.096800 0.182400 0.008000
0.041600 0.183200 0.008800
0.051200 0.183200 0.005600
0.060000 0.183200 0.008800
0.070400 0.183200 0.008800
0.680000 0.192000 0.008000
0.664000 0.192800 0.009600
0.670400 0.192800 0.005600
0.630400 0.194400 0.007200
0.649600 0.194400 0.008000
0.639200 0.195200 0.005600
0.117600 0.198400 0.005600
0.124800 0.198400 0.011200
0.054400 0.199200 0.007200
0.063200 0.199200 0.008800
0.073600 0.199200 0.008000
0.106400 0.199200 0.008800
0.082400 0.200000 0.005600
0.088800 0.200000 0.004800
0.038400 0.200800 0.010400
0.096800 0.200800 0.007200
0.172800 0.200800 0.008800
0.047200 0.201600 0.004800
0.164800 0.204000 0.011200
0.838400 0.207200 0.013600
0.794400 0.208800 0.011200
0.809600 0.208800 0.008800
0.823200 0.208800 0.008800
0.732000 0.210400 0.005600
0.742400 0.210400 0.008800
0.756000 0.210400 0.020000
0.779200 0.210400 0.013600
0.700800 0.211200 0.012800
0.684000 0.212000 0.008800
0.716800 0.212000 0.005600
0.724800 0.212000 0.004800
0.673600 0.212800 0.008800
0.592000 0.213600 0.008800
0.605600 0.213600 0.011200
0.621600 0.213600 0.011200
0.080800 0.214400 0.007200
0.090400 0.214400 0.007200
0.561600 0.214400 0.024000
0.637600 0.214400 0.011200
0.655200 0.214400 0.011200
0.063200 0.215200 0.011200
0.071200 0.215200 0.005600
0.478400 0.215200 0.008800
0.490400 0.215200 0.005600
0.498400 0.215200 0.013600
0.531200 0.215200 0.011200
0.581600 0.215200 0.018400
0.036000 0.216000 0.008800
0.047200 0.216000 0.011200
0.441600 0.216000 0.008800
0.464000 0.216000 0.008800
0.548800 0.216000 0.011200
0.515200 0.216800 0.011200
0.453600 0.217600 0.007200
0.260000 0.218400 0.005600
0.334400 0.218400 0.008800
0.381600 0.218400 0.012000
0.317600 0.219200 0.013600
0.347200 0.219200 0.013600
0.353600 0.219200 0.015200
0.400000 0.219200 0.016000
0.409600 0.219200 0.019200
0.224000 0.220000 0.008800
0.233600 0.220000 0.016800
0.272800 0.220000 0.008800
0.285600 0.220000 0.011200
0.300000 0.220000 0.024000
0.364000 0.220000 0.008800
0.426400 0.220000 0.013600
0.249600 0.220800 0.008800
0.150400 0.221600 0.016800
0.180800 0.221600 0.008800
0.144800 0.222400 0.020800
0.169600 0.222400 0.008800
0.191200 0.222400 0.016800
0.201600 0.222400 0.005600
0.212000 0.222400 0.008800
0.811200 0.226400 0.008000
0.668000 0.227200 0.007200
0.679200 0.228000 0.007200
0.823200 0.228000 0.006400
0.833600 0.228000 0.007200
0.845600 0.228000 0.008800
0.690400 0.231200 0.006400
0.326400 0.237600 0.008800
0.331200 0.237600 0.009600
0.355200 0.237600 0.008000
0.364800 0.237600 0.007200
0.374400 0.237600 0.005600
0.381600 0.237600 0.005600
0.339200 0.238400 0.008800
0.344000 0.238400 0.008800
0.350400 0.238400 0.008800
0.388000 0.238400 0.009600
0.956000 0.238400 0.012800
0.948000 0.239200 0.005600
0.920800 0.240000 0.008800
0.933600 0.240000 0.009600
0.940800 0.240000 0.005600
0.865600 0.240800 0.005600
0.872800 0.240800 0.014400
0.882400 0.240800 0.005600
0.892000 0.240800 0.005600
0.900000 0.241600 0.005600
0.908800 0.241600 0.013600
0.763200 0.243200 0.022400
0.768800 0.244800 0.022400
0.835200 0.244800 0.013600
0.780800 0.245600 0.008800
0.806400 0.245600 0.008800
0.820000 0.245600 0.011200
0.842400 0.245600 0.013600
0.720800 0.246400 0.011200
0.738400 0.246400 0.011200
0.752000 0.246400 0.011200
0.795200 0.246400 0.011200
0.687200 0.248000 0.013600
0.703200 0.248000 0.011200
0.632800 0.248800 0.008800
0.645600 0.248800 0.008800
0.656800 0.248800 0.008800
0.668000 0.248800 0.008800
0.609600 0.249600 0.011200
0.617600 0.249600 0.003200
0.574400 0.250400 0.018400
0.596800 0.250400 0.008800
0.623200 0.250400 0.019200
0.554400 0.251200 0.013600
0.585600 0.251200 0.008800
0.473600 0.252000 0.011200
0.513600 0.252000 0.005600
0.522400 0.252000 0.005600
0.538400 0.252000 0.013600
0.460000 0.252800 0.011200
0.503200 0.252800 0.008000
0.411200 0.253600 0.013600
0.423200 0.253600 0.011200
0.441600 0.253600 0.012800
0.488800 0.253600 0.011200
0.937600 0.253600 0.008800
0.391200 0.254400 0.010400
0.932000 0.254400 0.011200
0.310400 0.255200 0.013600
0.403200 0.255200 0.004800
0.922400 0.255200 0.008800
0.242400 0.256000 0.013600
0.329600 0.256000 0.013600
0.950400 0.256000 0.009600
0.264000 0.256800 0.016000
0.351200 0.256800 0.011200
0.368000 0.256800 0.011200
0.227200 0.257600 0.011200
0.292000 0.257600 0.022400
0.194400 0.258400 0.016800
0.140000 0.259200 0.013600
0.148000 0.259200 0.005600
0.156800 0.259200 0.022400
0.183200 0.259200 0.019200
0.212800 0.259200 0.013600
0.168800 0.260000 0.019200
0.384800 0.271200 0.004800
0.390400 0.271200 0.005600
0.405600 0.271200 0.004800
0.432000 0.271200 0.005600
0.440800 0.271200 0.004800
0.448000 0.271200 0.005600
0.459200 0.271200 0.008000
0.368000 0.272000 0.005600
0.377600 0.272000 0.005600
0.398400 0.272000 0.004800
0.412800 0.272000 0.005600
0.421600 0.272000 0.005600
0.468000 0.272000 0.008000
0.360000 0.272800 0.004800
0.535200 0.272800 0.008800
0.546400 0.272800 0.008800
0.335200 0.273600 0.005600
0.343200 0.273600 0.005600
0.352800 0.273600 0.005600
0.194400 0.280000 0.012800
0.791200 0.280000 0.026400
0.176800 0.280800 0.008800
0.185600 0.280800 0.005600
0.811200 0.280800 0.027200
0.830400 0.283200 0.016800
0.745600 0.284000 0.008800
0.756800 0.284000 0.005600
0.775200 0.284000 0.015200
0.767200 0.284800 0.007200
0.728000 0.286400 0.012800
0.587200 0.287200 0.008800
0.701600 0.287200 0.004800
0.623200 0.288000 0.017600
0.631200 0.288000 0.016800
0.645600 0.288000 0.013600
0.664000 0.288000 0.013600
0.681600 0.288000 0.011200
0.693600 0.288000 0.005600
0.711200 0.288000 0.013600
0.597600 0.288800 0.003200
0.602400 0.288800 0.022400
0.612000 0.288800 0.007200
0.503200 0.289600 0.008800
0.576000 0.289600 0.008800
0.559200 0.290400 0.012800
0.524000 0.291200 0.008800
0.474400 0.292000 0.005600
0.484800 0.292000 0.015200
0.513600 0.292000 0.005600
0.359200 0.292800 0.016800
0.398400 0.292800 0.019200
0.409600 0.292800 0.016800
0.539200 0.292800 0.013600
0.317600 0.293600 0.005600
0.335200 0.293600 0.005600
0.346400 0.293600 0.008800
0.427200 0.293600 0.011200
0.445600 0.293600 0.013600
0.464800 0.293600 0.014400
0.252000 0.294400 0.013600
0.326400 0.294400 0.005600
0.382400 0.294400 0.019200
0.236000 0.295200 0.013600
0.288000 0.295200 0.014400
0.307200 0.295200 0.016000
0.199200 0.296800 0.017600
0.211200 0.296800 0.005600
0.268800 0.296800 0.030400
0.146400 0.298400 0.024000
0.162400 0.298400 0.011200
0.188800 0.298400 0.008800
0.218400 0.298400 0.011200
0.176000 0.299200 0.008800
0.799200 0.312800 0.011200
0.807200 0.313600 0.013600
0.501600 0.315200 0.008800
0.510400 0.315200 0.012800
0.783200 0.333600 0.016800
0.102400 0.334400 0.008800
0.556800 0.334400 0.022400
0.761600 0.334400 0.011200
0.803200 0.334400 0.011200
0.605600 0.335200 0.013600
0.687200 0.335200 0.007200
0.747200 0.335200 0.010400
0.056000 0.336000 0.005600
0.079200 0.336000 0.008800
0.088800 0.336000 0.007200
0.114400 0.336000 0.008000
0.123200 0.336000 0.008800
0.639200 0.336000 0.013600
0.674400 0.336000 0.030400
0.696800 0.336000 0.016800
0.731200 0.336000 0.011200
0.820800 0.336000 0.011200
0.838400 0.336000 0.016800
0.032800 0.336800 0.011200
0.048000 0.336800 0.005600
0.065600 0.336800 0.005600
0.072000 0.336800 0.005600
0.429600 0.336800 0.016800
0.622400 0.336800 0.011200
0.655200 0.336800 0.027200
0.042400 0.337600 0.008800
0.466400 0.337600 0.013600
0.524800 0.337600 0.013600
0.568800 0.337600 0.008800
0.582400 0.337600 0.019200
0.712800 0.337600 0.011200
0.422400 0.338400 0.019200
0.448000 0.338400 0.013600
0.484800 0.338400 0.011200
0.505600 0.338400 0.013600
0.544000 0.338400 0.011200
0.410400 0.339200 0.022400
0.346400 0.340000 0.007200
0.356000 0.340000 0.016800
0.178400 0.340800 0.019200
0.204000 0.340800 0.008800
0.312800 0.340800 0.008800
0.371200 0.340800 0.011200
0.396800 0.340800 0.011200
0.166400 0.341600 0.005600
0.216000 0.341600 0.005600
0.225600 0.341600 0.006400
0.298400 0.341600 0.011200
0.335200 0.341600 0.008800
0.384800 0.341600 0.008800
0.146400 0.342400 0.016000
0.192800 0.342400 0.021600
0.235200 0.342400 0.016000
0.324800 0.342400 0.007200
0.274400 0.343200 0.013600
0.255200 0.344800 0.013600
0.100800 0.348800 0.007200
0.111200 0.348800 0.005600
0.129600 0.348800 0.008800
0.069600 0.349600 0.008800
0.076000 0.349600 0.005600
0.118400 0.349600 0.008800
0.123200 0.349600 0.008800
0.056000 0.350400 0.010400
0.085600 0.350400 0.005600
0.092000 0.350400 0.008800
0.062400 0.351200 0.005600
0.047200 0.352000 0.007200
0.036000 0.352800 0.008800
0.120800 0.364000 0.008000
0.068000 0.364800 0.011200
0.076800 0.364800 0.006400
0.091200 0.364800 0.005600
0.100000 0.364800 0.007200
0.110400 0.364800 0.008800
0.084800 0.365600 0.005600
0.047200 0.367200 0.003200
0.053600 0.367200 0.005600
0.061600 0.367200 0.005600
0.031200 0.368000 0.008800
0.040800 0.368000 0.009600
0.144000 0.368000 0.013600
0.150400 0.368000 0.013600
0.866400 0.382400 0.013600
0.848000 0.383200 0.013600
0.774400 0.384000 0.013600
0.783200 0.384000 0.005600
0.791200 0.384000 0.012000
0.769600 0.384800 0.012800
0.805600 0.384800 0.013600
0.814400 0.384800 0.007200
0.824000 0.384800 0.005600
0.832800 0.384800 0.012800
0.840000 0.384800 0.005600
0.858400 0.384800 0.005600
0.688000 0.385600 0.006400
0.698400 0.385600 0.007200
0.720800 0.385600 0.008800
0.730400 0.385600 0.007200
0.743200 0.385600 0.008800
0.754400 0.385600 0.011200
0.546400 0.386400 0.005600
0.562400 0.386400 0.008800
0.572800 0.386400 0.005600
0.580800 0.386400 0.004800
0.594400 0.386400 0.003200
0.611200 0.386400 0.008000
0.632800 0.386400 0.014400
0.644000 0.386400 0.003200
0.655200 0.386400 0.005600
0.760800 0.386400 0.005600
0.553600 0.387200 0.005600
0.587200 0.387200 0.005600
0.600800 0.387200 0.005600
0.623200 0.387200 0.008800
0.665600 0.387200 0.008800
0.676000 0.387200 0.008000
0.707200 0.387200 0.016800
0.345600 0.388000 0.016000
0.389600 0.388000 0.005600
0.506400 0.388000 0.011200
0.516000 0.388000 0.008800
0.528000 0.388000 0.007200
0.538400 0.388000 0.005600
0.278400 0.388800 0.003200
0.294400 0.388800 0.012800
0.354400 0.388800 0.007200
0.484000 0.388800 0.005600
0.492800 0.388800 0.005600
0.147200 0.389600 0.016000
0.157600 0.389600 0.007200
0.168000 0.389600 0.008800
0.176800 0.389600 0.005600
0.184800 0.389600 0.011200
0.197600 0.389600 0.009600
0.235200 0.389600 0.015200
0.242400 0.389600 0.016800
0.253600 0.389600 0.016800
0.262400 0.389600 0.008800
0.267200 0.389600 0.008800
0.273600 0.389600 0.008800
0.286400 0.389600 0.005600
0.310400 0.389600 0.015200
0.327200 0.389600 0.012800
0.335200 0.389600 0.022400
0.364000 0.389600 0.015200
0.380800 0.389600 0.013600
0.396000 0.389600 0.005600
0.454400 0.389600 0.013600
0.141600 0.390400 0.011200
0.222400 0.390400 0.016800
0.230400 0.390400 0.011200
0.303200 0.390400 0.005600
0.320800 0.390400 0.021600
0.404000 0.390400 0.005600
0.412800 0.390400 0.006400
0.423200 0.390400 0.008800
0.434400 0.390400 0.007200
0.444000 0.390400 0.005600
0.462400 0.390400 0.004800
0.469600 0.390400 0.005600
0.478400 0.390400 0.013600
0.203200 0.391200 0.005600
0.211200 0.391200 0.011200
