0.214400 0.061600 0.005600
0.205600 0.063200 0.007200
0.140000 0.064000 0.016800
0.180000 0.064000 0.008800
0.192800 0.064000 0.008800
0.161600 0.065600 0.012800
0.832000 0.072000 0.021600
0.844800 0.072000 0.011200
0.860800 0.072800 0.013600
0.263200 0.090400 0.014400
0.244800 0.091200 0.008800
0.254400 0.092000 0.005600
0.469600 0.093600 0.011200
0.514400 0.093600 0.012000
0.522400 0.093600 0.012800
0.538400 0.093600 0.012800
0.449600 0.094400 0.008800
0.458400 0.094400 0.007200
0.530400 0.094400 0.005600
0.693600 0.112000 0.008800
0.632800 0.112800 0.027200
0.649600 0.112800 0.011200
0.772000 0.112800 0.011200
0.835200 0.112800 0.012000
0.136800 0.113600 0.024800
0.165600 0.113600 0.007200
0.177600 0.113600 0.016800
0.196000 0.113600 0.011200
0.220800 0.113600 0.008800
0.276000 0.113600 0.016800
0.665600 0.113600 0.011200
0.681600 0.113600 0.028800
0.756800 0.113600 0.011200
0.784000 0.113600 0.008800
0.816800 0.113600 0.013600
0.850400 0.113600 0.008800
0.153600 0.114400 0.011200
0.208800 0.114400 0.008800
0.237600 0.114400 0.013600
0.439200 0.114400 0.008800
0.540800 0.114400 0.008800
0.703200 0.114400 0.016800
0.740800 0.114400 0.011200
0.797600 0.114400 0.011200
0.869600 0.114400 0.014400
0.258400 0.115200 0.013600
0.375200 0.115200 0.008800
0.384800 0.115200 0.005600
0.404000 0.115200 0.016800
0.422400 0.115200 0.013600
0.454400 0.115200 0.011200
0.600000 0.115200 0.016800
0.608800 0.115200 0.008800
0.712800 0.115200 0.016800
0.726400 0.115200 0.011200
0.292800 0.116000 0.003200
0.302400 0.116000 0.012800
0.334400 0.116000 0.013600
0.343200 0.116000 0.015200
0.352000 0.116000 0.016800
0.360800 0.116000 0.020800
0.392000 0.116000 0.005600
0.471200 0.116000 0.011200
0.487200 0.116000 0.011200
0.508800 0.116000 0.013600
0.526400 0.116000 0.011200
0.557600 0.116000 0.012800
0.577600 0.116000 0.019200
0.588000 0.116000 0.008800
0.288000 0.116800 0.011200
0.316000 0.116800 0.025600
0.325600 0.116800 0.004800
0.663200 0.132800 0.007200
0.673600 0.132800 0.008800
0.653600 0.133600 0.008000
0.714400 0.133600 0.008800
0.724800 0.133600 0.008800
0.095200 0.152000 0.013600
0.078400 0.152800 0.005600
0.086400 0.152800 0.005600
0.106400 0.152800 0.008800
0.069600 0.153600 0.008000
0.775200 0.153600 0.016800
0.852800 0.153600 0.016000
0.860000 0.153600 0.022400
0.050400 0.154400 0.005600
0.058400 0.154400 0.005600
0.742400 0.154400 0.005600
0.029600 0.155200 0.008800
0.035200 0.155200 0.003200
0.040800 0.155200 0.008800
0.724800 0.155200 0.016800
0.767200 0.155200 0.019200
0.815200 0.155200 0.011200
0.874400 0.155200 0.029600
0.650400 0.156000 0.011200
0.734400 0.156000 0.005600
0.828000 0.156000 0.019200
0.242400 0.156800 0.027200
0.578400 0.156800 0.011200
0.693600 0.156800 0.005600
0.753600 0.156800 0.019200
0.796000 0.156800 0.016000
0.547200 0.157600 0.005600
0.678400 0.157600 0.005600
0.685600 0.157600 0.004800
0.703200 0.157600 0.016000
0.172800 0.158400 0.030400
0.199200 0.158400 0.013600
0.536800 0.158400 0.016800
0.556000 0.158400 0.015200
0.564800 0.158400 0.022400
0.590400 0.158400 0.005600
0.602400 0.158400 0.011200
0.666400 0.158400 0.010400
0.710400 0.158400 0.013600
0.130400 0.159200 0.016800
0.156800 0.159200 0.016800
0.182400 0.159200 0.027200
0.261600 0.159200 0.019200
0.284000 0.159200 0.008800
0.373600 0.159200 0.013600
0.405600 0.159200 0.028000
0.480800 0.159200 0.016800
0.489600 0.159200 0.013600
0.619200 0.159200 0.011200
0.636000 0.159200 0.011200
0.217600 0.160000 0.019200
0.295200 0.160000 0.008800
0.328800 0.160000 0.013600
0.346400 0.160000 0.022400
0.357600 0.160000 0.019200
0.460800 0.160000 0.005600
0.468800 0.160000 0.013600
0.504800 0.160000 0.011200
0.520800 0.160000 0.011200
0.232000 0.160800 0.005600
0.274400 0.160800 0.007200
0.307200 0.160800 0.016800
0.390400 0.160800 0.011200
0.426400 0.160800 0.019200
0.449600 0.160800 0.016800
0.474400 0.160800 0.003200
0.436800 0.162400 0.020000
0.054400 0.166400 0.011200
0.059200 0.167200 0.008800
0.072800 0.168000 0.008000
0.084000 0.168800 0.008800
0.690400 0.176800 0.011200
0.683200 0.177600 0.013600
0.664800 0.178400 0.011200
0.677600 0.178400 0.003200
0.637600 0.179200 0.005600
0.644800 0.179200 0.005600
0.654400 0.179200 0.007200
0.672800 0.179200 0.003200
0.772800 0.182400 0.013600
0.762400 0.183200 0.008000
0.750400 0.184000 0.008800
0.155200 0.199200 0.016800
0.295200 0.199200 0.019200
0.860000 0.199200 0.026400
0.868000 0.199200 0.021600
0.164800 0.200000 0.008800
0.188800 0.200000 0.005600
0.222400 0.200000 0.007200
0.264800 0.200000 0.016800
0.284800 0.200000 0.008800
0.462400 0.200000 0.013600
0.479200 0.200000 0.011200
0.495200 0.200000 0.011200
0.531200 0.200000 0.019200
0.540000 0.200000 0.022400
0.554400 0.200000 0.008800
0.631200 0.200000 0.020800
0.130400 0.200800 0.016800
0.177600 0.200800 0.008800
0.198400 0.200800 0.008800
0.211200 0.200800 0.008800
0.232000 0.200800 0.005600
0.239200 0.200800 0.004800
0.248800 0.200800 0.013600
0.272000 0.200800 0.019200
0.439200 0.200800 0.013600
0.512800 0.200800 0.013600
0.569600 0.200800 0.008800
0.580000 0.200800 0.005600
0.589600 0.200800 0.014400
0.617600 0.200800 0.008000
0.732800 0.200800 0.013600
0.300800 0.201600 0.024800
0.312800 0.201600 0.016800
0.416000 0.201600 0.016800
0.597600 0.201600 0.005600
0.607200 0.201600 0.022400
0.646400 0.201600 0.008000
0.657600 0.201600 0.008800
0.705600 0.201600 0.008800
0.723200 0.201600 0.004800
0.751200 0.201600 0.011200
0.764800 0.201600 0.012800
0.783200 0.201600 0.011200
0.812800 0.201600 0.011200
0.840800 0.201600 0.020800
0.340000 0.202400 0.022400
0.405600 0.202400 0.016800
0.423200 0.202400 0.012800
0.672000 0.202400 0.011200
0.691200 0.202400 0.011200
0.716800 0.202400 0.005600
0.826400 0.202400 0.008800
0.331200 0.203200 0.016800
0.797600 0.203200 0.008800
0.353600 0.204000 0.019200
0.368000 0.204000 0.011200
0.384000 0.204000 0.016800
0.392800 0.204800 0.019200
0.719200 0.222400 0.007200
0.672800 0.223200 0.008000
0.708800 0.223200 0.008000
0.728000 0.223200 0.005600
0.660800 0.224000 0.008800
0.684000 0.224000 0.008000
0.736000 0.224000 0.011200
0.387200 0.224800 0.008800
0.378400 0.225600 0.006400
0.369600 0.226400 0.008000
0.424000 0.226400 0.008800
0.432000 0.226400 0.005600
0.444800 0.226400 0.008800
0.559200 0.226400 0.007200
0.567200 0.226400 0.005600
0.439200 0.227200 0.003200
0.580000 0.227200 0.008000
0.589600 0.227200 0.008800
0.828000 0.227200 0.008800
0.838400 0.227200 0.008800
0.137600 0.243200 0.013600
0.772000 0.243200 0.003200
0.778400 0.243200 0.005600
0.120000 0.244000 0.013600
0.624800 0.244000 0.008800
0.656800 0.244000 0.004800
0.699200 0.244000 0.011200
0.713600 0.244000 0.011200
0.736000 0.244000 0.005600
0.792000 0.244000 0.011200
0.812800 0.244000 0.005600
0.174400 0.244800 0.016800
0.326400 0.244800 0.008800
0.344800 0.244800 0.016800
0.364000 0.244800 0.016000
0.664000 0.244800 0.005600
0.683200 0.244800 0.015200
0.725600 0.244800 0.008800
0.748800 0.244800 0.008800
0.761600 0.244800 0.008800
0.803200 0.244800 0.005600
0.819200 0.244800 0.005600
0.153600 0.245600 0.016000
0.316800 0.245600 0.021600
0.408800 0.245600 0.005600
0.468800 0.245600 0.008800
0.543200 0.245600 0.011200
0.608800 0.245600 0.005600
0.615200 0.245600 0.005600
0.636800 0.245600 0.008800
0.647200 0.245600 0.007200
0.844000 0.245600 0.011200
0.862400 0.245600 0.016800
0.163200 0.246400 0.019200
0.239200 0.246400 0.011200
0.289600 0.246400 0.016800
0.300800 0.246400 0.013600
0.374400 0.246400 0.005600
0.398400 0.246400 0.008800
0.416800 0.246400 0.013600
0.478400 0.246400 0.005600
0.557600 0.246400 0.016800
0.582400 0.246400 0.012800
0.830400 0.246400 0.008800
0.191200 0.247200 0.011200
0.208000 0.247200 0.011200
0.225600 0.247200 0.011200
0.254400 0.247200 0.008800
0.268000 0.247200 0.011200
0.384800 0.247200 0.008800
0.444800 0.247200 0.008800
0.455200 0.247200 0.019200
0.507200 0.247200 0.019200
0.518400 0.247200 0.007200
0.530400 0.247200 0.008800
0.565600 0.247200 0.015200
0.598400 0.247200 0.026400
0.281600 0.248000 0.024800
0.430400 0.248000 0.008800
0.487200 0.248000 0.026400
0.155200 0.270400 0.010400
0.450400 0.270400 0.011200
0.891200 0.270400 0.008000
0.920000 0.270400 0.008000
0.930400 0.270400 0.008800
0.941600 0.270400 0.005600
0.140000 0.271200 0.011200
0.431200 0.271200 0.008800
0.442400 0.271200 0.005600
0.900800 0.271200 0.005600
0.908800 0.271200 0.005600
0.948800 0.271200 0.005600
0.972000 0.271200 0.005600
0.383200 0.272000 0.008800
0.392800 0.272000 0.011200
0.960800 0.272000 0.008800
0.979200 0.272000 0.012800
0.087200 0.283200 0.005600
0.096000 0.283200 0.005600
0.102400 0.283200 0.011200
0.113600 0.283200 0.008800
0.031200 0.284000 0.008800
0.043200 0.284000 0.008000
0.056000 0.284000 0.008800
0.067200 0.284000 0.007200
0.078400 0.284000 0.005600
0.832000 0.284800 0.008800
0.857600 0.284800 0.020800
0.866400 0.284800 0.016000
0.811200 0.285600 0.016800
0.890400 0.285600 0.011200
0.779200 0.286400 0.016800
0.792800 0.286400 0.011200
0.844000 0.286400 0.011200
0.900000 0.286400 0.005600
0.135200 0.287200 0.012800
0.680000 0.287200 0.024800
0.771200 0.287200 0.022400
0.910400 0.287200 0.008800
0.924000 0.287200 0.008800
0.624000 0.288000 0.013600
0.640800 0.288000 0.016800
0.651200 0.288000 0.005600
0.700800 0.288000 0.024800
0.714400 0.288000 0.027200
0.745600 0.288000 0.005600
0.756800 0.288000 0.020800
0.933600 0.288000 0.007200
0.238400 0.288800 0.011200
0.252800 0.288800 0.019200
0.311200 0.288800 0.003200
0.371200 0.288800 0.011200
0.584000 0.288800 0.008800
0.594400 0.288800 0.005600
0.606400 0.288800 0.016000
0.663200 0.288800 0.011200
0.735200 0.288800 0.016800
0.948800 0.288800 0.008800
0.197600 0.289600 0.008800
0.211200 0.289600 0.008800
0.304000 0.289600 0.018400
0.418400 0.289600 0.008800
0.550400 0.289600 0.008800
0.960000 0.289600 0.007200
0.224000 0.290400 0.008000
0.276000 0.290400 0.011200
0.292000 0.290400 0.011200
0.428800 0.290400 0.005600
0.477600 0.290400 0.008800
0.507200 0.290400 0.013600
0.521600 0.290400 0.011200
0.537600 0.290400 0.011200
0.566400 0.290400 0.013600
0.969600 0.290400 0.008800
0.150400 0.291200 0.016800
0.168800 0.291200 0.016800
0.320800 0.291200 0.013600
0.353600 0.291200 0.011200
0.386400 0.291200 0.008800
0.397600 0.291200 0.016000
0.404800 0.291200 0.012800
0.444800 0.291200 0.012000
0.462400 0.291200 0.012800
0.490400 0.291200 0.021600
0.498400 0.291200 0.004800
0.182400 0.292000 0.024800
0.188000 0.292000 0.019200
0.337600 0.292000 0.011200
0.042400 0.297600 0.007200
0.112800 0.297600 0.007200
0.032800 0.298400 0.008800
0.069600 0.298400 0.008800
0.104000 0.298400 0.007200
0.053600 0.299200 0.005600
0.096000 0.299200 0.003200
0.060000 0.300000 0.011200
0.075200 0.300000 0.011200
0.089600 0.300000 0.005600
0.123200 0.300000 0.008000
0.082400 0.300800 0.005600
0.289600 0.310400 0.005600
0.414400 0.310400 0.005600
0.420800 0.310400 0.012000
0.430400 0.310400 0.005600
0.260000 0.311200 0.008800
0.281600 0.311200 0.005600
0.334400 0.311200 0.008800
0.383200 0.311200 0.006400
0.392800 0.311200 0.005600
0.401600 0.311200 0.008800
0.439200 0.311200 0.007200
0.450400 0.311200 0.005600
0.459200 0.311200 0.005600
0.476000 0.311200 0.011200
0.273600 0.312000 0.011200
0.298400 0.312000 0.005600
0.307200 0.312000 0.005600
0.345600 0.312000 0.007200
0.356000 0.312000 0.005600
0.364000 0.312000 0.005600
0.372800 0.312000 0.005600
0.466400 0.312000 0.011200
0.313600 0.312800 0.011200
0.323200 0.312800 0.008800
0.628000 0.321600 0.007200
0.853600 0.327200 0.022400
0.841600 0.328000 0.016800
0.864000 0.328000 0.016800
0.137600 0.329600 0.016000
0.525600 0.329600 0.005600
0.809600 0.329600 0.008800
0.820800 0.329600 0.016800
0.792000 0.330400 0.005600
0.799200 0.330400 0.005600
0.772000 0.331200 0.007200
0.160000 0.332000 0.013600
0.177600 0.332000 0.008800
0.506400 0.332000 0.008800
0.534400 0.332000 0.022400
0.690400 0.332000 0.007200
0.701600 0.332000 0.019200
0.735200 0.332000 0.013600
0.758400 0.332000 0.019200
0.784000 0.332000 0.019200
0.187200 0.332800 0.005600
0.203200 0.332800 0.005600
0.516800 0.332800 0.005600
0.548000 0.332800 0.008800
0.644000 0.332800 0.008800
0.680800 0.332800 0.005600
0.717600 0.332800 0.013600
0.195200 0.333600 0.005600
0.217600 0.333600 0.011200
0.600000 0.333600 0.008800
0.670400 0.333600 0.027200
0.240800 0.334400 0.015200
0.249600 0.334400 0.005600
0.260000 0.334400 0.014400
0.561600 0.334400 0.008800
0.575200 0.334400 0.008800
0.588000 0.334400 0.008000
0.632800 0.334400 0.008800
0.656000 0.334400 0.020800
0.233600 0.335200 0.013600
0.267200 0.335200 0.013600
0.280000 0.335200 0.008800
0.292800 0.335200 0.005600
0.302400 0.335200 0.008000
0.338400 0.335200 0.019200
0.351200 0.335200 0.011200
0.364000 0.335200 0.016800
0.372000 0.335200 0.015200
0.480000 0.335200 0.013600
0.496000 0.335200 0.005600
0.327200 0.336000 0.008800
0.381600 0.336000 0.005600
0.390400 0.336000 0.016800
0.420000 0.336000 0.016800
0.426400 0.336000 0.013600
0.440800 0.336000 0.011200
0.455200 0.336000 0.019200
0.468800 0.336000 0.007200
0.616800 0.336000 0.013600
0.314400 0.336800 0.008800
0.406400 0.336800 0.011200
0.576800 0.356000 0.008800
0.564800 0.357600 0.010400
0.624800 0.357600 0.008800
0.634400 0.357600 0.008800
0.559200 0.358400 0.010400
0.205600 0.363200 0.006400
0.136000 0.369600 0.028800
0.155200 0.370400 0.013600
0.192800 0.372800 0.013600
0.548800 0.372800 0.008800
0.174400 0.373600 0.013600
0.539200 0.373600 0.027200
0.826400 0.373600 0.019200
0.835200 0.373600 0.016800
0.869600 0.373600 0.013600
0.217600 0.374400 0.016800
0.752800 0.374400 0.005600
0.852000 0.374400 0.011200
0.236800 0.375200 0.015200
0.244800 0.375200 0.019200
0.263200 0.375200 0.013600
0.308800 0.375200 0.027200
0.409600 0.375200 0.019200
0.520800 0.375200 0.013600
0.560000 0.375200 0.007200
0.720000 0.375200 0.005600
0.800000 0.375200 0.019200
0.276800 0.376000 0.016800
0.285600 0.376000 0.016800
0.299200 0.376000 0.019200
0.428800 0.376000 0.012800
0.445600 0.376000 0.013600
0.495200 0.376000 0.003200
0.600800 0.376000 0.011200
0.675200 0.376000 0.013600
0.709600 0.376000 0.008800
0.760800 0.376000 0.013600
0.791200 0.376000 0.007200
0.812000 0.376000 0.008800
0.324800 0.376800 0.011200
0.340000 0.376800 0.011200
0.353600 0.376800 0.010400
0.366400 0.376800 0.005600
0.383200 0.376800 0.013600
0.400000 0.376800 0.022400
0.460000 0.376800 0.013600
0.490400 0.376800 0.003200
0.569600 0.376800 0.008800
0.584000 0.376800 0.011200
0.612800 0.376800 0.008800
0.625600 0.376800 0.008800
0.658400 0.376800 0.011200
0.694400 0.376800 0.011200
0.728000 0.376800 0.013600
0.480000 0.377600 0.008800
0.500800 0.377600 0.003200
0.641600 0.377600 0.011200
0.741600 0.377600 0.008800
0.778400 0.377600 0.011200
0.505600 0.378400 0.003200
0.074400 0.406400 0.019200
0.064800 0.408800 0.016800
0.096000 0.408800 0.018400
0.108000 0.408800 0.008800
0.129600 0.408800 0.016800
0.085600 0.409600 0.008800
0.120000 0.409600 0.008800
