1116
1116
1116
1116
1116
1116
1122
1122
1117
1117
1117
1117
1117
1117
1117
1117
1117
1120
1120
1121
1120
1120
1120
1120
1120
1121
1121
1121
1121
1121
1121
1120
1120
1120
1121
1121
1121
1119
1119
1119
1119
1119
1119
1119
1119
1119
1119
1119
1119
1119
1118
1118
1118
1118
1118
1118
1118
1119
1119
1114
1114
1114
1114
1114
1114
1114
1114
1114
1114
1114
1114
1114
1114
1114
1114
1114
1114
1114
1114
1114
1114
1114
1114
1114
1114
1114
1114
1114
1114
1114
1114
1114
1114
1114
1114
1114
1114
1114
1114
1114
1114
1114
1114
1114
1114
1114
1114
1114
1114
1114
1114
1114
1114
1114
1114
1114
1114
1114
1114
1114
1114
1115
1124
1124
1124
1124
1125
1125
1126
1126
1126
1125
1125
1126
1126
1126
1125
1125
1127
1127
1127
1127
1125
1123
1127
1127
1127
1127
1115
1114
1114
1114
1114
1114
1114
1114
1114
1114
1114
1114
1114
1114
1114
1114
1114
1114
1114
1114
1114
1114
1114
1114
1114
1114
1114
1114
1114
1114
1114
1114
1114
1114
1114
1114
1114
1114
1114
1114
1114
1114
1114
1114
1114
1114
1114
1114
1114
1114
1114
1114
1114
1114
1114
1114
1114
1114
1114
1114
1114
1114
1114
1114
1114
1114
1128
1128
1128
1128
1128
1129
1132
1129
1129
1132
1128
1129
1131
1132
1129
1129
1130
1130
1130
1130
1130
1131
1131
1131
1130
1114
1114
1114
1114
1114
1114
1114
1114
1114
1114
1114
1114
1114
1114
1114
1114
1114
1114
1114
1114
1114
1114
1114
1114
1114
1114
1114
1114
1114
1114
1114
1114
1114
1114
1114
1114
1114
1114
1114
1114
1114
1114
1114
1114
1114
1114
1114
1114
1114
1114
1114
1114
1114
1114
1114
1135
1134
1133
1133
1133
1135
1135
1135
1134
1134
1134
1134
1134
1133
1133
1135
1134
1134
1134
1133
1114
1114
1114
1114
1114
1114
1114
1114
1114
1114
1114
1114
1114
1114
1114
1114
1114
1114
1114
1114
1114
1114
1114
1114
1114
1114
1114
1114
1114
1114
1114
1114
1114
1114
1114
1114
1114
1114
1114
1114
1114
1114
1114
1114
1114
1114
1114
1114
1114
1114
1114
1114
1114
1114
1114
1114
1114
1136
1136
1136
1136
1136
1136
1136
1137
1137
1137
1138
1137
1138
1138
1138
1137
1138
1138
1138
1138
1138
1138
1138
1138
1138
1138
1137
1138
1138
1114
1114
1114
1114
1114
1114
1114
1114
1114
1114
1114
1114
1114
1114
1114
1114
1114
1114
1114
1114
1114
1114
1114
1114
1114
1114
1114
1114
1114
1114
1114
1114
1114
1114
1114
1114
1114
1114
1114
1114
1114
1114
1114
1114
1114
1114
1114
1114
1114
1114
1114
1114
1142
1139
1143
1142
1142
1142
1140
1139
1143
1142
1142
1142
1142
1140
1144
1144
1143
1143
1143
1142
1142
1141
1140
1139
1139
1139
1146
1146
1144
1143
1140
1139
1139
1139
1146
1146
1146
1146
1144
1141
1146
1146
1146
1141
1141
1114
1114
1114
1114
1114
1114
1114
1114
1114
1114
1114
1114
1114
1114
1114
1114
1114
1114
1114
1114
1114
1114
1114
1114
1114
1114
1114
1114
1114
1114
1114
1114
1114
1114
1114
1114
1114
1114
1114
1114
1114
1114
1114
1114
1114
1114
1114
1114
1114
1114
1114
1114
1114
1114
1114
1114
1114
1147
1148
1148
1147
1147
1147
1148
1148
1148
1148
1148
1150
1147
1148
1149
1149
1149
1149
1150
1150
1149
1150
1114
1114
1114
1114
1114
1114
1114
1114
1114
1114
1114
1114
1114
1114
1114
1114
1114
1114
1114
1114
1114
1114
1114
1114
1114
1114
1114
1114
1114
1114
1114
1114
1114
1114
1114
1114
1114
1114
1114
1114
1114
1114
1114
1114
1114
1114
1114
1114
1114
1114
1114
1114
1114
1114
1114
1114
1114
1114
1114
1114
1114
1151
1151
1151
1152
1152
1152