1993
1993
1994
1993
1994
1994
1994
1993
1993
1993
1993
1993
1993
1993
1993
1994
1994
1993
1993
1993
1993
1993
1993
1993
1993
1993
1992
1992
1989
1989
1989
1989
1989
1989
1989
1989
1988
1991
1991
1991
1991
1990
1960
1960
1960
1960
1960
1960
1960
1960
1960
1960
1960
1960
1960
1987
1960
1960
1960
1960
1960
1960
1960
1960
1960
1960
1960
1960
1960
1960
1960
1960
1960
1960
1960
1960
1960
1960
1960
1960
1960
1960
1960
1960
1960
1960
1960
1960
1960
1960
1960
1960
1960
1960
1987
1987
1984
1984
1984
1984
1984
1984
1985
1982
1983
1983
1983
1982
1982
1982
1982
1982
1985
1983
1982
1981
1981
1981
1981
1981
1981
1981
1981
1981
1981
1981
1981
1960
1960
1960
1960
1960
1960
1960
1960
1960
1960
1960
1960
1960
1960
1960
1960
1960
1960
1960
1960
1960
1960
1960
1960
1960
1960
1960
1960
1960
1960
1960
1960
1960
1960
1960
1960
1960
1960
1960
1960
1960
1960
1960
1960
1960
1960
1960
1960
1960
1960
1960
1976
1976
1976
1976
1976
1976
1976
1976
1976
1976
1976
1976
1976
1976
1976
1980
1980
1980
1980
1980
1980
1979
1979
1979
1979
1979
1979
1979
1979
1979
1979
1978
1978
1960
1960
1960
1960
1960
1960
1960
1960
1960
1960
1960
1960
1960
1960
1960
1960
1960
1960
1960
1960
1960
1960
1960
1960
1960
1960
1960
1960
1960
1960
1960
1960
1960
1960
1960
1960
1960
1960
1960
1960
1960
1960
1960
1960
1960
1960
1960
1960
1960
1960
1960
1960
1960
1975
1975
1972
1972
1975
1975
1975
1975
1975
1975
1975
1975
1973
1973
1972
1972
1975
1973
1973
1973
1975
1974
1973
1973
1973
1973
1973
1973
1973
1972
1974
1974
1974
1973
1973
1973
1973
1972
1973
1973
1973
1973
1973
1960
1960
1960
1960
1960
1960
1960
1960
1960
1960
1960
1960
1960
1960
1960
1960
1960
1960
1960
1960
1960
1960
1960
1960
1960
1960
1960
1960
1960
1960
1960
1960
1960
1960
1960
1960
1960
1960
1960
1960
1960
1960
1960
1960
1960
1960
1960
1960
1960
1960
1960
1960
1960
1970
1970
1970
1970
1970
1970
1971
1960
1960
1960
1960
1960
1960
1960
1960
1960
1960
1960
1960
1960
1960
1960
1960
1960
1960
1960
1960
1960
1960
1960
1960
1960
1960
1960
1960
1960
1960
1960
1960
1960
1960
1960
1960
1960
1960
1960
1960
1960
1960
1960
1960
1960
1960
1960
1960
1960
1960
1960
1960
1960
1960
1968
1968
1968
1969
1969
1969
1969
1969
1968
1969
1969
1969
1969
1969
1967
1967
1967
1969
1967
1967
1967
1967
1967
1966
1966
1966
1966
1966
1960
1960
1960
1960
1960
1960
1960
1960
1960
1960
1960
1960
1960
1960
1960
1960
1960
1960
1960
1960
1960
1960
1960
1960
1960
1960
1960
1960
1960
1960
1960
1960
1960
1960
1960
1960
1960
1960
1960
1960
1960
1960
1960
1960
1960
1960
1960
1960
1960
1960
1960
1960
1964
1963
1963
1963
1964
1964
1964
1964
1963
1963
1963
1963
1963
1963
1963
1963
1964
1963
1964
1962
1962
1962
1962
1962
1962
1962
1962
1965
1965
-1
1960
1960
1960
1960
1960
1960
1960
1960
1960
1960
1960
1960
1960
1960
1960
1960
1960
1960
1960
1960
1960
1960
1960
1960
1960
1960
1960
1960
1960
1960
1960
1960
1960
1960
1960
1960
1960
1960
1960
1960
1960
1960
1960
1960
1960
1960
1960
1961
-1
1961
1961
1961