3043
3043
3043
3043
3043
3043
3049
3049
3049
3048
3048
3048
3048
3045
3045
3045
3048
3048
3048
3048
3045
3045
3045
3048
3048
3046
3046
3046
3046
3050
3047
3044
3041
3041
3041
3041
3041
3041
3041
3041
3041
3041
3041
3041
3041
3041
3041
3041
3041
3041
3041
3041
3041
3041
3041
3041
3041
3041
3041
3041
3041
3041
3041
3041
3041
3041
3041
3041
3041
3041
3041
3041
3041
3041
3041
3041
3041
3041
3041
3041
3055
3055
3055
3052
3055
3055
3053
3053
3053
3053
3042
3055
3055
3055
3055
3053
3053
3052
3052
3052
3042
3056
3056
3056
3056
3056
3056
3056
3056
3057
3054
3057
3057
3057
3041
3041
3041
3041
3041
3041
3041
3041
3041
3041
3041
3041
3041
3041
3041
3041
3041
3041
3041
3041
3041
3041
3041
3041
3041
3041
3041
3041
3041
3041
3041
3041
3041
3041
3041
3041
3041
3041
3041
3041
3041
3041
3041
3041
3041
3041
3041
3041
3041
3042
3042
3051
3051
3051
3051
3051
3061
3062
3051
3051
3051
3061
3061
3062
3062
3062
3062
3051
3061
3061
3061
3062
3062
3062
3085
3085
3085
3085
3085
3085
3085
3085
3085
3085
3058
3058
3085
3041
3041
3041
3041
3041
3041
3041
3041
3041
3041
3041
3041
3041
3041
3041
3041
3041
3041
3041
3041
3041
3041
3041
3041
3041
3041
3041
3041
3041
3041
3041
3041
3041
3041
3041
3041
3041
3041
3041
3041
3041
3041
3041
3041
3041
3041
3041
3041
3064
3064
3064
3064
3064
3064
3064
3064
3064
3064
3063
3065
3041
3041
3041
3041
3041
3041
3041
3041
3041
3041
3041
3041
3041
3041
3041
3041
3041
3041
3041
3041
3041
3041
3041
3041
3041
3041
3041
3041
3041
3041
3041
3041
3041
3041
3041
3041
3041
3041
3041
3041
3041
3041
3041
3041
3041
3041
3041
3041
3041
3041
3041
3041
3066
3066
3066
3066
3066
3066
3066
3066
3069
3069
3069
3066
3067
3068
3068
3066
3066
3066
3066
3066
3067
3067
3067
3068
3068
3068
3066
3066
3067
3066
-1
3041
3041
3041
3041
3041
3041
3041
3041
3041
3041
3041
3041
3041
3041
3041
3041
3041
3041
3041
3041
3041
3041
3041
3041
3041
3041
3041
3041
3041
3041
3041
3041
3041
3041
3041
3041
3041
3041
3041
3041
3041
3041
3041
3041
3041
3041
3041
3084
3073
3073
3073
3084
3084
3084
3084
3084
3084
3084
3084
3084
3084
3084
3084
3084
3084
3084
3084
3084
3084
3084
3041
3041
3041
3041
3041
3041
3041
3041
3041
3041
3041
3041
3041
3041
3041
3041
3041
3041
3041
3041
3041
3041
3041
3041
3041
3041
3041
3041
3041
3041
3041
3041
3041
3041
3041
3041
3041
3041
3041
3041
3041
3041
3041
3041
3041
3081
3081
3081
3081
3082
3081
3082
3082
3082
3082
3082
3082
3082
3082
3081
3081
3082
3082
3081
3081
3081
3081
3076
3076
3076
3076
3076
3076
3076
3076
3081
3076
3076
3076
3072
3072
3076
3076
3072
3072
3078
3078
3078
3072
3078
3078
3078
3083
3077
3077
-1
3077
3077
3082
3041
3041
3070
3041
3041
3070
3041
3041
3041
3041
3041
3070
3041
3041
3041
3041
3041
3041
3041
3041
3041
3041
3041
3041
3041
3041
3041
3041
3041
3041
3041
3041
3041
3041
3041
3041
3041
3041
3041
3041
3041
3041
3041
3041
3041
3041
3070
3070
3071
3071
3071
3071
3071
3071
3071
3071
3071
3071
3071
3071
3071
3071