0.920800 0.044000 0.008800
0.932000 0.044000 0.008800
0.873600 0.045600 0.022400
0.878400 0.045600 0.018400
0.889600 0.046400 0.008800
0.900800 0.046400 0.008800
0.910400 0.046400 0.005600
0.628000 0.047200 0.011200
0.740800 0.047200 0.008800
0.754400 0.047200 0.008800
0.769600 0.047200 0.016800
0.830400 0.047200 0.018400
0.840800 0.047200 0.007200
0.865600 0.047200 0.011200
0.616000 0.048000 0.008800
0.727200 0.048000 0.008800
0.764800 0.048000 0.011200
0.779200 0.048000 0.008800
0.789600 0.048000 0.016800
0.852000 0.048000 0.011200
0.530400 0.048800 0.012000
0.552000 0.048800 0.003200
0.561600 0.048800 0.008000
0.583200 0.048800 0.003200
0.588800 0.048800 0.011200
0.595200 0.048800 0.003200
0.604800 0.048800 0.008000
0.642400 0.048800 0.008800
0.653600 0.048800 0.011200
0.669600 0.048800 0.008800
0.681600 0.048800 0.008800
0.691200 0.048800 0.016000
0.708000 0.048800 0.013600
0.716800 0.048800 0.004800
0.797600 0.048800 0.014400
0.808000 0.048800 0.013600
0.815200 0.048800 0.020800
0.545600 0.049600 0.011200
0.573600 0.049600 0.008800
0.513600 0.050400 0.011200
0.823200 0.080000 0.020000
0.834400 0.080000 0.011200
0.851200 0.080000 0.013600
0.224800 0.080800 0.016800
0.189600 0.082400 0.008800
0.202400 0.082400 0.008800
0.215200 0.082400 0.008000
0.152000 0.083200 0.019200
0.172800 0.084000 0.011200
0.620800 0.090400 0.013600
0.629600 0.090400 0.005600
0.609600 0.091200 0.016000
0.640000 0.091200 0.008800
0.603200 0.092000 0.012800
0.450400 0.093600 0.015200
0.482400 0.094400 0.011200
0.658400 0.094400 0.008000
0.714400 0.094400 0.011200
0.721600 0.094400 0.012800
0.224800 0.102400 0.007200
0.771200 0.113600 0.005600
0.779200 0.113600 0.027200
0.674400 0.114400 0.018400
0.697600 0.114400 0.013600
0.714400 0.114400 0.011200
0.383200 0.115200 0.008800
0.421600 0.115200 0.013600
0.549600 0.115200 0.008800
0.596000 0.115200 0.004800
0.612800 0.115200 0.013600
0.648800 0.115200 0.011200
0.664800 0.115200 0.016800
0.683200 0.115200 0.024800
0.748000 0.115200 0.026400
0.758400 0.115200 0.019200
0.821600 0.115200 0.005600
0.828000 0.115200 0.016800
0.730400 0.116000 0.013600
0.740000 0.116000 0.005600
0.793600 0.116000 0.026400
0.810400 0.116000 0.016800
0.836800 0.116000 0.013600
0.192000 0.116800 0.011200
0.395200 0.116800 0.005600
0.406400 0.116800 0.008800
0.439200 0.116800 0.008800
0.466400 0.116800 0.009600
0.521600 0.116800 0.005600
0.540000 0.116800 0.008800
0.561600 0.116800 0.008800
0.573600 0.116800 0.008800
0.586400 0.116800 0.019200
0.631200 0.116800 0.011200
0.208000 0.117600 0.011200
0.360000 0.117600 0.008800
0.370400 0.117600 0.008800
0.452000 0.117600 0.008800
0.480800 0.117600 0.008800
0.495200 0.117600 0.008800
0.528800 0.117600 0.013600
0.852000 0.117600 0.020000
0.222400 0.118400 0.022400
0.232000 0.118400 0.029600
0.506400 0.118400 0.005600
0.512000 0.118400 0.013600
0.136800 0.119200 0.016800
0.156000 0.119200 0.013600
0.176000 0.119200 0.011200
0.251200 0.119200 0.013600
0.268000 0.119200 0.016800
0.278400 0.119200 0.008800
0.336000 0.119200 0.005600
0.347200 0.119200 0.008800
0.289600 0.120000 0.016800
0.325600 0.120000 0.015200
0.304800 0.120800 0.012800
0.729600 0.137600 0.013600
0.704000 0.139200 0.012000
0.710400 0.139200 0.008800
0.720800 0.139200 0.007200
0.320800 0.140000 0.007200
0.332000 0.140000 0.008800
0.286400 0.140800 0.008800
0.298400 0.140800 0.005600
0.308800 0.140800 0.007200
0.277600 0.141600 0.005600
0.258400 0.143200 0.008800
0.268800 0.143200 0.008800
0.696000 0.148800 0.008000
0.172000 0.149600 0.008800
0.162400 0.150400 0.008000
0.771200 0.159200 0.011200
0.466400 0.160000 0.013600
0.734400 0.160000 0.013600
0.753600 0.160000 0.013600
0.810400 0.160000 0.013600
0.860800 0.160000 0.026400
0.716000 0.160800 0.015200
0.788000 0.160800 0.013600
0.826400 0.160800 0.011200
0.320800 0.161600 0.011200
0.334400 0.161600 0.011200
0.387200 0.161600 0.009600
0.510400 0.161600 0.005600
0.519200 0.161600 0.005600
0.843200 0.161600 0.011200
0.220000 0.162400 0.022400
0.301600 0.162400 0.013600
0.351200 0.162400 0.015200
0.400000 0.162400 0.005600
0.420800 0.162400 0.017600
0.444800 0.162400 0.019200
0.484800 0.162400 0.011200
0.528000 0.162400 0.005600
0.588800 0.162400 0.016000
0.607200 0.162400 0.013600
0.665600 0.162400 0.012800
0.140000 0.163200 0.022400
0.231200 0.163200 0.008800
0.281600 0.163200 0.011200
0.360800 0.163200 0.005600
0.373600 0.163200 0.011200
0.408000 0.163200 0.005600
0.416800 0.163200 0.021600
0.544000 0.163200 0.013600
0.564800 0.163200 0.013600
0.625600 0.163200 0.012800
0.640000 0.163200 0.008800
0.690400 0.163200 0.016800
0.191200 0.164000 0.011200
0.262400 0.164000 0.012000
0.430400 0.164000 0.019200
0.500000 0.164000 0.008800
0.616800 0.164000 0.004800
0.649600 0.164000 0.005600
0.156800 0.164800 0.007200
0.171200 0.165600 0.011200
0.205600 0.165600 0.011200
0.248000 0.166400 0.013600
0.662400 0.182400 0.011200
0.636800 0.183200 0.011200
0.652000 0.183200 0.008800
0.646400 0.184000 0.005600
0.716800 0.184000 0.008800
0.390400 0.184800 0.012800
0.361600 0.185600 0.007200
0.372800 0.185600 0.007200
0.382400 0.185600 0.005600
0.704800 0.185600 0.009600
0.341600 0.186400 0.005600
0.350400 0.186400 0.007200
0.332800 0.187200 0.005600
0.323200 0.188000 0.008800
0.454400 0.188800 0.010400
0.417600 0.189600 0.008000
0.428800 0.189600 0.005600
0.439200 0.189600 0.007200
0.448800 0.189600 0.013600
0.763200 0.191200 0.010400
0.684000 0.204000 0.005600
0.723200 0.204000 0.011200
0.136800 0.204800 0.013600
0.158400 0.204800 0.012800
0.210400 0.204800 0.026400
0.692800 0.204800 0.007200
0.739200 0.204800 0.016800
0.835200 0.204800 0.024000
0.652800 0.205600 0.015200
0.670400 0.205600 0.011200
0.706400 0.205600 0.011200
0.175200 0.206400 0.012800
0.566400 0.206400 0.024800
0.618400 0.206400 0.008800
0.631200 0.206400 0.011200
0.761600 0.206400 0.011200
0.820800 0.206400 0.011200
0.851200 0.206400 0.011200
0.865600 0.206400 0.022400
0.193600 0.207200 0.011200
0.232000 0.207200 0.016800
0.242400 0.207200 0.019200
0.362400 0.207200 0.010400
0.384000 0.207200 0.005600
0.392800 0.207200 0.013600
0.594400 0.207200 0.008000
0.792000 0.207200 0.007200
0.804000 0.207200 0.016800
0.220000 0.208000 0.008800
0.256800 0.208000 0.019200
0.305600 0.208000 0.008800
0.375200 0.208000 0.005600
0.608000 0.208000 0.008800
0.779200 0.208000 0.011200
0.264000 0.208800 0.016800
0.293600 0.208800 0.005600
0.316800 0.208800 0.007200
0.488800 0.208800 0.005600
0.497600 0.208800 0.005600
0.508000 0.208800 0.008800
0.528800 0.208800 0.015200
0.576000 0.208800 0.024000
0.282400 0.209600 0.016800
0.328800 0.209600 0.011200
0.413600 0.209600 0.013600
0.432800 0.209600 0.012800
0.457600 0.209600 0.013600
0.585600 0.209600 0.007200
0.476800 0.210400 0.011200
0.548000 0.210400 0.013600
0.347200 0.211200 0.011200
0.138400 0.224800 0.008000
0.149600 0.224800 0.007200
0.160000 0.224800 0.008800
0.105600 0.240000 0.005600
0.114400 0.240000 0.013600
0.096000 0.240800 0.006400
0.086400 0.241600 0.008000
0.056800 0.243200 0.022400
0.064800 0.243200 0.017600
0.076000 0.243200 0.008000
0.726400 0.243200 0.005600
0.051200 0.244000 0.003200
0.481600 0.244000 0.007200
0.627200 0.244000 0.013600
0.716000 0.244000 0.022400
0.768000 0.244000 0.013600
0.795200 0.244000 0.004800
0.811200 0.244000 0.013600
0.332800 0.244800 0.013600
0.460800 0.244800 0.019200
0.506400 0.244800 0.022400
0.570400 0.244800 0.012800
0.602400 0.244800 0.013600
0.684800 0.244800 0.011200
0.700800 0.244800 0.011200
0.737600 0.244800 0.019200
0.748000 0.244800 0.016800
0.802400 0.244800 0.005600
0.030400 0.245600 0.009600
0.043200 0.245600 0.011200
0.136800 0.245600 0.016800
0.160000 0.245600 0.015200
0.176800 0.245600 0.011200
0.427200 0.245600 0.011200
0.470400 0.245600 0.016800
0.587200 0.245600 0.011200
0.786400 0.245600 0.012800
0.827200 0.245600 0.020800
0.868000 0.245600 0.013600
0.214400 0.246400 0.014400
0.295200 0.246400 0.011200
0.314400 0.246400 0.012800
0.367200 0.246400 0.011200
0.383200 0.246400 0.011200
0.394400 0.246400 0.008800
0.408800 0.246400 0.011200
0.448800 0.246400 0.016800
0.492000 0.246400 0.024800
0.542400 0.246400 0.008000
0.555200 0.246400 0.008000
0.646400 0.246400 0.022400
0.660800 0.246400 0.008800
0.672000 0.246400 0.005600
0.838400 0.246400 0.008800
0.851200 0.246400 0.011200
0.151200 0.247200 0.018400
0.271200 0.247200 0.011200
0.283200 0.247200 0.005600
0.351200 0.247200 0.011200
0.439200 0.247200 0.008800
0.188800 0.248000 0.022400
0.233600 0.248000 0.013600
0.254400 0.248000 0.013600
0.528800 0.248000 0.019200
0.520800 0.248800 0.005600
0.194400 0.249600 0.011200
0.611200 0.263200 0.005600
0.620000 0.263200 0.011200
0.582400 0.264000 0.007200
0.601600 0.264000 0.005600
0.592000 0.264800 0.007200
0.776800 0.266400 0.008800
0.788000 0.266400 0.008800
0.566400 0.268000 0.008800
0.571200 0.283200 0.016800
0.728800 0.283200 0.022400
0.754400 0.283200 0.011200
0.592000 0.284000 0.011200
0.610400 0.284000 0.011200
0.624000 0.284000 0.011200
0.648800 0.284000 0.018400
0.670400 0.284000 0.011200
0.712000 0.284000 0.016800
0.737600 0.284000 0.022400
0.524800 0.284800 0.009600
0.532000 0.284800 0.003200
0.548800 0.284800 0.015200
0.636000 0.284800 0.008800
0.688000 0.284800 0.011200
0.767200 0.284800 0.008800
0.798400 0.284800 0.011200
0.816000 0.284800 0.011200
0.835200 0.284800 0.012800
0.853600 0.284800 0.024800
0.536800 0.285600 0.008800
0.780000 0.285600 0.011200
0.491200 0.286400 0.008800
0.512800 0.286400 0.008800
0.702400 0.286400 0.008800
0.477600 0.288000 0.008800
0.503200 0.288000 0.005600
0.138400 0.288800 0.019200
0.160000 0.288800 0.024800
0.237600 0.288800 0.019200
0.360000 0.288800 0.016800
0.428800 0.288800 0.008800
0.467200 0.288800 0.008800
0.147200 0.289600 0.024000
0.225600 0.289600 0.020800
0.256800 0.289600 0.013600
0.324000 0.289600 0.011200
0.349600 0.289600 0.019200
0.451200 0.289600 0.016800
0.200800 0.290400 0.019200
0.215200 0.290400 0.019200
0.274400 0.290400 0.011200
0.306400 0.290400 0.011200
0.339200 0.290400 0.008800
0.367200 0.290400 0.022400
0.381600 0.290400 0.013600
0.399200 0.290400 0.012800
0.414400 0.290400 0.011200
0.179200 0.291200 0.013600
0.290400 0.291200 0.011200
0.390400 0.291200 0.005600
0.440000 0.291200 0.005600
0.831200 0.307200 0.008800
0.797600 0.308000 0.007200
0.807200 0.308000 0.005600
0.815200 0.308000 0.004800
0.822400 0.308000 0.004800
0.403200 0.309600 0.008800
0.392000 0.310400 0.007200
0.380000 0.311200 0.008000
0.180000 0.312800 0.008800
0.167200 0.313600 0.010400
0.714400 0.321600 0.019200
0.594400 0.323200 0.016800
0.616800 0.323200 0.013600
0.636000 0.323200 0.013600
0.707200 0.323200 0.013600
0.731200 0.323200 0.004800
0.740000 0.323200 0.013600
0.756000 0.323200 0.011200
0.777600 0.323200 0.016800
0.564000 0.324000 0.016800
0.572000 0.324000 0.013600
0.583200 0.324000 0.016800
0.655200 0.324000 0.011200
0.672000 0.324000 0.011200
0.724000 0.324000 0.005600
0.769600 0.324000 0.005600
0.860800 0.324000 0.022400
0.432800 0.324800 0.016800
0.532800 0.324800 0.016800
0.604000 0.324800 0.019200
0.689600 0.324800 0.013600
0.799200 0.324800 0.008800
0.815200 0.324800 0.010400
0.832000 0.324800 0.008800
0.846400 0.324800 0.012000
0.420800 0.325600 0.005600
0.525600 0.325600 0.005600
0.552800 0.325600 0.008800
0.789600 0.325600 0.005600
0.412000 0.326400 0.016800
0.516000 0.326400 0.005600
0.494400 0.327200 0.003200
0.508800 0.327200 0.005600
0.542400 0.327200 0.006400
0.276000 0.328000 0.017600
0.322400 0.328000 0.016000
0.468800 0.328000 0.016800
0.500000 0.328000 0.022400
0.281600 0.328800 0.013600
0.390400 0.328800 0.016000
0.444000 0.328800 0.004000
0.450400 0.328800 0.005600
0.460000 0.328800 0.005600
0.305600 0.329600 0.015200
0.354400 0.329600 0.005600
0.368800 0.329600 0.005600
0.379200 0.329600 0.007200
0.488000 0.329600 0.019200
0.146400 0.330400 0.019200
0.316800 0.330400 0.024800
0.330400 0.330400 0.019200
0.360800 0.330400 0.004800
0.400000 0.330400 0.005600
0.479200 0.330400 0.019200
0.193600 0.331200 0.016000
0.342400 0.331200 0.008800
0.170400 0.332000 0.013600
0.240000 0.332000 0.011200
0.260000 0.332000 0.013600
0.217600 0.332800 0.012800
0.233600 0.332800 0.005600
0.583200 0.346400 0.008800
0.569600 0.347200 0.008800
0.627200 0.347200 0.011200
0.606400 0.348000 0.008800
0.273600 0.348800 0.009600
0.616000 0.348800 0.008000
0.226400 0.349600 0.008000
0.239200 0.349600 0.007200
0.248800 0.349600 0.006400
0.256800 0.349600 0.011200
0.296000 0.349600 0.006400
0.306400 0.349600 0.007200
0.317600 0.349600 0.005600
0.280000 0.350400 0.004800
0.288000 0.350400 0.005600
0.656000 0.365600 0.016800
0.482400 0.366400 0.021600
0.675200 0.366400 0.005600
0.470400 0.367200 0.011200
0.544800 0.367200 0.011200
0.559200 0.367200 0.007200
0.634400 0.367200 0.013600
0.667200 0.367200 0.005600
0.330400 0.368000 0.007200
0.568800 0.368000 0.005600
0.600000 0.368000 0.013600
0.618400 0.368000 0.011200
0.645600 0.368000 0.004800
0.684800 0.368000 0.014400
0.700800 0.368000 0.011200
0.717600 0.368000 0.013600
0.274400 0.368800 0.011200
0.318400 0.368800 0.008800
0.529600 0.368800 0.012800
0.764800 0.368800 0.011200
0.148800 0.369600 0.026400
0.164000 0.369600 0.013600
0.186400 0.369600 0.022400
0.378400 0.369600 0.011200
0.398400 0.369600 0.011200
0.454400 0.369600 0.011200
0.496800 0.369600 0.020800
0.508800 0.369600 0.005600
0.515200 0.369600 0.003200
0.520000 0.369600 0.003200
0.736000 0.369600 0.011200
0.778400 0.369600 0.005600
0.217600 0.370400 0.015200
0.241600 0.370400 0.014400
0.262400 0.370400 0.019200
0.288000 0.370400 0.011200
0.303200 0.370400 0.011200
0.360800 0.370400 0.013600
0.415200 0.370400 0.011200
0.435200 0.370400 0.013600
0.581600 0.370400 0.011200
0.749600 0.370400 0.011200
0.789600 0.370400 0.011200
0.342400 0.371200 0.029600
0.838400 0.371200 0.013600
0.871200 0.371200 0.022400
0.804000 0.372000 0.011200
0.820800 0.372000 0.011200
