439
439
414
439
439
439
414
439
440
440
440
440
442
442
442
442
442
442
440
440
440
440
440
415
441
441
441
441
415
441
441
441
441
413
413
413
413
413
413
413
413
413
413
413
413
413
413
413
413
413
413
413
413
413
413
413
413
413
413
413
413
413
413
413
413
413
413
413
413
413
413
413
413
413
413
413
413
413
413
413
413
413
419
419
437
437
437
437
437
437
437
437
437
437
438
438
438
436
436
438
436
436
436
436
436
419
413
413
413
413
413
413
413
413
413
413
413
413
413
413
413
413
413
413
413
413
413
413
413
413
413
413
413
413
413
413
413
413
413
413
413
413
413
413
413
413
413
413
413
413
413
413
413
434
434
434
434
434
434
434
434
434
435
434
434
434
434
434
434
434
435
435
434
434
434
434
435
435
435
435
435
435
435
435
435
435
434
435
435
435
435
435
435
444
435
435
444
413
413
416
413
413
413
413
413
413
413
413
413
413
413
413
413
413
413
413
413
413
413
413
413
413
413
413
413
413
413
413
413
413
413
413
413
413
413
413
413
413
413
413
413
413
413
413
413
413
413
413
413
443
443
431
431
431
431
431
431
433
433
431
433
430
430
433
433
433
430
430
430
430
430
430
433
433
433
433
430
430
432
413
413
413
413
413
413
413
413
413
413
413
413
413
413
413
413
413
413
413
413
413
413
413
413
413
413
413
413
413
413
413
413
413
413
413
413
413
413
413
413
413
413
413
413
413
413
413
413
429
429
429
429
429
429
429
429
429
428
428
428
428
428
428
428
428
413
413
413
413
413
413
413
413
413
413
413
413
413
413
413
413
413
413
413
413
413
413
413
413
413
413
413
413
413
413
413
413
413
413
413
413
413
413
413
413
413
413
413
413
413
413
413
413
413
413
413
413
413
413
413
413
413
413
413
427
427
427
427
427
427
426
427
426
426
426
425
426
426
426
426
425
413
413
413
413
413
413
413
413
413
413
413
413
413
413
413
413
413
413
413
413
413
413
413
413
413
413
413
413
413
413
413
413
413
413
413
413
413
413
413
413
413
413
413
413
413
413
413
413
413
413
413
413
413
413
413
413
413
413
413
413
413
413
413
413
424
424
424
424
424
423
423
424
424
424
424
421
421
421
423
423
423
423
423
423
423
424
424
421
421
421
421
421
421
421
421
421
421
421
422
422
413
413
413
413
413
413
413
413
413
413
413
413
413
413
413
413
413
413
413
413
413
413
413
413
413
413
413
413
413
413
413
413
413
413
413
413
413
413
413
413
413
413
413
413
413
413
413
413
413
413
413
413
413
420
420
420
420
420
420
420
420
420
420
420
420
420
420
420
420
420
420
420
420
420
420
420
420
420
420
418
420
418
418
420
420
420
420
420
420
420
420
420
420
420
420
420
420
420
420
420
420
420
420
420
420
420
420
418
420