1834
1834
1834
1834
1834
1834
1834
1834
1834
1834
1834
1834
1834
1834
1834
1834
1834
1834
1836
1836
1836
1836
1836
1836
1829
1829
1835
1835
1835
1835
1835
1835
1835
1835
1835
1835
1835
1835
1835
1835
1835
1835
1835
1835
1835
1830
1830
1833
1833
1833
1830
1830
1830
1830
1830
1830
1833
1833
1832
1832
1832
1832
1830
1833
1833
1833
1833
1832
1832
1832
1832
1832
1837
1828
1828
1828
1809
1809
1809
1809
1809
1809
1809
1809
1809
1809
1809
1809
1809
1809
1809
1809
1809
1809
1809
1809
1809
1809
1809
1809
1809
1809
1809
1809
1809
1809
1809
1809
1809
1809
1809
1809
1809
1809
1809
1809
1809
1809
1809
1809
1809
1809
1823
1809
1809
1809
1809
1809
1809
1809
1809
1809
1809
1809
1809
1809
1809
1809
1824
1824
1824
1825
1824
1825
1825
1825
1825
1825
1824
1824
1824
1824
1825
1824
1824
1824
1826
1826
1826
1826
1827
1827
1827
1827
1827
1827
1827
1827
1823
1823
1809
1809
1809
1809
1809
1809
1809
1809
1809
1809
1809
1809
1809
1809
1809
1809
1809
1809
1809
1809
1809
1809
1809
1809
1809
1809
1809
1809
1809
1809
1809
1809
1809
1809
1809
1809
1809
1809
1809
1809
1809
1809
1809
1809
1809
1809
1809
1809
1809
1809
1809
1821
1821
1821
1821
1821
1821
1821
1821
1821
1821
1821
1821
1821
1822
1820
1820
1822
1820
1820
1820
1820
1820
1820
1820
1820
1820
1820
1820
1820
1820
1822
1822
1822
1820
1820
1820
1820
1820
1822
1819
1819
1819
1819
1818
1818
1818
1818
1818
1818
1818
1818
1818
1809
1809
1809
1809
1809
1809
1809
1809
1809
1809
1809
1809
1809
1809
1809
1809
1809
1809
1809
1809
1809
1809
1809
1809
1809
1809
1809
1809
1809
1809
1809
1809
1809
1809
1809
1809
1809
1809
1809
1809
1809
1809
1809
1809
1809
1809
1809
1809
1809
1809
1809
1809
1815
1815
1815
1815
1815
1815
1815
1815
1816
1816
1816
1817
1817
1816
1816
1817
1817
1817
1817
1817
1809
1809
1809
1809
1809
1809
1809
1809
1809
1809
1809
1809
1809
1809
1809
1809
1809
1809
1809
1809
1809
1809
1809
1809
1809
1809
1809
1809
1809
1809
1809
1809
1809
1809
1809
1809
1809
1809
1809
1809
1809
1809
1809
1809
1809
1809
1809
1809
1809
1809
1809
1809
1809
1814
1814
1814
1814
1814
1814
1814
1813
1814
1814
1813
1813
1813
1813
1813
1813
1813
1813
1813
1812
1812
1812
1812
1812
1812
1812
1812
1812
1812
1812
1812
1812
1812
1812
1812
1809
1809
1809
1809
1809
1809
1809
1809
1809
1809
1809
1809
1809
1809
1809
1809
1809
1809
1809
1809
1809
1809
1809
1809
1809
1809
1809
1809
1809
1809
1809
1809
1809
1809
1809
1809
1809
1809
1809
1809
1809
1809
1809
1809
1809
1809
1809
1809
1809
1809
1809
1809
1809
1809
1809
1809
1809
1809
1809
1809
1809
1809
1811
1811
1811
1811
1811
1811
1809
1809
1809
1809
1809
1809
1809
1809
1809
1809
1809
1809
1809
1809
1809
1809
1809
1809
1809
1809
1809
1809
1809
1809
1809
1809
1809
1809
1809
1809
1809
1809
1809
1809
1809
1809
1809
1809
1809
1809
1809
1809
1809
1809
1809
1809
1809
1809
1809
1809
1809
1809
1809
1809
1810
1809
1809
1809
1809
1809
1809
1809
1809
1809
1809
1809
1809
1809
1809
1809
1809
1809
1809
1809
1809
1809
1809
1809
1809
1809
1809
1809
1809
1809
1809
1809
1809
1809
1809
1809
1809
1809
1809
1809
1809
1809
1809
1809
1809
1809
1809
1809
1809
1809
1809
1809
1809
1809
1809
1809
1809
1809
1809
1809
1809
1809
1809