-1
75
75
75
75
75
75
75
75
75
75
75
75
75
75
75
75
75
75
75
75
75
75
75
75
75
75
75
75
75
75
75
75
75
75
75
75
75
75
75
75
75
75
75
75
75
75
75
75
75
75
75
75
75
75
75
75
75
75
75
75
75
75
75
75
75
75
75
75
75
75
75
75
75
75
75
75
75
75
77
77
77
80
80
80
80
80
80
75
75
75
75
75
75
75
75
75
75
75
75
75
75
75
75
75
75
75
75
75
75
75
75
75
75
75
75
75
75
75
75
75
75
75
75
75
75
75
75
75
75
75
75
75
75
75
75
75
75
78
78
78
78
78
78
78
78
78
78
78
78
78
78
78
78
79
79
79
78
78
79
79
79
79
78
78
78
79
79
79
79
78
78
78
78
78
79
79
78
78
78
78
78
78
78
78
78
79
79
78
78
78
78
78
78
79
78
78
78
78
78
78
78
78
78
78
78
78
78
74
74
74
74
74
74
74
74
74
74
74
74
74
74
74
74
74
74
74
74
74
74
74
74
74
74
74
74
74
74
74
74
74
74
74
74
74
74
74
74
74
74
74
74
74
74
74
74
74
74
74
74
74
74
74
74
74
74
73
73
73
73
73
73
73
73
73
73
73
73
73
73
73
73
73
73
73
73
73
73
73
73
73
73
73
73
73
73
73
73
74
73
74
74
73
73
74
74
74
74
74
74
74
74
74
74
74
74
74
74
74
74
74
74
74
74
74
74
74
74
74
74
74
74
74
74
74
74
74
74
74
74
74
74
74
74
74
74
74
74
74
73
73
73
73
73
73
73
73
73
84
84
84
84
84
84
84
84
84
84
84
84
84
84
84
84
84
84
84
84
84
84
84
82
82
82
82
82
82
82
87
87
85
83
83
82
85
85
85
83
83
86
85
86
86
86
86
86
81
84
84
84
73
86
84
84
84
84
73
84
73
73
73
73
73
73
73
73
73
74
74
74
74
74
74
74
74
74
74
74
74
74
74
74
74
74
74
74
74
74
74
74
74
74
74
74
74
74
74
74
74
74
74
74
74
74
74
74
74
74
74
74
73
74
74
74
73
73
74
73
73
73
73
73
73
91
93
93
73
90
91
91
91
91
91
91
91
93
93
73
73
90
90
90
90
90
90
91
91
91
91
91
93
73
73
90
90
90
90
90
90
91
91
73
73
90
90
90
90
90
90
90
73
73
73
73
90
88
88
89
88
88
89
88
88
89
89
88
88
89
92
73
73
73
73
73
73
74
74
74
74
74
74
74
74
74
74
74
74
74
74
74
74
74
74
74
74
74
74
74
74
74
74
74
74
74
74
74
74
74
74
74
74
74
74
74
74
74
74
74
74
74
74
74
74
74
94
94
94
94
94
94
94
94
94
94
95
95
95
98
97
97
95
95
98
98
98
97
97
95
95
98
98
97
97
97
95
98
96
96
96
96
96
96
96
74
-1
74
74
74
74
74
74
74
74
74
74
74
74
74
74
74
74
74
74
74
74
74
74
74
74
74
74
74
74
74
74
74
74
74
74
74
74
74
74
74
74
74
74
74
74
74
74
74
74
74
74
99
99
99
99
100
100
100
100
101
101
101
101
101
101
101
74
74
74
74
74
74
74
74
74
74
74
74
74
74
74
74
74
74
74
74
74
74
74
74
74
74
74
74
74
74
74
74
74
74
74
74
74
74
74
74
74
74
74
74
74
74
74
74
74
107
106
103
102
107
106
106
106
106
103
104
102
102
102
107
107
107
107
107
106
106
106
106
106
103
103
103
103
103
102
107
107
107
106
106
103
107
107
107
107
107
107
107
106
105
107
107
107
74
74
74
74
74
74
74
74
74
74
74
74
74
74
74
74
74
74
74
74
74
74
74
74
74
74
74
74
74
74
74
74
74
74
74
74
74
74
74
74
74
74
74
74
74
74