1535
1535
1535
1535
1535
1535
1530
1530
1531
1531
1531
1531
1531
1531
1531
1531
1531
1531
1532
1531
1531
1531
1532
1532
1532
1532
1532
1532
1532
1532
1532
1532
1532
1532
1532
1532
1532
1532
1532
1532
1534
1534
1533
1534
1534
1534
1534
1534
1534
1533
1534
1534
1534
1533
1533
1533
1533
1534
1529
1529
1529
1529
1529
1529
1529
1529
1529
1529
1529
1529
1529
1529
1529
1529
1529
1529
1529
1529
1529
1529
1529
1529
1529
1529
1529
1529
1529
1529
1529
1529
1529
1529
1529
1529
1529
1529
1529
1529
1529
1529
1529
1529
1529
1529
1529
1529
1529
1529
1529
1529
1536
1529
1529
1529
1529
1536
1536
1536
1559
1559
1561
1560
1559
1558
1561
1560
1560
1560
1560
1560
1560
1559
1559
1558
1558
1558
1560
1560
1560
1560
1560
1560
1560
1560
1559
1559
1558
1560
1559
1559
1559
1559
1559
1558
1558
1558
1559
1559
1559
1558
1558
1558
1536
1529
1529
1529
1529
1529
1529
1529
1529
1529
1529
1529
1529
1529
1529
1529
1529
1529
1529
1529
1529
1529
1529
1529
1529
1529
1529
1529
1529
1529
1529
1529
1529
1529
1529
1529
1529
1529
1529
1529
1529
1529
1529
1529
1529
1529
1529
1529
1529
1529
1529
1529
1529
1529
1529
1529
1556
1556
1555
1557
1557
1556
1556
1555
1555
1557
1557
1557
1556
1556
1556
1556
1555
1555
1557
1557
1557
1557
1555
1557
1557
1557
1557
1557
1557
1557
1557
1557
1557
1557
1557
1557
1557
1557
1557
1557
1557
1557
1555
1557
1557
1529
1529
1529
1529
1529
1529
1529
1529
1529
1529
1529
1529
1529
1529
1529
1529
1529
1529
1529
1529
1529
1529
1529
1529
1529
1529
1529
1529
1529
1529
1529
1529
1529
1529
1529
1529
1529
1529
1529
1529
1529
1529
1529
1529
1529
1529
1529
1529
1529
1553
1554
1554
1553
1553
1553
1553
1553
1553
1553
1553
1554
1554
1554
1554
1554
1553
1553
1553
1553
1553
1553
1554
1554
1554
1554
1553
1553
1554
1553
1553
1553
1553
1553
1552
1552
1552
1553
1553
1553
1553
1552
1552
1552
1552
1552
1552
1552
1553
1552
1552
1552
1552
1552
1552
1552
1552
1552
1552
1552
1552
1552
1552
1552
1552
1552
1529
1529
1529
1529
1529
1529
1529
1529
1529
1529
1529
1529
1529
1529
1529
1529
1529
1529
1529
1529
1529
1529
1529
1529
1529
1529
1529
1529
1529
1529
1529
1529
1529
1529
1529
1529
1529
1529
1529
1529
1529
1529
1529
1529
1529
1529
1529
1529
1529
1529
1529
1529
1529
1548
1548
1548
1548
1548
1549
1549
1547
1549
1549
1549
1549
1549
1549
1549
1549
1549
1549
1550
1550
1537
1550
1550
1550
1550
1537
1537
1537
1550
1550
1550
1550
1537
1537
1537
1537
1537
1537
1537
1550
1537
1537
1537
1537
1537
1537
1551
1551
1551
1551
1551
1551
1537
1537
1537
1537
1537
1537
1529
1529
1529
1529
1529
1529
1529
1529
1529
1529
1529
1529
1529
1529
1529
1529
1529
1529
1529
1529
1529
1529
1529
1529
1529
1529
1529
1529
1529
1529
1529
1529
1529
1529
1529
1529
1529
1529
1529
1529
1529
1529
1529
1529
1529
1529
1529
1529
1529
1529
1529
1529
1529
1529
1529
1540
1540
1540
1540
1540
1540
1540
1540
1540
1540
1540
1540
1540
1540
1540
1540
1540
1540
1540
1540
1540
1540
1540
1540
1540
1540
1540
1540
1540
1540
1540
1540
1539
1540
1540
1540
1540
1539
1540
1538
1538
1538
1538
1540
1529
1529
1529
1529
1529
1529
1529
1529
1529
1529
1529
1529
1529
1529
1529
1529
1529
1529
1529
1529
1529
1529
1529
1529
1529
1529
1529
1529
1529
1529
1529
1529
1529
1529
1529
1529
1529
1529
1529
1529
1529
1529
1529
1529
1529
1529
1529
1529
1529
1529
1529
1529
1541
1541
1541
1541
1541
1541
1541
1541
1541
1541
1541
1541
1542
1543
1543
1543
1542
1542
1541
1543
1543
1543
1542
1542
1542
1542
1543
1543
1543
1542
1542
1544
1529
1529
1529
1529
1529
1529
1529
1529
1529
1529
1529
1529
1529
1529
1529
1529
1529
1529
1529
1529
1529
1529
1529
1529
1529
1529
1529
1529
1529
1529
1529
1529
1529
1529
1529
1529
1529
1529
1529
1529
1529
1529
1529
1529
1529
1529
1529
1529
1529
1529
1529
1529
1529
1529
1529
1545
1545
1545
1545
1545
1545
1545
1545
1545
1545
1545
1545
1545
1545
1545
1545
1545
1545
1546
1546
1546