669
669
669
669
669
669
666
666
665
667
665
665
667
667
667
667
665
665
665
665
667
667
667
667
665
665
668
668
668
668
668
668
668
668
668
668
668
668
668
668
668
668
668
668
668
668
668
668
668
668
668
668
668
668
668
668
668
668
668
668
641
641
641
641
641
641
641
641
641
641
641
641
641
641
641
641
641
641
641
641
641
641
641
641
641
641
641
641
641
641
641
641
641
641
641
641
641
641
641
641
641
641
641
641
641
641
641
641
641
641
641
641
641
641
641
641
641
641
641
641
663
663
663
664
664
664
664
662
662
662
662
662
663
663
663
663
663
664
664
664
664
664
664
664
664
664
664
662
664
664
664
664
664
664
664
664
663
664
664
664
664
664
664
664
664
664
663
663
663
663
664
663
663
641
641
641
641
641
641
641
641
641
641
641
641
641
641
641
641
641
641
641
641
641
641
641
641
641
641
641
641
641
641
641
641
641
641
641
641
641
641
641
641
641
641
641
641
641
641
641
641
641
641
641
641
641
641
641
641
641
641
641
641
641
641
641
661
661
661
661
661
661
660
660
661
661
661
660
660
660
660
660
641
641
641
641
641
641
641
641
641
641
641
641
641
641
641
641
641
641
641
641
641
641
641
641
641
641
641
641
641
641
641
641
641
641
641
641
641
641
641
641
641
641
641
641
641
641
641
641
641
641
641
641
641
641
641
641
641
641
658
658
658
658
658
658
658
658
658
658
658
658
658
658
656
658
658
658
656
656
656
656
656
656
656
656
659
659
659
659
659
659
659
659
657
641
641
641
641
641
641
641
641
641
641
641
641
641
641
641
641
641
641
641
641
641
641
641
641
641
641
641
641
641
641
641
641
641
641
641
641
641
641
641
641
641
641
641
641
641
641
641
641
641
641
641
641
641
641
641
641
641
641
641
655
655
655
655
655
655
655
655
655
655
655
655
653
655
655
654
653
653
653
653
655
654
654
653
654
652
641
641
641
641
641
641
641
641
641
641
641
641
641
641
641
641
641
641
641
641
641
641
641
641
641
641
641
641
641
641
641
641
641
641
641
641
641
641
641
641
641
641
641
641
641
641
641
641
641
641
641
641
641
641
648
649
647
648
651
647
647
647
648
648
648
648
648
649
649
649
649
650
650
650
650
650
651
646
647
648
648
649
649
650
650
651
646
648
646
646
641
641
641
641
641
641
641
641
641
641
641
641
641
641
641
641
641
641
641
641
641
641
641
641
641
641
641
641
641
641
641
641
641
641
641
641
641
641
641
641
641
641
641
641
641
641
641
641
641
641
641
641
641
641
644
644
644
644
644
644
645
644
644
643
643
643
643
643
643
643
643
643
643
645
644
643
643
645
644
644
644
644
643
643
643
643
645
645
645
642
642
642
645
642
642
642
642
642
642
642
642
642
642
642
642
642
642
642
642
642
642
642
642
641
641
641
641
641
641
641
641
641
641
641
641
641
641
641
641
641
641
641
641
641
641
641
641
641
641
641
641
641
641
641
641
641
641
641
641
641
641
641
641
641
641
641
641
641
641
641
641
641
641
641
641
641
641
641
641
641
-1