0.835200 0.030400 0.010400
0.846400 0.030400 0.008800
0.473600 0.031200 0.008800
0.682400 0.031200 0.005600
0.689600 0.031200 0.005600
0.696800 0.031200 0.009600
0.709600 0.031200 0.005600
0.784800 0.031200 0.007200
0.795200 0.031200 0.007200
0.816000 0.031200 0.008800
0.822400 0.031200 0.003200
0.828800 0.031200 0.005600
0.461600 0.032000 0.008800
0.468000 0.032000 0.003200
0.717600 0.032000 0.005600
0.726400 0.032000 0.005600
0.736800 0.032000 0.008000
0.744000 0.032000 0.008800
0.756000 0.032000 0.005600
0.767200 0.032000 0.007200
0.776000 0.032000 0.005600
0.805600 0.032000 0.008000
0.480800 0.032800 0.005600
0.492000 0.032800 0.006400
0.501600 0.032800 0.005600
0.508800 0.032800 0.005600
0.516000 0.033600 0.008800
0.535200 0.033600 0.005600
0.520800 0.034400 0.003200
0.526400 0.034400 0.005600
0.558400 0.034400 0.007200
0.572800 0.034400 0.008800
0.582400 0.034400 0.007200
0.592800 0.034400 0.007200
0.604000 0.034400 0.005600
0.544800 0.035200 0.007200
0.567200 0.035200 0.005600
0.628800 0.035200 0.007200
0.612000 0.036000 0.005600
0.619200 0.036000 0.005600
0.680000 0.042400 0.006400
0.688000 0.043200 0.005600
0.705600 0.043200 0.005600
0.713600 0.043200 0.008000
0.459200 0.044000 0.007200
0.698400 0.044000 0.005600
0.468800 0.044800 0.005600
0.725600 0.044800 0.005600
0.754400 0.044800 0.006400
0.774400 0.044800 0.007200
0.785600 0.044800 0.007200
0.794400 0.044800 0.008800
0.800000 0.044800 0.008800
0.808000 0.044800 0.006400
0.818400 0.044800 0.007200
0.827200 0.044800 0.005600
0.478400 0.045600 0.007200
0.488800 0.045600 0.007200
0.736000 0.045600 0.007200
0.744800 0.045600 0.005600
0.764800 0.045600 0.005600
0.836800 0.045600 0.006400
0.844800 0.045600 0.008800
0.496800 0.046400 0.005600
0.504800 0.046400 0.005600
0.511200 0.046400 0.005600
0.256000 0.047200 0.005600
0.522400 0.047200 0.007200
0.532000 0.047200 0.006400
0.559200 0.047200 0.008800
0.627200 0.047200 0.010400
0.247200 0.048000 0.022400
0.544000 0.048000 0.007200
0.569600 0.048000 0.008000
0.593600 0.048000 0.007200
0.601600 0.048000 0.005600
0.619200 0.048000 0.005600
0.632000 0.048000 0.008000
0.220800 0.048800 0.008800
0.232000 0.048800 0.008800
0.553600 0.048800 0.008000
0.580000 0.048800 0.008000
0.609600 0.049600 0.005600
0.183200 0.050400 0.016800
0.203200 0.050400 0.012800
0.884800 0.052800 0.008800
0.897600 0.052800 0.008800
0.912000 0.053600 0.013600
0.680800 0.055200 0.008000
0.692800 0.056000 0.005600
0.701600 0.056000 0.005600
0.712800 0.056800 0.008000
0.724000 0.057600 0.005600
0.458400 0.058400 0.008800
0.468000 0.058400 0.007200
0.733600 0.058400 0.006400
0.479200 0.059200 0.007200
0.490400 0.059200 0.008000
0.745600 0.059200 0.007200
0.756000 0.059200 0.005600
0.765600 0.059200 0.007200
0.776000 0.059200 0.005600
0.784800 0.059200 0.005600
0.800000 0.059200 0.008800
0.815200 0.059200 0.007200
0.825600 0.059200 0.007200
0.835200 0.059200 0.006400
0.792000 0.060000 0.005600
0.844000 0.060000 0.008800
0.503200 0.060800 0.007200
0.512800 0.060800 0.007200
0.556000 0.060800 0.005600
0.524000 0.061600 0.007200
0.534400 0.061600 0.008800
0.540000 0.061600 0.005600
0.547200 0.061600 0.005600
0.626400 0.061600 0.005600
0.634400 0.061600 0.010400
0.565600 0.062400 0.007200
0.617600 0.062400 0.005600
0.576000 0.063200 0.007200
0.598400 0.063200 0.006400
0.608800 0.063200 0.005600
0.584000 0.064000 0.005600
0.589600 0.064000 0.008800
0.678400 0.069600 0.008800
0.687200 0.070400 0.005600
0.695200 0.070400 0.005600
0.704800 0.070400 0.007200
0.716000 0.071200 0.006400
0.724800 0.072000 0.005600
0.747200 0.072000 0.005600
0.779200 0.072000 0.008800
0.454400 0.072800 0.007200
0.464000 0.072800 0.007200
0.473600 0.072800 0.006400
0.484000 0.072800 0.007200
0.734400 0.072800 0.008000
0.740800 0.072800 0.003200
0.757600 0.072800 0.007200
0.768800 0.072800 0.007200
0.793600 0.072800 0.007200
0.493600 0.074400 0.008800
0.508000 0.074400 0.005600
0.518400 0.074400 0.006400
0.528800 0.075200 0.005600
0.537600 0.076000 0.005600
0.547200 0.076000 0.005600
0.556000 0.076000 0.005600
0.616000 0.076000 0.008800
0.627200 0.076000 0.005600
0.636800 0.076000 0.008800
0.564000 0.076800 0.005600
0.573600 0.076800 0.005600
0.592800 0.076800 0.005600
0.600800 0.076800 0.005600
0.609600 0.076800 0.005600
0.584000 0.077600 0.007200
0.456800 0.087200 0.011200
0.468000 0.087200 0.007200
0.477600 0.087200 0.007200
0.487200 0.087200 0.005600
0.497600 0.088000 0.007200
0.506400 0.088800 0.008800
0.530400 0.088800 0.007200
0.520000 0.089600 0.008000
0.539200 0.089600 0.005600
0.546400 0.089600 0.012000
0.552000 0.090400 0.008800
0.562400 0.090400 0.007200
0.572800 0.090400 0.007200
0.584000 0.091200 0.008800
0.600000 0.091200 0.008000
0.223200 0.108800 0.008000
0.201600 0.109600 0.005600
0.208800 0.109600 0.010400
0.213600 0.109600 0.003200
0.076000 0.118400 0.005600
0.745600 0.118400 0.021600
0.833600 0.118400 0.017600
0.065600 0.119200 0.008000
0.768000 0.119200 0.011200
0.783200 0.119200 0.022400
0.806400 0.119200 0.012800
0.044800 0.120000 0.016000
0.056000 0.120000 0.005600
0.706400 0.120000 0.008800
0.718400 0.120000 0.008800
0.789600 0.120000 0.016800
0.824800 0.120000 0.027200
0.754400 0.120800 0.022400
0.474400 0.121600 0.015200
0.493600 0.121600 0.016800
0.504000 0.121600 0.008800
0.515200 0.121600 0.008800
0.613600 0.121600 0.022400
0.628000 0.121600 0.019200
0.639200 0.121600 0.008800
0.652000 0.121600 0.016800
0.695200 0.121600 0.018400
0.732000 0.121600 0.011200
0.165600 0.122400 0.013600
0.184000 0.122400 0.012000
0.198400 0.122400 0.005600
0.209600 0.122400 0.008800
0.548800 0.122400 0.008800
0.560000 0.122400 0.008800
0.572000 0.122400 0.008800
0.602400 0.122400 0.008800
0.684000 0.122400 0.019200
0.236800 0.123200 0.013600
0.457600 0.123200 0.003200
0.463200 0.123200 0.013600
0.528000 0.123200 0.008800
0.539200 0.123200 0.005600
0.672000 0.123200 0.016800
0.228000 0.124000 0.008800
0.269600 0.124000 0.011200
0.294400 0.124000 0.011200
0.335200 0.124000 0.013600
0.444800 0.124000 0.011200
0.588000 0.124000 0.010400
0.252000 0.124800 0.011200
0.313600 0.124800 0.012800
0.404000 0.124800 0.008800
0.432800 0.124800 0.013600
0.281600 0.125600 0.008800
0.321600 0.125600 0.005600
0.415200 0.125600 0.013600
0.424000 0.125600 0.013600
0.364800 0.126400 0.011200
0.384000 0.126400 0.012000
0.206400 0.138400 0.008000
0.216800 0.138400 0.005600
0.224000 0.138400 0.005600
0.232800 0.140000 0.008000
0.244800 0.140000 0.005600
0.252800 0.140000 0.005600
0.261600 0.140800 0.005600
0.555200 0.140800 0.008800
0.563200 0.140800 0.007200
0.587200 0.140800 0.005600
0.597600 0.140800 0.007200
0.606400 0.140800 0.005600
0.613600 0.140800 0.011200
0.269600 0.141600 0.008800
0.281600 0.141600 0.005600
0.288800 0.141600 0.008800
0.301600 0.141600 0.006400
0.311200 0.141600 0.005600
0.400800 0.141600 0.004000
0.421600 0.141600 0.007200
0.435200 0.141600 0.008800
0.444000 0.141600 0.008000
0.455200 0.141600 0.005600
0.572800 0.141600 0.011200
0.578400 0.141600 0.013600
0.318400 0.142400 0.008800
0.328800 0.142400 0.008000
0.339200 0.142400 0.005600
0.360800 0.142400 0.008800
0.374400 0.142400 0.007200
0.384000 0.142400 0.005600
0.393600 0.142400 0.005600
0.408800 0.142400 0.008000
0.059200 0.143200 0.016000
0.348800 0.143200 0.008000
0.736800 0.148000 0.011200
0.051200 0.148800 0.019200
0.692000 0.149600 0.013600
0.700800 0.149600 0.005600
0.722400 0.149600 0.010400
0.727200 0.149600 0.008800
0.708800 0.150400 0.005600
0.715200 0.150400 0.005600
0.542400 0.152000 0.008000
0.196000 0.167200 0.007200
0.829600 0.167200 0.011200
0.845600 0.167200 0.013600
0.798400 0.168000 0.026400
0.812000 0.168000 0.011200
0.166400 0.168800 0.016800
0.186400 0.168800 0.016000
0.213600 0.168800 0.005600
0.222400 0.168800 0.013600
0.726400 0.168800 0.013600
0.778400 0.168800 0.022400
0.205600 0.169600 0.005600
0.236800 0.169600 0.022400
0.372000 0.169600 0.008800
0.384000 0.169600 0.008800
0.508000 0.169600 0.015200
0.519200 0.169600 0.005600
0.529600 0.169600 0.013600
0.684000 0.169600 0.005600
0.708000 0.169600 0.012800
0.766400 0.169600 0.011200
0.788800 0.169600 0.005600
0.178400 0.170400 0.005600
0.246400 0.170400 0.004800
0.253600 0.170400 0.013600
0.268000 0.170400 0.024000
0.296800 0.170400 0.005600
0.307200 0.170400 0.008800
0.361600 0.170400 0.008800
0.464800 0.170400 0.015200
0.487200 0.170400 0.013600
0.545600 0.170400 0.011200
0.562400 0.170400 0.011200
0.608000 0.170400 0.013600
0.617600 0.170400 0.013600
0.645600 0.170400 0.005600
0.657600 0.170400 0.011200
0.693600 0.170400 0.014400
0.750400 0.170400 0.013600
0.280000 0.171200 0.013600
0.285600 0.171200 0.016000
0.321600 0.171200 0.011200
0.394400 0.171200 0.007200
0.404800 0.171200 0.013600
0.423200 0.171200 0.011200
0.586400 0.171200 0.013600
0.674400 0.171200 0.013600
0.716000 0.171200 0.016000
0.341600 0.172000 0.015200
0.352000 0.172000 0.005600
0.440800 0.172000 0.011200
0.453600 0.172000 0.005600
0.635200 0.172000 0.011200
0.971200 0.177600 0.012800
0.954400 0.179200 0.005600
0.962400 0.179200 0.005600
0.863200 0.180800 0.008000
0.873600 0.180800 0.007200
0.884000 0.180800 0.006400
0.896000 0.180800 0.008000
0.947200 0.180800 0.005600
0.907200 0.181600 0.007200
0.917600 0.181600 0.006400
0.928000 0.181600 0.006400
0.937600 0.181600 0.006400
0.556800 0.187200 0.007200
0.641600 0.187200 0.010400
0.463200 0.188000 0.005600
0.473600 0.188000 0.008800
0.536000 0.188000 0.005600
0.547200 0.188000 0.007200
0.615200 0.188000 0.007200
0.635200 0.188000 0.005600
0.410400 0.188800 0.005600
0.424000 0.188800 0.003200
0.484000 0.188800 0.008000
0.500800 0.188800 0.008800
0.568800 0.188800 0.007200
0.577600 0.188800 0.003200
0.583200 0.188800 0.005600
0.603200 0.188800 0.007200
0.626400 0.188800 0.007200
0.392000 0.189600 0.008800
0.400800 0.189600 0.007200
0.418400 0.189600 0.005600
0.431200 0.189600 0.005600
0.436800 0.189600 0.008800
0.448000 0.189600 0.007200
0.455200 0.189600 0.005600
0.489600 0.189600 0.003200
0.524800 0.189600 0.008800
0.592800 0.189600 0.007200
0.512000 0.190400 0.008800
0.967200 0.192800 0.007200
0.874400 0.193600 0.005600
0.924800 0.193600 0.005600
0.932800 0.193600 0.005600
0.943200 0.193600 0.006400
0.952800 0.193600 0.007200
0.864800 0.194400 0.008000
0.888000 0.194400 0.005600
0.904000 0.194400 0.005600
0.910400 0.194400 0.004000
0.916800 0.194400 0.005600
0.897600 0.196000 0.005600
0.970400 0.205600 0.008800
0.861600 0.206400 0.007200
0.942400 0.206400 0.005600
0.871200 0.207200 0.005600
0.880000 0.207200 0.005600
0.890400 0.207200 0.005600
0.896800 0.207200 0.003200
0.912000 0.207200 0.005600
0.922400 0.207200 0.005600
0.932800 0.207200 0.006400
0.951200 0.207200 0.005600
0.960800 0.207200 0.007200
0.902400 0.208000 0.005600
0.736000 0.209600 0.011200
0.767200 0.211200 0.011200
0.786400 0.211200 0.016800
0.692000 0.212000 0.008800
0.706400 0.212000 0.011200
0.722400 0.212000 0.011200
0.751200 0.212000 0.011200
0.798400 0.212000 0.016800
0.166400 0.212800 0.016800
0.456800 0.212800 0.013600
0.526400 0.212800 0.014400
0.544000 0.212800 0.005600
0.565600 0.212800 0.008800
0.604800 0.212800 0.011200
0.620000 0.212800 0.008800
0.667200 0.212800 0.011200
0.184000 0.213600 0.013600
0.393600 0.213600 0.005600
0.451200 0.213600 0.015200
0.552800 0.213600 0.019200
0.576800 0.213600 0.005600
0.588000 0.213600 0.016800
0.634400 0.213600 0.011200
0.652000 0.213600 0.011200
0.679200 0.213600 0.007200
0.370400 0.214400 0.019200
0.401600 0.214400 0.005600
0.436000 0.214400 0.011200
0.512000 0.214400 0.011200
0.534400 0.214400 0.014400
0.807200 0.214400 0.016000
0.836000 0.214400 0.016800
0.205600 0.215200 0.011200
0.220000 0.215200 0.027200
0.228000 0.215200 0.020800
0.240800 0.215200 0.008800
0.253600 0.215200 0.008800
0.266400 0.215200 0.008800
0.420800 0.215200 0.008800
0.475200 0.215200 0.011200
0.493600 0.215200 0.011200
0.819200 0.215200 0.011200
0.846400 0.215200 0.008800
0.277600 0.216000 0.019200
0.312000 0.216000 0.011200
0.330400 0.216000 0.015200
0.349600 0.216000 0.015200
0.360000 0.216000 0.005600
0.384000 0.216000 0.008800
0.410400 0.216000 0.005600
0.294400 0.216800 0.011200
0.340800 0.216800 0.005600
0.860800 0.220000 0.007200
0.871200 0.220000 0.005600
0.891200 0.220000 0.005600
0.881600 0.220800 0.006400
0.914400 0.220800 0.008800
0.899200 0.221600 0.005600
0.925600 0.221600 0.008800
0.932800 0.221600 0.005600
0.942400 0.221600 0.008800
0.976000 0.221600 0.008800
0.948800 0.222400 0.003200
0.956800 0.222400 0.007200
0.966400 0.222400 0.007200
0.515200 0.232800 0.007200
0.524800 0.232800 0.008000
0.858400 0.232800 0.007200
0.867200 0.232800 0.005600
0.878400 0.232800 0.007200
0.449600 0.233600 0.012000
0.457600 0.233600 0.005600
0.466400 0.233600 0.005600
0.475200 0.233600 0.007200
0.505600 0.233600 0.008000
0.536000 0.233600 0.008800
0.890400 0.233600 0.007200
0.798400 0.234400 0.012000
0.807200 0.234400 0.005600
0.816000 0.234400 0.005600
0.832000 0.234400 0.008800
0.901600 0.234400 0.007200
0.824800 0.235200 0.005600
0.913600 0.235200 0.007200
0.924000 0.236000 0.007200
0.936000 0.236000 0.005600
0.952000 0.236000 0.005600
0.845600 0.236800 0.007200
0.944000 0.236800 0.005600
0.961600 0.236800 0.007200
0.972000 0.236800 0.007200
0.863200 0.246400 0.008000
0.874400 0.247200 0.007200
0.888000 0.248000 0.008000
0.898400 0.248800 0.006400
0.907200 0.248800 0.005600
0.916000 0.248800 0.005600
0.925600 0.249600 0.005600
0.934400 0.250400 0.006400
0.944800 0.250400 0.005600
0.952800 0.250400 0.005600
0.962400 0.250400 0.007200
0.167200 0.251200 0.014400
0.650400 0.251200 0.011200
0.972000 0.251200 0.008000
0.670400 0.252000 0.016800
0.780800 0.252000 0.005600
0.187200 0.252800 0.011200
0.310400 0.252800 0.016800
0.508800 0.252800 0.011200
0.548800 0.252800 0.013600
0.555200 0.252800 0.016000
0.565600 0.252800 0.005600
0.603200 0.252800 0.008800
0.615200 0.252800 0.008800
0.636000 0.252800 0.008800
0.662400 0.252800 0.020800
0.769600 0.252800 0.008800
0.792800 0.252800 0.011200
0.216800 0.253600 0.011200
0.284800 0.253600 0.011200
0.299200 0.253600 0.008800
0.525600 0.253600 0.013600
0.572800 0.253600 0.013600
0.592800 0.253600 0.008800
0.626400 0.253600 0.018400
0.680800 0.253600 0.022400
0.689600 0.253600 0.016800
0.716000 0.253600 0.005600
0.733600 0.253600 0.013600
0.750400 0.253600 0.016800
0.758400 0.253600 0.018400
0.202400 0.254400 0.010400
0.235200 0.254400 0.012000
0.251200 0.254400 0.011200
0.268000 0.254400 0.011200
0.467200 0.254400 0.008800
0.479200 0.254400 0.008800
0.492800 0.254400 0.008800
0.583200 0.254400 0.005600
0.706400 0.254400 0.016800
0.807200 0.254400 0.011200
0.823200 0.254400 0.013600
0.849600 0.254400 0.012800
0.324000 0.255200 0.010400
0.341600 0.255200 0.011200
0.432000 0.255200 0.005600
0.440000 0.255200 0.005600
0.833600 0.255200 0.005600
0.357600 0.256000 0.010400
0.373600 0.256000 0.011200
0.389600 0.256000 0.011200
0.400800 0.256000 0.008800
0.409600 0.256000 0.011200
0.423200 0.256000 0.008800
0.451200 0.256000 0.009600
0.861600 0.259200 0.005600
0.872000 0.260000 0.007200
0.892000 0.261600 0.005600
0.883200 0.262400 0.006400
0.900000 0.262400 0.005600
0.908000 0.263200 0.005600
0.916000 0.263200 0.005600
0.924800 0.264000 0.005600
0.935200 0.264000 0.006400
0.966400 0.264000 0.005600
0.944800 0.264800 0.005600
0.954400 0.264800 0.007200
0.975200 0.264800 0.007200
0.448000 0.268800 0.006400
0.169600 0.269600 0.005600
0.195200 0.269600 0.007200
0.396800 0.269600 0.005600
0.186400 0.270400 0.005600
0.403200 0.270400 0.005600
0.457600 0.270400 0.005600
0.464800 0.270400 0.005600
0.177600 0.271200 0.005600
0.409600 0.271200 0.004800
0.417600 0.271200 0.005600
0.426400 0.271200 0.005600
0.433600 0.271200 0.005600
0.316800 0.272000 0.007200
0.368800 0.272000 0.007200
0.860800 0.272000 0.008000
0.279200 0.272800 0.008000
0.327200 0.272800 0.006400
0.337600 0.272800 0.006400
0.348800 0.272800 0.005600
0.358400 0.272800 0.007200
0.240000 0.273600 0.007200
0.270400 0.273600 0.007200
0.593600 0.273600 0.008800
0.871200 0.273600 0.008800
0.229600 0.274400 0.007200
0.513600 0.274400 0.005600
0.555200 0.274400 0.007200
0.579200 0.274400 0.008800
0.878400 0.274400 0.003200
0.478400 0.275200 0.008800
0.488800 0.275200 0.005600
0.497600 0.275200 0.005600
0.505600 0.275200 0.005600
0.563200 0.275200 0.010400
0.569600 0.275200 0.003200
0.213600 0.276000 0.007200
0.885600 0.276000 0.005600
0.376800 0.276800 0.004000
0.896800 0.276800 0.007200
0.907200 0.277600 0.005600
0.916800 0.278400 0.006400
0.926400 0.278400 0.007200
0.937600 0.278400 0.007200
0.948000 0.278400 0.005600
0.956800 0.278400 0.005600
0.972000 0.279200 0.008800
0.144800 0.280000 0.005600
0.152000 0.280000 0.011200
0.964000 0.280000 0.005600
0.133600 0.280800 0.008000
0.105600 0.281600 0.007200
0.114400 0.281600 0.005600
0.124800 0.281600 0.007200
0.400000 0.281600 0.006400
0.410400 0.281600 0.005600
0.419200 0.281600 0.005600
0.059200 0.282400 0.008800
0.072000 0.282400 0.008800
0.083200 0.282400 0.008000
0.095200 0.282400 0.007200
0.049600 0.283200 0.005600
0.025600 0.284000 0.011200
0.041600 0.284000 0.005600
0.033600 0.284800 0.005600
0.861600 0.288800 0.007200
0.169600 0.289600 0.012000
0.189600 0.289600 0.013600
0.292800 0.289600 0.015200
0.320800 0.289600 0.012800
0.745600 0.289600 0.011200
0.872000 0.289600 0.008800
0.227200 0.290400 0.009600
0.258400 0.290400 0.011200
0.275200 0.290400 0.011200
0.539200 0.290400 0.011200
0.772000 0.290400 0.004800
0.888000 0.290400 0.007200
0.211200 0.291200 0.011200
0.242400 0.291200 0.011200
0.307200 0.291200 0.008800
0.339200 0.291200 0.011200
0.460000 0.291200 0.013600
0.523200 0.291200 0.011200
0.696000 0.291200 0.011200
0.711200 0.291200 0.012800
0.728800 0.291200 0.013600
0.899200 0.291200 0.007200
0.303200 0.292000 0.013600
0.359200 0.292000 0.012800
0.381600 0.292000 0.012800
0.507200 0.292000 0.010400
0.555200 0.292000 0.010400
0.643200 0.292000 0.011200
0.677600 0.292000 0.011200
0.760800 0.292000 0.013600
0.779200 0.292000 0.012800
0.793600 0.292000 0.011200
0.808000 0.292000 0.011200
0.909600 0.292000 0.005600
0.916800 0.292000 0.005600
0.938400 0.292000 0.007200
0.952000 0.292000 0.007200
0.398400 0.292800 0.008800
0.480000 0.292800 0.012800
0.612000 0.292800 0.024000
0.621600 0.292800 0.005600
0.660800 0.292800 0.011200
0.825600 0.292800 0.013600
0.927200 0.292800 0.006400
0.961600 0.292800 0.006400
0.435200 0.293600 0.015200
0.496800 0.293600 0.005600
0.572000 0.293600 0.011200
0.586400 0.293600 0.013600
0.600000 0.293600 0.019200
0.629600 0.293600 0.013600
0.413600 0.294400 0.011200
0.844800 0.294400 0.013600
0.972800 0.294400 0.008000
0.136000 0.296800 0.005600
0.144800 0.296800 0.005600
0.152800 0.296800 0.011200
0.064000 0.297600 0.007200
0.116800 0.297600 0.005600
0.125600 0.297600 0.005600
0.106400 0.298400 0.007200
0.026400 0.299200 0.007200
0.036000 0.299200 0.005600
0.045600 0.299200 0.006400
0.055200 0.299200 0.005600
0.076000 0.299200 0.007200
0.086400 0.299200 0.006400
0.096000 0.299200 0.005600
0.864000 0.303200 0.008000
0.869600 0.304000 0.010400
0.876800 0.304000 0.008800
0.900800 0.305600 0.005600
0.912000 0.305600 0.007200
0.922400 0.305600 0.007200
0.941600 0.305600 0.005600
0.951200 0.305600 0.005600
0.960000 0.305600 0.005600
0.966400 0.305600 0.003200
0.976000 0.305600 0.008000
0.892000 0.306400 0.008000
0.932800 0.306400 0.005600
0.504000 0.307200 0.007200
0.249600 0.308000 0.005600
0.499200 0.308000 0.005600
0.515200 0.308000 0.007200
0.524800 0.308000 0.003200
0.531200 0.308000 0.008000
0.551200 0.308000 0.005600
0.231200 0.308800 0.008800
0.239200 0.308800 0.008800
0.257600 0.308800 0.012800
0.543200 0.308800 0.005600
0.291200 0.310400 0.011200
0.384800 0.310400 0.007200
0.298400 0.311200 0.005600
0.305600 0.311200 0.008800
0.325600 0.311200 0.008800
0.030400 0.312000 0.008000
0.041600 0.312000 0.007200
0.314400 0.312000 0.008000
0.343200 0.312000 0.011200
0.363200 0.312000 0.007200
0.398400 0.312000 0.008800
0.050400 0.312800 0.008000
0.062400 0.312800 0.007200
0.352000 0.312800 0.007200
0.372800 0.312800 0.008000
0.404800 0.312800 0.005600
0.412800 0.312800 0.008800
0.424000 0.312800 0.008000
0.472000 0.312800 0.008800
0.748800 0.312800 0.013600
0.753600 0.312800 0.010400
0.775200 0.312800 0.008800
0.810400 0.312800 0.007200
0.071200 0.313600 0.006400
0.489600 0.313600 0.004800
0.739200 0.313600 0.008000
0.784800 0.313600 0.005600
0.792800 0.313600 0.005600
0.801600 0.313600 0.005600
0.483200 0.314400 0.009600
0.729600 0.314400 0.008800
0.498400 0.316800 0.006400
0.839200 0.316800 0.008000
0.508800 0.317600 0.007200
0.863200 0.317600 0.008000
0.877600 0.317600 0.008800
0.885600 0.318400 0.005600
0.513600 0.319200 0.004800
0.520000 0.319200 0.004800
0.676000 0.319200 0.005600
0.528000 0.320000 0.005600
0.667200 0.320000 0.005600
0.894400 0.320000 0.006400
0.916000 0.320000 0.005600
0.535200 0.320800 0.004800
0.541600 0.320800 0.008800
0.652800 0.320800 0.010400
0.659200 0.320800 0.004800
0.684800 0.320800 0.012800
0.690400 0.320800 0.004800
0.906400 0.320800 0.007200
0.925600 0.320800 0.007200
0.937600 0.320800 0.005600
0.945600 0.320800 0.008800
0.960800 0.320800 0.007200
0.971200 0.320800 0.008000
0.148800 0.326400 0.008800
0.124800 0.327200 0.005600
0.134400 0.327200 0.008000
0.029600 0.328000 0.008000
0.071200 0.328000 0.005600
0.080000 0.328000 0.005600
0.088800 0.328000 0.005600
0.096800 0.328000 0.008800
0.107200 0.328000 0.005600
0.116000 0.328000 0.005600
0.165600 0.328800 0.016000
0.041600 0.329600 0.008800
0.053600 0.329600 0.007200
0.062400 0.329600 0.005600
0.187200 0.331200 0.016800
0.234400 0.331200 0.013600
0.248800 0.331200 0.008800
0.204800 0.332000 0.022400
0.215200 0.332000 0.008800
0.260000 0.332800 0.018400
0.807200 0.332800 0.013600
0.278400 0.333600 0.023200
0.290400 0.333600 0.019200
0.295200 0.333600 0.016800
0.313600 0.333600 0.013600
0.324000 0.333600 0.005600
0.331200 0.333600 0.016800
0.342400 0.333600 0.008800
0.353600 0.333600 0.016800
0.383200 0.333600 0.013600
0.464000 0.333600 0.024000
0.495200 0.333600 0.011200
0.827200 0.333600 0.011200
0.842400 0.333600 0.011200
0.873600 0.333600 0.008000
0.884800 0.333600 0.007200
0.305600 0.334400 0.005600
0.368000 0.334400 0.013600
0.399200 0.334400 0.011200
0.416800 0.334400 0.011200
0.434400 0.334400 0.013600
0.453600 0.334400 0.019200
0.480000 0.334400 0.011200
0.577600 0.334400 0.016800
0.640000 0.334400 0.011200
0.895200 0.334400 0.005600
0.934400 0.334400 0.007200
0.957600 0.334400 0.006400
0.510400 0.335200 0.008800
0.522400 0.335200 0.008800
0.543200 0.335200 0.007200
0.552800 0.335200 0.005600
0.559200 0.335200 0.011200
0.600800 0.335200 0.016800
0.624800 0.335200 0.011200
0.672800 0.335200 0.011200
0.688800 0.335200 0.011200
0.707200 0.335200 0.012000
0.724000 0.335200 0.015200
0.761600 0.335200 0.013600
0.776000 0.335200 0.013600
0.788000 0.335200 0.013600
0.904800 0.335200 0.006400
0.914400 0.335200 0.007200
0.924800 0.335200 0.007200
0.947200 0.335200 0.007200
0.966400 0.335200 0.004800
0.974400 0.335200 0.007200
0.984000 0.335200 0.014400
0.655200 0.336000 0.011200
0.664800 0.336000 0.013600
0.731200 0.336000 0.013600
0.745600 0.336000 0.011200
0.794400 0.336000 0.013600
0.534400 0.336800 0.005600
0.563200 0.336800 0.008800
0.860000 0.338400 0.012000
0.129600 0.342400 0.005600
0.141600 0.342400 0.008000
0.150400 0.342400 0.008800
0.029600 0.343200 0.008800
0.044000 0.343200 0.007200
0.053600 0.343200 0.005600
0.068000 0.343200 0.005600
0.075200 0.343200 0.005600
0.095200 0.343200 0.009600
0.100000 0.343200 0.008800
0.109600 0.343200 0.005600
0.119200 0.343200 0.007200
0.061600 0.344000 0.003200
0.083200 0.344000 0.008800
0.087200 0.344000 0.008800
0.937600 0.347200 0.010400
0.944800 0.348000 0.008000
0.956000 0.348800 0.008000
0.969600 0.349600 0.007200
0.627200 0.351200 0.007200
0.636000 0.351200 0.004800
0.646400 0.351200 0.006400
0.656000 0.351200 0.005600
0.664000 0.352000 0.005600
0.673600 0.352000 0.005600
0.685600 0.352000 0.007200
0.872000 0.352000 0.008800
0.892000 0.352000 0.008800
0.902400 0.352000 0.006400
0.911200 0.352000 0.005600
0.920000 0.352000 0.007200
0.697600 0.352800 0.007200
0.706400 0.352800 0.005600
0.714400 0.352800 0.008800
0.774400 0.352800 0.011200
0.819200 0.352800 0.005600
0.844000 0.352800 0.004800
0.880000 0.352800 0.005600
0.782400 0.353600 0.005600
0.793600 0.353600 0.007200
0.805600 0.353600 0.008800
0.837600 0.353600 0.008800
0.886400 0.353600 0.003200
0.828000 0.354400 0.005600
0.734400 0.356000 0.012800
0.742400 0.357600 0.011200
0.026400 0.358400 0.008000
0.038400 0.358400 0.005600
0.068800 0.358400 0.005600
0.078400 0.358400 0.007200
0.090400 0.358400 0.008000
0.103200 0.358400 0.007200
0.113600 0.358400 0.008000
0.125600 0.358400 0.007200
0.135200 0.358400 0.008800
0.048800 0.359200 0.008000
0.060800 0.359200 0.005600
0.596000 0.362400 0.010400
0.582400 0.363200 0.008800
0.637600 0.363200 0.007200
0.648800 0.363200 0.007200
0.660000 0.363200 0.005600
0.668000 0.363200 0.007200
0.682400 0.363200 0.007200
0.973600 0.363200 0.008800
0.962400 0.364800 0.007200
0.936000 0.365600 0.007200
0.872000 0.366400 0.008000
0.904000 0.366400 0.007200
0.950400 0.366400 0.009600
0.893600 0.367200 0.005600
0.916800 0.367200 0.007200
0.926400 0.367200 0.005600
0.884000 0.368800 0.008000
0.170400 0.370400 0.020000
0.197600 0.371200 0.021600
0.211200 0.371200 0.011200
0.228800 0.372000 0.011200
0.243200 0.372000 0.011200
0.295200 0.372000 0.011200
0.344800 0.372000 0.016000
0.030400 0.372800 0.012800
0.048800 0.372800 0.006400
0.058400 0.372800 0.005600
0.070400 0.372800 0.008000
0.082400 0.372800 0.007200
0.264000 0.372800 0.013600
0.280000 0.372800 0.011200
0.308000 0.372800 0.011200
0.323200 0.372800 0.008800
0.332800 0.372800 0.005600
0.354400 0.372800 0.005600
0.364000 0.372800 0.008800
0.376000 0.372800 0.008800
0.039200 0.373600 0.005600
0.092800 0.373600 0.007200
0.473600 0.373600 0.016800
0.491200 0.373600 0.004800
0.502400 0.373600 0.015200
0.521600 0.373600 0.016800
0.532000 0.373600 0.008800
0.543200 0.373600 0.008800
0.393600 0.374400 0.012800
0.407200 0.374400 0.008800
0.422400 0.374400 0.011200
0.455200 0.374400 0.011200
0.483200 0.374400 0.019200
0.556800 0.374400 0.008800
0.438400 0.375200 0.011200
0.567200 0.375200 0.005600
0.577600 0.376000 0.008000
0.727200 0.376000 0.014400
0.842400 0.376000 0.011200
0.859200 0.376000 0.011200
0.605600 0.376800 0.011200
0.700800 0.376800 0.008800
0.714400 0.376800 0.008800
0.809600 0.376800 0.015200
0.827200 0.376800 0.011200
0.592800 0.377600 0.008800
0.626400 0.377600 0.012000
0.748800 0.377600 0.011200
0.764800 0.377600 0.011200
0.784800 0.377600 0.012800
0.802400 0.377600 0.014400
0.645600 0.378400 0.010400
0.663200 0.378400 0.011200
0.687200 0.378400 0.010400
0.984800 0.380800 0.008800
0.968000 0.382400 0.012000
0.876800 0.384800 0.010400
0.909600 0.385600 0.008800
0.959200 0.385600 0.004000
0.899200 0.386400 0.008800
0.948000 0.386400 0.011200
0.885600 0.387200 0.011200
0.930400 0.388800 0.012800
0.697600 0.395200 0.011200
0.715200 0.396000 0.008800
0.808800 0.396000 0.005600
0.704800 0.396800 0.005600
0.725600 0.396800 0.005600
0.745600 0.396800 0.005600
0.819200 0.396800 0.008800
0.825600 0.396800 0.005600
0.735200 0.397600 0.007200
0.753600 0.397600 0.005600
0.760800 0.397600 0.005600
0.778400 0.397600 0.007200
0.788800 0.397600 0.005600
0.797600 0.397600 0.008000
0.769600 0.398400 0.005600
0.940800 0.409600 0.016000
0.933600 0.413600 0.015200
