0.197600 0.049600 0.019200
0.208800 0.049600 0.008800
0.224000 0.049600 0.021600
0.232800 0.049600 0.005600
0.157600 0.050400 0.022400
0.175200 0.052000 0.011200
0.818400 0.052800 0.016800
0.328000 0.076000 0.013600
0.336800 0.076000 0.005600
0.349600 0.076800 0.010400
0.361600 0.076800 0.008800
0.374400 0.076800 0.011200
0.380800 0.076800 0.011200
0.730400 0.076800 0.013600
0.772800 0.077600 0.005600
0.612000 0.078400 0.008800
0.622400 0.078400 0.008800
0.664000 0.078400 0.005600
0.672000 0.078400 0.005600
0.693600 0.078400 0.016800
0.739200 0.078400 0.005600
0.747200 0.078400 0.005600
0.756000 0.078400 0.005600
0.764800 0.078400 0.005600
0.782400 0.078400 0.007200
0.794400 0.078400 0.008800
0.804800 0.078400 0.008800
0.811200 0.078400 0.003200
0.160800 0.079200 0.005600
0.179200 0.079200 0.005600
0.189600 0.079200 0.014400
0.633600 0.079200 0.007200
0.644000 0.079200 0.007200
0.654400 0.079200 0.008800
0.682400 0.079200 0.007200
0.816800 0.079200 0.008800
0.137600 0.080000 0.013600
0.147200 0.080000 0.011200
0.170400 0.080000 0.005600
0.895200 0.094400 0.012800
0.928000 0.094400 0.008800
0.903200 0.095200 0.005600
0.914400 0.095200 0.008000
0.940800 0.095200 0.007200
0.949600 0.095200 0.005600
0.967200 0.095200 0.009600
0.956800 0.096000 0.004800
0.061600 0.096800 0.028000
0.264800 0.099200 0.015200
0.297600 0.099200 0.012800
0.312800 0.099200 0.013600
0.276000 0.100000 0.010400
0.281600 0.100000 0.012800
0.288800 0.100000 0.005600
0.302400 0.100000 0.003200
0.457600 0.100000 0.011200
0.316800 0.100800 0.016800
0.496800 0.100800 0.011200
0.045600 0.101600 0.016800
0.176000 0.101600 0.008800
0.188000 0.101600 0.018400
0.328000 0.101600 0.013600
0.343200 0.101600 0.011200
0.360000 0.101600 0.013600
0.443200 0.101600 0.008800
0.729600 0.101600 0.004800
0.739200 0.101600 0.013600
0.128000 0.102400 0.013600
0.161600 0.102400 0.013600
0.200800 0.102400 0.019200
0.208000 0.102400 0.016800
0.217600 0.102400 0.005600
0.224800 0.102400 0.012000
0.256800 0.102400 0.015200
0.384000 0.102400 0.016800
0.414400 0.102400 0.008800
0.428800 0.102400 0.011200
0.476000 0.102400 0.016000
0.804800 0.102400 0.008800
0.152000 0.103200 0.013600
0.512000 0.103200 0.011200
0.527200 0.103200 0.011200
0.543200 0.103200 0.011200
0.559200 0.103200 0.011200
0.575200 0.103200 0.011200
0.588000 0.103200 0.011200
0.600000 0.103200 0.007200
0.617600 0.103200 0.012800
0.662400 0.103200 0.012800
0.678400 0.103200 0.011200
0.696000 0.103200 0.012800
0.716000 0.103200 0.012800
0.756000 0.103200 0.012000
0.790400 0.103200 0.008800
0.139200 0.104000 0.011200
0.241600 0.104000 0.011200
0.400800 0.104000 0.008800
0.775200 0.104000 0.011200
0.640800 0.104800 0.012800
0.819200 0.104800 0.011200
0.852000 0.104800 0.024000
0.858400 0.104800 0.016800
0.834400 0.105600 0.011200
0.893600 0.110400 0.008000
0.966400 0.110400 0.011200
0.904000 0.111200 0.007200
0.945600 0.111200 0.008800
0.918400 0.112000 0.008000
0.932800 0.112000 0.007200
0.155200 0.119200 0.008800
0.140000 0.120000 0.010400
0.145600 0.120000 0.008800
0.759200 0.120000 0.005600
0.121600 0.120800 0.008800
0.133600 0.120800 0.009600
0.701600 0.120800 0.007200
0.748800 0.120800 0.006400
0.773600 0.120800 0.005600
0.780800 0.120800 0.005600
0.788800 0.120800 0.005600
0.796800 0.120800 0.005600
0.043200 0.121600 0.013600
0.279200 0.121600 0.008800
0.582400 0.121600 0.005600
0.599200 0.121600 0.005600
0.612000 0.121600 0.008000
0.688000 0.121600 0.006400
0.712000 0.121600 0.006400
0.739200 0.121600 0.007200
0.234400 0.122400 0.011200
0.268000 0.122400 0.007200
0.292000 0.122400 0.008800
0.306400 0.122400 0.008800
0.590400 0.122400 0.005600
0.638400 0.122400 0.006400
0.648000 0.122400 0.006400
0.724800 0.122400 0.008800
0.243200 0.123200 0.005600
0.254400 0.123200 0.008000
0.317600 0.123200 0.005600
0.623200 0.123200 0.009600
0.628000 0.123200 0.009600
0.657600 0.123200 0.005600
0.327200 0.124000 0.005600
0.667200 0.124000 0.007200
0.678400 0.124000 0.007200
0.336800 0.124800 0.006400
0.893600 0.124800 0.008800
0.916000 0.124800 0.008800
0.350400 0.125600 0.008800
0.907200 0.125600 0.008000
0.928800 0.125600 0.007200
0.941600 0.126400 0.008000
0.953600 0.126400 0.007200
0.970400 0.127200 0.010400
0.859200 0.136000 0.014400
0.816800 0.137600 0.024800
0.836800 0.137600 0.013600
0.127200 0.139200 0.012800
0.180000 0.139200 0.013600
0.516000 0.139200 0.013600
0.600000 0.139200 0.011200
0.781600 0.139200 0.012800
0.803200 0.139200 0.013600
0.144800 0.140000 0.011200
0.544800 0.140000 0.016800
0.587200 0.140000 0.011200
0.691200 0.140000 0.009600
0.705600 0.140000 0.011200
0.764000 0.140000 0.011200
0.158400 0.140800 0.005600
0.188800 0.140800 0.005600
0.572000 0.140800 0.016800
0.616800 0.140800 0.010400
0.632800 0.140800 0.011200
0.749600 0.140800 0.013600
0.166400 0.141600 0.013600
0.223200 0.141600 0.011200
0.252000 0.141600 0.004800
0.265600 0.141600 0.011200
0.280800 0.141600 0.011200
0.358400 0.141600 0.012000
0.657600 0.141600 0.013600
0.676000 0.141600 0.010400
0.724800 0.141600 0.013600
0.927200 0.141600 0.008000
0.205600 0.142400 0.013600
0.242400 0.142400 0.013600
0.259200 0.142400 0.004800
0.301600 0.142400 0.011200
0.316800 0.142400 0.011200
0.525600 0.142400 0.003200
0.530400 0.142400 0.008000
0.891200 0.142400 0.008800
0.904000 0.142400 0.007200
0.939200 0.142400 0.007200
0.949600 0.142400 0.008800
0.962400 0.142400 0.008000
0.973600 0.142400 0.008800
0.195200 0.143200 0.004800
0.374400 0.143200 0.010400
0.389600 0.143200 0.011200
0.483200 0.143200 0.011200
0.498400 0.143200 0.011200
0.913600 0.143200 0.008800
0.335200 0.144000 0.013600
0.465600 0.144000 0.012800
0.408000 0.144800 0.012000
0.424000 0.144800 0.016800
0.432800 0.144800 0.015200
0.447200 0.144800 0.011200
0.860800 0.155200 0.011200
0.850400 0.156000 0.008000
0.908000 0.156800 0.007200
0.896800 0.157600 0.010400
0.156800 0.160000 0.007200
0.164800 0.160000 0.004000
0.178400 0.160000 0.008800
0.189600 0.160000 0.010400
0.206400 0.160000 0.007200
0.218400 0.160000 0.008000
0.128800 0.160800 0.012000
0.137600 0.160800 0.005600
0.146400 0.160800 0.005600
0.196800 0.160800 0.005600
0.348800 0.160800 0.009600
0.388000 0.160800 0.005600
0.365600 0.161600 0.007200
0.378400 0.161600 0.007200
0.635200 0.161600 0.010400
0.668000 0.161600 0.007200
0.356000 0.162400 0.005600
0.393600 0.162400 0.008800
0.403200 0.162400 0.005600
0.412000 0.162400 0.005600
0.420800 0.162400 0.006400
0.576000 0.162400 0.007200
0.641600 0.162400 0.013600
0.658400 0.162400 0.005600
0.428800 0.163200 0.004800
0.651200 0.163200 0.011200
0.528800 0.164000 0.005600
0.538400 0.164000 0.005600
0.547200 0.164000 0.005600
0.556800 0.164000 0.006400
0.566400 0.164000 0.005600
0.519200 0.165600 0.008800
0.297600 0.174400 0.013600
0.326400 0.175200 0.021600
0.276800 0.176000 0.011200
0.315200 0.176000 0.008800
0.221600 0.176800 0.008800
0.342400 0.176800 0.010400
0.847200 0.176800 0.027200
0.233600 0.177600 0.020000
0.260800 0.177600 0.011200
0.150400 0.178400 0.005600
0.160800 0.178400 0.014400
0.174400 0.178400 0.013600
0.184000 0.178400 0.005600
0.192000 0.178400 0.014400
0.202400 0.178400 0.005600
0.210400 0.178400 0.005600
0.245600 0.178400 0.022400
0.144000 0.179200 0.003200
0.360000 0.179200 0.011200
0.828800 0.179200 0.011200
0.128000 0.180000 0.013600
0.483200 0.180800 0.012000
0.504000 0.180800 0.014400
0.776800 0.180800 0.019200
0.800800 0.180800 0.011200
0.815200 0.180800 0.008800
0.376000 0.181600 0.013600
0.389600 0.181600 0.016800
0.396800 0.181600 0.015200
0.540000 0.181600 0.011200
0.588800 0.181600 0.011200
0.674400 0.181600 0.011200
0.738400 0.181600 0.013600
0.788000 0.181600 0.005600
0.524000 0.182400 0.011200
0.556800 0.182400 0.011200
0.572800 0.182400 0.011200
0.608000 0.182400 0.015200
0.629600 0.182400 0.016000
0.687200 0.182400 0.005600
0.759200 0.182400 0.013600
0.412800 0.183200 0.014400
0.432800 0.183200 0.016000
0.464800 0.183200 0.003200
0.640000 0.183200 0.005600
0.652800 0.183200 0.011200
0.704000 0.183200 0.013600
0.720800 0.183200 0.011200
0.450400 0.184000 0.013600
0.459200 0.184000 0.003200
0.164000 0.198400 0.008800
0.122400 0.199200 0.008000
0.131200 0.199200 0.008000
0.142400 0.199200 0.005600
0.152800 0.199200 0.007200
0.293600 0.216800 0.008800
0.852000 0.216800 0.015200
0.713600 0.217600 0.004800
0.733600 0.217600 0.009600
0.236000 0.218400 0.011200
0.263200 0.218400 0.010400
0.279200 0.218400 0.011200
0.304000 0.218400 0.008800
0.703200 0.218400 0.013600
0.720800 0.218400 0.005600
0.751200 0.218400 0.012000
0.765600 0.218400 0.012000
0.810400 0.218400 0.013600
0.832000 0.218400 0.013600
0.127200 0.219200 0.013600
0.142400 0.219200 0.011200
0.155200 0.219200 0.015200
0.179200 0.219200 0.013600
0.189600 0.219200 0.005600
0.202400 0.219200 0.013600
0.249600 0.219200 0.008800
0.316800 0.219200 0.019200
0.772800 0.219200 0.004800
0.783200 0.219200 0.013600
0.164000 0.220000 0.013600
0.222400 0.220000 0.011200
0.352800 0.220000 0.024800
0.495200 0.220000 0.005600
0.528800 0.220000 0.013600
0.539200 0.220000 0.005600
0.604800 0.220000 0.016800
0.337600 0.220800 0.011200
0.391200 0.220800 0.012800
0.410400 0.220800 0.007200
0.468000 0.220800 0.011200
0.485600 0.220800 0.013600
0.549600 0.220800 0.008800
0.581600 0.220800 0.013600
0.591200 0.220800 0.005600
0.647200 0.220800 0.016800
0.657600 0.220800 0.005600
0.670400 0.220800 0.011200
0.399200 0.221600 0.005600
0.427200 0.221600 0.013600
0.448000 0.221600 0.011200
0.508000 0.221600 0.013600
0.627200 0.221600 0.013600
0.685600 0.221600 0.011200
0.562400 0.222400 0.010400
0.374400 0.223200 0.022400
0.410400 0.233600 0.006400
0.401600 0.234400 0.005600
0.422400 0.234400 0.006400
0.432800 0.235200 0.005600
0.443200 0.236000 0.005600
0.466400 0.236000 0.008000
0.798400 0.236000 0.010400
0.813600 0.236000 0.009600
0.841600 0.236000 0.008800
0.851200 0.236000 0.008800
0.250400 0.236800 0.008000
0.264000 0.236800 0.008800
0.453600 0.236800 0.007200
0.476000 0.236800 0.006400
0.486400 0.236800 0.005600
0.760000 0.236800 0.007200
0.772800 0.236800 0.008800
0.827200 0.236800 0.008800
0.161600 0.237600 0.008800
0.208000 0.237600 0.005600
0.493600 0.237600 0.008800
0.504800 0.237600 0.008000
0.518400 0.237600 0.005600
0.525600 0.237600 0.005600
0.534400 0.237600 0.008800
0.548000 0.237600 0.008800
0.646400 0.237600 0.008800
0.656000 0.237600 0.006400
0.712800 0.237600 0.007200
0.724800 0.237600 0.007200
0.737600 0.237600 0.008000
0.151200 0.238400 0.008000
0.176000 0.238400 0.005600
0.184800 0.238400 0.005600
0.191200 0.238400 0.005600
0.199200 0.238400 0.005600
0.214400 0.238400 0.005600
0.223200 0.238400 0.005600
0.240800 0.238400 0.005600
0.562400 0.238400 0.007200
0.570400 0.238400 0.005600
0.579200 0.238400 0.005600
0.668800 0.238400 0.007200
0.700000 0.238400 0.007200
0.749600 0.238400 0.007200
0.232800 0.239200 0.005600
0.678400 0.239200 0.005600
0.689600 0.239200 0.006400
0.396800 0.243200 0.012000
0.403200 0.244000 0.014400
0.436000 0.244800 0.007200
0.421600 0.245600 0.008000
0.734400 0.256000 0.011200
0.753600 0.256000 0.013600
0.132800 0.256800 0.016800
0.692800 0.256800 0.012000
0.714400 0.256800 0.012800
0.834400 0.256800 0.011200
0.848000 0.256800 0.008000
0.176000 0.257600 0.011200
0.777600 0.257600 0.016000
0.802400 0.257600 0.013600
0.819200 0.257600 0.008800
0.860800 0.257600 0.018400
0.155200 0.258400 0.012800
0.378400 0.258400 0.017600
0.615200 0.258400 0.008800
0.640800 0.258400 0.011200
0.668000 0.258400 0.016000
0.677600 0.258400 0.005600
0.786400 0.258400 0.016800
0.235200 0.259200 0.011200
0.261600 0.259200 0.008800
0.317600 0.259200 0.011200
0.335200 0.259200 0.011200
0.369600 0.259200 0.024000
0.386400 0.259200 0.012800
0.596000 0.259200 0.013600
0.626400 0.259200 0.007200
0.655200 0.259200 0.011200
0.767200 0.259200 0.007200
0.192800 0.260000 0.011200
0.210400 0.260000 0.011200
0.222400 0.260000 0.007200
0.294400 0.260000 0.015200
0.353600 0.260000 0.012800
0.416000 0.260000 0.023200
0.454400 0.260000 0.012800
0.567200 0.260000 0.008800
0.251200 0.260800 0.008800
0.273600 0.260800 0.011200
0.436000 0.260800 0.008800
0.480800 0.260800 0.011200
0.579200 0.260800 0.008800
0.519200 0.261600 0.012000
0.540800 0.261600 0.011200
0.553600 0.261600 0.008800
0.468000 0.262400 0.008000
0.500800 0.262400 0.011200
0.248000 0.276800 0.008800
0.263200 0.277600 0.008800
0.275200 0.278400 0.005600
0.322400 0.278400 0.007200
0.347200 0.278400 0.008000
0.455200 0.278400 0.008800
0.465600 0.278400 0.008800
0.478400 0.278400 0.006400
0.172800 0.279200 0.008800
0.287200 0.279200 0.008000
0.297600 0.279200 0.007200
0.308000 0.279200 0.008800
0.333600 0.279200 0.008000
0.488800 0.279200 0.007200
0.502400 0.279200 0.008800
0.514400 0.279200 0.005600
0.532000 0.279200 0.007200
0.544800 0.279200 0.008800
0.129600 0.280000 0.008800
0.160000 0.280000 0.007200
0.523200 0.280000 0.005600
0.140000 0.280800 0.005600
0.148800 0.281600 0.006400
0.215200 0.285600 0.008800
0.132000 0.300000 0.015200
0.407200 0.300000 0.021600
0.416000 0.300000 0.016800
0.441600 0.300000 0.013600
0.492000 0.300000 0.013600
0.553600 0.300000 0.011200
0.787200 0.300000 0.005600
0.147200 0.300800 0.008800
0.161600 0.300800 0.011200
0.477600 0.300800 0.012800
0.592800 0.300800 0.015200
0.612800 0.300800 0.016800
0.795200 0.300800 0.005600
0.817600 0.300800 0.005600
0.528800 0.301600 0.013600
0.570400 0.301600 0.011200
0.624000 0.301600 0.024800
0.660000 0.301600 0.016800
0.765600 0.301600 0.018400
0.776800 0.301600 0.007200
0.807200 0.301600 0.008800
0.195200 0.302400 0.008800
0.206400 0.302400 0.019200
0.385600 0.302400 0.016800
0.460000 0.302400 0.011200
0.512000 0.302400 0.013600
0.537600 0.302400 0.015200
0.670400 0.302400 0.005600
0.856800 0.302400 0.019200
0.180000 0.303200 0.011200
0.224000 0.303200 0.013600
0.246400 0.303200 0.016800
0.322400 0.303200 0.013600
0.640800 0.303200 0.013600
0.688800 0.303200 0.016800
0.724000 0.303200 0.019200
0.823200 0.303200 0.011200
0.836000 0.303200 0.011200
0.264000 0.304000 0.011200
0.280800 0.304000 0.016000
0.303200 0.304000 0.011200
0.316800 0.304000 0.011200
0.331200 0.304000 0.005600
0.372800 0.304000 0.005600
0.745600 0.304000 0.013600
0.344800 0.304800 0.011200
0.708000 0.304800 0.013600
0.358400 0.305600 0.020800
0.426400 0.320800 0.009600
0.440800 0.320800 0.008000
0.451200 0.320800 0.005600
0.458400 0.320800 0.008800
0.480000 0.320800 0.007200
0.492800 0.320800 0.008000
0.566400 0.320800 0.006400
0.600000 0.320800 0.008000
0.470400 0.321600 0.005600
0.503200 0.321600 0.005600
0.510400 0.321600 0.005600
0.519200 0.321600 0.005600
0.527200 0.321600 0.008800
0.540000 0.321600 0.006400
0.549600 0.321600 0.005600
0.579200 0.321600 0.007200
0.589600 0.321600 0.007200
0.557600 0.322400 0.005600
0.130400 0.332000 0.016800
0.150400 0.333600 0.011200
0.164000 0.336800 0.022400
0.800800 0.336800 0.016800
0.172800 0.338400 0.016800
0.204800 0.338400 0.008800
0.215200 0.338400 0.019200
0.231200 0.338400 0.013600
0.748000 0.338400 0.016800
0.814400 0.338400 0.011200
0.190400 0.339200 0.011200
0.249600 0.339200 0.011200
0.264800 0.339200 0.011200
0.819200 0.339200 0.016800
0.830400 0.339200 0.008000
0.841600 0.339200 0.019200
0.858400 0.339200 0.022400
0.344800 0.340000 0.011200
0.356800 0.340000 0.021600
0.454400 0.340000 0.012800
0.725600 0.340000 0.013600
0.279200 0.340800 0.013600
0.289600 0.340800 0.005600
0.295200 0.340800 0.011200
0.308000 0.340800 0.016000
0.372000 0.340800 0.013600
0.391200 0.340800 0.016800
0.419200 0.340800 0.016000
0.472000 0.340800 0.008800
0.757600 0.340800 0.008800
0.779200 0.340800 0.016800
0.328000 0.341600 0.011200
0.483200 0.341600 0.008800
0.556800 0.341600 0.014400
0.644800 0.341600 0.016000
0.702400 0.341600 0.016800
0.431200 0.342400 0.016800
0.496000 0.342400 0.008800
0.505600 0.342400 0.005600
0.540000 0.342400 0.011200
0.565600 0.342400 0.016800
0.584000 0.342400 0.013600
0.602400 0.342400 0.013600
0.621600 0.342400 0.013600
0.516000 0.343200 0.005600
0.525600 0.344000 0.016800
0.350400 0.364000 0.008800
0.680800 0.364000 0.007200
0.290400 0.364800 0.008800
0.305600 0.364800 0.008800
0.325600 0.364800 0.005600
0.338400 0.364800 0.008800
0.360800 0.364800 0.012000
0.625600 0.364800 0.008000
0.670400 0.364800 0.007200
0.692000 0.364800 0.008800
0.246400 0.365600 0.014400
0.256000 0.365600 0.005600
0.265600 0.365600 0.013600
0.315200 0.365600 0.007200
0.367200 0.365600 0.013600
0.376800 0.365600 0.007200
0.583200 0.365600 0.008800
0.596800 0.365600 0.008000
0.612000 0.365600 0.009600
0.637600 0.365600 0.007200
0.658400 0.365600 0.008000
0.701600 0.365600 0.016000
0.713600 0.365600 0.011200
0.240000 0.366400 0.011200
0.274400 0.366400 0.005600
0.280800 0.366400 0.013600
0.387200 0.366400 0.015200
0.572800 0.366400 0.008800
0.647200 0.366400 0.007200
