2875
2875
2875
2875
2875
2875
2880
2880
2880
2877
2877
2877
2877
2877
2881
2881
2877
2877
2877
2881
2876
2855
2855
2855
2855
2855
2855
2855
2855
2855
2855
2855
2855
2855
2855
2855
2855
2855
2855
2855
2855
2855
2855
2855
2855
2855
2855
2855
2855
2855
2855
2855
2855
2855
2855
2855
2855
2855
2855
2855
2855
2855
2855
2855
2855
2855
2855
2855
2855
2855
2855
2874
2874
2874
2874
2874
2874
2878
2878
2878
2878
2874
2878
2878
2878
2878
2878
2878
2878
2878
2855
2855
2855
2855
2855
2855
2855
2855
2855
2855
2855
2855
2855
2855
2855
2855
2855
2855
2855
2855
2855
2855
2855
2855
2855
2855
2855
2855
2855
2855
2855
2855
2855
2855
2855
2855
2855
2855
2855
2855
2855
2855
2855
2855
2855
2855
2855
2855
2855
2855
2855
2855
2855
2855
2855
2855
2872
2872
2872
2872
2872
2872
2872
2872
2872
2872
2870
2870
2870
2870
2870
2870
2873
2873
2870
2871
2855
2855
2855
2855
2855
2855
2855
2855
2855
2855
2855
2855
2855
2855
2855
2855
2855
2855
2855
2855
2855
2855
2855
2855
2855
2855
2855
2855
2855
2855
2855
2855
2855
2855
2855
2855
2855
2855
2855
2855
2855
2855
2855
2855
2855
2855
2855
2855
2855
2855
2855
2855
2864
2864
2865
2865
2865
2864
2864
2864
2864
2865
2865
2865
2865
2865
2865
2866
2866
2866
2866
2866
2866
2866
2866
2868
2868
2868
2868
2868
2868
2868
2868
2868
2868
2867
2855
2855
2855
2855
2855
2855
2855
2855
2855
2855
2855
2855
2855
2855
2855
2855
2855
2855
2855
2855
2855
2855
2855
2855
2855
2855
2855
2855
2855
2855
2855
2855
2855
2855
2855
2855
2855
2855
2855
2855
2855
2855
2855
2855
2855
2855
2855
2855
2855
2855
2855
2863
2863
2863
2863
2863
2863
2863
2863
2863
2863
2861
2861
2861
2861
2861
2861
2861
2862
2855
2855
2855
2855
2855
2855
2855
2855
2855
2855
2855
2855
2855
2855
2855
2855
2855
2855
2855
2855
2855
2855
2855
2855
2855
2855
2855
2855
2855
2855
2855
2855
2855
2855
2855
2855
2855
2855
2855
2855
2855
2855
2855
2855
2855
2855
2855
2855
2855
2855
2855
2855
2855
2855
2855
2860
2860
2860
2860
2860
2855
2855
2855
2855
2855
2855
2855
2855
2855
2855
2855
2855
2855
2855
2855
2855
2855
2855
2855
2855
2855
2855
2855
2855
2855
2855
2855
2855
2855
2855
2855
2855
2855
2855
2855
2855
2855
2855
2855
2855
2855
2855
2855
2855
2855
2855
2855
2855
2855
2855
2855
2855
2855
2855
2859
2858
2857
2857
2857
2857
2857
2857
2857
2857
2857
2855
2855
2855
2855
2855
2855
2855
2855
2855
2855
2855
2855
2855
2855
2855
2855
2855
2855
2855
2855
2855
2855
2855
2855
2855
2855
2855
2855
2855
2855
2855
2855
2855
2855
2855
2855
2855
2855
2855
2855
2855
2855
2855
2855
2855
2855
2855
2855
2855
2855
2856
2856
2856
2856
2856
2856
2856
2856
2856
2856
2856
2856
2856
2856
2856
2856
2856
2856
2856
2856