0.212000 0.067200 0.017600
0.175200 0.068000 0.008800
0.187200 0.068000 0.008800
0.202400 0.068000 0.008800
0.141600 0.069600 0.026400
0.160000 0.070400 0.011200
0.847200 0.073600 0.027200
0.863200 0.076800 0.027200
0.667200 0.086400 0.007200
0.657600 0.087200 0.007200
0.677600 0.087200 0.007200
0.688800 0.087200 0.008800
0.625600 0.088000 0.011200
0.648000 0.088000 0.007200
0.632000 0.088800 0.003200
0.637600 0.088800 0.008800
0.786400 0.097600 0.008800
0.172000 0.098400 0.008000
0.140800 0.108000 0.027200
0.160800 0.111200 0.011200
0.173600 0.111200 0.007200
0.204000 0.111200 0.011200
0.216800 0.111200 0.005600
0.253600 0.111200 0.012800
0.186400 0.112000 0.011200
0.234400 0.112000 0.007200
0.245600 0.112000 0.008800
0.270400 0.112000 0.011200
0.289600 0.112000 0.012000
0.337600 0.112000 0.008800
0.389600 0.112000 0.005600
0.224800 0.112800 0.016000
0.259200 0.112800 0.008800
0.309600 0.112800 0.011200
0.352000 0.112800 0.022400
0.360000 0.112800 0.016800
0.380000 0.112800 0.016000
0.400800 0.112800 0.016000
0.424800 0.112800 0.013600
0.473600 0.112800 0.019200
0.775200 0.112800 0.022400
0.325600 0.113600 0.026400
0.369600 0.113600 0.016800
0.449600 0.113600 0.013600
0.485600 0.113600 0.022400
0.493600 0.113600 0.029600
0.576800 0.113600 0.016800
0.719200 0.113600 0.016800
0.728000 0.113600 0.016000
0.436000 0.114400 0.005600
0.506400 0.114400 0.016800
0.511200 0.114400 0.013600
0.532800 0.114400 0.013600
0.550400 0.114400 0.011200
0.571200 0.114400 0.005600
0.597600 0.114400 0.016800
0.656800 0.114400 0.013600
0.674400 0.114400 0.016800
0.745600 0.114400 0.012800
0.763200 0.114400 0.011200
0.784000 0.114400 0.024800
0.798400 0.114400 0.008800
0.814400 0.114400 0.011200
0.563200 0.115200 0.005600
0.635200 0.115200 0.017600
0.684000 0.115200 0.015200
0.860800 0.115200 0.025600
0.584800 0.116000 0.012000
0.610400 0.116000 0.011200
0.829600 0.116000 0.008800
0.842400 0.116000 0.011200
0.701600 0.116800 0.011200
0.715200 0.126400 0.004800
0.228000 0.128000 0.008000
0.240800 0.128000 0.008000
0.251200 0.128800 0.008800
0.266400 0.128800 0.008000
0.276800 0.128800 0.004800
0.283200 0.129600 0.010400
0.299200 0.129600 0.005600
0.308000 0.129600 0.005600
0.319200 0.129600 0.007200
0.407200 0.129600 0.007200
0.290400 0.130400 0.005600
0.418400 0.131200 0.006400
0.428800 0.131200 0.008000
0.441600 0.132000 0.007200
0.452800 0.132800 0.010400
0.564000 0.133600 0.010400
0.571200 0.133600 0.005600
0.587200 0.133600 0.004800
0.594400 0.133600 0.007200
0.676800 0.133600 0.007200
0.685600 0.133600 0.005600
0.692000 0.133600 0.005600
0.742400 0.133600 0.006400
0.753600 0.133600 0.008000
0.579200 0.134400 0.005600
0.606400 0.134400 0.007200
0.617600 0.134400 0.008000
0.703200 0.134400 0.007200
0.714400 0.134400 0.005600
0.724000 0.134400 0.006400
0.733600 0.134400 0.005600
0.270400 0.148000 0.013600
0.227200 0.149600 0.015200
0.236800 0.149600 0.016800
0.252000 0.149600 0.012800
0.288000 0.149600 0.005600
0.135200 0.150400 0.026400
0.171200 0.150400 0.013600
0.196000 0.150400 0.008800
0.208000 0.150400 0.008800
0.297600 0.150400 0.015200
0.329600 0.151200 0.011200
0.182400 0.152000 0.008800
0.314400 0.152000 0.011200
0.347200 0.152000 0.011200
0.362400 0.152000 0.008800
0.374400 0.152000 0.005600
0.386400 0.152000 0.011200
0.476000 0.152000 0.022400
0.650400 0.152000 0.005600
0.219200 0.152800 0.005600
0.404800 0.152800 0.013600
0.430400 0.152800 0.011200
0.444800 0.152800 0.011200
0.462400 0.152800 0.011200
0.568000 0.152800 0.008800
0.596800 0.152800 0.011200
0.612800 0.152800 0.013600
0.632800 0.152800 0.016800
0.643200 0.152800 0.005600
0.151200 0.153600 0.028000
0.484000 0.153600 0.015200
0.494400 0.153600 0.005600
0.580800 0.153600 0.016800
0.669600 0.153600 0.003200
0.702400 0.153600 0.016000
0.507200 0.154400 0.011200
0.532800 0.154400 0.005600
0.540000 0.154400 0.011200
0.555200 0.154400 0.012800
0.660000 0.154400 0.013600
0.676800 0.154400 0.011200
0.787200 0.154400 0.019200
0.810400 0.154400 0.005600
0.522400 0.155200 0.013600
0.690400 0.155200 0.008800
0.710400 0.155200 0.012800
0.764000 0.155200 0.011200
0.776000 0.155200 0.020000
0.818400 0.155200 0.013600
0.725600 0.156000 0.013600
0.732800 0.156000 0.013600
0.747200 0.156000 0.011200
0.799200 0.156000 0.008800
0.833600 0.156000 0.013600
0.852000 0.156000 0.026400
0.864000 0.156000 0.021600
0.173600 0.167200 0.010400
0.181600 0.167200 0.003200
0.188800 0.168000 0.005600
0.199200 0.168000 0.008000
0.218400 0.168000 0.005600
0.211200 0.168800 0.005600
0.329600 0.170400 0.007200
0.361600 0.170400 0.008000
0.434400 0.170400 0.008000
0.339200 0.171200 0.005600
0.348800 0.171200 0.006400
0.372000 0.171200 0.006400
0.381600 0.171200 0.005600
0.422400 0.171200 0.007200
0.411200 0.172000 0.005600
0.700800 0.172000 0.007200
0.710400 0.172000 0.005600
0.717600 0.172000 0.003200
0.392800 0.172800 0.007200
0.402400 0.172800 0.005600
0.491200 0.173600 0.008800
0.497600 0.173600 0.003200
0.513600 0.173600 0.005600
0.522400 0.173600 0.008800
0.664800 0.173600 0.008000
0.674400 0.173600 0.005600
0.689600 0.173600 0.007200
0.724000 0.173600 0.009600
0.729600 0.173600 0.008800
0.504800 0.174400 0.005600
0.636000 0.174400 0.007200
0.681600 0.174400 0.005600
0.136000 0.188800 0.011200
0.148000 0.188800 0.008000
0.158400 0.188800 0.005600
0.172800 0.188800 0.010400
0.187200 0.188800 0.011200
0.201600 0.188800 0.015200
0.251200 0.189600 0.010400
0.907200 0.189600 0.015200
0.128800 0.190400 0.004800
0.210400 0.190400 0.015200
0.288800 0.190400 0.016800
0.122400 0.191200 0.011200
0.309600 0.191200 0.012800
0.364000 0.191200 0.013600
0.400800 0.191200 0.012800
0.916000 0.191200 0.008800
0.927200 0.191200 0.008800
0.238400 0.192000 0.005600
0.265600 0.192000 0.008800
0.276000 0.192000 0.007200
0.324000 0.192000 0.011200
0.356000 0.192000 0.013600
0.371200 0.192000 0.005600
0.439200 0.192000 0.013600
0.806400 0.192000 0.013600
0.940000 0.192000 0.008000
0.951200 0.192000 0.007200
0.228800 0.192800 0.015200
0.339200 0.192800 0.012800
0.348800 0.192800 0.012800
0.382400 0.192800 0.014400
0.418400 0.192800 0.013600
0.463200 0.192800 0.012800
0.489600 0.192800 0.013600
0.816000 0.192800 0.005600
0.845600 0.192800 0.016800
0.524000 0.193600 0.005600
0.536000 0.193600 0.011200
0.715200 0.193600 0.016800
0.780000 0.193600 0.013600
0.791200 0.193600 0.011200
0.833600 0.193600 0.016000
0.964800 0.193600 0.008000
0.976800 0.193600 0.011200
0.512800 0.194400 0.008800
0.555200 0.194400 0.008800
0.656000 0.194400 0.013600
0.724800 0.194400 0.016000
0.763200 0.194400 0.012000
0.824000 0.194400 0.013600
0.866400 0.194400 0.015200
0.584000 0.195200 0.008800
0.595200 0.195200 0.008800
0.697600 0.195200 0.013600
0.745600 0.195200 0.013600
0.569600 0.196000 0.010400
0.609600 0.196000 0.011200
0.620800 0.196000 0.011200
0.638400 0.196000 0.012000
0.662400 0.196000 0.013600
0.679200 0.196000 0.011200
0.939200 0.204800 0.007200
0.948800 0.204800 0.006400
0.166400 0.205600 0.007200
0.958400 0.205600 0.006400
0.156000 0.206400 0.007200
0.177600 0.207200 0.007200
0.132800 0.208000 0.008800
0.145600 0.208000 0.008800
0.189600 0.208000 0.007200
0.198400 0.208000 0.008800
0.290400 0.208800 0.008000
0.301600 0.208800 0.008000
0.437600 0.208800 0.009600
0.494400 0.208800 0.007200
0.524800 0.208800 0.005600
0.223200 0.209600 0.006400
0.266400 0.209600 0.007200
0.274400 0.209600 0.005600
0.281600 0.209600 0.011200
0.312800 0.209600 0.005600
0.327200 0.209600 0.005600
0.337600 0.209600 0.006400
0.348000 0.209600 0.008000
0.454400 0.209600 0.007200
0.465600 0.209600 0.006400
0.475200 0.209600 0.005600
0.484000 0.209600 0.005600
0.515200 0.209600 0.007200
0.533600 0.209600 0.005600
0.231200 0.210400 0.005600
0.236800 0.210400 0.003200
0.242400 0.210400 0.008000
0.320000 0.210400 0.005600
0.503200 0.210400 0.008000
0.508000 0.210400 0.008800
0.544000 0.210400 0.005600
0.553600 0.210400 0.005600
0.563200 0.210400 0.007200
0.572800 0.211200 0.005600
0.584000 0.211200 0.005600
0.766400 0.211200 0.007200
0.828800 0.211200 0.012800
0.833600 0.211200 0.008800
0.620000 0.212000 0.007200
0.776800 0.212000 0.007200
0.789600 0.212000 0.008000
0.798400 0.212000 0.008000
0.810400 0.212000 0.005600
0.820800 0.212000 0.005600
0.660000 0.212800 0.008000
0.629600 0.213600 0.005600
0.647200 0.213600 0.006400
0.672800 0.213600 0.007200
0.637600 0.214400 0.005600
0.687200 0.214400 0.008000
0.393600 0.216800 0.007200
0.138400 0.228000 0.014400
0.157600 0.228000 0.016800
0.170400 0.228000 0.018400
0.182400 0.228000 0.016800
0.348000 0.228000 0.011200
0.537600 0.228000 0.013600
0.287200 0.228800 0.008800
0.434400 0.228800 0.016000
0.502400 0.228800 0.005600
0.509600 0.228800 0.005600
0.525600 0.228800 0.012800
0.196800 0.229600 0.011200
0.212000 0.229600 0.011200
0.300800 0.229600 0.008800
0.404800 0.229600 0.005600
0.457600 0.229600 0.013600
0.492000 0.229600 0.008800
0.576800 0.229600 0.012800
0.228800 0.230400 0.012800
0.265600 0.230400 0.016000
0.276000 0.230400 0.007200
0.311200 0.230400 0.008800
0.322400 0.230400 0.016800
0.336000 0.230400 0.016800
0.360000 0.230400 0.013600
0.411200 0.230400 0.011200
0.476800 0.230400 0.013600
0.547200 0.230400 0.013600
0.562400 0.230400 0.011200
0.774400 0.230400 0.011200
0.247200 0.231200 0.012800
0.376000 0.231200 0.011200
0.393600 0.231200 0.009600
0.595200 0.231200 0.011200
0.628000 0.231200 0.011200
0.711200 0.231200 0.011200
0.747200 0.231200 0.007200
0.610400 0.232000 0.011200
0.661600 0.232000 0.011200
0.736000 0.232000 0.008000
0.756800 0.232000 0.013600
0.791200 0.232000 0.011200
0.840000 0.232000 0.013600
0.645600 0.232800 0.011200
0.676000 0.232800 0.013600
0.724800 0.232800 0.008800
0.801600 0.232800 0.008800
0.814400 0.232800 0.016800
0.694400 0.233600 0.011200
0.856800 0.233600 0.013600
0.202400 0.248800 0.008000
0.752800 0.248800 0.004800
0.767200 0.248800 0.005600
0.212800 0.249600 0.006400
0.353600 0.249600 0.008800
0.364000 0.249600 0.007200
0.708000 0.249600 0.008800
0.722400 0.249600 0.008000
0.732000 0.249600 0.004800
0.738400 0.249600 0.005600
0.746400 0.249600 0.005600
0.760800 0.249600 0.005600
0.776800 0.249600 0.007200
0.789600 0.249600 0.008800
0.221600 0.250400 0.005600
0.244800 0.250400 0.008800
0.414400 0.250400 0.008000
0.534400 0.250400 0.008800
0.598400 0.250400 0.008000
0.231200 0.251200 0.005600
0.255200 0.251200 0.006400
0.376000 0.251200 0.008800
0.403200 0.251200 0.007200
0.505600 0.251200 0.007200
0.544000 0.251200 0.005600
0.553600 0.251200 0.005600
0.576800 0.251200 0.005600
0.587200 0.251200 0.007200
0.265600 0.252000 0.008800
0.390400 0.252000 0.008800
0.562400 0.252000 0.005600
0.570400 0.252800 0.004800
0.652000 0.253600 0.006400
0.137600 0.266400 0.016000
0.159200 0.268000 0.016800
0.354400 0.268000 0.012000
0.428000 0.268000 0.011200
0.169600 0.268800 0.005600
0.180000 0.268800 0.011200
0.195200 0.268800 0.011200
0.323200 0.268800 0.013600
0.338400 0.268800 0.007200
0.387200 0.269600 0.008800
0.399200 0.269600 0.008800
0.411200 0.269600 0.011200
0.440000 0.269600 0.007200
0.212800 0.270400 0.011200
0.374400 0.270400 0.012800
0.378400 0.270400 0.014400
0.452800 0.270400 0.011200
0.468000 0.270400 0.011200
0.486400 0.270400 0.012800
0.507200 0.270400 0.012800
0.230400 0.271200 0.011200
0.288800 0.271200 0.013600
0.308000 0.271200 0.011200
0.580000 0.271200 0.011200
0.651200 0.271200 0.013600
0.686400 0.271200 0.015200
0.250400 0.272000 0.013600
0.271200 0.272000 0.013600
0.527200 0.272000 0.011200
0.596000 0.272000 0.013600
0.695200 0.272000 0.015200
0.732000 0.272000 0.009600
0.563200 0.272800 0.011200
0.615200 0.272800 0.013600
0.634400 0.272800 0.011200
0.665600 0.272800 0.008800
0.675200 0.272800 0.008800
0.707200 0.272800 0.009600
0.744800 0.272800 0.008800
0.760000 0.272800 0.011200
0.795200 0.272800 0.016800
0.839200 0.272800 0.013600
0.861600 0.272800 0.011200
0.545600 0.273600 0.011200
0.717600 0.273600 0.013600
0.779200 0.273600 0.011200
0.822400 0.273600 0.020000
0.169600 0.285600 0.005600
0.179200 0.285600 0.005600
0.188800 0.285600 0.005600
0.196000 0.286400 0.005600
0.204800 0.286400 0.005600
0.211200 0.286400 0.004800
0.221600 0.287200 0.007200
0.463200 0.287200 0.005600
0.233600 0.288000 0.008000
0.471200 0.288000 0.004800
0.480800 0.288000 0.006400
0.491200 0.288000 0.006400
0.503200 0.288000 0.007200
0.336000 0.288800 0.005600
0.512000 0.288800 0.005600
0.518400 0.288800 0.005600
0.528000 0.288800 0.006400
0.540000 0.288800 0.008000
0.308000 0.289600 0.005600
0.326400 0.289600 0.006400
0.344000 0.289600 0.005600
0.352000 0.289600 0.005600
0.731200 0.289600 0.008800
0.756800 0.289600 0.009600
0.316800 0.290400 0.005600
0.360000 0.290400 0.004800
0.367200 0.290400 0.005600
0.376800 0.290400 0.006400
0.388000 0.290400 0.008800
0.670400 0.290400 0.008800
0.680000 0.290400 0.005600
0.709600 0.290400 0.005600
0.718400 0.290400 0.005600
0.725600 0.290400 0.004800
0.740000 0.290400 0.007200
0.687200 0.291200 0.008800
0.700000 0.291200 0.007200
0.836000 0.291200 0.011200
0.844000 0.292000 0.005600
0.853600 0.292000 0.013600
0.861600 0.292800 0.012800
0.809600 0.295200 0.008000
0.276800 0.306400 0.016800
0.285600 0.306400 0.016000
0.144000 0.307200 0.016800
0.205600 0.307200 0.016000
0.262400 0.307200 0.011200
0.305600 0.307200 0.013600
0.168000 0.308000 0.014400
0.189600 0.308000 0.016000
0.246400 0.308000 0.011200
0.324800 0.308000 0.011200
0.346400 0.308000 0.012800
0.364800 0.308800 0.013600
0.430400 0.308800 0.011200
0.447200 0.308800 0.011200
0.461600 0.308800 0.008800
0.476000 0.308800 0.011200
0.230400 0.309600 0.012800
0.388800 0.309600 0.016800
0.411200 0.309600 0.016800
0.610400 0.309600 0.022400
0.634400 0.309600 0.008800
0.645600 0.309600 0.016800
0.711200 0.309600 0.011200
0.492800 0.310400 0.011200
0.510400 0.310400 0.013600
0.653600 0.310400 0.013600
0.726400 0.310400 0.013600
0.534400 0.311200 0.016800
0.586400 0.311200 0.027200
0.592000 0.311200 0.016800
0.624000 0.311200 0.008800
0.670400 0.311200 0.012800
0.692800 0.311200 0.013600
0.569600 0.312000 0.011200
0.744800 0.312000 0.016000
0.767200 0.312000 0.011200
0.552000 0.312800 0.012800
0.786400 0.312800 0.013600
0.824800 0.313600 0.013600
0.843200 0.313600 0.008800
0.751200 0.314400 0.022400
0.804800 0.314400 0.012800
0.860000 0.316000 0.013600
0.152800 0.325600 0.008800
0.147200 0.326400 0.010400
0.174400 0.326400 0.007200
0.248800 0.326400 0.008800
0.164000 0.327200 0.006400
0.256000 0.327200 0.011200
0.262400 0.328000 0.005600
0.269600 0.328800 0.005600
0.278400 0.329600 0.012800
0.286400 0.330400 0.008800
0.290400 0.330400 0.011200
0.297600 0.330400 0.005600
0.305600 0.330400 0.007200
0.316800 0.330400 0.013600
0.439200 0.333600 0.008800
0.448800 0.333600 0.005600
0.456000 0.333600 0.003200
0.643200 0.334400 0.010400
0.658400 0.334400 0.008800
0.670400 0.335200 0.008800
0.463200 0.336000 0.010400
0.474400 0.336000 0.008000
0.486400 0.336000 0.008800
0.500000 0.336000 0.008000
0.511200 0.336000 0.007200
0.683200 0.336000 0.010400
0.708800 0.336000 0.005600
0.718400 0.336000 0.008800
0.520800 0.336800 0.007200
0.535200 0.336800 0.009600
0.691200 0.336800 0.012800
0.696000 0.336800 0.003200
0.701600 0.336800 0.005600
0.803200 0.336800 0.008800
0.836800 0.336800 0.010400
0.853600 0.336800 0.008800
0.813600 0.337600 0.008800
0.823200 0.337600 0.008800
0.829600 0.337600 0.005600
0.866400 0.338400 0.008000
0.876800 0.338400 0.008800
0.144800 0.346400 0.016800
0.168000 0.347200 0.016800
0.183200 0.348800 0.013600
0.221600 0.349600 0.022400
0.238400 0.349600 0.004800
0.248000 0.349600 0.016800
0.204000 0.350400 0.016800
0.257600 0.351200 0.019200
0.273600 0.351200 0.011200
0.290400 0.351200 0.011200
0.304800 0.352000 0.013600
0.328800 0.352800 0.015200
0.339200 0.352800 0.004800
0.346400 0.352800 0.022400
0.323200 0.353600 0.013600
0.400800 0.354400 0.016800
0.432800 0.354400 0.016800
0.358400 0.355200 0.011200
0.378400 0.355200 0.013600
0.453600 0.356000 0.013600
0.468800 0.356800 0.013600
0.493600 0.356800 0.004800
0.501600 0.356800 0.005600
0.611200 0.356800 0.019200
0.636800 0.356800 0.013600
0.483200 0.357600 0.016800
0.577600 0.357600 0.004000
0.647200 0.357600 0.005600
0.509600 0.358400 0.016800
0.598400 0.358400 0.012800
0.657600 0.358400 0.015200
0.666400 0.358400 0.019200
0.678400 0.358400 0.016000
0.542400 0.359200 0.013600
0.570400 0.359200 0.022400
0.620800 0.359200 0.016800
0.697600 0.359200 0.013600
0.730400 0.359200 0.008800
0.750400 0.359200 0.016800
0.792000 0.359200 0.008800
0.524800 0.360000 0.011200
0.584000 0.360000 0.003200
0.589600 0.360000 0.003200
0.741600 0.360000 0.005600
0.781600 0.360000 0.005600
0.559200 0.360800 0.028000
0.838400 0.360800 0.016800
0.715200 0.361600 0.011200
0.828800 0.361600 0.008800
0.844000 0.361600 0.013600
0.768800 0.362400 0.011200
0.808800 0.362400 0.015200
0.818400 0.362400 0.005600
0.859200 0.364000 0.013600
