927
927
927
927
927
927
927
927
927
927
927
927
927
927
927
927
927
927
927
927
928
928
928
928
928
928
926
926
926
929
919
919
919
919
919
919
919
919
919
919
919
919
919
919
919
919
919
919
919
919
919
919
919
919
919
919
919
919
919
919
919
919
919
919
919
919
919
930
919
919
919
919
919
919
919
919
919
919
919
919
919
919
930
931
931
931
931
931
931
931
931
932
932
933
933
933
933
933
933
933
933
933
932
933
933
919
919
919
919
919
919
919
919
919
919
919
919
919
919
919
919
919
919
919
919
919
919
919
919
919
919
919
919
919
919
919
919
919
919
919
919
919
919
919
919
919
919
919
919
919
919
919
919
919
919
919
919
919
925
925
925
925
925
925
925
925
925
925
925
925
934
934
934
934
934
936
935
935
935
936
936
936
936
919
919
919
919
919
919
919
919
919
919
919
919
919
919
919
919
919
919
919
919
919
919
919
919
919
919
919
919
919
919
919
919
919
919
919
919
919
919
919
919
919
919
919
919
919
919
919
919
919
940
940
938
939
940
940
939
939
939
940
940
939
939
939
939
937
919
919
919
919
919
919
919
919
919
919
919
919
919
919
919
919
919
919
919
919
919
919
919
919
919
919
919
919
919
919
919
919
919
919
919
919
919
919
919
919
919
919
919
919
919
919
941
941
943
944
944
942
942
942
942
942
919
919
919
919
919
919
919
919
919
919
919
919
919
919
919
919
919
919
919
919
919
919
919
919
919
919
919
919
919
919
919
919
919
919
919
919
919
919
919
919
919
919
919
919
919
919
919
919
919
919
919
919
945
945
945
945
946
945
945
945
946
946
-1
919
919
919
919
919
919
919
919
919
919
919
919
919
919
919
919
919
919
919
919
919
919
919
919
919
919
919
919
919
919
919
919
919
919
919
919
919
919
919
919
919
919
919
919
919
919
919
919
919
919
919
919
919
919
919
923
947
947
947
948
948
922
922
922
922
922
919
919
919
919
919
919
919
919
919
919
919
919
919
919
919
919
919
919
919
919
919
919
919
919
919
919
919
919
919
919
919
919
919
919
919
919
919
919
919
919
919
919
919
919
919
919
919
919
919
919
919
919
919
919
919
921
921
921
921
921
924
920
920
920
920
920