0.228000 0.060000 0.016000
0.219200 0.061600 0.008000
0.196000 0.063200 0.008800
0.206400 0.063200 0.008800
0.164800 0.064800 0.016800
0.182400 0.064800 0.010400
0.877600 0.068000 0.018400
0.887200 0.068800 0.022400
0.822400 0.084000 0.007200
0.832800 0.084000 0.007200
0.844000 0.084000 0.008000
0.856800 0.084000 0.008800
0.785600 0.084800 0.012800
0.802400 0.084800 0.005600
0.812000 0.084800 0.005600
0.794400 0.085600 0.005600
0.602400 0.090400 0.005600
0.611200 0.090400 0.012800
0.584000 0.091200 0.007200
0.552800 0.092000 0.005600
0.561600 0.092000 0.012800
0.567200 0.092000 0.012800
0.576000 0.092000 0.005600
0.594400 0.092000 0.005600
0.462400 0.092800 0.009600
0.469600 0.092800 0.003200
0.474400 0.092800 0.008800
0.484800 0.092800 0.007200
0.495200 0.092800 0.007200
0.507200 0.092800 0.008000
0.517600 0.092800 0.005600
0.525600 0.092800 0.005600
0.533600 0.092800 0.005600
0.544000 0.092800 0.007200
0.217600 0.093600 0.011200
0.244000 0.093600 0.011200
0.395200 0.093600 0.011200
0.404000 0.093600 0.008800
0.416800 0.093600 0.011200
0.226400 0.094400 0.003200
0.235200 0.094400 0.013600
0.151200 0.095200 0.009600
0.181600 0.095200 0.011200
0.208000 0.095200 0.007200
0.425600 0.095200 0.008800
0.436000 0.095200 0.005600
0.447200 0.095200 0.008000
0.165600 0.096000 0.005600
0.175200 0.096000 0.005600
0.881600 0.096000 0.014400
0.157600 0.096800 0.004800
0.187200 0.096800 0.008800
0.197600 0.096800 0.007200
0.809600 0.097600 0.007200
0.826400 0.097600 0.005600
0.835200 0.097600 0.005600
0.844800 0.097600 0.005600
0.855200 0.097600 0.005600
0.863200 0.097600 0.005600
0.872000 0.097600 0.007200
0.820000 0.098400 0.005600
0.787200 0.099200 0.007200
0.797600 0.099200 0.007200
0.763200 0.113600 0.013600
0.133600 0.114400 0.016800
0.834400 0.114400 0.011200
0.372800 0.115200 0.019200
0.457600 0.115200 0.008800
0.664000 0.115200 0.013600
0.716800 0.115200 0.005600
0.728000 0.115200 0.008800
0.740000 0.115200 0.008800
0.783200 0.115200 0.011200
0.800000 0.115200 0.011200
0.819200 0.115200 0.011200
0.852800 0.115200 0.013600
0.269600 0.116000 0.016800
0.398400 0.116000 0.009600
0.416800 0.116000 0.012000
0.436000 0.116000 0.013600
0.489600 0.116000 0.011200
0.508000 0.116000 0.011200
0.520800 0.116000 0.011200
0.537600 0.116000 0.012800
0.558400 0.116000 0.013600
0.592000 0.116000 0.008800
0.636000 0.116000 0.008800
0.646400 0.116000 0.007200
0.705600 0.116000 0.008800
0.748800 0.116000 0.016800
0.862400 0.116000 0.005600
0.160000 0.116800 0.011200
0.192000 0.116800 0.013600
0.275200 0.116800 0.020800
0.321600 0.116800 0.011200
0.446400 0.116800 0.005600
0.473600 0.116800 0.010400
0.577600 0.116800 0.011200
0.607200 0.116800 0.011200
0.622400 0.116800 0.009600
0.684800 0.116800 0.016800
0.695200 0.116800 0.005600
0.176000 0.117600 0.013600
0.200000 0.117600 0.013600
0.227200 0.117600 0.005600
0.262400 0.117600 0.005600
0.288800 0.117600 0.011200
0.302400 0.117600 0.011200
0.334400 0.117600 0.005600
0.340800 0.117600 0.005600
0.353600 0.117600 0.011200
0.872000 0.117600 0.013600
0.214400 0.118400 0.009600
0.236000 0.118400 0.008800
0.251200 0.118400 0.011200
0.386400 0.118400 0.007200
0.428800 0.133600 0.005600
0.421600 0.134400 0.005600
0.436000 0.134400 0.003200
0.441600 0.134400 0.008800
0.449600 0.134400 0.005600
0.458400 0.134400 0.005600
0.470400 0.134400 0.007200
0.490400 0.135200 0.005600
0.508800 0.135200 0.007200
0.516800 0.135200 0.008800
0.537600 0.135200 0.008800
0.549600 0.135200 0.005600
0.556800 0.135200 0.010400
0.562400 0.135200 0.005600
0.580000 0.135200 0.008800
0.482400 0.136000 0.007200
0.498400 0.136000 0.005600
0.521600 0.136000 0.008800
0.529600 0.136000 0.005600
0.543200 0.136000 0.010400
0.570400 0.136000 0.005600
0.781600 0.140000 0.008800
0.428800 0.153600 0.011200
0.364800 0.154400 0.008800
0.444000 0.154400 0.011200
0.494400 0.154400 0.012000
0.171200 0.155200 0.013600
0.186400 0.155200 0.022400
0.350400 0.155200 0.011200
0.412000 0.155200 0.010400
0.476000 0.155200 0.011200
0.200800 0.156000 0.022400
0.215200 0.156000 0.011200
0.276000 0.156000 0.011200
0.303200 0.156000 0.013600
0.336800 0.156000 0.011200
0.375200 0.156000 0.005600
0.397600 0.156000 0.008800
0.512000 0.156000 0.014400
0.520800 0.156000 0.015200
0.532000 0.156000 0.015200
0.747200 0.156000 0.024800
0.231200 0.156800 0.009600
0.245600 0.156800 0.008800
0.260000 0.156800 0.011200
0.322400 0.156800 0.011200
0.384800 0.156800 0.008800
0.461600 0.156800 0.012800
0.608800 0.156800 0.011200
0.644800 0.156800 0.013600
0.707200 0.156800 0.005600
0.735200 0.156800 0.016800
0.765600 0.156800 0.021600
0.134400 0.157600 0.013600
0.584000 0.157600 0.016000
0.602400 0.157600 0.011200
0.621600 0.157600 0.009600
0.635200 0.157600 0.011200
0.663200 0.157600 0.013600
0.716000 0.157600 0.015200
0.755200 0.157600 0.016800
0.778400 0.157600 0.011200
0.793600 0.157600 0.011200
0.152800 0.158400 0.013600
0.287200 0.158400 0.016800
0.562400 0.158400 0.015200
0.569600 0.158400 0.016800
0.683200 0.158400 0.019200
0.696800 0.158400 0.008800
0.545600 0.159200 0.019200
0.592800 0.159200 0.005600
0.806400 0.159200 0.011200
0.821600 0.159200 0.011200
0.840000 0.160000 0.013600
0.864000 0.160000 0.013600
0.605600 0.172800 0.008800
0.613600 0.172800 0.005600
0.624000 0.173600 0.006400
0.634400 0.173600 0.005600
0.641600 0.173600 0.004800
0.648800 0.173600 0.005600
0.658400 0.173600 0.007200
0.456800 0.174400 0.005600
0.411200 0.175200 0.008000
0.448000 0.175200 0.005600
0.465600 0.175200 0.005600
0.473600 0.175200 0.005600
0.493600 0.175200 0.007200
0.504000 0.175200 0.005600
0.512800 0.175200 0.005600
0.520000 0.175200 0.011200
0.525600 0.175200 0.008000
0.852800 0.175200 0.007200
0.427200 0.176000 0.008800
0.432000 0.176000 0.012000
0.440000 0.176000 0.005600
0.484800 0.176000 0.008000
0.384000 0.176800 0.005600
0.392000 0.176800 0.005600
0.400000 0.176800 0.005600
0.672800 0.176800 0.007200
0.296000 0.178400 0.004000
0.303200 0.178400 0.005600
0.332800 0.178400 0.008000
0.821600 0.178400 0.007200
0.288800 0.179200 0.005600
0.312800 0.179200 0.006400
0.322400 0.179200 0.005600
0.250400 0.180000 0.007200
0.278400 0.180000 0.007200
0.717600 0.180000 0.008000
0.240000 0.180800 0.008000
0.262400 0.180800 0.010400
0.268800 0.180800 0.005600
0.781600 0.191200 0.023200
0.595200 0.192000 0.005600
0.638400 0.192000 0.013600
0.796000 0.192000 0.008800
0.808000 0.192000 0.008800
0.844000 0.192000 0.011200
0.624800 0.192800 0.012000
0.644000 0.192800 0.011200
0.687200 0.192800 0.009600
0.703200 0.192800 0.011200
0.753600 0.192800 0.013600
0.760000 0.192800 0.008800
0.772800 0.192800 0.008800
0.862400 0.192800 0.012800
0.468000 0.193600 0.011200
0.486400 0.193600 0.010400
0.500000 0.193600 0.008800
0.658400 0.193600 0.008800
0.720000 0.193600 0.008800
0.735200 0.193600 0.011200
0.825600 0.193600 0.011200
0.454400 0.194400 0.008800
0.512000 0.194400 0.013600
0.531200 0.194400 0.008800
0.540000 0.194400 0.019200
0.564000 0.194400 0.009600
0.580800 0.194400 0.010400
0.605600 0.194400 0.009600
0.367200 0.195200 0.016800
0.518400 0.195200 0.016000
0.550400 0.195200 0.010400
0.576000 0.195200 0.008800
0.668800 0.195200 0.016000
0.296000 0.196000 0.008800
0.306400 0.196000 0.015200
0.356800 0.196000 0.013600
0.136000 0.196800 0.019200
0.152800 0.196800 0.011200
0.168000 0.196800 0.005600
0.175200 0.196800 0.005600
0.190400 0.196800 0.012800
0.214400 0.196800 0.015200
0.316800 0.196800 0.013600
0.341600 0.196800 0.013600
0.424000 0.196800 0.011200
0.438400 0.196800 0.011200
0.234400 0.197600 0.011200
0.242400 0.197600 0.013600
0.323200 0.197600 0.013600
0.382400 0.197600 0.011200
0.396000 0.197600 0.011200
0.410400 0.197600 0.019200
0.270400 0.198400 0.009600
0.284000 0.198400 0.008800
0.254400 0.199200 0.011200
0.715200 0.206400 0.005600
0.753600 0.206400 0.005600
0.764000 0.206400 0.005600
0.798400 0.206400 0.008000
0.811200 0.206400 0.007200
0.524000 0.207200 0.004800
0.684000 0.207200 0.007200
0.698400 0.207200 0.010400
0.706400 0.207200 0.005600
0.725600 0.207200 0.006400
0.734400 0.207200 0.006400
0.744800 0.207200 0.005600
0.772800 0.207200 0.008800
0.777600 0.207200 0.008800
0.786400 0.207200 0.005600
0.532000 0.208000 0.004800
0.565600 0.208000 0.005600
0.583200 0.208000 0.006400
0.612800 0.208000 0.005600
0.620800 0.208000 0.004800
0.628800 0.208000 0.005600
0.638400 0.208000 0.005600
0.668800 0.208000 0.007200
0.820000 0.208000 0.005600
0.831200 0.208000 0.007200
0.844000 0.208000 0.008800
0.855200 0.208000 0.007200
0.516800 0.208800 0.004800
0.541600 0.208800 0.005600
0.550400 0.208800 0.004800
0.557600 0.208800 0.004800
0.572800 0.208800 0.004800
0.596800 0.208800 0.007200
0.651200 0.208800 0.007200
0.660000 0.208800 0.005600
0.333600 0.214400 0.008000
0.339200 0.215200 0.003200
0.346400 0.215200 0.005600
0.356000 0.215200 0.005600
0.363200 0.215200 0.005600
0.381600 0.215200 0.005600
0.391200 0.215200 0.005600
0.372000 0.216000 0.005600
0.397600 0.216000 0.008800
0.509600 0.216800 0.007200
0.523200 0.217600 0.005600
0.584800 0.217600 0.005600
0.532800 0.218400 0.005600
0.541600 0.218400 0.005600
0.565600 0.218400 0.005600
0.574400 0.218400 0.005600
0.595200 0.218400 0.005600
0.604800 0.218400 0.005600
0.640000 0.218400 0.005600
0.551200 0.219200 0.005600
0.557600 0.219200 0.004800
0.614400 0.219200 0.005600
0.625600 0.219200 0.007200
0.139200 0.230400 0.013600
0.157600 0.230400 0.011200
0.173600 0.230400 0.012800
0.193600 0.230400 0.019200
0.201600 0.230400 0.016800
0.223200 0.230400 0.012800
0.317600 0.230400 0.007200
0.676000 0.230400 0.013600
0.694400 0.230400 0.011200
0.732800 0.230400 0.012800
0.865600 0.230400 0.018400
0.259200 0.231200 0.011200
0.716800 0.231200 0.012800
0.784000 0.231200 0.012800
0.840000 0.231200 0.011200
0.242400 0.232000 0.011200
0.276800 0.232000 0.011200
0.290400 0.232000 0.013600
0.327200 0.232000 0.005600
0.645600 0.232000 0.011200
0.660000 0.232000 0.011200
0.752800 0.232000 0.012000
0.769600 0.232000 0.008800
0.808000 0.232000 0.013600
0.823200 0.232000 0.011200
0.852000 0.232000 0.005600
0.307200 0.232800 0.007200
0.336000 0.232800 0.013600
0.523200 0.232800 0.013600
0.533600 0.232800 0.008800
0.544000 0.232800 0.008800
0.557600 0.232800 0.010400
0.624000 0.232800 0.010400
0.636000 0.232800 0.005600
0.370400 0.233600 0.011200
0.576000 0.233600 0.009600
0.606400 0.233600 0.009600
0.353600 0.234400 0.011200
0.420000 0.234400 0.012800
0.476800 0.234400 0.021600
0.485600 0.234400 0.005600
0.504000 0.234400 0.013600
0.512000 0.234400 0.005600
0.590400 0.234400 0.011200
0.392800 0.235200 0.016000
0.404000 0.235200 0.005600
0.433600 0.235200 0.024800
0.460800 0.235200 0.022400
0.384000 0.236000 0.005600
0.493600 0.236000 0.005600
0.724000 0.248800 0.008000
0.796000 0.248800 0.008800
0.134400 0.249600 0.008800
0.166400 0.249600 0.008000
0.756000 0.249600 0.008000
0.768000 0.249600 0.007200
0.776800 0.249600 0.011200
0.783200 0.249600 0.005600
0.791200 0.249600 0.011200
0.145600 0.250400 0.007200
0.156000 0.250400 0.005600
0.633600 0.250400 0.008800
0.698400 0.250400 0.007200
0.707200 0.250400 0.005600
0.715200 0.250400 0.005600
0.737600 0.250400 0.007200
0.745600 0.250400 0.005600
0.606400 0.252000 0.011200
0.624000 0.252000 0.005600
0.614400 0.252800 0.005600
0.235200 0.268800 0.008800
0.499200 0.268800 0.008800
0.523200 0.268800 0.011200
0.186400 0.269600 0.016800
0.212000 0.269600 0.008800
0.220800 0.269600 0.022400
0.248000 0.269600 0.008800
0.318400 0.269600 0.013600
0.335200 0.269600 0.016800
0.484000 0.269600 0.011200
0.510400 0.269600 0.008800
0.554400 0.269600 0.013600
0.654400 0.269600 0.013600
0.690400 0.269600 0.013600
0.135200 0.270400 0.013600
0.151200 0.270400 0.008800
0.164800 0.270400 0.011200
0.181600 0.270400 0.012800
0.199200 0.270400 0.008800
0.264000 0.270400 0.011200
0.375200 0.270400 0.012800
0.411200 0.270400 0.012800
0.426400 0.270400 0.005600
0.434400 0.270400 0.005600
0.468000 0.270400 0.011200
0.540000 0.270400 0.011200
0.562400 0.270400 0.005600
0.597600 0.270400 0.012800
0.618400 0.270400 0.011200
0.716000 0.270400 0.013600
0.763200 0.270400 0.015200
0.284800 0.271200 0.011200
0.300800 0.271200 0.011200
0.356800 0.271200 0.016000
0.392800 0.271200 0.011200
0.448000 0.271200 0.017600
0.576800 0.271200 0.013600
0.635200 0.271200 0.011200
0.672800 0.271200 0.011200
0.736000 0.271200 0.016800
0.747200 0.271200 0.016800
0.784800 0.271200 0.011200
0.818400 0.271200 0.013600
0.366400 0.272000 0.004800
0.801600 0.272000 0.011200
0.828000 0.272000 0.005600
0.835200 0.272000 0.005600
0.845600 0.272000 0.008800
0.868800 0.272000 0.018400
0.344800 0.272800 0.007200
0.856000 0.272800 0.024800
0.202400 0.290400 0.008800
0.190400 0.292000 0.008800
0.376800 0.308800 0.005600
0.360800 0.309600 0.005600
0.262400 0.310400 0.008800
0.273600 0.310400 0.008000
0.368800 0.310400 0.005600
0.387200 0.310400 0.015200
0.404000 0.310400 0.011200
0.232800 0.311200 0.016800
0.284800 0.311200 0.008800
0.325600 0.311200 0.011200
0.352000 0.311200 0.020800
0.419200 0.311200 0.016800
0.428800 0.311200 0.005600
0.440800 0.311200 0.011200
0.499200 0.311200 0.011200
0.543200 0.311200 0.024800
0.760800 0.311200 0.011200
0.777600 0.311200 0.011200
0.794400 0.311200 0.027200
0.811200 0.311200 0.013600
0.819200 0.311200 0.020800
0.829600 0.311200 0.022400
0.157600 0.312000 0.015200
0.176800 0.312000 0.014400
0.197600 0.312000 0.011200
0.211200 0.312000 0.008800
0.295200 0.312000 0.008800
0.308800 0.312000 0.011200
0.338400 0.312000 0.008800
0.470400 0.312000 0.008800
0.482400 0.312000 0.011200
0.523200 0.312000 0.016000
0.685600 0.312000 0.011200
0.136000 0.312800 0.016800
0.165600 0.312800 0.005600
0.223200 0.312800 0.005600
0.248800 0.312800 0.011200
0.456800 0.312800 0.011200
0.559200 0.312800 0.011200
0.596000 0.312800 0.016000
0.608000 0.312800 0.008800
0.626400 0.312800 0.013600
0.649600 0.312800 0.013600
0.700800 0.312800 0.011200
0.804000 0.312800 0.005600
0.836800 0.312800 0.013600
0.845600 0.312800 0.013600
0.853600 0.312800 0.021600
0.864000 0.312800 0.016800
0.147200 0.313600 0.023200
0.671200 0.313600 0.011200
0.716800 0.313600 0.008800
0.727200 0.313600 0.005600
0.740000 0.313600 0.016800
0.747200 0.313600 0.013600
0.576000 0.314400 0.013600
0.741600 0.332000 0.011200
0.754400 0.332000 0.008800
0.716000 0.332800 0.007200
0.727200 0.332800 0.008800
0.732800 0.332800 0.012800
0.749600 0.332800 0.010400
0.690400 0.333600 0.011200
0.706400 0.333600 0.005600
0.763200 0.333600 0.008800
0.768000 0.333600 0.009600
0.772800 0.333600 0.008000
0.616000 0.334400 0.003200
0.698400 0.334400 0.005600
0.241600 0.335200 0.008800
0.252000 0.335200 0.008800
0.524000 0.335200 0.008800
0.576000 0.335200 0.007200
0.585600 0.335200 0.007200
0.596800 0.335200 0.008000
0.609600 0.335200 0.008800
0.624000 0.335200 0.011200
0.633600 0.335200 0.005600
0.654400 0.335200 0.008800
0.641600 0.336000 0.005600
0.649600 0.336000 0.012000
0.551200 0.339200 0.011200
0.557600 0.340000 0.010400
0.136800 0.354400 0.013600
0.152800 0.354400 0.005600
0.396000 0.354400 0.013600
0.416800 0.354400 0.013600
0.478400 0.354400 0.012800
0.192800 0.355200 0.005600
0.304000 0.355200 0.005600
0.312000 0.355200 0.013600
0.344000 0.355200 0.005600
0.358400 0.355200 0.011200
0.432800 0.355200 0.008800
0.443200 0.355200 0.008800
0.454400 0.355200 0.005600
0.462400 0.355200 0.005600
0.160000 0.356000 0.005600
0.184000 0.356000 0.022400
0.202400 0.356000 0.007200
0.224000 0.356000 0.008800
0.285600 0.356000 0.008800
0.296000 0.356000 0.004800
0.335200 0.356000 0.016000
0.375200 0.356000 0.013600
0.496000 0.356000 0.011200
0.516000 0.356000 0.013600
0.832000 0.356000 0.011200
0.215200 0.356800 0.018400
0.238400 0.356800 0.011200
0.679200 0.356800 0.024800
0.800800 0.356800 0.011200
0.816000 0.356800 0.011200
0.171200 0.357600 0.008800
0.533600 0.357600 0.011200
0.576000 0.357600 0.017600
0.782400 0.357600 0.011200
0.844000 0.357600 0.022400
0.864000 0.357600 0.004000
0.869600 0.357600 0.009600
0.254400 0.358400 0.011200
0.269600 0.358400 0.011200
0.549600 0.358400 0.013600
0.585600 0.358400 0.019200
0.700000 0.358400 0.013600
0.766400 0.358400 0.011200
0.856000 0.358400 0.005600
0.600000 0.359200 0.011200
0.615200 0.359200 0.008800
0.627200 0.359200 0.008800
0.665600 0.359200 0.024800
0.751200 0.359200 0.011200
0.564800 0.360000 0.003200
0.720000 0.360000 0.011200
0.849600 0.360000 0.003200
0.647200 0.360800 0.016800
0.736000 0.360800 0.011200
0.637600 0.361600 0.005600
