1229
1229
1229
1229
1229
1229
1233
1233
1232
1230
1230
1230
1231
1231
1232
1230
1230
1230
1230
1230
1231
1231
1232
1232
1232
1232
1231
1232
1232
1232
1232
1232
1232
1232
1232
1232
1232
1228
1228
1228
1228
1228
1228
1228
1228
1228
1228
1228
1228
1228
1228
1228
1228
1228
1228
1228
1228
1228
1228
1228
1228
1228
1228
1228
1228
1228
1228
1228
1228
1228
1228
1228
1228
1228
1228
1228
1228
1228
1228
1228
1228
1228
1228
1228
1228
1228
1228
1228
1228
1228
1228
1228
1228
1228
1235
1235
1235
1235
1235
1235
1235
1235
1235
1235
1235
1234
1234
1234
1235
1235
1235
1235
1235
1235
1235
1235
1235
1235
1235
1235
1235
1235
1234
1234
1234
1234
1234
1235
1235
1235
1235
1235
1235
1235
1235
1235
1235
1235
1234
1234
1234
1234
1234
1234
1234
1234
1234
1235
1235
1235
1235
1235
1235
1235
1234
1228
1228
1228
1228
1228
1228
1228
1228
1228
1228
1228
1228
1228
1228
1228
1228
1228
1228
1228
1228
1228
1228
1228
1228
1228
1228
1228
1228
1228
1228
1228
1228
1228
1228
1228
1228
1228
1228
1228
1228
1228
1228
1228
1228
1228
1228
1228
1228
1228
1228
1228
1228
1228
1228
1228
1228
1228
1237
1239
1236
1236
1236
1237
1239
1236
1236
1237
1237
1238
1237
1237
1237
1237
1237
1237
1238
1238
1239
1237
1237
1237
1239
1239
1228
1228
1228
1228
1228
1228
1228
1228
1228
1228
1228
1228
1228
1228
1228
1228
1228
1228
1228
1228
1228
1228
1228
1228
1228
1228
1228
1228
1228
1228
1228
1228
1228
1228
1228
1228
1228
1228
1228
1228
1228
1228
1228
1228
1228
1228
1228
1228
1228
1228
1228
1228
1228
1228
1228
1228
1228
1228
1240
1240
1240
1240
1240
1240
1240
1240
1240
1240
1240
1240
1240
1240
1240
1240
1240
1240
1240
1240
1240
1240
1240
1240
1240
1240
1240
1240
1240
1241
1240
1240
1240
1240
1240
1241
1241
1241
1241
1241
1241
1241
1240
1240
1240
1240
1240
1241
1241
1241
1241
1241
1241
1240
1240
1241
1241
1241
1241
1241
1241
1241
1241
1241
1241
1228
1228
1228
1228
1228
1228
1228
1228
1228
1228
1228
1228
1228
1228
1228
1228
1228
1228
1228
1228
1228
1228
1228
1228
1228
1228
1228
1228
1228
1228
1228
1228
1228
1228
1228
1228
1228
1228
1228
1228
1228
1228
1228
1228
1228
1228
1228
1228
1228
1228
1228
1228
1228
1228
1228
1228
1228
1228
1228
1242
1244
1244
1244
1244
1244
1244
1242
1242
1242
1244
1244
1244
1244
1244
1244
1244
1244
1242
1242
1244
1244
1244
1244
1244
1244
1244
1244
1245
1243
1243
1243
1245
1243
1243
1245
1245
1245
1245
1228
1228
1228
1228
1228
1228
1228
1228
1228
1228
1228
1228
1228
1228
1228
1228
1228
1228
1228
1228
1228
1228
1228
1228
1228
1228
1228
1228
1228
1228
1228
1228
1228
1228
1228
1228
1228
1228
1228
1228
1228
1228
1228
1228
1228
1228
1228
1228
1228
1228
1228
1228
1228
1228
1228
1228
1228
1228
1228
1228
1228
1228
1228
1228
1248
1248
1248
1248
1249
1249
1249
1249
1249
1249
1249
1249
1247
1247
1247
1247
1247
1247
1247
1247
1247
1246
1246
1246
1246
1246
1246
1246
1246
1228
1228
1228
1228
1228
1228
1228
1228
1228
1228
1228
1228
1228
1228
1228
1228
1228
1228
1228
1228
1228
1228
1228
1228
1228
1228
1228
1228
1228
1228
1228
1228
1228
1228
1228
1228
1228
1228
1228
1228
1228
1228
1228
1228
1228
1228
1228
1228
1228
1228
1228
1228
1228
1228
1228
1228
1228
1228
1228
1228
1228
1228
1246
1246
1246
1246
1246
1246
1246
1254
1254
1254
1251
1251
1253
1254
1254
1254
1254
1251
1251
1251
1253
1253
1254
1250
1251
1251
1252
1253
1253
1253
1253
1250
1250
1250
1252
1252
1252
1252
1252
1228
1228
1228
1228
1228
1228
1228
1228
1228
1228
1228
1228
1228
1228
1228
1228
1228
1228
1228
1228
1228
1228
1228
1228
1228
1228
1228
1228
1228
1228
1228
1228
1228
1228
1228
1228
1228
1228
1228
1228
1228
1228
1228
1228
1228
1228
1228
1228
1228
1228
1228
1228
1228
1228
1228
1228
1228
1228