1740
1740
1740
1740
1740
1740
1740
1740
1740
1740
1740
1740
1740
1740
1740
1740
1740
1740
1740
1739
1739
1739
1739
1739
1739
1738
1738
1738
1738
1738
1738
1737
1737
1737
1740
1740
1737
1737
1737
1737
1737
1737
1740
1737
1737
1737
1739
1739
1739
1739
1739
1739
1739
1737
1737
1737
1737
1737
1737
1737
1737
1737
1737
1737
1737
1737
1737
1737
1737
1737
1737
1737
1737
1737
1737
1737
1737
1737
1737
1737
1737
1737
1737
1737
1737
1737
1737
1737
1737
1737
1737
1737
1737
1737
1737
1737
1783
1783
1783
1783
1783
1783
1783
1783
1783
1783
1783
1783
1783
1783
1782
1782
1782
1782
1782
1782
1782
1782
1782
1782
1782
1782
1782
1782
1782
1737
1737
1737
1737
1737
1737
1737
1737
1786
1786
1785
1784
1787
1788
1788
1735
1735
1735
1735
1735
1735
1735
1735
1735
1735
1735
1735
1735
1735
1735
1735
1735
1735
1735
1735
1735
1735
1735
1735
1735
1735
1735
1735
1735
1735
1735
1735
1735
1735
1735
1735
1735
1735
1735
1735
1735
1735
1735
1735
1735
1735
1735
1735
1735
1735
1735
1735
1735
1735
1781
1780
1780
1781
1781
1781
1781
1780
1780
1780
1780
1780
1779
1779
1779
1780
1780
1779
1779
1779
1779
1779
1779
1779
1778
1778
1778
1778
1778
1779
1778
1778
1778
1778
1777
1778
1777
1777
1777
1777
1777
1777
1777
1777
1777
1777
1777
1777
1777
1777
1777
1779
1779
1779
1779
1779
1779
1779
1778
1778
1778
1778
1778
1778
1778
1777
1778
1777
1777
1777
1777
1777
1777
1777
1777
1777
1777
1777
1735
1735
1735
1735
1735
1735
1735
1735
1735
1735
1735
1735
1735
1735
1735
1735
1735
1735
1735
1735
1735
1735
1735
1735
1735
1735
1735
1735
1735
1735
1735
1735
1735
1735
1735
1735
1735
1735
1735
1741
1741
1735
1735
1741
1741
1741
1741
1741
1741
1741
1735
1735
1735
1735
1735
1741
1741
1741
1741
1735
1735
1735
1771
1772
1772
1772
1772
1772
1772
1771
1771
1772
1771
1773
1773
1773
1741
1741
1741
1741
1741
1741
1741
1741
1741
1741
1741
1741
1741
1741
1776
1776
1776
1776
1776
1774
1774
1776
1775
1735
1735
1735
1735
1741
1735
1735
1735
1735
1735
1735
1741
1741
1741
1735
1735
1735
1741
1741
1741
1735
1735
1735
1735
1741
1741
1741
1741
1735
1741
1735
1735
1735
1735
1735
1735
1735
1735
1735
1735
1735
1735
1735
1735
1735
1735
1735
1735
1735
1735
1735
1735
1735
1735
1735
1735
1735
1735
1735
1735
1735
1735
1735
1770
1770
1770
1735
1735
1770
1741
1741
1735
1735
1741
1741
1741
1741
1741
1767
1741
1741
1767
1767
1768
1770
1741
1768
1769
1764
1764
1765
1765
1765
1765
1765
1768
1768
1769
1764
1764
1764
1769
1769
1770
1770
1770
1770
1767
1761
1763
1765
1767
1767
1761
1761
1761
1761
1761
1761
1761
1761
1763
1761
1761
1761
1761
1762
1762
1763
1763
1761
1764
1764
1764
1766
1761
1764
1741
1741
1741
1741
1741
1741
1741
1741
1761
1761
1761
1761
1761
1760
1735
1735
1735
1735
1735
1735
1735
1735
1735
1735
1735
1735
1735
1735
1735
1735
1735
1735
1735
1735
1735
1735
1735
1735
1735
1735
1735
1735
1735
1735
1735
1735
1735
1735
1735
1735
1735
1735
1735
1735
1735
1735
1735
1735
1735
1735
1735
1735
1735
1735
1735
1735
1735
1735
1754
1754
1754
1735
1754
1755
1755
1755
1755
1755
1756
1755
1755
1755
1755
1756
1756
1755
1755
1755
1755
1755
1755
1756
1756
1756
1754
1756
1754
1742
1742
1742
1757
1754
1742
1742
1742
1742
1742
1757
1757
1757
1757
1757
1742
1742
1757
1757
1756
1757
1756
1757
1757
1757
1757
1735
1735
1735
1735
1735
1735
1735
1735
1735
1735
1735
1735
1735
1735
1735
1735
1735
1735
1735
1735
1735
1735
1735
1735
1735
1735
1735
1735
1735
1735
1735
1735
1735
1735
1735
1735
1735
1735
1735
1735
1735
1735
1735
1735
1736
1736
1736
1736
1736
1736
1736
1736
1736
1736
1736
1736
1735
1735
1735
1735
1735
1735
1735
1735
1753
1753
1751
1751
1752
1752
1752
1743
1743
1743
1750
1751
1743
1743
1743
1743
1743
1750
1750
1750
1750
1750
1743
1736
1736
1736
1736
1748
1748
1748
1749
1749
1750
1750
1743
1743
1736
1736
1736
1736
1736
1748
1748
1749
1743
1747
1747
1743
1743
1743
1743
1743
1743
1743
1743
1743
1743
1743
1743
1743
1735
1735
1735
1735
1735
1735
1735
1735
1735
1735
1735
1735
1735
1735
1735
1735
1735
1735
1735
1735
1735
1735
1735
1735
1735
1735
1735
1735
1735
1743
1735
1735
1735
1735
1735
1735
1735
1735
1735
1735
1743
1743
1743
1743
1743
1735
1735
1743
1735
1743
1743
1743
1743
1735
1735
1735
1735
1735
1743
1743
1735
1735
1735
1743
1743
1743
1743
1743
1743
1743
1743
1744
1743
1743
1744
1744
1743
1743
1744
1744
1744
1745
1744
1744
1744
1744
1745
1745
1745
1745
1745
1745
1745
1745
1745
1745
1745
1745
1745
1745
1745
1745
1745
1745
1743
1743
1743
1746
1746
1746
1746
1746
1735
1735
1735
1735
1735
1735
1735
1735
1735
1735
1735
1735
1735
1735
1735
1735
1735
1735
1735
1735
1735
1735
1735
1735
1735
1735
1735
1735
1735
1735
1735
1735
1735
1735
1735
1735
1735
1735
1735
1735
1735
1735
1735
1735
1735
1735
1735
1735
1735
1735
1735
1735
1735
1735
1735
1734
1734
1734
1734
1734
1734
1734
1734
1734
1734
1734
1734
1734
1734
1734
1734
1734
1734
1734
1734
1734
1734
1734
1734
1734
1734
1734
1734
1734
1734
1734
1734
1734
1734
1734
1734
1734
1734
1734
1734
1734
1734
1734
1734
1734
1734
1734
1734
1734
1734
1734
1734
1734
1734
1734
1734
1734
1734
1734
1734
1734
1734
1734
1734
1734
1734
1734
1734
1734
1734
1734
1734
1734
1734
1734
1734
1734
1734
1734
1734
1734
1734
1734
1734
1734
1734
1734
1734
1734
1734
1734
1734
1734
1734
1734
1734
1734
1734
1734
1734
1734
1734
1734
1734
1734
1734
1734
1734
1734
1734
1734
1734
1734
1734
1734
1734
1734
1734
1734
1734
1734
1734
1734
1734
1734
1734
1734
1734
1734
1734
1734
1734
1734
1734
1734
1734
1734
1734
1734
1734
1734
1734
1734
1734
1734
1734
1734
1734
1734
1734
1734
1734
1734
1734
1734
1734
1734
1734
1734
1734
1734
1734
1734
1734
1734
1734
1734
1734
1734
1734
1734
1734
1734
1734
1734
1734
1734
1734
1734
1734
1734
1734
1734
1734
1734
1734
1734
1734
1734
1734
1734
1734
1734
1734
1734
1734
1734
1734
1734
1734
1734
1734
1734
1734
1734
1734
1734
1734
1734
1734
1734
1734
1734
1734
1734
1734
1734
1734
1734
1734