0.222400 0.060000 0.020000
0.144800 0.060800 0.016800
0.210400 0.060800 0.008800
0.183200 0.061600 0.011200
0.195200 0.061600 0.008800
0.164000 0.062400 0.013600
0.865600 0.064800 0.011200
0.848800 0.066400 0.024800
0.375200 0.086400 0.008000
0.420800 0.086400 0.009600
0.384000 0.087200 0.006400
0.408800 0.087200 0.007200
0.436000 0.087200 0.007200
0.446400 0.087200 0.007200
0.458400 0.087200 0.008800
0.398400 0.088000 0.005600
0.132800 0.099200 0.019200
0.248800 0.100800 0.011200
0.292800 0.100800 0.013600
0.310400 0.101600 0.024800
0.317600 0.101600 0.016800
0.338400 0.101600 0.016000
0.363200 0.101600 0.013600
0.385600 0.102400 0.011200
0.822400 0.102400 0.020800
0.873600 0.102400 0.018400
0.155200 0.103200 0.011200
0.262400 0.103200 0.011200
0.832000 0.103200 0.008800
0.862400 0.103200 0.008800
0.171200 0.104000 0.013600
0.217600 0.104000 0.013600
0.232800 0.104000 0.008800
0.276800 0.104000 0.011200
0.679200 0.104000 0.011200
0.727200 0.104000 0.008800
0.806400 0.104000 0.021600
0.848000 0.104000 0.011200
0.189600 0.104800 0.008800
0.200000 0.104800 0.026400
0.408800 0.104800 0.011200
0.664800 0.104800 0.008800
0.707200 0.104800 0.005600
0.740000 0.104800 0.008800
0.759200 0.104800 0.016800
0.796000 0.104800 0.008800
0.347200 0.105600 0.008800
0.421600 0.105600 0.005600
0.434400 0.105600 0.016000
0.444800 0.105600 0.016000
0.491200 0.105600 0.022400
0.696000 0.105600 0.025600
0.715200 0.105600 0.019200
0.750400 0.105600 0.005600
0.776000 0.105600 0.013600
0.455200 0.106400 0.008800
0.465600 0.106400 0.016000
0.474400 0.106400 0.005600
0.503200 0.106400 0.024800
0.556000 0.106400 0.008800
0.577600 0.106400 0.016800
0.596000 0.106400 0.024800
0.607200 0.106400 0.008800
0.620800 0.106400 0.008800
0.652000 0.106400 0.008800
0.528000 0.107200 0.005600
0.536000 0.107200 0.005600
0.545600 0.107200 0.007200
0.566400 0.107200 0.017600
0.519200 0.108000 0.022400
0.587200 0.108000 0.005600
0.636800 0.108000 0.011200
0.057600 0.108800 0.019200
0.068800 0.108800 0.028000
0.403200 0.127200 0.007200
0.355200 0.128000 0.008800
0.377600 0.128000 0.005600
0.384800 0.128000 0.004800
0.392800 0.128000 0.005600
0.413600 0.128000 0.008000
0.367200 0.128800 0.007200
0.419200 0.128800 0.003200
0.424000 0.128800 0.008000
0.446400 0.128800 0.008800
0.435200 0.129600 0.008800
0.052800 0.134400 0.015200
0.311200 0.141600 0.008800
0.880000 0.142400 0.018400
0.156800 0.143200 0.008800
0.211200 0.143200 0.013600
0.240000 0.143200 0.019200
0.276000 0.143200 0.016800
0.296000 0.143200 0.022400
0.341600 0.143200 0.013600
0.868800 0.143200 0.008800
0.125600 0.144000 0.019200
0.144000 0.144000 0.011200
0.196000 0.144000 0.008800
0.228800 0.144000 0.016800
0.253600 0.144000 0.011200
0.268800 0.144000 0.013600
0.321600 0.144000 0.018400
0.350400 0.144000 0.008800
0.364800 0.144000 0.008800
0.726400 0.144000 0.014400
0.774400 0.144000 0.011200
0.790400 0.144000 0.024800
0.801600 0.144000 0.007200
0.416000 0.144800 0.005600
0.674400 0.144800 0.024800
0.682400 0.144800 0.018400
0.693600 0.144800 0.008800
0.706400 0.144800 0.011200
0.734400 0.144800 0.018400
0.743200 0.144800 0.024800
0.758400 0.144800 0.011200
0.815200 0.144800 0.011200
0.840800 0.144800 0.022400
0.856000 0.144800 0.011200
0.169600 0.145600 0.009600
0.184000 0.145600 0.008800
0.379200 0.145600 0.011200
0.430400 0.145600 0.013600
0.560000 0.145600 0.005600
0.625600 0.145600 0.008800
0.830400 0.145600 0.022400
0.454400 0.146400 0.013600
0.523200 0.146400 0.008800
0.551200 0.146400 0.005600
0.579200 0.146400 0.016800
0.636800 0.146400 0.017600
0.645600 0.146400 0.024800
0.660800 0.146400 0.011200
0.402400 0.147200 0.011200
0.469600 0.147200 0.022400
0.481600 0.147200 0.008800
0.492800 0.147200 0.008800
0.508000 0.147200 0.011200
0.534400 0.147200 0.008800
0.599200 0.147200 0.011200
0.614400 0.147200 0.008800
0.388000 0.148800 0.011200
0.329600 0.159200 0.005600
0.337600 0.159200 0.005600
0.347200 0.159200 0.005600
0.356800 0.160000 0.005600
0.364800 0.160000 0.005600
0.145600 0.162400 0.007200
0.180000 0.162400 0.006400
0.192800 0.162400 0.006400
0.200000 0.162400 0.004000
0.372800 0.162400 0.005600
0.156800 0.163200 0.007200
0.166400 0.163200 0.008000
0.231200 0.163200 0.007200
0.250400 0.163200 0.003200
0.380800 0.163200 0.008800
0.403200 0.163200 0.007200
0.211200 0.164000 0.007200
0.220000 0.164000 0.005600
0.244000 0.164000 0.008800
0.256000 0.164000 0.009600
0.264000 0.164000 0.007200
0.273600 0.164000 0.007200
0.287200 0.164000 0.005600
0.393600 0.164000 0.005600
0.350400 0.170400 0.005600
0.124800 0.180800 0.016800
0.196000 0.180800 0.005600
0.279200 0.180800 0.016800
0.619200 0.180800 0.019200
0.134400 0.181600 0.004800
0.163200 0.181600 0.010400
0.176000 0.181600 0.005600
0.206400 0.181600 0.013600
0.268000 0.181600 0.005600
0.308800 0.181600 0.013600
0.343200 0.181600 0.008800
0.146400 0.182400 0.011200
0.184000 0.182400 0.013600
0.248800 0.182400 0.008800
0.260000 0.182400 0.005600
0.333600 0.182400 0.016800
0.356800 0.182400 0.011200
0.404000 0.182400 0.011200
0.680800 0.182400 0.008800
0.696000 0.182400 0.011200
0.720800 0.182400 0.008800
0.730400 0.182400 0.005600
0.225600 0.183200 0.012000
0.240000 0.183200 0.013600
0.288800 0.183200 0.003200
0.436800 0.183200 0.011200
0.462400 0.183200 0.007200
0.473600 0.183200 0.008800
0.504800 0.183200 0.008800
0.517600 0.183200 0.008800
0.591200 0.183200 0.013600
0.608000 0.183200 0.008800
0.632000 0.183200 0.008800
0.644000 0.183200 0.008800
0.657600 0.183200 0.011200
0.670400 0.183200 0.008800
0.743200 0.183200 0.011200
0.792000 0.183200 0.019200
0.801600 0.183200 0.008800
0.815200 0.183200 0.011200
0.845600 0.183200 0.013600
0.869600 0.183200 0.013600
0.293600 0.184000 0.009600
0.390400 0.184000 0.011200
0.420800 0.184000 0.011200
0.451200 0.184000 0.008800
0.488800 0.184000 0.012800
0.532800 0.184000 0.011200
0.560800 0.184000 0.011200
0.574400 0.184000 0.022400
0.709600 0.184000 0.008800
0.763200 0.184000 0.011200
0.777600 0.184000 0.011200
0.828000 0.184000 0.024000
0.836800 0.184000 0.005600
0.375200 0.184800 0.013600
0.548000 0.184800 0.008800
0.149600 0.199200 0.006400
0.159200 0.199200 0.005600
0.168800 0.200000 0.005600
0.178400 0.200000 0.005600
0.188000 0.200000 0.008000
0.200800 0.200000 0.005600
0.211200 0.200000 0.006400
0.220000 0.200800 0.005600
0.835200 0.200800 0.008800
0.848000 0.200800 0.008800
0.863200 0.200800 0.008000
0.229600 0.201600 0.008800
0.236000 0.201600 0.005600
0.242400 0.201600 0.008800
0.252800 0.201600 0.008800
0.698400 0.201600 0.008800
0.708000 0.202400 0.005600
0.872000 0.202400 0.011200
0.719200 0.203200 0.007200
0.768000 0.203200 0.008800
0.780000 0.203200 0.008800
0.734400 0.204000 0.008800
0.742400 0.204000 0.008800
0.124800 0.217600 0.017600
0.137600 0.217600 0.005600
0.147200 0.218400 0.005600
0.160800 0.219200 0.011200
0.179200 0.220000 0.011200
0.203200 0.220000 0.016000
0.214400 0.220000 0.005600
0.226400 0.220000 0.011200
0.472800 0.220000 0.013600
0.244000 0.220800 0.011200
0.259200 0.220800 0.008800
0.271200 0.220800 0.019200
0.456000 0.220800 0.005600
0.516000 0.220800 0.008800
0.528800 0.220800 0.008800
0.544800 0.220800 0.011200
0.192000 0.221600 0.005600
0.290400 0.221600 0.013600
0.317600 0.221600 0.011200
0.352800 0.221600 0.013600
0.367200 0.221600 0.019200
0.380800 0.221600 0.019200
0.388800 0.221600 0.019200
0.504000 0.221600 0.008800
0.558400 0.221600 0.023200
0.668000 0.221600 0.008800
0.306400 0.222400 0.005600
0.334400 0.222400 0.013600
0.401600 0.222400 0.026400
0.438400 0.222400 0.014400
0.489600 0.222400 0.011200
0.567200 0.222400 0.005600
0.576800 0.222400 0.007200
0.611200 0.222400 0.013600
0.632000 0.222400 0.016800
0.644000 0.222400 0.007200
0.654400 0.222400 0.008800
0.419200 0.223200 0.024000
0.446400 0.223200 0.007200
0.680800 0.223200 0.008800
0.695200 0.223200 0.012800
0.717600 0.223200 0.013600
0.280800 0.224000 0.007200
0.344800 0.224000 0.005600
0.432000 0.224000 0.020800
0.591200 0.224000 0.013600
0.756800 0.224000 0.016000
0.736800 0.224800 0.013600
0.769600 0.224800 0.005600
0.777600 0.224800 0.013600
0.796000 0.224800 0.013600
0.816000 0.225600 0.019200
0.843200 0.226400 0.013600
0.868800 0.226400 0.016800
0.828800 0.227200 0.005600
0.164000 0.238400 0.005600
0.171200 0.238400 0.004000
0.135200 0.239200 0.007200
0.153600 0.239200 0.007200
0.124800 0.240000 0.008000
0.144000 0.240000 0.005600
0.292000 0.240000 0.007200
0.301600 0.240000 0.006400
0.312800 0.240000 0.008000
0.351200 0.240800 0.007200
0.324800 0.242400 0.007200
0.334400 0.242400 0.005600
0.342400 0.242400 0.005600
0.176800 0.259200 0.004000
0.123200 0.260000 0.018400
0.136800 0.260000 0.005600
0.148800 0.260000 0.016800
0.352800 0.260000 0.027200
0.416800 0.260000 0.011200
0.187200 0.260800 0.027200
0.276000 0.260800 0.013600
0.332000 0.260800 0.013600
0.362400 0.260800 0.019200
0.165600 0.261600 0.016800
0.254400 0.261600 0.011200
0.295200 0.261600 0.011200
0.410400 0.261600 0.003200
0.430400 0.261600 0.019200
0.504800 0.261600 0.020800
0.629600 0.261600 0.011200
0.644000 0.261600 0.011200
0.660800 0.261600 0.023200
0.672000 0.261600 0.019200
0.225600 0.262400 0.013600
0.242400 0.262400 0.009600
0.312800 0.262400 0.012800
0.449600 0.262400 0.013600
0.464800 0.262400 0.011200
0.488800 0.262400 0.021600
0.497600 0.262400 0.004000
0.592800 0.262400 0.013600
0.204000 0.263200 0.012800
0.403200 0.263200 0.019200
0.479200 0.263200 0.008800
0.607200 0.263200 0.006400
0.690400 0.263200 0.011200
0.708000 0.263200 0.016800
0.384800 0.264000 0.016800
0.515200 0.264000 0.008800
0.567200 0.264000 0.016000
0.715200 0.264000 0.016800
0.735200 0.264000 0.019200
0.266400 0.264800 0.006400
0.546400 0.264800 0.013600
0.615200 0.264800 0.005600
0.748800 0.264800 0.024800
0.764800 0.264800 0.024800
0.813600 0.264800 0.012800
0.529600 0.265600 0.011200
0.797600 0.265600 0.008800
0.836800 0.265600 0.012800
0.855200 0.265600 0.011200
0.782400 0.266400 0.011200
0.871200 0.267200 0.013600
0.242400 0.279200 0.005600
0.252000 0.279200 0.007200
0.263200 0.279200 0.008000
0.278400 0.279200 0.008800
0.236800 0.280000 0.005600
0.293600 0.280000 0.007200
0.304800 0.280000 0.007200
0.286400 0.280800 0.004800
0.805600 0.282400 0.008000
0.814400 0.284000 0.005600
0.824000 0.284800 0.008800
0.836000 0.284800 0.005600
0.844800 0.284800 0.010400
0.860800 0.284800 0.008000
0.851200 0.285600 0.005600
0.324000 0.298400 0.018400
0.454400 0.298400 0.011200
0.256800 0.299200 0.011200
0.300000 0.299200 0.008800
0.344000 0.299200 0.008800
0.363200 0.299200 0.013600
0.396800 0.299200 0.005600
0.415200 0.299200 0.008800
0.428000 0.299200 0.007200
0.437600 0.299200 0.016800
0.468000 0.299200 0.007200
0.207200 0.300000 0.007200
0.228800 0.300000 0.019200
0.283200 0.300000 0.011200
0.311200 0.300000 0.007200
0.331200 0.300000 0.022400
0.404800 0.300000 0.005600
0.477600 0.300000 0.007200
0.177600 0.300800 0.016800
0.188800 0.300800 0.005600
0.197600 0.300800 0.005600
0.218400 0.300800 0.007200
0.240000 0.300800 0.016800
0.268800 0.300800 0.005600
0.380000 0.300800 0.008800
0.390400 0.300800 0.004000
0.488800 0.300800 0.007200
0.516000 0.300800 0.008800
0.528000 0.300800 0.005600
0.604800 0.300800 0.012800
0.618400 0.300800 0.008800
0.631200 0.300800 0.008000
0.646400 0.300800 0.013600
0.501600 0.301600 0.008800
0.537600 0.301600 0.005600
0.584000 0.301600 0.003200
0.588800 0.301600 0.008800
0.144000 0.302400 0.022400
0.158400 0.302400 0.011200
0.548800 0.302400 0.011200
0.562400 0.302400 0.008800
0.576000 0.302400 0.011200
0.676000 0.302400 0.008800
0.689600 0.302400 0.011200
0.704800 0.303200 0.024800
0.725600 0.303200 0.016800
0.772800 0.303200 0.005600
0.664000 0.304000 0.011200
0.744800 0.304000 0.013600
0.763200 0.304000 0.015200
0.781600 0.304000 0.005600
0.121600 0.304800 0.019200
0.715200 0.304800 0.005600
0.794400 0.304800 0.011200
0.813600 0.304800 0.011200
0.825600 0.304800 0.005600
0.853600 0.304800 0.013600
0.838400 0.305600 0.011200
0.864800 0.305600 0.005600
0.876800 0.308800 0.016800
0.251200 0.318400 0.006400
0.260800 0.318400 0.005600
0.271200 0.318400 0.006400
0.294400 0.318400 0.005600
0.310400 0.318400 0.010400
0.281600 0.319200 0.007200
0.302400 0.319200 0.004800
0.117600 0.333600 0.016800
0.125600 0.333600 0.020800
0.153600 0.335200 0.011200
0.167200 0.335200 0.008800
0.180000 0.335200 0.011200
0.195200 0.335200 0.008800
0.274400 0.335200 0.011200
0.205600 0.336000 0.004800
0.223200 0.336000 0.014400
0.240800 0.336000 0.011200
0.138400 0.336800 0.011200
0.212800 0.336800 0.004800
0.288800 0.336800 0.011200
0.353600 0.336800 0.013600
0.372800 0.336800 0.016800
0.408000 0.336800 0.022400
0.259200 0.337600 0.011200
0.302400 0.337600 0.011200
0.415200 0.337600 0.016800
0.464800 0.337600 0.011200
0.493600 0.337600 0.008800
0.528800 0.337600 0.008800
0.538400 0.337600 0.005600
0.564800 0.337600 0.012800
0.587200 0.337600 0.013600
0.642400 0.337600 0.024800
0.334400 0.338400 0.011200
0.395200 0.338400 0.011200
0.457600 0.338400 0.004000
0.479200 0.338400 0.011200
0.504000 0.338400 0.003200
0.508800 0.338400 0.008800
0.519200 0.338400 0.007200
0.544800 0.338400 0.011200
0.608000 0.338400 0.013600
0.651200 0.338400 0.005600
0.432800 0.339200 0.013600
0.448000 0.339200 0.024800
0.627200 0.339200 0.013600
0.912000 0.339200 0.016000
0.317600 0.340000 0.011200
0.663200 0.340000 0.011200
0.679200 0.340000 0.011200
0.696000 0.340000 0.011200
0.712800 0.340800 0.024800
0.723200 0.340800 0.022400
0.740000 0.340800 0.013600
0.809600 0.340800 0.004800
0.874400 0.340800 0.005600
0.884800 0.340800 0.016800
0.759200 0.341600 0.011200
0.800800 0.341600 0.016800
0.863200 0.341600 0.008800
0.776800 0.342400 0.011200
0.819200 0.342400 0.014400
0.840800 0.342400 0.016800
0.791200 0.343200 0.008000
0.829600 0.343200 0.005600
0.851200 0.343200 0.008800
