0.768000 0.034400 0.011200
0.748800 0.035200 0.008000
0.760800 0.035200 0.011200
0.773600 0.035200 0.011200
0.783200 0.035200 0.008800
0.228000 0.036000 0.008800
0.755200 0.036000 0.003200
0.798400 0.036000 0.008800
0.806400 0.036000 0.005600
0.812800 0.036000 0.005600
0.819200 0.036000 0.009600
0.701600 0.036800 0.008800
0.711200 0.036800 0.005600
0.720000 0.036800 0.005600
0.736800 0.036800 0.008800
0.185600 0.037600 0.005600
0.200000 0.037600 0.005600
0.208000 0.037600 0.005600
0.216800 0.037600 0.007200
0.238400 0.037600 0.008800
0.316000 0.037600 0.007200
0.415200 0.037600 0.005600
0.688800 0.037600 0.008800
0.728800 0.037600 0.005600
0.155200 0.038400 0.008800
0.176800 0.038400 0.007200
0.193600 0.038400 0.011200
0.250400 0.038400 0.008000
0.261600 0.038400 0.007200
0.271200 0.038400 0.008800
0.306400 0.038400 0.007200
0.325600 0.038400 0.005600
0.336000 0.038400 0.007200
0.345600 0.038400 0.005600
0.353600 0.038400 0.012800
0.363200 0.038400 0.008800
0.376000 0.038400 0.006400
0.392000 0.038400 0.004800
0.399200 0.038400 0.011200
0.408800 0.038400 0.011200
0.423200 0.038400 0.005600
0.536800 0.038400 0.008800
0.560800 0.038400 0.007200
0.570400 0.038400 0.005600
0.638400 0.038400 0.008800
0.650400 0.038400 0.008800
0.656000 0.038400 0.013600
0.679200 0.038400 0.003200
0.166400 0.039200 0.008800
0.276000 0.039200 0.011200
0.284800 0.039200 0.008800
0.296000 0.039200 0.007200
0.384800 0.039200 0.005600
0.404000 0.039200 0.003200
0.431200 0.039200 0.005600
0.440000 0.039200 0.005600
0.447200 0.039200 0.011200
0.452000 0.039200 0.008000
0.461600 0.039200 0.008800
0.472000 0.039200 0.008800
0.544800 0.039200 0.005600
0.551200 0.039200 0.008800
0.578400 0.039200 0.012800
0.596000 0.039200 0.008800
0.607200 0.039200 0.005600
0.616000 0.039200 0.007200
0.627200 0.039200 0.008000
0.672800 0.039200 0.008800
0.500800 0.040000 0.005600
0.509600 0.040000 0.005600
0.518400 0.040000 0.005600
0.526400 0.040000 0.005600
0.588800 0.040000 0.005600
0.481600 0.040800 0.008800
0.493600 0.040800 0.005600
0.610400 0.052800 0.008800
0.619200 0.052800 0.011200
0.436000 0.053600 0.010400
0.563200 0.053600 0.010400
0.596800 0.053600 0.006400
0.604800 0.053600 0.004000
0.627200 0.053600 0.008800
0.838400 0.053600 0.005600
0.418400 0.054400 0.010400
0.423200 0.054400 0.008800
0.430400 0.054400 0.005600
0.524800 0.054400 0.008800
0.555200 0.054400 0.006400
0.568800 0.054400 0.008800
0.587200 0.054400 0.007200
0.796000 0.054400 0.006400
0.804800 0.054400 0.006400
0.846400 0.054400 0.020800
0.854400 0.054400 0.013600
0.261600 0.055200 0.005600
0.270400 0.055200 0.005600
0.279200 0.055200 0.006400
0.289600 0.055200 0.007200
0.336000 0.055200 0.003200
0.343200 0.055200 0.005600
0.356800 0.055200 0.005600
0.380800 0.055200 0.003200
0.395200 0.055200 0.005600
0.404000 0.055200 0.005600
0.411200 0.055200 0.005600
0.443200 0.055200 0.005600
0.450400 0.055200 0.005600
0.456800 0.055200 0.003200
0.462400 0.055200 0.008800
0.467200 0.055200 0.008800
0.479200 0.055200 0.008000
0.490400 0.055200 0.008000
0.503200 0.055200 0.007200
0.512800 0.055200 0.005600
0.536000 0.055200 0.007200
0.545600 0.055200 0.005600
0.576800 0.055200 0.008800
0.774400 0.055200 0.008000
0.785600 0.055200 0.007200
0.813600 0.055200 0.005600
0.821600 0.055200 0.005600
0.829600 0.055200 0.005600
0.150400 0.056000 0.009600
0.213600 0.056000 0.008800
0.227200 0.056000 0.008800
0.236800 0.056000 0.005600
0.245600 0.056000 0.005600
0.253600 0.056000 0.005600
0.300000 0.056000 0.005600
0.308800 0.056000 0.008000
0.318400 0.056000 0.003200
0.330400 0.056000 0.009600
0.350400 0.056000 0.003200
0.365600 0.056000 0.006400
0.375200 0.056000 0.008800
0.387200 0.056000 0.004800
0.475200 0.056000 0.010400
0.768800 0.056000 0.005600
0.156000 0.056800 0.013600
0.204800 0.056800 0.003200
0.323200 0.056800 0.011200
0.164800 0.057600 0.008000
0.176800 0.057600 0.005600
0.185600 0.057600 0.005600
0.192000 0.057600 0.004800
0.199200 0.057600 0.010400
0.058400 0.061600 0.026400
0.092000 0.061600 0.008800
0.119200 0.061600 0.012800
0.101600 0.062400 0.007200
0.112000 0.062400 0.005600
0.076000 0.063200 0.009600
0.890400 0.064000 0.018400
0.902400 0.064000 0.008800
0.916800 0.065600 0.021600
0.791200 0.066400 0.006400
0.745600 0.067200 0.008800
0.756800 0.067200 0.008800
0.780000 0.067200 0.007200
0.800800 0.067200 0.006400
0.696800 0.068000 0.007200
0.727200 0.068000 0.005600
0.736000 0.068000 0.008800
0.768800 0.068000 0.008000
0.680000 0.068800 0.013600
0.687200 0.068800 0.005600
0.706400 0.068800 0.007200
0.717600 0.068800 0.005600
0.600800 0.069600 0.007200
0.609600 0.069600 0.005600
0.617600 0.069600 0.005600
0.624800 0.069600 0.011200
0.652800 0.069600 0.013600
0.661600 0.069600 0.012800
0.670400 0.069600 0.007200
0.472800 0.070400 0.011200
0.515200 0.070400 0.008800
0.527200 0.070400 0.008000
0.536800 0.070400 0.007200
0.544800 0.070400 0.005600
0.551200 0.070400 0.008800
0.561600 0.070400 0.007200
0.571200 0.070400 0.005600
0.590400 0.070400 0.008800
0.634400 0.070400 0.008800
0.645600 0.070400 0.014400
0.481600 0.071200 0.008800
0.493600 0.071200 0.008000
0.505600 0.071200 0.007200
0.521600 0.071200 0.003200
0.580000 0.071200 0.007200
0.736800 0.089600 0.007200
0.745600 0.090400 0.008000
0.757600 0.090400 0.009600
0.375200 0.092800 0.010400
0.240800 0.102400 0.013600
0.784800 0.102400 0.013600
0.940000 0.102400 0.008000
0.224000 0.103200 0.011200
0.682400 0.103200 0.022400
0.868800 0.103200 0.010400
0.875200 0.103200 0.011200
0.892000 0.103200 0.005600
0.911200 0.103200 0.007200
0.920000 0.103200 0.005600
0.929600 0.103200 0.005600
0.949600 0.103200 0.005600
0.179200 0.104000 0.008800
0.260000 0.104000 0.011200
0.884000 0.104000 0.005600
0.900800 0.104000 0.007200
0.958400 0.104000 0.011200
0.964800 0.104000 0.011200
0.189600 0.104800 0.005600
0.196000 0.104800 0.022400
0.704000 0.104800 0.011200
0.720000 0.104800 0.011200
0.800000 0.104800 0.005600
0.810400 0.104800 0.016800
0.851200 0.104800 0.014400
0.156000 0.105600 0.018400
0.166400 0.105600 0.020800
0.276800 0.105600 0.024800
0.340000 0.105600 0.013600
0.392000 0.105600 0.012800
0.507200 0.105600 0.008800
0.644000 0.105600 0.008000
0.655200 0.105600 0.008800
0.666400 0.105600 0.008000
0.736800 0.105600 0.013600
0.748000 0.105600 0.008800
0.768800 0.105600 0.016000
0.829600 0.105600 0.028800
0.208000 0.106400 0.008800
0.303200 0.106400 0.013600
0.436000 0.106400 0.029600
0.532800 0.106400 0.013600
0.590400 0.106400 0.008800
0.613600 0.106400 0.008800
0.096000 0.107200 0.008800
0.320800 0.107200 0.012800
0.455200 0.107200 0.013600
0.624000 0.107200 0.005600
0.632000 0.107200 0.016800
0.360000 0.108000 0.011200
0.375200 0.108000 0.009600
0.414400 0.108000 0.013600
0.489600 0.108000 0.016800
0.516800 0.108000 0.005600
0.548000 0.108000 0.011200
0.579200 0.108000 0.005600
0.599200 0.108000 0.016800
0.473600 0.108800 0.011200
0.568000 0.108800 0.016800
0.818400 0.108800 0.004800
0.083200 0.109600 0.011200
0.069600 0.110400 0.007200
0.056000 0.111200 0.018400
0.871200 0.116800 0.008800
0.937600 0.116800 0.008800
0.906400 0.117600 0.007200
0.914400 0.117600 0.007200
0.924000 0.117600 0.007200
0.948000 0.117600 0.007200
0.957600 0.117600 0.008800
0.879200 0.118400 0.005600
0.886400 0.118400 0.005600
0.896000 0.118400 0.006400
0.932000 0.118400 0.005600
0.398400 0.123200 0.008000
0.371200 0.124800 0.005600
0.380000 0.124800 0.004800
0.388000 0.124800 0.006400
0.619200 0.128800 0.008000
0.512800 0.129600 0.008800
0.593600 0.129600 0.008000
0.614400 0.129600 0.003200
0.502400 0.130400 0.008000
0.603200 0.130400 0.005600
0.608800 0.130400 0.004000
0.553600 0.131200 0.008000
0.564000 0.131200 0.007200
0.872000 0.131200 0.008000
0.959200 0.131200 0.008800
0.349600 0.132000 0.008000
0.866400 0.132000 0.008800
0.880800 0.132000 0.005600
0.892800 0.132000 0.007200
0.901600 0.132000 0.005600
0.920000 0.132000 0.008000
0.888000 0.132800 0.008800
0.910400 0.132800 0.006400
0.931200 0.132800 0.007200
0.940800 0.132800 0.005600
0.947200 0.132800 0.003200
0.952000 0.132800 0.008800
0.070400 0.135200 0.019200
0.058400 0.137600 0.020000
0.808800 0.141600 0.024800
0.392800 0.142400 0.016800
0.172800 0.143200 0.008800
0.744000 0.143200 0.022400
0.793600 0.143200 0.024800
0.868000 0.143200 0.008800
0.382400 0.144000 0.007200
0.690400 0.144000 0.016800
0.698400 0.144000 0.022400
0.774400 0.144000 0.019200
0.159200 0.144800 0.020800
0.303200 0.144800 0.007200
0.410400 0.144800 0.013600
0.715200 0.144800 0.024800
0.752000 0.144800 0.015200
0.761600 0.144800 0.027200
0.828800 0.144800 0.027200
0.844000 0.144800 0.019200
0.291200 0.145600 0.027200
0.365600 0.145600 0.012800
0.426400 0.145600 0.011200
0.479200 0.145600 0.013600
0.731200 0.145600 0.025600
0.880800 0.145600 0.010400
0.184800 0.146400 0.008800
0.200800 0.146400 0.013600
0.268000 0.146400 0.004800
0.324000 0.146400 0.008800
0.336800 0.146400 0.011200
0.458400 0.146400 0.013600
0.568800 0.146400 0.005600
0.578400 0.146400 0.008800
0.617600 0.146400 0.008800
0.633600 0.146400 0.008800
0.658400 0.146400 0.011200
0.671200 0.146400 0.019200
0.888800 0.146400 0.005600
0.897600 0.146400 0.006400
0.915200 0.146400 0.005600
0.942400 0.146400 0.005600
0.971200 0.146400 0.008800
0.219200 0.147200 0.027200
0.230400 0.147200 0.019200
0.312800 0.147200 0.005600
0.444000 0.147200 0.011200
0.501600 0.147200 0.012800
0.539200 0.147200 0.011200
0.590400 0.147200 0.005600
0.606400 0.147200 0.005600
0.644800 0.147200 0.009600
0.679200 0.147200 0.016800
0.908000 0.147200 0.008800
0.925600 0.147200 0.006400
0.934400 0.147200 0.005600
0.949600 0.147200 0.005600
0.960000 0.147200 0.008800
0.238400 0.148000 0.024800
0.252000 0.148000 0.021600
0.275200 0.148000 0.022400
0.285600 0.148000 0.005600
0.344000 0.148000 0.003200
0.351200 0.148000 0.005600
0.521600 0.148000 0.012800
0.555200 0.148000 0.010400
0.598400 0.148000 0.004800
0.936000 0.157600 0.007200
0.752000 0.166400 0.007200
0.760800 0.167200 0.007200
0.780000 0.167200 0.006400
0.770400 0.168000 0.006400
0.892000 0.179200 0.005600
0.898400 0.179200 0.004800
0.868800 0.180000 0.010400
0.875200 0.180000 0.005600
0.884000 0.180000 0.005600
0.906400 0.180000 0.011200
0.917600 0.180000 0.005600
0.958400 0.180000 0.011200
0.926400 0.180800 0.006400
0.936800 0.180800 0.007200
0.948800 0.180800 0.008000
0.967200 0.180800 0.007200
0.820000 0.181600 0.019200
0.633600 0.182400 0.011200
0.793600 0.182400 0.011200
0.433600 0.183200 0.011200
0.488800 0.183200 0.024000
0.659200 0.183200 0.020800
0.813600 0.183200 0.016800
0.164000 0.184000 0.019200
0.359200 0.184000 0.011200
0.376000 0.184000 0.011200
0.561600 0.184000 0.008800
0.648000 0.184000 0.021600
0.705600 0.184000 0.005600
0.713600 0.184000 0.005600
0.725600 0.184000 0.008800
0.736000 0.184000 0.008800
0.777600 0.184000 0.011200
0.832000 0.184000 0.005600
0.280000 0.184800 0.008800
0.292000 0.184800 0.011200
0.323200 0.184800 0.013600
0.390400 0.184800 0.011200
0.419200 0.184800 0.008800
0.476800 0.184800 0.016800
0.495200 0.184800 0.005600
0.506400 0.184800 0.008800
0.549600 0.184800 0.018400
0.571200 0.184800 0.016800
0.616000 0.184800 0.013600
0.687200 0.184800 0.016800
0.747200 0.184800 0.008800
0.760800 0.184800 0.011200
0.844800 0.184800 0.017600
0.307200 0.185600 0.013600
0.407200 0.185600 0.009600
0.449600 0.185600 0.011200
0.468800 0.185600 0.005600
0.517600 0.185600 0.008800
0.529600 0.185600 0.019200
0.588000 0.185600 0.021600
0.600000 0.185600 0.022400
0.672800 0.185600 0.011200
0.206400 0.186400 0.008800
0.232000 0.186400 0.008800
0.256000 0.186400 0.008800
0.268800 0.186400 0.007200
0.342400 0.186400 0.012800
0.460800 0.186400 0.005600
0.537600 0.186400 0.005600
0.188000 0.187200 0.013600
0.244000 0.187200 0.005600
0.297600 0.187200 0.005600
0.218400 0.188000 0.008800
0.866400 0.192800 0.008000
0.884800 0.193600 0.005600
0.977600 0.193600 0.012000
0.876000 0.194400 0.005600
0.894400 0.194400 0.005600
0.904000 0.194400 0.005600
0.912800 0.194400 0.008000
0.919200 0.194400 0.008800
0.928000 0.194400 0.008800
0.948000 0.194400 0.007200
0.970400 0.194400 0.011200
0.936000 0.195200 0.008800
0.959200 0.195200 0.007200
0.792800 0.200800 0.007200
0.404800 0.201600 0.005600
0.412800 0.201600 0.004800
0.432800 0.201600 0.005600
0.782400 0.201600 0.005600
0.397600 0.202400 0.004800
0.422400 0.202400 0.006400
0.442400 0.202400 0.008000
0.448000 0.202400 0.005600
0.455200 0.202400 0.005600
0.772800 0.202400 0.008000
0.387200 0.203200 0.007200
0.462400 0.203200 0.005600
0.349600 0.204000 0.007200
0.360000 0.204000 0.005600
0.368800 0.204000 0.005600
0.377600 0.204000 0.005600
0.865600 0.207200 0.008000
0.875200 0.208000 0.005600
0.884800 0.208000 0.007200
0.896000 0.208800 0.007200
0.906400 0.208800 0.008800
0.913600 0.208800 0.008800
0.426400 0.209600 0.004800
0.924000 0.209600 0.005600
0.932800 0.209600 0.005600
0.940000 0.209600 0.005600
0.953600 0.209600 0.008800
0.963200 0.210400 0.007200
0.972000 0.211200 0.008800
0.147200 0.214400 0.009600
0.120800 0.217600 0.022400
0.133600 0.217600 0.011200
0.387200 0.220800 0.013600
0.414400 0.220800 0.011200
0.525600 0.220800 0.016800
0.538400 0.220800 0.022400
0.545600 0.220800 0.016000
0.582400 0.220800 0.008800
0.488800 0.221600 0.013600
0.507200 0.221600 0.011200
0.555200 0.221600 0.005600
0.567200 0.221600 0.011200
0.592000 0.221600 0.004800
0.599200 0.221600 0.005600
0.636800 0.221600 0.011200
0.728000 0.221600 0.011200
0.744000 0.221600 0.011200
0.795200 0.221600 0.013600
0.864800 0.221600 0.005600
0.881600 0.221600 0.006400
0.890400 0.221600 0.005600
0.898400 0.221600 0.005600
0.209600 0.222400 0.005600
0.402400 0.222400 0.008800
0.440000 0.222400 0.006400
0.451200 0.222400 0.016000
0.650400 0.222400 0.008800
0.760800 0.222400 0.013600
0.872800 0.222400 0.005600
0.160800 0.223200 0.019200
0.199200 0.223200 0.016800
0.219200 0.223200 0.015200
0.241600 0.223200 0.011200
0.288800 0.223200 0.016000
0.335200 0.223200 0.020000
0.470400 0.223200 0.015200
0.608800 0.223200 0.005600
0.615200 0.223200 0.020800
0.624800 0.223200 0.005600
0.690400 0.223200 0.011200
0.777600 0.223200 0.011200
0.818400 0.223200 0.015200
0.907200 0.223200 0.005600
0.916000 0.223200 0.005600
0.227200 0.224000 0.016800
0.258400 0.224000 0.008800
0.279200 0.224000 0.008000
0.304000 0.224000 0.011200
0.321600 0.224000 0.024800
0.343200 0.224000 0.015200
0.364000 0.224000 0.011200
0.428800 0.224000 0.008000
0.660000 0.224000 0.007200
0.674400 0.224000 0.011200
0.836800 0.224000 0.024000
0.848800 0.224000 0.013600
0.924000 0.224000 0.007200
0.937600 0.224000 0.008800
0.268800 0.224800 0.005600
0.708800 0.224800 0.013600
0.933600 0.224800 0.008000
0.944800 0.224800 0.008800
0.956000 0.224800 0.007200
0.965600 0.224800 0.008800
0.173600 0.225600 0.005600
0.184000 0.225600 0.016800
0.866400 0.236000 0.008800
0.875200 0.236000 0.005600
0.884000 0.236000 0.005600
0.892800 0.236800 0.005600
0.901600 0.237600 0.008800
0.913600 0.237600 0.008800
0.919200 0.238400 0.008800
0.924800 0.238400 0.008000
0.933600 0.238400 0.007200
0.940800 0.239200 0.008800
0.952800 0.239200 0.008800
0.958400 0.239200 0.008800
0.968000 0.240000 0.007200
0.355200 0.242400 0.010400
0.368800 0.242400 0.009600
0.263200 0.243200 0.007200
0.285600 0.243200 0.006400
0.348800 0.243200 0.011200
0.254400 0.244000 0.008800
0.275200 0.244000 0.005600
0.294400 0.244000 0.005600
0.300000 0.244000 0.009600
0.363200 0.244000 0.004800
0.206400 0.246400 0.007200
0.216800 0.246400 0.008000
0.536800 0.248000 0.008800
0.876800 0.248800 0.008800
0.924000 0.248800 0.005600
0.929600 0.248800 0.008800
0.885600 0.249600 0.005600
0.893600 0.251200 0.005600
0.900800 0.251200 0.005600
0.908800 0.251200 0.006400
0.550400 0.260000 0.011200
0.384800 0.260800 0.005600
0.923200 0.260800 0.008000
0.258400 0.261600 0.013600
0.288000 0.261600 0.012800
0.450400 0.261600 0.011200
0.465600 0.261600 0.011200
0.480000 0.261600 0.008800
0.504000 0.261600 0.019200
0.524000 0.261600 0.024800
0.568000 0.261600 0.011200
0.586400 0.261600 0.013600
0.271200 0.262400 0.005600
0.280000 0.262400 0.005600
0.305600 0.262400 0.011200
0.322400 0.262400 0.011200
0.394400 0.262400 0.016800
0.492800 0.262400 0.008800
0.533600 0.262400 0.027200
0.835200 0.262400 0.011200
0.908000 0.262400 0.008800
0.914400 0.262400 0.005600
0.240000 0.263200 0.011200
0.338400 0.263200 0.011200
0.356800 0.263200 0.012800
0.374400 0.263200 0.016000
0.408800 0.263200 0.005600
0.416800 0.263200 0.004000
0.422400 0.263200 0.009600
0.433600 0.263200 0.009600
0.603200 0.263200 0.008800
0.629600 0.263200 0.019200
0.652800 0.263200 0.013600
0.724800 0.263200 0.016800
0.780800 0.263200 0.011200
0.167200 0.264000 0.024800
0.184800 0.264000 0.011200
0.196000 0.264000 0.005600
0.206400 0.264000 0.013600
0.224000 0.264000 0.011200
0.614400 0.264000 0.008800
0.672000 0.264000 0.011200
0.688000 0.264800 0.011200
0.703200 0.264800 0.024800
0.712000 0.264800 0.022400
0.746400 0.264800 0.013600
0.764800 0.264800 0.011200
0.799200 0.264800 0.011200
0.817600 0.264800 0.012800
0.853600 0.264800 0.016800
0.381600 0.284000 0.010400
0.402400 0.284000 0.011200
0.613600 0.284000 0.005600
0.630400 0.284000 0.008800
0.364000 0.284800 0.007200
0.373600 0.284800 0.008800
0.387200 0.284800 0.005600
0.621600 0.284800 0.005600
0.394400 0.285600 0.005600
0.873600 0.291200 0.012800
0.928000 0.291200 0.013600
0.956000 0.291200 0.014400
0.964800 0.291200 0.013600
0.972800 0.291200 0.004000
0.882400 0.292000 0.005600
0.889600 0.292000 0.005600
0.910400 0.292000 0.016800
0.919200 0.292000 0.005600
0.936800 0.292000 0.005600
0.948000 0.292000 0.012000
0.898400 0.293600 0.013600
0.664800 0.295200 0.017600
0.183200 0.299200 0.009600
0.844800 0.300000 0.020800
0.163200 0.300800 0.016800
0.172000 0.300800 0.004800
0.446400 0.300800 0.008800
0.832800 0.300800 0.008800
0.196000 0.301600 0.007200
0.282400 0.301600 0.013600
0.300000 0.301600 0.011200
0.242400 0.302400 0.016800
0.588800 0.302400 0.011200
0.798400 0.302400 0.013600
0.208000 0.303200 0.008800
0.225600 0.303200 0.011200
0.263200 0.303200 0.008800
0.327200 0.303200 0.005600
0.410400 0.303200 0.015200
0.477600 0.303200 0.013600
0.496800 0.303200 0.013600
0.557600 0.303200 0.012800
0.573600 0.303200 0.013600
0.602400 0.303200 0.008800
0.614400 0.303200 0.008800
0.628800 0.303200 0.008800
0.643200 0.303200 0.008800
0.778400 0.303200 0.013600
0.317600 0.304000 0.027200
0.365600 0.304000 0.012800
0.458400 0.304000 0.018400
0.513600 0.304000 0.011200
0.540000 0.304000 0.011200
0.656800 0.304000 0.008800
0.815200 0.304000 0.013600
0.340000 0.304800 0.011200
0.351200 0.304800 0.008000
0.386400 0.304800 0.013600
0.428800 0.304800 0.013600
0.691200 0.304800 0.016800
0.526400 0.305600 0.022400
0.666400 0.305600 0.003200
0.682400 0.305600 0.016800
0.760000 0.305600 0.011200
0.701600 0.306400 0.024800
0.713600 0.306400 0.016800
0.747200 0.306400 0.008800
0.731200 0.307200 0.013600
0.434400 0.324800 0.007200
0.444800 0.324800 0.005600
0.484800 0.324800 0.005600
0.492000 0.324800 0.011200
0.453600 0.325600 0.008000
0.477600 0.325600 0.005600
0.501600 0.325600 0.008800
0.532000 0.325600 0.008000
0.465600 0.326400 0.008800
0.471200 0.326400 0.003200
0.507200 0.326400 0.011200
0.527200 0.326400 0.003200
0.514400 0.327200 0.005600
0.521600 0.327200 0.005600
0.280800 0.328000 0.007200
0.614400 0.333600 0.009600
0.190400 0.344000 0.013600
0.168800 0.344800 0.019200
0.208000 0.344800 0.013600
0.410400 0.344800 0.005600
0.224800 0.345600 0.011200
0.252800 0.345600 0.011200
0.265600 0.345600 0.008800
0.312000 0.345600 0.005600
0.420800 0.345600 0.007200
0.240000 0.346400 0.011200
0.291200 0.346400 0.027200
0.306400 0.346400 0.013600
0.400000 0.346400 0.008800
0.323200 0.347200 0.008800
0.332800 0.347200 0.016800
0.367200 0.347200 0.011200
0.279200 0.348000 0.008800
0.345600 0.348000 0.017600
0.352000 0.348000 0.013600
0.440000 0.348000 0.005600
0.496800 0.348000 0.007200
0.546400 0.348000 0.016800
0.572000 0.348000 0.016800
0.655200 0.348000 0.013600
0.854400 0.348000 0.021600
0.384800 0.348800 0.011200
0.432000 0.348800 0.005600
0.484800 0.348800 0.008800
0.622400 0.348800 0.011200
0.720000 0.348800 0.030400
0.739200 0.348800 0.013600
0.789600 0.348800 0.016800
0.450400 0.349600 0.015200
0.506400 0.349600 0.016000
0.540000 0.349600 0.022400
0.600800 0.349600 0.016800
0.636800 0.349600 0.011200
0.773600 0.349600 0.011200
0.827200 0.349600 0.008800
0.468800 0.350400 0.011200
0.756800 0.350400 0.011200
0.812000 0.350400 0.011200
0.838400 0.350400 0.008800
0.524800 0.351200 0.011200
0.680800 0.351200 0.019200
0.704000 0.351200 0.030400
0.922400 0.384800 0.022400
0.935200 0.384800 0.024800
0.898400 0.386400 0.013600
0.888000 0.387200 0.022400
