2617
2617
2617
2617
2617
2617
2623
2623
2622
2622
2622
2622
2622
2622
2622
2622
2620
2620
2620
2620
2620
2619
2620
2620
2618
2618
2618
2619
2619
2619
2619
2619
2619
2618
2618
2618
2618
2619
2619
2619
2619
2619
2619
2621
2621
2621
2621
2621
2621
2619
2619
2619
2613
2613
2613
2613
2613
2613
2613
2613
2613
2613
2613
2613
2613
2613
2613
2613
2613
2613
2613
2613
2613
2613
2613
2613
2613
2613
2613
2613
2613
2613
2613
2613
2613
2613
2613
2613
2613
2613
2613
2613
2613
2613
2613
2613
2613
2613
2613
2613
2613
2613
2613
2613
2613
2613
2613
2613
2627
2627
2627
2627
2627
2626
2627
2626
2626
2626
2626
2626
2625
2626
2626
2624
2613
2613
2613
2613
2613
2613
2613
2613
2613
2613
2613
2613
2613
2613
2613
2613
2613
2613
2613
2613
2613
2613
2613
2613
2613
2613
2613
2613
2613
2613
2613
2613
2613
2613
2613
2613
2613
2613
2613
2613
2613
2613
2613
2613
2613
2613
2613
2613
2613
2613
2613
2613
2613
2613
2613
2613
2613
2613
2613
2613
2613
2613
2613
2613
2613
2628
2628
2628
2628
2628
2628
2628
2628
2630
2630
2630
2630
2630
2628
2630
2630
2629
-1
2613
2613
2613
2613
2613
2613
2613
2613
2613
2613
2613
2613
2613
2613
2613
2613
2613
2613
2613
2613
2613
2613
2613
2613
2613
2613
2613
2613
2613
2613
2613
2613
2613
2613
2613
2613
2613
2613
2613
2613
2613
2613
2613
2613
2613
2613
2613
2613
2613
2613
2613
2613
2613
2613
2632
2632
2632
2632
2632
2631
2631
2633
2633
2633
2633
2632
2632
2632
2632
2632
2632
2632
2631
2631
2633
2633
2633
2632
2634
2633
2633
2634
2634
2634
2634
2634
2634
2634
2634
2634
2634
2613
2613
2613
2613
2613
2613
2613
2613
2613
2613
2613
2613
2613
2613
2613
2613
2613
2613
2613
2613
2613
2613
2613
2613
2613
2613
2613
2613
2613
2613
2613
2613
2613
2613
2613
2613
2613
2613
2613
2613
2613
2613
2613
2613
2613
2613
2613
2613
2613
2635
2635
2636
2638
2638
2638
2638
2635
2635
2635
2635
2636
2636
2638
2638
2638
2638
2635
2635
2635
2639
2639
2613
2613
2613
2613
2613
2613
2613
2613
2613
2613
2613
2613
2613
2613
2613
2613
2613
2613
2613
2613
2613
2613
2613
2613
2613
2613
2613
2613
2613
2613
2613
2613
2613
2613
2613
2613
2613
2613
2613
2613
2613
2613
2613
2613
2613
2613
2613
2613
2613
2613
2640
2642
2642
2641
2641
2641
2640
2640
2640
2642
2642
2642
2642
2641
2641
2641
2641
2640
2640
2640
2640
2640
2643
2643
2613
2613
2613
2613
2613
2613
2613
2613
2613
2613
2613
2613
2613
2613
2613
2613
2613
2613
2613
2613
2613
2613
2613
2613
2613
2613
2613
2613
2613
2613
2613
2613
2613
2613
2613
2613
2613
2613
2613
2613
2613
2613
2613
2613
2613
2613
2613
2613
2613
2613
2613
2613
2613
2613
2613
2616
2645
2645
2645
2645
2648
2616
2645
2648
2648
2648
2648
2648
2645
2645
2648
2648
2644
2648
2648
2648
2648
2648
2646
2647
2613
2613
2613
2613
2613
2613
2613
2613
2613
2613
2613
2613
2613
2613
2613
2613
2613
2613
2613
2613
2613
2613
2613
2613
2613
2613
2613
2613
2613
2613
2613
2613
2613
2613
2613
2613
2613
2613
2613
2613
2613
2613
2613
2613
2613
2613
2613
2613
2613
2613
2613
2614
2614
2614