759.000000 74.000000 17.000000
1069.000000 74.000000 17.000000
1078.000000 74.000000 31.000000
740.000000 75.000000 15.000000
750.000000 75.000000 7.000000
772.000000 75.000000 4.000000
779.000000 75.000000 14.000000
1093.000000 75.000000 20.000000
691.000000 76.000000 11.000000
706.000000 76.000000 14.000000
721.000000 76.000000 11.000000
734.000000 76.000000 14.000000
765.000000 76.000000 11.000000
789.000000 76.000000 14.000000
296.000000 77.000000 28.000000
307.000000 77.000000 22.000000
665.000000 77.000000 19.000000
677.000000 77.000000 11.000000
213.000000 78.000000 24.000000
277.000000 78.000000 11.000000
241.000000 79.000000 16.000000
261.000000 79.000000 11.000000
1015.000000 105.000000 7.000000
1041.000000 105.000000 11.000000
1006.000000 106.000000 14.000000
1026.000000 106.000000 17.000000
935.000000 107.000000 10.000000
950.000000 107.000000 9.000000
972.000000 107.000000 7.000000
990.000000 107.000000 14.000000
855.000000 108.000000 22.000000
869.000000 108.000000 9.000000
882.000000 108.000000 11.000000
897.000000 108.000000 9.000000
922.000000 108.000000 9.000000
961.000000 108.000000 7.000000
981.000000 108.000000 6.000000
999.000000 108.000000 4.000000
808.000000 109.000000 14.000000
909.000000 109.000000 7.000000
839.000000 110.000000 22.000000
738.000000 111.000000 19.000000
827.000000 111.000000 11.000000
732.000000 112.000000 13.000000
750.000000 112.000000 9.000000
775.000000 112.000000 19.000000
702.000000 113.000000 10.000000
717.000000 113.000000 11.000000
762.000000 113.000000 7.000000
476.000000 114.000000 17.000000
665.000000 114.000000 11.000000
677.000000 114.000000 9.000000
689.000000 114.000000 9.000000
187.000000 115.000000 20.000000
175.000000 116.000000 19.000000
447.000000 116.000000 14.000000
464.000000 116.000000 11.000000
1066.000000 120.000000 9.000000
1054.000000 121.000000 9.000000
1093.000000 121.000000 11.000000
1040.000000 122.000000 10.000000
1079.000000 122.000000 9.000000
1022.000000 132.000000 9.000000
600.000000 138.000000 4.000000
195.000000 140.000000 17.000000
254.000000 141.000000 11.000000
314.000000 141.000000 11.000000
267.000000 142.000000 7.000000
279.000000 142.000000 18.000000
336.000000 142.000000 17.000000
384.000000 142.000000 17.000000
588.000000 142.000000 11.000000
176.000000 143.000000 17.000000
218.000000 143.000000 14.000000
235.000000 143.000000 15.000000
287.000000 143.000000 26.000000
300.000000 143.000000 7.000000
359.000000 143.000000 16.000000
405.000000 143.000000 17.000000
451.000000 143.000000 17.000000
472.000000 143.000000 14.000000
493.000000 143.000000 14.000000
606.000000 143.000000 4.000000
699.000000 143.000000 12.000000
714.000000 143.000000 7.000000
906.000000 143.000000 14.000000
1069.000000 143.000000 17.000000
224.000000 144.000000 4.000000
425.000000 144.000000 28.000000
639.000000 144.000000 11.000000
662.000000 144.000000 17.000000
729.000000 144.000000 11.000000
747.000000 144.000000 14.000000
764.000000 144.000000 14.000000
1078.000000 144.000000 16.000000
516.000000 145.000000 24.000000
530.000000 145.000000 11.000000
547.000000 145.000000 14.000000
569.000000 145.000000 14.000000
628.000000 145.000000 7.000000
652.000000 145.000000 7.000000
680.000000 145.000000 11.000000
783.000000 145.000000 14.000000
800.000000 145.000000 14.000000
845.000000 145.000000 14.000000
884.000000 145.000000 14.000000
927.000000 145.000000 14.000000
950.000000 145.000000 16.000000
974.000000 145.000000 24.000000
982.000000 145.000000 21.000000
1043.000000 145.000000 19.000000
1058.000000 145.000000 7.000000
618.000000 146.000000 16.000000
862.000000 146.000000 14.000000
825.000000 147.000000 17.000000
1004.000000 147.000000 28.000000
1017.000000 147.000000 11.000000
876.000000 167.000000 10.000000
882.000000 167.000000 7.000000
911.000000 167.000000 7.000000
919.000000 167.000000 7.000000
927.000000 167.000000 7.000000
935.000000 167.000000 6.000000
893.000000 168.000000 7.000000
903.000000 168.000000 6.000000
700.000000 173.000000 14.000000
633.000000 174.000000 11.000000
646.000000 174.000000 11.000000
662.000000 174.000000 9.000000
677.000000 174.000000 9.000000
690.000000 174.000000 7.000000
951.000000 189.000000 4.000000
179.000000 190.000000 27.000000
198.000000 190.000000 31.000000
254.000000 190.000000 11.000000
265.000000 190.000000 31.000000
861.000000 190.000000 33.000000
945.000000 190.000000 4.000000
218.000000 191.000000 17.000000
308.000000 191.000000 17.000000
329.000000 191.000000 11.000000
237.000000 192.000000 11.000000
284.000000 192.000000 14.000000
365.000000 193.000000 11.000000
395.000000 193.000000 11.000000
841.000000 193.000000 14.000000
878.000000 193.000000 21.000000
346.000000 194.000000 14.000000
378.000000 194.000000 11.000000
430.000000 194.000000 14.000000
453.000000 194.000000 17.000000
517.000000 194.000000 31.000000
497.000000 195.000000 13.000000
695.000000 195.000000 11.000000
818.000000 195.000000 17.000000
884.000000 195.000000 17.000000
937.000000 195.000000 24.000000
414.000000 196.000000 11.000000
561.000000 196.000000 11.000000
711.000000 196.000000 11.000000
793.000000 196.000000 14.000000
964.000000 196.000000 21.000000
989.000000 196.000000 17.000000
1024.000000 196.000000 27.000000
478.000000 197.000000 14.000000
549.000000 197.000000 20.000000
573.000000 197.000000 21.000000
593.000000 197.000000 14.000000
659.000000 197.000000 17.000000
680.000000 197.000000 11.000000
727.000000 197.000000 14.000000
748.000000 197.000000 14.000000
770.000000 197.000000 15.000000
903.000000 197.000000 14.000000
923.000000 197.000000 27.000000
1009.000000 197.000000 11.000000
1033.000000 197.000000 7.000000
534.000000 198.000000 28.000000
613.000000 198.000000 14.000000
647.000000 198.000000 7.000000
633.000000 199.000000 14.000000
1045.000000 199.000000 7.000000
540.000000 200.000000 17.000000
1057.000000 200.000000 9.000000
1072.000000 201.000000 11.000000
1087.000000 202.000000 24.000000
235.000000 227.000000 14.000000
114.000000 239.000000 7.000000
126.000000 239.000000 9.000000
103.000000 240.000000 7.000000
151.000000 240.000000 11.000000
79.000000 241.000000 7.000000
90.000000 241.000000 9.000000
137.000000 241.000000 7.000000
43.000000 242.000000 15.000000
51.000000 242.000000 21.000000
65.000000 242.000000 9.000000
804.000000 242.000000 14.000000
173.000000 243.000000 16.000000
590.000000 243.000000 22.000000
237.000000 244.000000 17.000000
782.000000 244.000000 17.000000
850.000000 244.000000 20.000000
206.000000 245.000000 24.000000
219.000000 245.000000 11.000000
559.000000 245.000000 17.000000
572.000000 245.000000 7.000000
645.000000 245.000000 14.000000
185.000000 246.000000 26.000000
309.000000 246.000000 14.000000
326.000000 246.000000 14.000000
504.000000 246.000000 17.000000
696.000000 246.000000 14.000000
714.000000 246.000000 14.000000
860.000000 246.000000 4.000000
345.000000 247.000000 31.000000
404.000000 247.000000 7.000000
472.000000 247.000000 14.000000
531.000000 247.000000 17.000000
668.000000 247.000000 19.000000
739.000000 247.000000 31.000000
873.000000 247.000000 11.000000
892.000000 247.000000 17.000000
918.000000 247.000000 17.000000
968.000000 247.000000 21.000000
1050.000000 247.000000 17.000000
262.000000 248.000000 20.000000
444.000000 248.000000 9.000000
454.000000 248.000000 7.000000
621.000000 248.000000 17.000000
731.000000 248.000000 7.000000
757.000000 248.000000 24.000000
825.000000 248.000000 14.000000
944.000000 248.000000 17.000000
1021.000000 248.000000 21.000000
277.000000 249.000000 23.000000
290.000000 249.000000 11.000000
370.000000 249.000000 14.000000
390.000000 249.000000 14.000000
412.000000 249.000000 6.000000
430.000000 249.000000 9.000000
995.000000 249.000000 17.000000
420.000000 250.000000 6.000000
1071.000000 250.000000 14.000000
1089.000000 252.000000 28.000000
47.000000 264.000000 14.000000
73.000000 264.000000 17.000000
93.000000 264.000000 14.000000
122.000000 264.000000 15.000000
62.000000 265.000000 11.000000
104.000000 265.000000 4.000000
112.000000 266.000000 16.000000
207.000000 269.000000 11.000000
221.000000 270.000000 14.000000
456.000000 270.000000 11.000000
469.000000 270.000000 10.000000
484.000000 270.000000 8.000000
229.000000 271.000000 14.000000
501.000000 271.000000 11.000000
524.000000 271.000000 11.000000
536.000000 271.000000 14.000000
544.000000 271.000000 15.000000
566.000000 271.000000 5.000000
573.000000 271.000000 13.000000
241.000000 272.000000 9.000000
299.000000 272.000000 10.000000
311.000000 272.000000 10.000000
555.000000 272.000000 14.000000
257.000000 273.000000 10.000000
272.000000 273.000000 9.000000
287.000000 273.000000 9.000000
428.000000 275.000000 10.000000
707.000000 279.000000 12.000000
1046.000000 280.000000 14.000000
916.000000 281.000000 11.000000
928.000000 281.000000 7.000000
941.000000 281.000000 10.000000
1057.000000 281.000000 7.000000
1068.000000 281.000000 16.000000
746.000000 282.000000 7.000000
757.000000 282.000000 7.000000
956.000000 282.000000 11.000000
724.000000 283.000000 10.000000
738.000000 283.000000 11.000000
180.000000 291.000000 24.000000
193.000000 292.000000 31.000000
1030.000000 292.000000 10.000000
212.000000 295.000000 14.000000
242.000000 295.000000 21.000000
250.000000 295.000000 17.000000
464.000000 295.000000 11.000000
229.000000 297.000000 21.000000
262.000000 297.000000 28.000000
299.000000 297.000000 13.000000
321.000000 297.000000 16.000000
420.000000 297.000000 17.000000
447.000000 297.000000 24.000000
480.000000 297.000000 11.000000
500.000000 298.000000 19.000000
343.000000 299.000000 11.000000
389.000000 299.000000 7.000000
530.000000 299.000000 21.000000
279.000000 300.000000 14.000000
356.000000 300.000000 7.000000
377.000000 300.000000 7.000000
637.000000 300.000000 14.000000
659.000000 300.000000 14.000000
858.000000 300.000000 23.000000
402.000000 301.000000 11.000000
544.000000 301.000000 26.000000
562.000000 301.000000 14.000000
579.000000 301.000000 11.000000
605.000000 301.000000 11.000000
832.000000 301.000000 20.000000
366.000000 302.000000 7.000000
619.000000 302.000000 11.000000
594.000000 303.000000 9.000000
678.000000 303.000000 12.000000
698.000000 303.000000 14.000000
810.000000 303.000000 21.000000
782.000000 304.000000 7.000000
873.000000 304.000000 11.000000
886.000000 304.000000 17.000000
907.000000 304.000000 7.000000
981.000000 304.000000 11.000000
794.000000 305.000000 9.000000
925.000000 305.000000 14.000000
943.000000 305.000000 14.000000
1009.000000 305.000000 21.000000
721.000000 306.000000 14.000000
746.000000 307.000000 14.000000
769.000000 307.000000 21.000000
964.000000 307.000000 13.000000
994.000000 307.000000 7.000000
1020.000000 307.000000 9.000000
1031.000000 307.000000 6.000000
1059.000000 307.000000 14.000000
1083.000000 307.000000 17.000000
1041.000000 308.000000 7.000000
379.000000 325.000000 9.000000
392.000000 325.000000 7.000000
353.000000 327.000000 11.000000
366.000000 327.000000 9.000000
820.000000 329.000000 10.000000
837.000000 330.000000 9.000000
849.000000 331.000000 14.000000
178.000000 343.000000 24.000000
208.000000 344.000000 9.000000
196.000000 345.000000 7.000000
219.000000 345.000000 21.000000
278.000000 346.000000 16.000000
489.000000 347.000000 14.000000
238.000000 348.000000 14.000000
601.000000 348.000000 14.000000
623.000000 348.000000 11.000000
693.000000 348.000000 24.000000
297.000000 349.000000 21.000000
323.000000 349.000000 17.000000
351.000000 349.000000 15.000000
391.000000 349.000000 14.000000
412.000000 349.000000 14.000000
515.000000 349.000000 7.000000
582.000000 349.000000 14.000000
258.000000 350.000000 14.000000
312.000000 350.000000 21.000000
372.000000 350.000000 11.000000
430.000000 350.000000 14.000000
641.000000 350.000000 14.000000
666.000000 350.000000 19.000000
908.000000 350.000000 34.000000
304.000000 351.000000 4.000000
505.000000 351.000000 7.000000
564.000000 351.000000 14.000000
705.000000 351.000000 28.000000
732.000000 351.000000 17.000000
753.000000 351.000000 11.000000
771.000000 351.000000 27.000000
450.000000 352.000000 14.000000
470.000000 352.000000 14.000000
526.000000 352.000000 17.000000
784.000000 352.000000 25.000000
887.000000 352.000000 17.000000
544.000000 353.000000 17.000000
800.000000 353.000000 21.000000
814.000000 353.000000 7.000000
825.000000 353.000000 17.000000
866.000000 353.000000 14.000000
922.000000 354.000000 9.000000
844.000000 355.000000 14.000000
938.000000 355.000000 27.000000
969.000000 355.000000 5.000000
949.000000 356.000000 9.000000
960.000000 356.000000 7.000000
981.000000 356.000000 17.000000
1000.000000 356.000000 14.000000
1072.000000 356.000000 28.000000
1022.000000 357.000000 14.000000
1049.000000 357.000000 17.000000
279.000000 374.000000 9.000000
401.000000 374.000000 13.000000
290.000000 375.000000 4.000000
296.000000 375.000000 11.000000
339.000000 375.000000 11.000000
366.000000 375.000000 11.000000
410.000000 375.000000 7.000000
420.000000 375.000000 9.000000
493.000000 375.000000 9.000000
307.000000 376.000000 7.000000
353.000000 376.000000 8.000000
435.000000 376.000000 9.000000
449.000000 378.000000 10.000000
188.000000 395.000000 11.000000
176.000000 396.000000 20.000000
221.000000 396.000000 17.000000
240.000000 396.000000 28.000000
251.000000 396.000000 26.000000
304.000000 396.000000 14.000000
332.000000 396.000000 11.000000
202.000000 397.000000 21.000000
268.000000 397.000000 14.000000
288.000000 397.000000 13.000000
313.000000 397.000000 17.000000
374.000000 397.000000 13.000000
394.000000 397.000000 13.000000
495.000000 397.000000 12.000000
509.000000 397.000000 6.000000
353.000000 398.000000 13.000000
414.000000 398.000000 14.000000
529.000000 398.000000 17.000000
434.000000 399.000000 14.000000
456.000000 399.000000 14.000000
476.000000 399.000000 11.000000
518.000000 399.000000 7.000000
625.000000 399.000000 19.000000
651.000000 399.000000 21.000000
670.000000 399.000000 14.000000
751.000000 399.000000 21.000000
548.000000 400.000000 26.000000
565.000000 400.000000 24.000000
591.000000 400.000000 23.000000
775.000000 400.000000 14.000000
575.000000 401.000000 23.000000
727.000000 401.000000 16.000000
794.000000 401.000000 14.000000
814.000000 401.000000 14.000000
1078.000000 401.000000 26.000000
603.000000 402.000000 4.000000
611.000000 402.000000 7.000000
708.000000 402.000000 11.000000
691.000000 403.000000 14.000000
850.000000 403.000000 12.000000
888.000000 403.000000 14.000000
911.000000 403.000000 17.000000
943.000000 403.000000 21.000000
832.000000 404.000000 11.000000
870.000000 404.000000 14.000000
924.000000 404.000000 28.000000
980.000000 404.000000 9.000000
991.000000 404.000000 7.000000
999.000000 404.000000 4.000000
1019.000000 404.000000 18.000000
1041.000000 404.000000 14.000000
1058.000000 404.000000 14.000000
956.000000 405.000000 7.000000
967.000000 406.000000 9.000000
790.000000 425.000000 11.000000
802.000000 426.000000 9.000000
831.000000 426.000000 7.000000
842.000000 426.000000 7.000000
856.000000 426.000000 9.000000
870.000000 426.000000 9.000000
816.000000 427.000000 11.000000
886.000000 427.000000 9.000000
900.000000 427.000000 11.000000
583.000000 428.000000 11.000000
625.000000 428.000000 13.000000
912.000000 428.000000 9.000000
594.000000 429.000000 9.000000
607.000000 429.000000 12.000000
616.000000 429.000000 6.000000
670.000000 432.000000 11.000000
748.000000 434.000000 11.000000
182.000000 444.000000 28.000000
200.000000 447.000000 34.000000
214.000000 449.000000 24.000000
346.000000 449.000000 29.000000
235.000000 451.000000 17.000000
257.000000 451.000000 14.000000
327.000000 451.000000 14.000000
289.000000 452.000000 7.000000
307.000000 452.000000 14.000000
635.000000 452.000000 20.000000
277.000000 453.000000 17.000000
614.000000 453.000000 17.000000
934.000000 453.000000 17.000000
648.000000 454.000000 11.000000
746.000000 454.000000 14.000000
764.000000 454.000000 7.000000
967.000000 454.000000 28.000000
368.000000 455.000000 34.000000
383.000000 455.000000 26.000000
402.000000 455.000000 30.000000
466.000000 455.000000 11.000000
483.000000 455.000000 26.000000
490.000000 455.000000 17.000000
569.000000 455.000000 19.000000
702.000000 455.000000 23.000000
868.000000 455.000000 16.000000
956.000000 455.000000 7.000000
984.000000 455.000000 14.000000
1003.000000 455.000000 14.000000
1068.000000 455.000000 7.000000
412.000000 456.000000 21.000000
425.000000 456.000000 9.000000
436.000000 456.000000 6.000000
453.000000 456.000000 6.000000
510.000000 456.000000 17.000000
668.000000 456.000000 16.000000
691.000000 456.000000 18.000000
715.000000 456.000000 24.000000
731.000000 456.000000 11.000000
778.000000 456.000000 21.000000
787.000000 456.000000 21.000000
827.000000 456.000000 14.000000
847.000000 456.000000 14.000000
888.000000 456.000000 18.000000
913.000000 456.000000 17.000000
1025.000000 456.000000 14.000000
1044.000000 456.000000 11.000000
1059.000000 456.000000 28.000000
445.000000 457.000000 5.000000
537.000000 457.000000 21.000000
804.000000 457.000000 24.000000
1080.000000 457.000000 7.000000
593.000000 458.000000 17.000000
1090.000000 458.000000 27.000000
541.000000 481.000000 14.000000
559.000000 482.000000 14.000000
570.000000 483.000000 4.000000
615.000000 483.000000 10.000000
630.000000 483.000000 9.000000
641.000000 483.000000 11.000000
713.000000 483.000000 4.000000
578.000000 484.000000 7.000000
590.000000 484.000000 9.000000
601.000000 484.000000 11.000000
655.000000 484.000000 9.000000
668.000000 484.000000 7.000000
679.000000 484.000000 7.000000
689.000000 485.000000 7.000000
721.000000 485.000000 7.000000
703.000000 486.000000 11.000000
731.000000 487.000000 17.000000
