0.595200 0.039200 0.008800
0.641600 0.039200 0.009600
0.717600 0.039200 0.008800
0.741600 0.039200 0.013600
0.750400 0.039200 0.013600
0.605600 0.040000 0.016800
0.612800 0.040000 0.013600
0.618400 0.040000 0.018400
0.625600 0.040000 0.010400
0.653600 0.040000 0.007200
0.675200 0.040000 0.008800
0.704800 0.040000 0.008800
0.712000 0.040000 0.003200
0.728000 0.040000 0.007200
0.756800 0.040000 0.013600
0.790400 0.040000 0.008800
0.582400 0.040800 0.008800
0.663200 0.040800 0.008800
0.693600 0.040800 0.008800
0.767200 0.040800 0.008800
0.780000 0.040800 0.008800
0.800800 0.040800 0.008800
0.220000 0.052800 0.005600
0.159200 0.053600 0.016800
0.188000 0.053600 0.007200
0.198400 0.053600 0.008800
0.879200 0.053600 0.011200
0.176000 0.054400 0.008800
0.211200 0.054400 0.007200
0.865600 0.054400 0.032000
0.124000 0.079200 0.008800
0.143200 0.079200 0.005600
0.170400 0.079200 0.016800
0.110400 0.080000 0.020000
0.134400 0.080000 0.005600
0.156800 0.080000 0.009600
0.811200 0.088000 0.008800
0.776000 0.088800 0.005600
0.805600 0.088800 0.003200
0.768000 0.089600 0.005600
0.786400 0.089600 0.008000
0.797600 0.089600 0.010400
0.662400 0.090400 0.011200
0.672800 0.090400 0.008800
0.696000 0.090400 0.011200
0.707200 0.090400 0.011200
0.713600 0.090400 0.005600
0.752800 0.090400 0.005600
0.760000 0.090400 0.005600
0.656000 0.091200 0.005600
0.680800 0.091200 0.011200
0.744800 0.091200 0.005600
0.643200 0.092000 0.008800
0.688800 0.092000 0.003200
0.727200 0.092000 0.008800
0.736800 0.092000 0.005600
0.620000 0.092800 0.008800
0.630400 0.092800 0.008800
0.788800 0.109600 0.014400
0.796800 0.109600 0.013600
0.818400 0.109600 0.016000
0.830400 0.109600 0.008800
0.779200 0.110400 0.013600
0.808800 0.110400 0.008800
0.852000 0.110400 0.011200
0.872000 0.110400 0.012800
0.644800 0.111200 0.008800
0.710400 0.111200 0.012800
0.730400 0.111200 0.011200
0.748000 0.111200 0.013600
0.756800 0.111200 0.005600
0.766400 0.111200 0.013600
0.840000 0.111200 0.008800
0.656000 0.112000 0.008800
0.667200 0.112000 0.016000
0.673600 0.112000 0.015200
0.684000 0.112000 0.005600
0.572000 0.112800 0.016000
0.588800 0.112800 0.013600
0.597600 0.112800 0.016800
0.614400 0.112800 0.013600
0.630400 0.112800 0.010400
0.694400 0.112800 0.015200
0.562400 0.113600 0.005600
0.496800 0.114400 0.016800
0.540800 0.114400 0.005600
0.551200 0.114400 0.008800
0.527200 0.115200 0.018400
0.372000 0.116000 0.011200
0.386400 0.116000 0.024800
0.393600 0.116000 0.016800
0.445600 0.116000 0.008800
0.463200 0.116000 0.013600
0.477600 0.116000 0.025600
0.508000 0.116000 0.005600
0.516800 0.116000 0.007200
0.428000 0.116800 0.011200
0.487200 0.116800 0.017600
0.410400 0.117600 0.011200
0.324000 0.118400 0.012000
0.340800 0.118400 0.011200
0.355200 0.118400 0.008800
0.240800 0.119200 0.008800
0.251200 0.119200 0.005600
0.261600 0.119200 0.008000
0.305600 0.119200 0.013600
0.126400 0.120000 0.016800
0.148000 0.120000 0.016800
0.166400 0.120000 0.019200
0.178400 0.120000 0.008800
0.224800 0.120000 0.016800
0.272800 0.120000 0.005600
0.136000 0.120800 0.024800
0.188800 0.120800 0.008800
0.203200 0.120800 0.008800
0.213600 0.120800 0.005600
0.297600 0.120800 0.019200
0.284800 0.121600 0.011200
0.292000 0.121600 0.003200
0.900000 0.126400 0.011200
0.884000 0.127200 0.012800
0.894400 0.127200 0.020000
0.840800 0.128000 0.008000
0.853600 0.128000 0.008000
0.866400 0.128000 0.008800
0.793600 0.128800 0.008800
0.807200 0.128800 0.007200
0.818400 0.128800 0.007200
0.828800 0.128800 0.007200
0.781600 0.129600 0.008800
0.762400 0.148800 0.005600
0.740800 0.149600 0.016800
0.843200 0.149600 0.005600
0.606400 0.150400 0.007200
0.731200 0.150400 0.005600
0.753600 0.150400 0.007200
0.818400 0.150400 0.010400
0.854400 0.150400 0.011200
0.871200 0.150400 0.012000
0.596000 0.151200 0.016800
0.615200 0.151200 0.021600
0.628800 0.151200 0.011200
0.720800 0.151200 0.015200
0.785600 0.151200 0.012800
0.802400 0.151200 0.011200
0.832000 0.151200 0.008800
0.579200 0.152000 0.005600
0.587200 0.152000 0.005600
0.650400 0.152000 0.016000
0.668000 0.152000 0.011200
0.713600 0.152000 0.013600
0.528800 0.152800 0.011200
0.540800 0.152800 0.011200
0.568800 0.152800 0.008800
0.640000 0.152800 0.005600
0.684000 0.152800 0.008800
0.698400 0.152800 0.011200
0.770400 0.152800 0.004000
0.776000 0.152800 0.003200
0.499200 0.153600 0.013600
0.554400 0.153600 0.008800
0.313600 0.154400 0.020800
0.358400 0.154400 0.012800
0.378400 0.154400 0.013600
0.432800 0.154400 0.014400
0.448800 0.154400 0.011200
0.474400 0.154400 0.014400
0.484000 0.154400 0.007200
0.514400 0.154400 0.011200
0.327200 0.155200 0.011200
0.342400 0.155200 0.011200
0.396800 0.155200 0.008800
0.411200 0.155200 0.008800
0.422400 0.155200 0.005600
0.463200 0.155200 0.016800
0.235200 0.156000 0.024000
0.244000 0.156000 0.019200
0.257600 0.156000 0.022400
0.266400 0.156000 0.004800
0.274400 0.156000 0.022400
0.284000 0.156000 0.014400
0.303200 0.156000 0.016800
0.145600 0.156800 0.013600
0.288800 0.156800 0.019200
0.387200 0.156800 0.005600
0.171200 0.157600 0.013600
0.204800 0.157600 0.013600
0.220000 0.157600 0.011200
0.128000 0.158400 0.016800
0.187200 0.158400 0.011200
0.162400 0.159200 0.019200
0.888000 0.168000 0.013600
0.906400 0.168000 0.008800
0.820000 0.168800 0.008800
0.840000 0.168800 0.007200
0.864800 0.168800 0.007200
0.895200 0.168800 0.013600
0.829600 0.169600 0.005600
0.852800 0.169600 0.008000
0.877600 0.169600 0.008000
0.524000 0.170400 0.006400
0.534400 0.170400 0.005600
0.545600 0.170400 0.005600
0.552000 0.171200 0.003200
0.688000 0.171200 0.008000
0.707200 0.171200 0.011200
0.712800 0.171200 0.008800
0.722400 0.171200 0.006400
0.732800 0.171200 0.008000
0.394400 0.172000 0.008000
0.514400 0.172000 0.005600
0.698400 0.172000 0.006400
0.745600 0.172000 0.008800
0.372000 0.172800 0.005600
0.381600 0.172800 0.007200
0.407200 0.172800 0.006400
0.418400 0.172800 0.007200
0.429600 0.172800 0.007200
0.444800 0.172800 0.008800
0.351200 0.173600 0.008000
0.361600 0.173600 0.003200
0.456800 0.173600 0.007200
0.466400 0.173600 0.011200
0.472800 0.173600 0.010400
0.489600 0.173600 0.007200
0.498400 0.173600 0.005600
0.506400 0.173600 0.005600
0.480000 0.174400 0.004800
0.340800 0.175200 0.008000
0.611200 0.176000 0.008800
0.621600 0.176000 0.006400
0.632800 0.176000 0.005600
0.641600 0.176000 0.013600
0.557600 0.177600 0.008000
0.568800 0.177600 0.007200
0.580800 0.177600 0.007200
0.588800 0.177600 0.005600
0.597600 0.177600 0.008800
0.604000 0.177600 0.004800
0.184800 0.183200 0.006400
0.781600 0.189600 0.019200
0.805600 0.189600 0.008800
0.816800 0.189600 0.005600
0.846400 0.189600 0.008800
0.859200 0.189600 0.013600
0.866400 0.189600 0.013600
0.878400 0.189600 0.012800
0.732000 0.190400 0.012000
0.794400 0.190400 0.019200
0.824800 0.190400 0.013600
0.836000 0.190400 0.007200
0.293600 0.191200 0.022400
0.299200 0.191200 0.016800
0.496800 0.191200 0.012000
0.510400 0.191200 0.013600
0.517600 0.191200 0.012800
0.535200 0.191200 0.014400
0.545600 0.191200 0.005600
0.643200 0.191200 0.008800
0.670400 0.191200 0.011200
0.696800 0.191200 0.011200
0.710400 0.191200 0.011200
0.725600 0.191200 0.013600
0.745600 0.191200 0.013600
0.764800 0.191200 0.013600
0.385600 0.192000 0.011200
0.430400 0.192000 0.016800
0.438400 0.192000 0.013600
0.553600 0.192000 0.005600
0.603200 0.192000 0.008800
0.622400 0.192000 0.012800
0.684000 0.192000 0.008800
0.229600 0.192800 0.008800
0.267200 0.192800 0.020000
0.276800 0.192800 0.016800
0.328000 0.192800 0.008800
0.344800 0.192800 0.011200
0.401600 0.192800 0.011200
0.473600 0.192800 0.012000
0.568000 0.192800 0.010400
0.587200 0.192800 0.010400
0.654400 0.192800 0.008800
0.219200 0.193600 0.005600
0.255200 0.193600 0.008800
0.309600 0.193600 0.005600
0.318400 0.193600 0.015200
0.361600 0.193600 0.013600
0.416800 0.193600 0.011200
0.458400 0.193600 0.013600
0.242400 0.194400 0.008800
0.148000 0.195200 0.005600
0.176000 0.195200 0.012800
0.194400 0.195200 0.011200
0.210400 0.195200 0.013600
0.129600 0.196000 0.016000
0.158400 0.196000 0.016800
0.891200 0.206400 0.011200
0.884800 0.207200 0.005600
0.839200 0.208000 0.003200
0.831200 0.208800 0.010400
0.845600 0.208800 0.011200
0.856000 0.208800 0.007200
0.875200 0.208800 0.007200
0.775200 0.209600 0.008800
0.865600 0.209600 0.007200
0.553600 0.210400 0.008000
0.580800 0.210400 0.008800
0.732000 0.210400 0.007200
0.769600 0.210400 0.008800
0.565600 0.211200 0.008000
0.576000 0.211200 0.008800
0.608800 0.211200 0.008800
0.688000 0.211200 0.008000
0.698400 0.211200 0.008800
0.712800 0.211200 0.007200
0.721600 0.211200 0.005600
0.743200 0.211200 0.007200
0.752000 0.211200 0.011200
0.475200 0.212000 0.007200
0.484000 0.212000 0.005600
0.494400 0.212000 0.007200
0.531200 0.212000 0.008000
0.541600 0.212000 0.007200
0.592800 0.212000 0.008800
0.597600 0.212000 0.008800
0.757600 0.212000 0.009600
0.504000 0.212800 0.005600
0.512800 0.212800 0.005600
0.520800 0.213600 0.005600
0.800000 0.228800 0.011200
0.741600 0.229600 0.008800
0.789600 0.229600 0.008800
0.815200 0.229600 0.007200
0.824800 0.229600 0.005600
0.839200 0.229600 0.011200
0.854400 0.229600 0.008800
0.868800 0.229600 0.016800
0.876000 0.229600 0.013600
0.480000 0.230400 0.008800
0.712000 0.230400 0.011200
0.758400 0.230400 0.011200
0.774400 0.230400 0.008800
0.806400 0.230400 0.005600
0.244000 0.231200 0.019200
0.254400 0.231200 0.016800
0.259200 0.231200 0.022400
0.507200 0.231200 0.012800
0.685600 0.231200 0.013600
0.699200 0.231200 0.008800
0.732000 0.231200 0.005600
0.292000 0.232000 0.016800
0.382400 0.232000 0.016800
0.415200 0.232000 0.016800
0.450400 0.232000 0.008800
0.465600 0.232000 0.011200
0.490400 0.232000 0.015200
0.676800 0.232000 0.008800
0.720800 0.232000 0.008800
0.180800 0.232800 0.013600
0.228000 0.232800 0.013600
0.275200 0.232800 0.011200
0.301600 0.232800 0.022400
0.312800 0.232800 0.016800
0.330400 0.232800 0.008800
0.345600 0.232800 0.013600
0.431200 0.232800 0.012800
0.522400 0.232800 0.005600
0.662400 0.232800 0.009600
0.163200 0.233600 0.011200
0.205600 0.233600 0.013600
0.355200 0.233600 0.005600
0.369600 0.233600 0.011200
0.405600 0.233600 0.016000
0.536000 0.233600 0.016800
0.551200 0.233600 0.005600
0.614400 0.233600 0.011200
0.627200 0.233600 0.008800
0.391200 0.234400 0.015200
0.560800 0.234400 0.016800
0.572800 0.234400 0.007200
0.584000 0.234400 0.008800
0.195200 0.235200 0.007200
0.598400 0.235200 0.008800
0.637600 0.235200 0.004800
0.647200 0.236000 0.013600
0.127200 0.236800 0.013600
0.147200 0.236800 0.011200
0.812000 0.242400 0.005600
0.824000 0.243200 0.008800
0.828000 0.243200 0.007200
0.791200 0.244000 0.005600
0.803200 0.244000 0.005600
0.817600 0.244000 0.008800
0.769600 0.244800 0.005600
0.759200 0.245600 0.005600
0.780800 0.245600 0.005600
0.721600 0.246400 0.005600
0.741600 0.246400 0.005600
0.749600 0.246400 0.005600
0.689600 0.247200 0.007200
0.701600 0.247200 0.007200
0.712000 0.247200 0.005600
0.731200 0.247200 0.005600
0.666400 0.248800 0.007200
0.677600 0.248800 0.006400
0.484800 0.251200 0.007200
0.493600 0.251200 0.005600
0.340800 0.252000 0.007200
0.368000 0.252000 0.005600
0.397600 0.252000 0.008000
0.408000 0.252000 0.007200
0.472800 0.252000 0.007200
0.599200 0.252000 0.007200
0.632000 0.252000 0.007200
0.643200 0.252000 0.005600
0.657600 0.252000 0.004000
0.352000 0.252800 0.005600
0.359200 0.252800 0.005600
0.376800 0.252800 0.005600
0.420800 0.252800 0.008000
0.432000 0.252800 0.005600
0.440800 0.252800 0.007200
0.450400 0.252800 0.007200
0.462400 0.252800 0.006400
0.621600 0.252800 0.007200
0.651200 0.252800 0.005600
0.174400 0.253600 0.005600
0.242400 0.253600 0.008800
0.252000 0.253600 0.007200
0.385600 0.253600 0.005600
0.609600 0.253600 0.006400
0.131200 0.254400 0.005600
0.139200 0.254400 0.004000
0.145600 0.254400 0.005600
0.184000 0.254400 0.007200
0.207200 0.254400 0.008800
0.218400 0.254400 0.008800
0.229600 0.254400 0.008800
0.235200 0.254400 0.010400
0.154400 0.255200 0.005600
0.164800 0.255200 0.006400
0.198400 0.255200 0.008800
0.211200 0.255200 0.008800
0.122400 0.256000 0.007200
0.741600 0.256000 0.004000
0.749600 0.256000 0.004800
0.798400 0.263200 0.013600
0.812800 0.264000 0.005600
0.837600 0.264000 0.008800
0.759200 0.264800 0.012800
0.824800 0.264800 0.008800
0.852800 0.264800 0.011200
0.739200 0.266400 0.010400
0.778400 0.266400 0.013600
0.868000 0.266400 0.016800
0.661600 0.267200 0.012800
0.676800 0.267200 0.011200
0.725600 0.267200 0.008800
0.639200 0.268000 0.011200
0.711200 0.268000 0.008800
0.652800 0.268800 0.005600
0.689600 0.268800 0.016800
0.620800 0.269600 0.011200
0.700000 0.269600 0.008800
0.372000 0.270400 0.011200
0.561600 0.270400 0.011200
0.576000 0.270400 0.022400
0.588000 0.270400 0.019200
0.604000 0.270400 0.010400
0.326400 0.271200 0.011200
0.393600 0.271200 0.011200
0.479200 0.271200 0.011200
0.495200 0.271200 0.016000
0.514400 0.271200 0.008800
0.526400 0.271200 0.011200
0.543200 0.271200 0.011200
0.125600 0.272000 0.016800
0.217600 0.272000 0.005600
0.234400 0.272000 0.005600
0.297600 0.272000 0.005600
0.342400 0.272000 0.011200
0.355200 0.272000 0.008800
0.380000 0.272000 0.011200
0.412800 0.272000 0.013600
0.432000 0.272000 0.011200
0.448000 0.272000 0.011200
0.463200 0.272000 0.011200
0.136000 0.272800 0.016800
0.148800 0.272800 0.011200
0.165600 0.272800 0.008800
0.225600 0.272800 0.005600
0.243200 0.272800 0.014400
0.262400 0.272800 0.016800
0.277600 0.272800 0.011200
0.289600 0.272800 0.005600
0.309600 0.272800 0.009600
0.176800 0.273600 0.005600
0.186400 0.273600 0.007200
0.253600 0.273600 0.005600
0.196800 0.274400 0.016000
0.211200 0.275200 0.012000
0.726400 0.283200 0.011200
0.735200 0.284000 0.005600
0.743200 0.284000 0.006400
0.752800 0.284800 0.008800
0.766400 0.284800 0.008000
0.778400 0.284800 0.008000
0.801600 0.284800 0.005600
0.810400 0.284800 0.005600
0.817600 0.284800 0.005600
0.836000 0.284800 0.008000
0.786400 0.285600 0.003200
0.792800 0.285600 0.008800
0.824000 0.285600 0.005600
0.845600 0.285600 0.008000
0.859200 0.285600 0.007200
0.867200 0.285600 0.005600
0.883200 0.285600 0.005600
0.891200 0.285600 0.013600
0.875200 0.286400 0.005600
0.900000 0.286400 0.007200
0.920800 0.286400 0.005600
0.661600 0.287200 0.011200
0.911200 0.287200 0.015200
0.928800 0.287200 0.013600
0.653600 0.288000 0.005600
0.676000 0.288000 0.010400
0.683200 0.288000 0.008800
0.602400 0.288800 0.008800
0.616800 0.288800 0.008800
0.626400 0.288800 0.005600
0.636000 0.288800 0.005600
0.644800 0.288800 0.006400
0.295200 0.290400 0.008000
0.323200 0.290400 0.005600
0.359200 0.290400 0.008000
0.304000 0.291200 0.005600
0.313600 0.291200 0.005600
0.332800 0.291200 0.006400
0.341600 0.291200 0.005600
0.350400 0.291200 0.005600
0.441600 0.291200 0.008000
0.450400 0.292800 0.005600
0.459200 0.292800 0.005600
0.466400 0.292800 0.005600
0.472000 0.292800 0.009600
0.866400 0.304000 0.008800
0.750400 0.304800 0.019200
0.773600 0.304800 0.008800
0.842400 0.304800 0.008800
0.876800 0.304800 0.016000
0.721600 0.305600 0.008800
0.782400 0.305600 0.015200
0.828800 0.305600 0.008800
0.854400 0.305600 0.008800
0.559200 0.306400 0.019200
0.686400 0.306400 0.011200
0.700800 0.306400 0.022400
0.709600 0.306400 0.019200
0.735200 0.306400 0.011200
0.760000 0.306400 0.017600
0.800000 0.306400 0.013600
0.104800 0.307200 0.008800
0.544000 0.307200 0.010400
0.581600 0.307200 0.008800
0.635200 0.307200 0.011200
0.814400 0.307200 0.011200
0.093600 0.308000 0.007200
0.528000 0.308000 0.012800
0.571200 0.308000 0.007200
0.591200 0.308000 0.005600
0.604800 0.308000 0.010400
0.621600 0.308000 0.011200
0.627200 0.308000 0.013600
0.668800 0.308000 0.011200
0.038400 0.308800 0.008800
0.053600 0.308800 0.008800
0.065600 0.308800 0.007200
0.073600 0.308800 0.008000
0.084800 0.308800 0.005600
0.416000 0.308800 0.008800
0.472800 0.308800 0.011200
0.649600 0.308800 0.012800
0.026400 0.309600 0.008800
0.252000 0.309600 0.011200
0.267200 0.309600 0.022400
0.275200 0.309600 0.016800
0.425600 0.309600 0.019200
0.484000 0.309600 0.005600
0.495200 0.309600 0.008800
0.509600 0.309600 0.008800
0.125600 0.310400 0.013600
0.393600 0.310400 0.008800
0.404000 0.310400 0.007200
0.456800 0.310400 0.009600
0.140800 0.311200 0.011200
0.232800 0.311200 0.016800
0.301600 0.311200 0.012800
0.325600 0.311200 0.013600
0.348000 0.311200 0.013600
0.361600 0.311200 0.013600
0.371200 0.311200 0.004800
0.380000 0.311200 0.022400
0.440800 0.311200 0.011200
0.153600 0.312000 0.020800
0.180000 0.312000 0.005600
0.284800 0.312000 0.007200
0.338400 0.312000 0.005600
0.168800 0.312800 0.016800
0.188800 0.312800 0.005600
0.210400 0.312800 0.018400
0.219200 0.312800 0.026400
0.196000 0.313600 0.012800
0.074400 0.321600 0.006400
0.088800 0.321600 0.008800
0.098400 0.321600 0.007200
0.029600 0.322400 0.008000
0.064000 0.322400 0.006400
0.040000 0.323200 0.006400
0.049600 0.324000 0.011200
0.788000 0.325600 0.008800
0.799200 0.325600 0.007200
0.810400 0.325600 0.007200
0.823200 0.325600 0.005600
0.833600 0.325600 0.006400
0.844000 0.326400 0.006400
0.852000 0.326400 0.005600
0.860000 0.326400 0.005600
0.607200 0.327200 0.008000
0.509600 0.328000 0.007200
0.522400 0.328000 0.007200
0.532000 0.328000 0.008000
0.582400 0.328000 0.007200
0.592000 0.328000 0.008000
0.616800 0.328000 0.005600
0.632000 0.328000 0.008800
0.663200 0.328000 0.007200
0.498400 0.328800 0.007200
0.556800 0.328800 0.010400
0.564000 0.328800 0.005600
0.570400 0.328800 0.008800
0.641600 0.328800 0.005600
0.651200 0.328800 0.006400
0.674400 0.328800 0.005600
0.680000 0.328800 0.010400
0.283200 0.329600 0.008800
0.292000 0.329600 0.005600
0.311200 0.329600 0.005600
0.320800 0.329600 0.007200
0.333600 0.329600 0.007200
0.345600 0.329600 0.008800
0.352000 0.329600 0.008800
0.542400 0.329600 0.008000
0.301600 0.330400 0.006400
0.194400 0.335200 0.008000
0.140800 0.336000 0.008800
0.157600 0.336000 0.007200
0.176000 0.336000 0.007200
0.184800 0.336000 0.008000
0.128800 0.336800 0.005600
0.136000 0.336800 0.008800
0.147200 0.336800 0.008800
0.167200 0.336800 0.005600
0.101600 0.337600 0.012000
0.109600 0.337600 0.005600
0.119200 0.337600 0.005600
0.746400 0.344000 0.017600
0.836000 0.344000 0.005600
0.686400 0.344800 0.011200
0.720800 0.344800 0.011200
0.737600 0.344800 0.024800
0.824800 0.344800 0.008800
0.849600 0.344800 0.011200
0.857600 0.344800 0.005600
0.754400 0.345600 0.024800
0.768000 0.345600 0.013600
0.809600 0.345600 0.011200
0.502400 0.346400 0.013600
0.663200 0.346400 0.008800
0.674400 0.346400 0.008800
0.704000 0.346400 0.011200
0.790400 0.346400 0.013600
0.871200 0.346400 0.016800
0.494400 0.347200 0.016800
0.518400 0.347200 0.008800
0.588000 0.347200 0.004800
0.647200 0.347200 0.011200
0.479200 0.348000 0.016800
0.528800 0.348000 0.005600
0.571200 0.348000 0.008800
0.580800 0.348000 0.005600
0.596800 0.348000 0.012800
0.612800 0.348000 0.011200
0.629600 0.348000 0.011200
0.260000 0.348800 0.008800
0.269600 0.348800 0.016000
0.320000 0.348800 0.011200
0.446400 0.348800 0.013600
0.456800 0.348800 0.018400
0.552000 0.348800 0.015200
0.560000 0.348800 0.005600
0.186400 0.349600 0.028800
0.279200 0.349600 0.005600
0.338400 0.349600 0.011200
0.350400 0.349600 0.005600
0.361600 0.349600 0.008800
0.377600 0.349600 0.016800
0.413600 0.349600 0.011200
0.426400 0.349600 0.003200
0.538400 0.349600 0.008800
0.177600 0.350400 0.011200
0.249600 0.350400 0.022400
0.302400 0.350400 0.010400
0.399200 0.350400 0.013600
0.431200 0.350400 0.003200
0.436000 0.350400 0.003200
0.124000 0.351200 0.009600
0.140800 0.351200 0.011200
0.150400 0.351200 0.008800
0.163200 0.351200 0.008800
0.205600 0.351200 0.013600
0.222400 0.351200 0.011200
0.234400 0.351200 0.020800
0.243200 0.351200 0.003200
0.288000 0.351200 0.013600
0.388800 0.351200 0.019200
0.151200 0.421600 0.005600
0.208000 0.422400 0.016800
0.161600 0.423200 0.008800
0.136800 0.424000 0.012800
0.143200 0.424000 0.015200
0.196800 0.424000 0.027200
0.188800 0.424800 0.022400
