0.209600 0.036800 0.008800
0.283200 0.036800 0.008000
0.301600 0.036800 0.005600
0.220800 0.037600 0.020800
0.228000 0.037600 0.005600
0.235200 0.037600 0.011200
0.246400 0.037600 0.008800
0.267200 0.037600 0.015200
0.273600 0.037600 0.016800
0.292800 0.037600 0.005600
0.311200 0.037600 0.005600
0.328800 0.037600 0.005600
0.256800 0.038400 0.021600
0.320000 0.038400 0.005600
0.337600 0.038400 0.005600
0.344800 0.040000 0.005600
0.353600 0.040000 0.007200
0.166400 0.042400 0.018400
0.096000 0.043200 0.016800
0.129600 0.043200 0.008800
0.140800 0.043200 0.008800
0.156000 0.043200 0.008800
0.116000 0.044000 0.011200
0.838400 0.053600 0.011200
0.865600 0.053600 0.011200
0.852000 0.054400 0.009600
0.184800 0.073600 0.012000
0.169600 0.076000 0.011200
0.549600 0.076800 0.013600
0.490400 0.077600 0.008800
0.500000 0.077600 0.005600
0.508800 0.077600 0.013600
0.340800 0.078400 0.008800
0.350400 0.078400 0.005600
0.359200 0.078400 0.005600
0.574400 0.078400 0.012000
0.367200 0.079200 0.005600
0.375200 0.079200 0.012000
0.559200 0.079200 0.005600
0.566400 0.079200 0.005600
0.884000 0.084000 0.016000
0.832800 0.084800 0.012000
0.841600 0.084800 0.011200
0.853600 0.084800 0.016000
0.861600 0.084800 0.011200
0.876000 0.084800 0.019200
0.848000 0.085600 0.004000
0.161600 0.098400 0.040000
0.173600 0.098400 0.016800
0.144800 0.099200 0.014400
0.193600 0.099200 0.018400
0.206400 0.100000 0.005600
0.219200 0.100000 0.011200
0.236800 0.100000 0.011200
0.249600 0.100000 0.020800
0.272800 0.100000 0.019200
0.257600 0.100800 0.013600
0.313600 0.100800 0.016800
0.324800 0.100800 0.022400
0.336800 0.100800 0.018400
0.346400 0.101600 0.005600
0.354400 0.101600 0.013600
0.295200 0.102400 0.016800
0.394400 0.102400 0.005600
0.384000 0.103200 0.008800
0.284000 0.104000 0.005600
0.400000 0.104000 0.011200
0.412800 0.104000 0.016800
0.487200 0.104000 0.011200
0.504000 0.104000 0.013600
0.447200 0.104800 0.011200
0.473600 0.104800 0.005600
0.534400 0.104800 0.011200
0.550400 0.104800 0.011200
0.372000 0.105600 0.019200
0.420000 0.105600 0.004000
0.461600 0.105600 0.008800
0.521600 0.105600 0.008800
0.432000 0.106400 0.011200
0.567200 0.106400 0.011200
0.585600 0.106400 0.011200
0.598400 0.107200 0.005600
0.617600 0.107200 0.007200
0.640000 0.107200 0.016800
0.656800 0.107200 0.011200
0.669600 0.107200 0.008800
0.680800 0.107200 0.008800
0.698400 0.107200 0.012800
0.759200 0.107200 0.019200
0.606400 0.108000 0.016000
0.628000 0.108000 0.007200
0.726400 0.108000 0.007200
0.738400 0.108000 0.017600
0.770400 0.108000 0.005600
0.779200 0.108000 0.024800
0.792000 0.108000 0.011200
0.808000 0.108000 0.007200
0.714400 0.108800 0.009600
0.817600 0.108800 0.007200
0.832800 0.110400 0.011200
0.849600 0.110400 0.012800
0.865600 0.110400 0.013600
0.496000 0.128000 0.012800
0.489600 0.128800 0.011200
0.504800 0.128800 0.005600
0.512000 0.128800 0.005600
0.520800 0.128800 0.005600
0.535200 0.128800 0.011200
0.657600 0.128800 0.008800
0.527200 0.129600 0.005600
0.568800 0.129600 0.011200
0.576000 0.129600 0.005600
0.584000 0.129600 0.005600
0.667200 0.129600 0.008800
0.592800 0.130400 0.007200
0.605600 0.130400 0.011200
0.618400 0.130400 0.008800
0.628800 0.130400 0.008800
0.640000 0.130400 0.011200
0.644000 0.131200 0.008800
0.284000 0.132000 0.011200
0.274400 0.132800 0.008800
0.292800 0.132800 0.011200
0.301600 0.133600 0.003200
0.306400 0.133600 0.012800
0.313600 0.133600 0.010400
0.474400 0.135200 0.013600
0.445600 0.136000 0.013600
0.439200 0.136800 0.011200
0.456000 0.137600 0.005600
0.464800 0.137600 0.007200
0.224800 0.151200 0.011200
0.149600 0.152800 0.016800
0.162400 0.152800 0.025600
0.177600 0.152800 0.013600
0.204000 0.152800 0.005600
0.258400 0.152800 0.008800
0.272000 0.152800 0.013600
0.357600 0.152800 0.018400
0.240800 0.153600 0.011200
0.308000 0.153600 0.012800
0.399200 0.153600 0.005600
0.130400 0.154400 0.011200
0.195200 0.154400 0.022400
0.212000 0.154400 0.005600
0.290400 0.154400 0.013600
0.320800 0.154400 0.011200
0.335200 0.154400 0.008800
0.105600 0.155200 0.005600
0.114400 0.155200 0.005600
0.122400 0.155200 0.005600
0.368800 0.155200 0.008800
0.389600 0.155200 0.005600
0.097600 0.156000 0.008800
0.348800 0.156000 0.015200
0.380000 0.156000 0.005600
0.418400 0.156000 0.008800
0.427200 0.156000 0.013600
0.509600 0.156000 0.015200
0.050400 0.156800 0.007200
0.084000 0.156800 0.007200
0.406400 0.156800 0.005600
0.434400 0.156800 0.005600
0.443200 0.156800 0.012800
0.476800 0.156800 0.011200
0.489600 0.156800 0.005600
0.497600 0.156800 0.005600
0.060800 0.157600 0.008800
0.067200 0.157600 0.003200
0.073600 0.157600 0.005600
0.412800 0.157600 0.003200
0.459200 0.157600 0.011200
0.518400 0.157600 0.004000
0.582400 0.157600 0.008800
0.593600 0.157600 0.020800
0.689600 0.157600 0.027200
0.698400 0.157600 0.005600
0.040000 0.158400 0.007200
0.527200 0.158400 0.007200
0.536000 0.158400 0.007200
0.545600 0.158400 0.016000
0.556800 0.158400 0.018400
0.568000 0.158400 0.008800
0.668000 0.158400 0.022400
0.708000 0.158400 0.016800
0.030400 0.159200 0.008800
0.550400 0.159200 0.003200
0.607200 0.159200 0.011200
0.720000 0.159200 0.024800
0.814400 0.159200 0.019200
0.849600 0.159200 0.020000
0.638400 0.160000 0.010400
0.726400 0.160000 0.019200
0.752000 0.160000 0.011200
0.768800 0.160000 0.011200
0.794400 0.160000 0.018400
0.623200 0.160800 0.011200
0.652800 0.160800 0.010400
0.738400 0.160800 0.008800
0.783200 0.160800 0.008800
0.803200 0.160800 0.016800
0.842400 0.160800 0.027200
0.822400 0.161600 0.016000
0.111200 0.170400 0.008000
0.076000 0.171200 0.005600
0.099200 0.171200 0.008800
0.123200 0.171200 0.007200
0.134400 0.171200 0.008800
0.057600 0.172000 0.007200
0.068000 0.172000 0.005600
0.084800 0.172000 0.008800
0.031200 0.172800 0.009600
0.046400 0.172800 0.007200
0.222400 0.172800 0.011200
0.256000 0.172800 0.008000
0.294400 0.172800 0.007200
0.230400 0.173600 0.005600
0.238400 0.173600 0.005600
0.304800 0.173600 0.008800
0.246400 0.174400 0.007200
0.317600 0.174400 0.008800
0.323200 0.174400 0.005600
0.332000 0.175200 0.005600
0.341600 0.175200 0.005600
0.350400 0.176000 0.007200
0.360800 0.176000 0.005600
0.370400 0.176000 0.008800
0.485600 0.176800 0.011200
0.512000 0.177600 0.008800
0.492000 0.178400 0.012800
0.501600 0.178400 0.007200
0.086400 0.186400 0.004800
0.053600 0.187200 0.007200
0.061600 0.187200 0.005600
0.069600 0.187200 0.005600
0.079200 0.187200 0.011200
0.094400 0.187200 0.010400
0.152000 0.188800 0.024000
0.200000 0.191200 0.005600
0.265600 0.191200 0.011200
0.321600 0.191200 0.013600
0.168000 0.192000 0.011200
0.184000 0.192000 0.008800
0.287200 0.192000 0.015200
0.214400 0.192800 0.013600
0.224000 0.192800 0.005600
0.249600 0.192800 0.011200
0.279200 0.192800 0.020800
0.303200 0.192800 0.011200
0.315200 0.192800 0.013600
0.234400 0.193600 0.008800
0.331200 0.193600 0.005600
0.408800 0.193600 0.015200
0.193600 0.194400 0.005600
0.340800 0.194400 0.007200
0.402400 0.194400 0.021600
0.351200 0.195200 0.008800
0.373600 0.195200 0.008800
0.390400 0.195200 0.011200
0.361600 0.196000 0.005600
0.417600 0.196000 0.021600
0.429600 0.196800 0.016800
0.441600 0.197600 0.010400
0.448000 0.198400 0.004800
0.454400 0.198400 0.011200
0.464800 0.198400 0.007200
0.473600 0.198400 0.005600
0.492800 0.198400 0.015200
0.512800 0.198400 0.016000
0.538400 0.198400 0.019200
0.483200 0.199200 0.007200
0.504000 0.199200 0.016800
0.544800 0.199200 0.004000
0.552000 0.199200 0.005600
0.867200 0.199200 0.018400
0.872000 0.199200 0.011200
0.568000 0.200000 0.013600
0.657600 0.200000 0.016800
0.784800 0.200000 0.016000
0.857600 0.200000 0.013600
0.526400 0.200800 0.022400
0.673600 0.200800 0.024800
0.689600 0.200800 0.013600
0.726400 0.200800 0.011200
0.744000 0.200800 0.013600
0.808000 0.200800 0.013600
0.822400 0.200800 0.011200
0.841600 0.200800 0.012800
0.582400 0.201600 0.011200
0.624000 0.201600 0.020000
0.636000 0.201600 0.011200
0.708800 0.201600 0.013600
0.753600 0.201600 0.004000
0.763200 0.201600 0.016800
0.833600 0.201600 0.005600
0.598400 0.202400 0.008800
0.610400 0.202400 0.008800
0.579200 0.220000 0.007200
0.596000 0.220000 0.003200
0.588800 0.220800 0.008800
0.602400 0.220800 0.008800
0.168800 0.233600 0.011200
0.151200 0.234400 0.016800
0.183200 0.234400 0.008800
0.211200 0.234400 0.005600
0.204800 0.235200 0.003200
0.196000 0.236000 0.020800
0.227200 0.236000 0.013600
0.218400 0.236800 0.005600
0.242400 0.236800 0.013600
0.334400 0.236800 0.008800
0.260000 0.237600 0.024800
0.286400 0.237600 0.020800
0.298400 0.237600 0.019200
0.321600 0.237600 0.019200
0.315200 0.238400 0.013600
0.347200 0.238400 0.011200
0.363200 0.238400 0.013600
0.273600 0.239200 0.011200
0.425600 0.239200 0.013600
0.431200 0.239200 0.016800
0.535200 0.239200 0.008800
0.473600 0.240000 0.011200
0.498400 0.240000 0.016800
0.617600 0.240000 0.008800
0.775200 0.240000 0.015200
0.385600 0.240800 0.016800
0.405600 0.240800 0.016800
0.440800 0.240800 0.005600
0.489600 0.240800 0.016800
0.514400 0.240800 0.016800
0.523200 0.240800 0.019200
0.545600 0.240800 0.005600
0.553600 0.240800 0.005600
0.563200 0.240800 0.013600
0.579200 0.240800 0.011200
0.605600 0.240800 0.008800
0.647200 0.240800 0.008800
0.847200 0.240800 0.005600
0.863200 0.240800 0.020800
0.449600 0.241600 0.014400
0.455200 0.241600 0.003200
0.592800 0.242400 0.008800
0.629600 0.242400 0.019200
0.661600 0.242400 0.008800
0.673600 0.242400 0.022400
0.681600 0.242400 0.005600
0.703200 0.243200 0.008800
0.719200 0.243200 0.011200
0.736800 0.243200 0.011200
0.754400 0.243200 0.011200
0.838400 0.243200 0.027200
0.691200 0.244000 0.008800
0.799200 0.244000 0.016000
0.820000 0.244000 0.013600
0.151200 0.274400 0.023200
0.168000 0.275200 0.016800
0.428800 0.275200 0.008800
0.456800 0.275200 0.022400
0.278400 0.276000 0.018400
0.309600 0.276000 0.019200
0.442400 0.276000 0.011200
0.466400 0.276000 0.016800
0.476800 0.276000 0.005600
0.178400 0.276800 0.005600
0.218400 0.276800 0.008800
0.232000 0.276800 0.008800
0.269600 0.276800 0.013600
0.300800 0.276800 0.019200
0.392000 0.276800 0.006400
0.415200 0.276800 0.008800
0.483200 0.276800 0.021600
0.493600 0.276800 0.022400
0.544000 0.276800 0.013600
0.190400 0.277600 0.016800
0.252000 0.277600 0.013600
0.318400 0.277600 0.024000
0.364000 0.277600 0.008800
0.381600 0.277600 0.015200
0.400000 0.277600 0.013600
0.404800 0.277600 0.003200
0.524800 0.277600 0.011200
0.568800 0.277600 0.016800
0.608000 0.277600 0.022400
0.208000 0.278400 0.008800
0.288800 0.278400 0.019200
0.352800 0.278400 0.021600
0.376000 0.278400 0.020800
0.508800 0.278400 0.011200
0.592000 0.278400 0.019200
0.707200 0.278400 0.024000
0.716800 0.278400 0.018400
0.337600 0.279200 0.022400
0.617600 0.279200 0.008800
0.670400 0.279200 0.016000
0.680800 0.279200 0.005600
0.691200 0.279200 0.019200
0.760000 0.279200 0.013600
0.630400 0.280000 0.008800
0.644000 0.280000 0.019200
0.799200 0.280000 0.011200
0.812800 0.280000 0.008800
0.828000 0.280000 0.012800
0.844000 0.280000 0.024800
0.728000 0.280800 0.007200
0.740800 0.280800 0.011200
0.776000 0.280800 0.028800
0.787200 0.280800 0.020000
0.657600 0.281600 0.019200
0.857600 0.282400 0.019200
0.672800 0.302400 0.011200
0.631200 0.303200 0.005600
0.637600 0.303200 0.005600
0.644800 0.303200 0.008800
0.654400 0.303200 0.007200
0.664800 0.304000 0.013600
0.115200 0.312000 0.008800
0.059200 0.312800 0.016800
0.070400 0.312800 0.008800
0.104800 0.312800 0.006400
0.125600 0.312800 0.008800
0.164800 0.312800 0.005600
0.051200 0.313600 0.005600
0.080000 0.313600 0.013600
0.089600 0.313600 0.016800
0.096800 0.313600 0.013600
0.032800 0.314400 0.014400
0.041600 0.314400 0.015200
0.151200 0.314400 0.019200
0.223200 0.314400 0.013600
0.300800 0.314400 0.015200
0.176800 0.316000 0.020800
0.241600 0.316000 0.013600
0.328000 0.316000 0.005600
0.337600 0.316000 0.005600
0.260800 0.316800 0.011200
0.280000 0.316800 0.013600
0.311200 0.316800 0.004800
0.348000 0.316800 0.008800
0.359200 0.316800 0.008800
0.190400 0.317600 0.024000
0.203200 0.317600 0.013600
0.318400 0.317600 0.005600
0.372000 0.317600 0.008800
0.387200 0.318400 0.010400
0.400800 0.318400 0.008800
0.412000 0.319200 0.019200
0.478400 0.319200 0.026400
0.428800 0.320000 0.013600
0.448000 0.320000 0.013600
0.523200 0.320000 0.011200
0.569600 0.320000 0.011200
0.463200 0.320800 0.011200
0.498400 0.320800 0.019200
0.509600 0.320800 0.008800
0.539200 0.320800 0.013600
0.693600 0.320800 0.011200
0.708000 0.320800 0.008800
0.722400 0.320800 0.020800
0.555200 0.321600 0.011200
0.732800 0.321600 0.008800
0.744800 0.322400 0.016800
0.779200 0.322400 0.022400
0.649600 0.323200 0.005600
0.674400 0.323200 0.011200
0.788800 0.323200 0.022400
0.867200 0.323200 0.017600
0.586400 0.324000 0.011200
0.604000 0.324000 0.013600
0.623200 0.324000 0.011200
0.640000 0.324000 0.008800
0.764000 0.324000 0.011200
0.803200 0.324800 0.011200
0.823200 0.324800 0.016800
0.856800 0.324800 0.008800
0.656800 0.325600 0.011200
0.660800 0.325600 0.008800
0.836000 0.326400 0.005600
0.844800 0.326400 0.016800
0.624800 0.341600 0.008800
0.636800 0.341600 0.008800
0.224800 0.356000 0.024800
0.300800 0.357600 0.011200
0.162400 0.358400 0.005600
0.175200 0.358400 0.010400
0.209600 0.358400 0.011200
0.233600 0.358400 0.020800
0.262400 0.358400 0.011200
0.271200 0.358400 0.022400
0.285600 0.358400 0.008800
0.316000 0.358400 0.008800
0.340000 0.358400 0.011200
0.150400 0.359200 0.016800
0.191200 0.359200 0.011200
0.275200 0.359200 0.008800
0.326400 0.359200 0.008800
0.356000 0.359200 0.008800
0.372800 0.359200 0.012800
0.248000 0.360000 0.011200
0.256800 0.360000 0.022400
0.388000 0.360800 0.009600
0.403200 0.361600 0.012800
0.426400 0.361600 0.013600
0.469600 0.361600 0.013600
0.483200 0.361600 0.008800
0.520800 0.361600 0.005600
0.736000 0.361600 0.005600
0.495200 0.362400 0.008800
0.684800 0.362400 0.011200
0.717600 0.362400 0.008800
0.728000 0.362400 0.005600
0.452800 0.363200 0.005600
0.460800 0.363200 0.005600
0.508000 0.363200 0.009600
0.528800 0.363200 0.003200
0.536800 0.363200 0.013600
0.588000 0.363200 0.008800
0.700800 0.363200 0.011200
0.442400 0.364000 0.008800
0.551200 0.364000 0.011200
0.579200 0.364000 0.007200
0.626400 0.364000 0.008800
0.639200 0.364000 0.010400
0.669600 0.364000 0.013600
0.744000 0.364000 0.013600
0.566400 0.364800 0.008800
0.644000 0.364800 0.005600
0.660800 0.364800 0.007200
0.801600 0.364800 0.005600
0.615200 0.365600 0.020800
0.652000 0.365600 0.005600
0.760800 0.365600 0.011200
0.775200 0.365600 0.011200
0.790400 0.365600 0.024000
0.808800 0.365600 0.005600
0.820800 0.365600 0.011200
0.603200 0.366400 0.004000
0.608800 0.366400 0.003200
0.597600 0.367200 0.008800
0.836000 0.367200 0.011200
0.849600 0.368000 0.021600
0.668000 0.383200 0.012800
0.677600 0.383200 0.008800
0.661600 0.384000 0.011200
0.683200 0.384000 0.004800
0.692800 0.384000 0.008000
0.704800 0.384000 0.005600
0.908800 0.384000 0.012800
0.926400 0.384000 0.010400
0.939200 0.384000 0.008800
0.712000 0.384800 0.005600
0.721600 0.384800 0.008000
0.733600 0.386400 0.007200
0.432800 0.395200 0.013600
0.916800 0.408000 0.018400
