0.588800 0.022400 0.005600
0.604000 0.023200 0.005600
0.750400 0.032000 0.010400
0.784000 0.032000 0.005600
0.810400 0.032000 0.006400
0.563200 0.032800 0.009600
0.629600 0.032800 0.008000
0.643200 0.032800 0.008800
0.656800 0.032800 0.008800
0.669600 0.032800 0.008800
0.681600 0.032800 0.003200
0.686400 0.032800 0.008800
0.692800 0.032800 0.003200
0.703200 0.032800 0.005600
0.710400 0.032800 0.005600
0.716000 0.032800 0.008800
0.743200 0.032800 0.008800
0.756000 0.032800 0.008800
0.764800 0.032800 0.005600
0.774400 0.032800 0.007200
0.792800 0.032800 0.005600
0.800800 0.032800 0.005600
0.819200 0.032800 0.005600
0.827200 0.032800 0.012800
0.838400 0.032800 0.008800
0.568000 0.033600 0.008800
0.576800 0.033600 0.005600
0.588000 0.033600 0.007200
0.611200 0.033600 0.010400
0.676000 0.033600 0.003200
0.730400 0.033600 0.008800
0.517600 0.034400 0.008800
0.525600 0.034400 0.005600
0.533600 0.034400 0.005600
0.544800 0.034400 0.008000
0.555200 0.034400 0.007200
0.597600 0.034400 0.005600
0.849600 0.034400 0.005600
0.856000 0.034400 0.010400
0.371200 0.035200 0.008000
0.488800 0.035200 0.005600
0.497600 0.035200 0.005600
0.507200 0.035200 0.007200
0.618400 0.035200 0.005600
0.328800 0.036000 0.007200
0.340000 0.036000 0.006400
0.358400 0.036000 0.005600
0.391200 0.036000 0.005600
0.425600 0.036000 0.006400
0.436000 0.036000 0.008000
0.446400 0.036000 0.003200
0.452000 0.036000 0.008000
0.461600 0.036000 0.006400
0.472000 0.036000 0.005600
0.480000 0.036000 0.005600
0.276000 0.036800 0.006400
0.286400 0.036800 0.007200
0.296800 0.036800 0.005600
0.306400 0.036800 0.007200
0.315200 0.036800 0.010400
0.320000 0.036800 0.008800
0.349600 0.036800 0.005600
0.381600 0.036800 0.005600
0.400000 0.036800 0.005600
0.412800 0.036800 0.008000
0.265600 0.037600 0.006400
0.223200 0.038400 0.007200
0.232000 0.038400 0.005600
0.238400 0.038400 0.005600
0.247200 0.038400 0.005600
0.256000 0.038400 0.005600
0.192000 0.039200 0.005600
0.200800 0.039200 0.005600
0.211200 0.039200 0.007200
0.167200 0.040000 0.008800
0.184000 0.040000 0.004800
0.176800 0.040800 0.005600
0.754400 0.046400 0.005600
0.629600 0.047200 0.007200
0.674400 0.047200 0.007200
0.714400 0.047200 0.008000
0.724800 0.047200 0.007200
0.734400 0.047200 0.007200
0.744800 0.047200 0.007200
0.764000 0.047200 0.005600
0.773600 0.047200 0.007200
0.784000 0.047200 0.007200
0.424800 0.048000 0.007200
0.448000 0.048000 0.008000
0.457600 0.048000 0.007200
0.515200 0.048000 0.008000
0.536000 0.048000 0.007200
0.546400 0.048000 0.008000
0.571200 0.048000 0.005600
0.580000 0.048000 0.005600
0.592000 0.048000 0.007200
0.601600 0.048000 0.005600
0.608000 0.048000 0.007200
0.643200 0.048000 0.008000
0.654400 0.048000 0.006400
0.664800 0.048000 0.005600
0.685600 0.048000 0.007200
0.699200 0.048000 0.008000
0.796000 0.048000 0.008000
0.800800 0.048000 0.003200
0.809600 0.048000 0.007200
0.820000 0.048000 0.005600
0.837600 0.048000 0.008800
0.852000 0.048000 0.008800
0.390400 0.048800 0.005600
0.409600 0.048800 0.007200
0.419200 0.048800 0.003200
0.434400 0.048800 0.005600
0.443200 0.048800 0.008800
0.464800 0.048800 0.003200
0.472800 0.048800 0.006400
0.483200 0.048800 0.007200
0.498400 0.048800 0.005600
0.504800 0.048800 0.008800
0.525600 0.048800 0.007200
0.560800 0.048800 0.007200
0.619200 0.048800 0.005600
0.827200 0.048800 0.008800
0.348000 0.049600 0.008000
0.359200 0.049600 0.007200
0.372000 0.049600 0.007200
0.381600 0.049600 0.005600
0.399200 0.049600 0.005600
0.336800 0.050400 0.010400
0.277600 0.051200 0.008000
0.296800 0.051200 0.005600
0.311200 0.051200 0.008800
0.321600 0.051200 0.008800
0.330400 0.051200 0.005600
0.265600 0.052000 0.008800
0.287200 0.052000 0.007200
0.303200 0.052000 0.004000
0.224800 0.052800 0.008800
0.238400 0.052800 0.008000
0.260800 0.052800 0.010400
0.252800 0.053600 0.008800
0.174400 0.054400 0.003200
0.180800 0.054400 0.005600
0.204000 0.054400 0.005600
0.214400 0.054400 0.007200
0.164800 0.055200 0.008000
0.190400 0.055200 0.008800
0.196000 0.055200 0.005600
0.663200 0.061600 0.008800
0.489600 0.062400 0.008000
0.500800 0.062400 0.006400
0.528000 0.062400 0.005600
0.537600 0.062400 0.007200
0.550400 0.062400 0.007200
0.580800 0.062400 0.007200
0.636800 0.062400 0.009600
0.670400 0.062400 0.003200
0.676000 0.062400 0.008800
0.689600 0.062400 0.011200
0.699200 0.062400 0.008000
0.712800 0.062400 0.007200
0.724000 0.062400 0.007200
0.804800 0.062400 0.007200
0.816000 0.062400 0.007200
0.419200 0.063200 0.008800
0.448000 0.063200 0.005600
0.456000 0.063200 0.005600
0.466400 0.063200 0.007200
0.476800 0.063200 0.007200
0.511200 0.063200 0.006400
0.520800 0.063200 0.005600
0.559200 0.063200 0.007200
0.570400 0.063200 0.007200
0.592000 0.063200 0.007200
0.602400 0.063200 0.008000
0.642400 0.063200 0.009600
0.652000 0.063200 0.007200
0.734400 0.063200 0.007200
0.745600 0.063200 0.008800
0.754400 0.063200 0.005600
0.764000 0.063200 0.007200
0.772000 0.063200 0.003200
0.782400 0.063200 0.008800
0.792800 0.063200 0.007200
0.827200 0.063200 0.007200
0.836800 0.063200 0.005600
0.844800 0.063200 0.005600
0.401600 0.064000 0.006400
0.410400 0.064000 0.005600
0.437600 0.064000 0.008800
0.613600 0.064000 0.007200
0.623200 0.064000 0.008800
0.629600 0.064000 0.004000
0.855200 0.064000 0.008000
0.392000 0.064800 0.008000
0.347200 0.065600 0.008800
0.357600 0.065600 0.008800
0.375200 0.065600 0.008800
0.381600 0.065600 0.005600
0.341600 0.066400 0.005600
0.274400 0.067200 0.008800
0.306400 0.067200 0.008800
0.333600 0.067200 0.009600
0.251200 0.068000 0.007200
0.260800 0.068000 0.007200
0.283200 0.068000 0.005600
0.291200 0.068000 0.005600
0.300000 0.068000 0.005600
0.318400 0.068000 0.008000
0.328000 0.068000 0.008800
0.200000 0.068800 0.005600
0.208000 0.068800 0.005600
0.216800 0.068800 0.005600
0.225600 0.068800 0.005600
0.234400 0.068800 0.007200
0.243200 0.068800 0.005600
0.269600 0.068800 0.008800
0.163200 0.069600 0.011200
0.170400 0.069600 0.005600
0.177600 0.069600 0.003200
0.183200 0.069600 0.008800
0.191200 0.069600 0.005600
0.463200 0.076000 0.008800
0.476800 0.076000 0.007200
0.486400 0.076000 0.005600
0.536800 0.076000 0.007200
0.548800 0.076000 0.005600
0.569600 0.076000 0.004800
0.576800 0.076000 0.005600
0.635200 0.076000 0.009600
0.457600 0.076800 0.008800
0.495200 0.076800 0.005600
0.504800 0.076800 0.007200
0.515200 0.076800 0.008000
0.527200 0.076800 0.005600
0.556000 0.076800 0.011200
0.564000 0.076800 0.008800
0.585600 0.076800 0.005600
0.596800 0.076800 0.008000
0.620800 0.076800 0.005600
0.629600 0.076800 0.005600
0.429600 0.077600 0.010400
0.436000 0.077600 0.008800
0.445600 0.077600 0.007200
0.604800 0.077600 0.005600
0.612800 0.077600 0.005600
0.378400 0.078400 0.006400
0.390400 0.078400 0.007200
0.400800 0.078400 0.005600
0.408800 0.078400 0.005600
0.420000 0.078400 0.008000
0.300800 0.080000 0.007200
0.312800 0.080000 0.007200
0.332000 0.080000 0.006400
0.344800 0.080000 0.007200
0.354400 0.080000 0.005600
0.364000 0.080000 0.008800
0.323200 0.080800 0.005600
0.278400 0.081600 0.007200
0.288800 0.081600 0.005600
0.197600 0.082400 0.005600
0.216000 0.082400 0.006400
0.258400 0.082400 0.005600
0.268000 0.082400 0.005600
0.190400 0.083200 0.003200
0.206400 0.083200 0.005600
0.237600 0.083200 0.007200
0.248000 0.083200 0.007200
0.165600 0.084000 0.008800
0.226400 0.084000 0.007200
0.176000 0.084800 0.008800
0.184000 0.084800 0.005600
0.094400 0.087200 0.008800
0.104000 0.087200 0.007200
0.124800 0.087200 0.005600
0.064000 0.088000 0.024800
0.116000 0.088000 0.007200
0.080000 0.088800 0.009600
0.899200 0.089600 0.008800
0.884800 0.090400 0.011200
0.910400 0.090400 0.019200
0.722400 0.101600 0.008000
0.692000 0.103200 0.005600
0.700800 0.103200 0.005600
0.711200 0.103200 0.005600
0.666400 0.104800 0.011200
0.657600 0.105600 0.004800
0.650400 0.106400 0.005600
0.550400 0.113600 0.027200
0.560800 0.114400 0.005600
0.637600 0.115200 0.008800
0.764800 0.115200 0.011200
0.824000 0.115200 0.027200
0.532000 0.116000 0.013600
0.613600 0.116000 0.011200
0.625600 0.116000 0.007200
0.750400 0.116000 0.011200
0.794400 0.116000 0.013600
0.812000 0.116000 0.026400
0.337600 0.116800 0.011200
0.354400 0.116800 0.013600
0.568800 0.116800 0.005600
0.600800 0.116800 0.029600
0.725600 0.116800 0.008800
0.736000 0.116800 0.005600
0.743200 0.116800 0.004800
0.779200 0.116800 0.008800
0.268800 0.117600 0.008800
0.391200 0.117600 0.027200
0.503200 0.117600 0.008800
0.581600 0.117600 0.008800
0.593600 0.117600 0.022400
0.681600 0.117600 0.008800
0.694400 0.117600 0.008800
0.712800 0.117600 0.010400
0.280000 0.118400 0.018400
0.304800 0.118400 0.013600
0.322400 0.118400 0.026400
0.483200 0.118400 0.007200
0.648000 0.118400 0.005600
0.833600 0.118400 0.005600
0.845600 0.118400 0.016800
0.856000 0.118400 0.005600
0.864800 0.118400 0.015200
0.257600 0.119200 0.008800
0.288000 0.119200 0.016800
0.373600 0.119200 0.013600
0.402400 0.119200 0.024800
0.446400 0.119200 0.008800
0.461600 0.119200 0.021600
0.474400 0.119200 0.008800
0.492800 0.119200 0.005600
0.657600 0.119200 0.008000
0.670400 0.119200 0.008800
0.869600 0.119200 0.011200
0.205600 0.120000 0.011200
0.220000 0.120000 0.011200
0.247200 0.120000 0.005600
0.411200 0.120000 0.004800
0.420800 0.120000 0.021600
0.433600 0.120000 0.008800
0.515200 0.120800 0.008800
0.236800 0.121600 0.016800
0.149600 0.122400 0.010400
0.164800 0.122400 0.011200
0.191200 0.123200 0.008000
0.179200 0.124000 0.020800
0.748000 0.134400 0.008800
0.758400 0.134400 0.008800
0.733600 0.137600 0.008800
0.776800 0.151200 0.007200
0.849600 0.152800 0.019200
0.765600 0.153600 0.009600
0.831200 0.153600 0.013600
0.789600 0.154400 0.011200
0.803200 0.154400 0.021600
0.674400 0.155200 0.013600
0.735200 0.155200 0.011200
0.814400 0.155200 0.019200
0.656000 0.156000 0.016800
0.693600 0.156000 0.011200
0.750400 0.156000 0.011200
0.521600 0.156800 0.005600
0.549600 0.156800 0.014400
0.630400 0.156800 0.019200
0.644800 0.156800 0.022400
0.709600 0.156800 0.013600
0.723200 0.156800 0.022400
0.512800 0.157600 0.005600
0.531200 0.157600 0.016800
0.541600 0.157600 0.007200
0.592000 0.157600 0.020800
0.568000 0.158400 0.022400
0.581600 0.158400 0.008800
0.607200 0.158400 0.008800
0.617600 0.158400 0.007200
0.163200 0.159200 0.024800
0.246400 0.159200 0.013600
0.450400 0.159200 0.016800
0.488000 0.159200 0.011200
0.502400 0.159200 0.008800
0.280800 0.160000 0.013600
0.441600 0.160000 0.005600
0.472800 0.160000 0.011200
0.199200 0.160800 0.011200
0.229600 0.160800 0.013600
0.262400 0.160800 0.011200
0.332000 0.160800 0.008800
0.394400 0.160800 0.008800
0.408000 0.160800 0.008800
0.422400 0.160800 0.008800
0.460800 0.160800 0.021600
0.180000 0.161600 0.013600
0.296800 0.161600 0.016800
0.344000 0.161600 0.021600
0.432800 0.161600 0.005600
0.359200 0.162400 0.020800
0.381600 0.162400 0.008800
0.214400 0.163200 0.011200
0.304800 0.163200 0.022400
0.318400 0.163200 0.011200
0.369600 0.164000 0.008800
0.436000 0.179200 0.005600
0.441600 0.179200 0.008800
0.418400 0.180000 0.007200
0.428800 0.180000 0.005600
0.875200 0.190400 0.008800
0.885600 0.190400 0.008000
0.869600 0.191200 0.008800
0.919200 0.191200 0.008000
0.929600 0.191200 0.007200
0.939200 0.191200 0.007200
0.892000 0.192000 0.008800
0.896800 0.192000 0.008800
0.904000 0.192000 0.008800
0.948000 0.192000 0.008800
0.955200 0.192000 0.010400
0.973600 0.192000 0.009600
0.525600 0.192800 0.024800
0.962400 0.192800 0.008800
0.600000 0.193600 0.024800
0.610400 0.193600 0.005600
0.542400 0.194400 0.011200
0.557600 0.194400 0.011200
0.634400 0.194400 0.012800
0.669600 0.194400 0.027200
0.391200 0.195200 0.022400
0.509600 0.195200 0.011200
0.573600 0.195200 0.024800
0.784800 0.195200 0.022400
0.400800 0.196000 0.017600
0.435200 0.196000 0.013600
0.476000 0.196000 0.013600
0.492800 0.196000 0.011200
0.588000 0.196000 0.024800
0.617600 0.196000 0.024800
0.652000 0.196000 0.013600
0.799200 0.196000 0.021600
0.852800 0.196000 0.013600
0.457600 0.196800 0.013600
0.688800 0.196800 0.019200
0.772800 0.196800 0.021600
0.806400 0.196800 0.005600
0.817600 0.196800 0.016800
0.835200 0.196800 0.016800
0.420800 0.197600 0.013600
0.722400 0.197600 0.016800
0.730400 0.197600 0.016800
0.742400 0.197600 0.024800
0.758400 0.197600 0.022400
0.303200 0.198400 0.022400
0.377600 0.198400 0.008800
0.700800 0.198400 0.008800
0.328800 0.199200 0.005600
0.712800 0.199200 0.008800
0.196000 0.200000 0.011200
0.261600 0.200000 0.024000
0.319200 0.200000 0.024000
0.348800 0.200000 0.011200
0.363200 0.200000 0.008800
0.209600 0.200800 0.024800
0.216000 0.200800 0.024800
0.230400 0.200800 0.011200
0.245600 0.200800 0.011200
0.284000 0.200800 0.013600
0.336000 0.200800 0.021600
0.410400 0.200800 0.005600
0.161600 0.202400 0.026400
0.179200 0.202400 0.011200
0.880000 0.203200 0.005600
0.872000 0.204000 0.008800
0.888000 0.204000 0.006400
0.899200 0.204800 0.007200
0.924000 0.205600 0.007200
0.932800 0.205600 0.008800
0.908000 0.206400 0.003200
0.915200 0.206400 0.005600
0.940000 0.206400 0.005600
0.946400 0.206400 0.008800
0.956000 0.206400 0.005600
0.963200 0.207200 0.005600
0.969600 0.207200 0.005600
0.976000 0.208800 0.004800
0.870400 0.217600 0.007200
0.880800 0.218400 0.005600
0.890400 0.218400 0.006400
0.897600 0.218400 0.005600
0.904800 0.219200 0.005600
0.913600 0.219200 0.005600
0.969600 0.219200 0.005600
0.922400 0.220000 0.005600
0.930400 0.220000 0.004800
0.938400 0.220000 0.005600
0.947200 0.220000 0.005600
0.954400 0.220000 0.004800
0.962400 0.220000 0.005600
0.977600 0.220000 0.006400
0.791200 0.221600 0.008800
0.820000 0.222400 0.008800
0.831200 0.222400 0.009600
0.838400 0.222400 0.003200
0.843200 0.222400 0.009600
0.802400 0.223200 0.011200
0.808800 0.223200 0.013600
0.825600 0.223200 0.011200
0.294400 0.225600 0.008800
0.283200 0.226400 0.007200
0.272800 0.228800 0.008000
0.864800 0.228800 0.006400
0.874400 0.229600 0.005600
0.351200 0.230400 0.006400
0.883200 0.230400 0.005600
0.893600 0.231200 0.007200
0.908800 0.232000 0.008800
0.932800 0.232000 0.005600
0.969600 0.232000 0.005600
0.903200 0.232800 0.005600
0.923200 0.232800 0.006400
0.941600 0.232800 0.005600
0.951200 0.232800 0.006400
0.961600 0.232800 0.005600
0.978400 0.232800 0.008800
0.158400 0.240800 0.013600
0.172000 0.240800 0.008800
0.326400 0.241600 0.008800
0.184000 0.242400 0.011200
0.200000 0.242400 0.011200
0.245600 0.242400 0.011200
0.314400 0.242400 0.009600
0.866400 0.242400 0.007200
0.876800 0.242400 0.005600
0.216000 0.243200 0.022400
0.225600 0.243200 0.016800
0.745600 0.243200 0.024800
0.264000 0.244000 0.013600
0.299200 0.244000 0.011200
0.460000 0.244000 0.011200
0.510400 0.244000 0.022400
0.532000 0.244000 0.019200
0.884800 0.244000 0.005600
0.892000 0.244000 0.005600
0.488000 0.244800 0.022400
0.680000 0.244800 0.016000
0.825600 0.244800 0.016800
0.897600 0.244800 0.005600
0.908000 0.244800 0.007200
0.340000 0.245600 0.016800
0.363200 0.245600 0.011200
0.380000 0.245600 0.011200
0.412800 0.245600 0.013600
0.430400 0.245600 0.013600
0.472800 0.245600 0.011200
0.628000 0.245600 0.016800
0.648000 0.245600 0.019200
0.660800 0.245600 0.027200
0.669600 0.245600 0.019200
0.708800 0.245600 0.019200
0.722400 0.245600 0.022400
0.733600 0.245600 0.020000
0.775200 0.245600 0.008800
0.818400 0.245600 0.013600
0.836000 0.245600 0.005600
0.919200 0.245600 0.006400
0.281600 0.246400 0.012800
0.698400 0.246400 0.019200
0.760800 0.246400 0.011200
0.784800 0.246400 0.019200
0.800000 0.246400 0.011200
0.812000 0.246400 0.019200
0.396800 0.247200 0.011200
0.444800 0.247200 0.011200
0.544000 0.247200 0.027200
0.559200 0.247200 0.022400
0.848000 0.247200 0.016800
0.932000 0.247200 0.008800
0.939200 0.247200 0.005600
0.947200 0.247200 0.005600
0.582400 0.248000 0.016800
0.958400 0.248000 0.007200
0.968800 0.248000 0.005600
0.978400 0.248000 0.008000
0.607200 0.249600 0.016800
0.863200 0.256000 0.005600
0.871200 0.256000 0.007200
0.883200 0.257600 0.008800
0.888800 0.257600 0.008800
0.905600 0.257600 0.005600
0.916000 0.257600 0.007200
0.897600 0.258400 0.005600
0.926400 0.259200 0.005600
0.168800 0.260000 0.005600
0.177600 0.260000 0.012800
0.934400 0.260000 0.005600
0.944000 0.260000 0.005600
0.160000 0.260800 0.007200
0.950400 0.260800 0.005600
0.959200 0.260800 0.005600
0.968000 0.260800 0.005600
0.977600 0.260800 0.005600
0.201600 0.264000 0.008800
0.245600 0.264000 0.010400
0.211200 0.265600 0.008800
0.228800 0.265600 0.010400
0.223200 0.266400 0.008800
0.156000 0.268000 0.007200
0.863200 0.268800 0.007200
0.872800 0.269600 0.005600
0.038400 0.270400 0.008800
0.048000 0.270400 0.007200
0.066400 0.270400 0.007200
0.077600 0.270400 0.007200
0.057600 0.271200 0.005600
0.115200 0.271200 0.008800
0.881600 0.271200 0.005600
0.891200 0.271200 0.005600
0.103200 0.272000 0.005600
0.110400 0.272000 0.011200
0.903200 0.272000 0.007200
0.912800 0.272000 0.005600
0.920800 0.272000 0.005600
0.086400 0.272800 0.007200
0.095200 0.272800 0.005600
0.124000 0.272800 0.007200
0.140800 0.272800 0.011200
0.973600 0.272800 0.008000
0.132800 0.273600 0.005600
0.929600 0.273600 0.005600
0.940800 0.273600 0.006400
0.963200 0.273600 0.007200
0.952000 0.274400 0.007200
0.162400 0.281600 0.008800
0.177600 0.281600 0.016800
0.880800 0.282400 0.008000
0.152800 0.283200 0.008800
0.184800 0.283200 0.016000
0.720000 0.283200 0.005600
0.862400 0.283200 0.008000
0.868000 0.283200 0.008000
0.038400 0.284000 0.008000
0.204800 0.284000 0.012000
0.439200 0.284000 0.013600
0.457600 0.284000 0.013600
0.474400 0.284000 0.027200
0.512000 0.284000 0.011200
0.526400 0.284000 0.023200
0.708800 0.284000 0.024800
0.894400 0.284000 0.007200
0.050400 0.284800 0.005600
0.223200 0.284800 0.011200
0.242400 0.284800 0.012800
0.361600 0.284800 0.019200
0.397600 0.284800 0.005600
0.407200 0.284800 0.015200
0.496800 0.284800 0.024800
0.537600 0.284800 0.019200
0.692000 0.284800 0.025600
0.740800 0.284800 0.011200
0.904000 0.284800 0.008000
0.059200 0.285600 0.005600
0.067200 0.285600 0.008800
0.080000 0.285600 0.008000
0.263200 0.285600 0.013600
0.283200 0.285600 0.013600
0.302400 0.285600 0.013600
0.321600 0.285600 0.019200
0.337600 0.285600 0.004800
0.422400 0.285600 0.011200
0.484800 0.285600 0.008800
0.544000 0.285600 0.024000
0.774400 0.285600 0.011200
0.835200 0.285600 0.008800
0.330400 0.286400 0.005600
0.344800 0.286400 0.012000
0.372000 0.286400 0.016800
0.728000 0.286400 0.024800
0.756000 0.286400 0.011200
0.789600 0.286400 0.011200
0.804800 0.286400 0.008800
0.821600 0.286400 0.011200
0.847200 0.286400 0.011200
0.917600 0.286400 0.005600
0.925600 0.286400 0.005600
0.935200 0.286400 0.007200
0.089600 0.287200 0.010400
0.111200 0.287200 0.005600
0.129600 0.287200 0.007200
0.141600 0.287200 0.007200
0.386400 0.287200 0.008800
0.557600 0.287200 0.024800
0.573600 0.287200 0.011200
0.590400 0.287200 0.011200
0.628800 0.287200 0.013600
0.660800 0.287200 0.011200
0.671200 0.287200 0.015200
0.946400 0.287200 0.006400
0.956000 0.287200 0.005600
0.095200 0.288000 0.005600
0.104000 0.288000 0.005600
0.120000 0.288000 0.005600
0.611200 0.288000 0.013600
0.654400 0.288000 0.004000
0.965600 0.288000 0.005600
0.647200 0.288800 0.011200
0.972800 0.288800 0.005600
0.980000 0.288800 0.010400
0.863200 0.296000 0.007200
0.874400 0.296800 0.007200
0.884000 0.296800 0.005600
0.891200 0.297600 0.005600
0.900800 0.298400 0.005600
0.910400 0.300000 0.005600
0.920000 0.300800 0.006400
0.929600 0.301600 0.007200
0.939200 0.302400 0.005600
0.948800 0.302400 0.006400
0.978400 0.302400 0.009600
0.959200 0.303200 0.008000
0.964800 0.303200 0.005600
0.971200 0.303200 0.004800
0.426400 0.304800 0.005600
0.368000 0.305600 0.005600
0.398400 0.305600 0.007200
0.377600 0.306400 0.007200
0.390400 0.306400 0.005600
0.409600 0.306400 0.005600
0.418400 0.306400 0.005600
0.866400 0.308800 0.008800
0.876800 0.310400 0.007200
0.888800 0.310400 0.007200
0.899200 0.311200 0.005600
0.908800 0.312800 0.005600
0.917600 0.314400 0.005600
0.924800 0.314400 0.007200
0.934400 0.315200 0.008000
0.939200 0.315200 0.008800
0.947200 0.315200 0.005600
0.964800 0.315200 0.007200
0.956000 0.316000 0.005600
0.977600 0.316800 0.008800
0.163200 0.317600 0.022400
0.185600 0.318400 0.013600
0.203200 0.320000 0.011200
0.219200 0.320000 0.011200
0.251200 0.320800 0.011200
0.264800 0.320800 0.013600
0.235200 0.321600 0.011200
0.335200 0.321600 0.011200
0.317600 0.322400 0.013600
0.351200 0.322400 0.011200
0.286400 0.323200 0.019200
0.364800 0.323200 0.008800
0.748800 0.323200 0.005600
0.373600 0.324000 0.015200
0.300800 0.324800 0.025600
0.527200 0.324800 0.008800
0.862400 0.324800 0.007200
0.391200 0.325600 0.008800
0.401600 0.325600 0.008800
0.417600 0.325600 0.012800
0.438400 0.325600 0.011200
0.456000 0.325600 0.011200
0.489600 0.325600 0.008800
0.535200 0.325600 0.019200
0.548800 0.325600 0.008800
0.686400 0.325600 0.022400
0.702400 0.325600 0.026400
0.736800 0.325600 0.008800
0.756800 0.325600 0.024800
0.772000 0.325600 0.011200
0.872000 0.325600 0.007200
0.499200 0.326400 0.005600
0.516000 0.326400 0.005600
0.559200 0.326400 0.019200
0.882400 0.326400 0.005600
0.889600 0.326400 0.005600
0.897600 0.326400 0.011200
0.474400 0.327200 0.011200
0.508800 0.327200 0.005600
0.577600 0.327200 0.013600
0.614400 0.327200 0.019200
0.722400 0.327200 0.024800
0.786400 0.327200 0.011200
0.802400 0.327200 0.011200
0.596800 0.328000 0.016800
0.673600 0.328000 0.022400
0.909600 0.328000 0.007200
0.918400 0.328000 0.005600
0.929600 0.328000 0.007200
0.607200 0.328800 0.004800
0.638400 0.328800 0.008800
0.651200 0.328800 0.008800
0.939200 0.328800 0.007200
0.662400 0.329600 0.008800
0.848000 0.329600 0.013600
0.948000 0.329600 0.005600
0.955200 0.329600 0.005600
0.979200 0.329600 0.012000
0.628800 0.330400 0.019200
0.816800 0.330400 0.023200
0.830400 0.330400 0.011200
0.964000 0.330400 0.005600
0.971200 0.330400 0.005600
0.953600 0.340800 0.007200
0.963200 0.340800 0.005600
0.476800 0.348800 0.007200
0.491200 0.349600 0.008000
0.502400 0.351200 0.007200
0.512000 0.351200 0.005600
0.520000 0.351200 0.005600
0.530400 0.352000 0.003200
0.184800 0.358400 0.022400
0.212800 0.359200 0.019200
0.223200 0.360000 0.022400
0.157600 0.360800 0.021600
0.195200 0.360800 0.022400
0.270400 0.360800 0.011200
0.321600 0.360800 0.022400
0.168800 0.361600 0.024800
0.238400 0.361600 0.011200
0.337600 0.361600 0.019200
0.345600 0.361600 0.024800
0.254400 0.362400 0.011200
0.381600 0.362400 0.016800
0.427200 0.362400 0.013600
0.283200 0.363200 0.008800
0.300000 0.363200 0.013600
0.404800 0.363200 0.013600
0.361600 0.364000 0.013600
0.446400 0.364000 0.013600
0.467200 0.365600 0.022400
0.664800 0.365600 0.022400
0.676800 0.365600 0.011200
0.562400 0.366400 0.021600
0.605600 0.366400 0.022400
0.711200 0.366400 0.025600
0.478400 0.367200 0.024800
0.493600 0.367200 0.011200
0.552800 0.367200 0.013600
0.576800 0.367200 0.022400
0.643200 0.367200 0.008800
0.692800 0.367200 0.008800
0.752800 0.367200 0.008800
0.568000 0.368000 0.005600
0.622400 0.368000 0.007200
0.632000 0.368000 0.007200
0.655200 0.368000 0.007200
0.704000 0.368000 0.005600
0.536800 0.368800 0.013600
0.590400 0.368800 0.011200
0.724800 0.368800 0.024800
0.818400 0.368800 0.016800
0.837600 0.368800 0.015200
0.506400 0.369600 0.019200
0.520000 0.369600 0.012800
0.741600 0.369600 0.027200
0.764800 0.369600 0.027200
0.780000 0.370400 0.012800
0.797600 0.372000 0.013600
0.797600 0.392000 0.008800
0.812800 0.392800 0.005600
0.821600 0.392800 0.007200
0.833600 0.392800 0.008800
0.841600 0.392800 0.008800
0.864000 0.392800 0.005600
0.872000 0.392800 0.005600
0.879200 0.392800 0.011200
0.804800 0.393600 0.004800
0.854400 0.393600 0.010400
0.800800 0.407200 0.008800
0.818400 0.407200 0.005600
0.827200 0.407200 0.005600
0.836800 0.407200 0.005600
0.809600 0.408000 0.005600
0.847200 0.408000 0.007200
0.856800 0.408000 0.008000
0.870400 0.408000 0.009600
0.876800 0.408000 0.005600
0.884800 0.408000 0.012000
0.919200 0.408800 0.022400
0.096800 0.419200 0.019200
0.104000 0.420800 0.018400
