0.234400 0.064000 0.016800
0.211200 0.064800 0.008800
0.225600 0.064800 0.020800
0.157600 0.065600 0.019200
0.200000 0.065600 0.019200
0.179200 0.067200 0.013600
0.864000 0.069600 0.015200
0.845600 0.070400 0.014400
0.853600 0.070400 0.005600
0.696800 0.087200 0.008800
0.708000 0.088000 0.008800
0.686400 0.088800 0.008800
0.730400 0.088800 0.008800
0.720800 0.089600 0.007200
0.740800 0.089600 0.007200
0.760000 0.089600 0.012800
0.765600 0.089600 0.013600
0.774400 0.089600 0.011200
0.787200 0.089600 0.008800
0.797600 0.089600 0.008800
0.752000 0.090400 0.005600
0.809600 0.090400 0.011200
0.522400 0.091200 0.013600
0.816800 0.091200 0.013600
0.515200 0.092000 0.013600
0.348800 0.096000 0.010400
0.272800 0.097600 0.010400
0.278400 0.097600 0.012000
0.293600 0.097600 0.005600
0.380800 0.097600 0.012800
0.287200 0.098400 0.005600
0.302400 0.098400 0.007200
0.312800 0.098400 0.008800
0.363200 0.098400 0.005600
0.372000 0.098400 0.005600
0.672000 0.114400 0.026400
0.860000 0.114400 0.016800
0.484000 0.115200 0.031200
0.201600 0.116000 0.018400
0.260800 0.116000 0.011200
0.279200 0.116000 0.012000
0.606400 0.116000 0.013600
0.628800 0.116000 0.013600
0.644800 0.116000 0.013600
0.835200 0.116000 0.005600
0.132800 0.116800 0.016800
0.207200 0.116800 0.016800
0.414400 0.116800 0.016800
0.467200 0.116800 0.019200
0.571200 0.116800 0.026400
0.590400 0.116800 0.008800
0.815200 0.116800 0.011200
0.071200 0.117600 0.012800
0.229600 0.117600 0.022400
0.244000 0.117600 0.008800
0.316000 0.117600 0.013600
0.338400 0.117600 0.011200
0.458400 0.117600 0.019200
0.535200 0.117600 0.013600
0.658400 0.117600 0.011200
0.690400 0.117600 0.011200
0.705600 0.117600 0.011200
0.721600 0.117600 0.011200
0.827200 0.117600 0.005600
0.843200 0.117600 0.012800
0.052000 0.118400 0.013600
0.149600 0.118400 0.011200
0.162400 0.118400 0.005600
0.170400 0.118400 0.024000
0.181600 0.118400 0.016800
0.391200 0.118400 0.013600
0.430400 0.118400 0.011200
0.444800 0.118400 0.011200
0.503200 0.118400 0.008800
0.516800 0.118400 0.013600
0.739200 0.118400 0.011200
0.776000 0.118400 0.016800
0.788000 0.118400 0.005600
0.799200 0.118400 0.011200
0.300000 0.119200 0.011200
0.355200 0.119200 0.011200
0.372000 0.119200 0.011200
0.556800 0.119200 0.013600
0.757600 0.119200 0.011200
0.282400 0.133600 0.003200
0.274400 0.134400 0.006400
0.288000 0.134400 0.005600
0.296800 0.134400 0.005600
0.306400 0.134400 0.005600
0.316800 0.134400 0.005600
0.326400 0.134400 0.005600
0.336000 0.134400 0.005600
0.344800 0.134400 0.004800
0.252800 0.135200 0.007200
0.263200 0.135200 0.006400
0.608800 0.136000 0.008000
0.502400 0.136800 0.012000
0.619200 0.136800 0.006400
0.640800 0.136800 0.007200
0.650400 0.136800 0.005600
0.661600 0.136800 0.008000
0.827200 0.136800 0.012000
0.836000 0.136800 0.005600
0.844800 0.136800 0.012000
0.535200 0.137600 0.003200
0.629600 0.137600 0.008800
0.820000 0.137600 0.006400
0.511200 0.138400 0.004800
0.517600 0.138400 0.005600
0.540800 0.138400 0.010400
0.529600 0.139200 0.008800
0.548000 0.139200 0.010400
0.185600 0.140000 0.009600
0.425600 0.140000 0.008000
0.435200 0.140000 0.007200
0.455200 0.140000 0.008800
0.191200 0.140800 0.005600
0.200000 0.140800 0.005600
0.217600 0.140800 0.007200
0.228800 0.140800 0.005600
0.444800 0.140800 0.007200
0.208000 0.141600 0.005600
0.404800 0.141600 0.008800
0.372000 0.142400 0.007200
0.382400 0.142400 0.006400
0.394400 0.142400 0.006400
0.359200 0.143200 0.008000
0.348800 0.144000 0.005600
0.275200 0.145600 0.007200
0.285600 0.146400 0.007200
0.317600 0.146400 0.007200
0.301600 0.147200 0.008800
0.047200 0.150400 0.022400
0.059200 0.150400 0.023200
0.151200 0.155200 0.030400
0.134400 0.156000 0.027200
0.156000 0.156000 0.019200
0.822400 0.156800 0.013600
0.840800 0.156800 0.011200
0.174400 0.157600 0.013600
0.781600 0.157600 0.013600
0.800800 0.157600 0.013600
0.857600 0.157600 0.024800
0.213600 0.158400 0.012800
0.235200 0.158400 0.013600
0.711200 0.158400 0.011200
0.193600 0.159200 0.013600
0.255200 0.159200 0.013600
0.323200 0.159200 0.016800
0.400800 0.159200 0.012800
0.416000 0.159200 0.015200
0.469600 0.159200 0.013600
0.377600 0.160000 0.011200
0.448000 0.160000 0.014400
0.536800 0.160000 0.005600
0.619200 0.160000 0.013600
0.696800 0.160000 0.008800
0.763200 0.160000 0.011200
0.305600 0.160800 0.011200
0.359200 0.160800 0.011200
0.485600 0.160800 0.011200
0.503200 0.160800 0.016000
0.513600 0.160800 0.008800
0.526400 0.160800 0.008800
0.548000 0.160800 0.015200
0.566400 0.160800 0.016800
0.585600 0.160800 0.011200
0.600800 0.160800 0.011200
0.628800 0.160800 0.005600
0.638400 0.160800 0.007200
0.649600 0.160800 0.008800
0.664000 0.160800 0.011200
0.680000 0.160800 0.013600
0.728800 0.160800 0.012800
0.746400 0.160800 0.011200
0.273600 0.161600 0.011200
0.288800 0.161600 0.008800
0.344800 0.161600 0.011200
0.426400 0.161600 0.008800
0.635200 0.178400 0.008000
0.626400 0.179200 0.005600
0.616000 0.180000 0.008800
0.646400 0.180000 0.008800
0.371200 0.180800 0.010400
0.385600 0.180800 0.010400
0.409600 0.180800 0.008800
0.421600 0.180800 0.007200
0.432800 0.180800 0.008800
0.654400 0.180800 0.012800
0.339200 0.181600 0.011200
0.346400 0.181600 0.005600
0.360800 0.181600 0.008800
0.378400 0.181600 0.003200
0.396800 0.181600 0.008800
0.442400 0.181600 0.008800
0.665600 0.182400 0.005600
0.773600 0.182400 0.011200
0.674400 0.183200 0.008800
0.781600 0.183200 0.013600
0.172800 0.198400 0.022400
0.860800 0.198400 0.026400
0.136000 0.199200 0.019200
0.158400 0.199200 0.022400
0.186400 0.200000 0.016800
0.326400 0.200000 0.011200
0.482400 0.200000 0.026400
0.303200 0.200800 0.008800
0.347200 0.200800 0.013600
0.385600 0.200800 0.015200
0.407200 0.200800 0.008800
0.582400 0.200800 0.020000
0.208000 0.201600 0.011200
0.272800 0.201600 0.016800
0.291200 0.201600 0.008800
0.417600 0.201600 0.016000
0.436800 0.201600 0.012800
0.568800 0.201600 0.016800
0.595200 0.201600 0.008800
0.659200 0.201600 0.016800
0.224800 0.202400 0.011200
0.312800 0.202400 0.005600
0.454400 0.202400 0.011200
0.470400 0.202400 0.024800
0.500800 0.202400 0.011200
0.519200 0.202400 0.012800
0.645600 0.202400 0.011200
0.688800 0.202400 0.017600
0.754400 0.202400 0.015200
0.237600 0.203200 0.016800
0.258400 0.203200 0.019200
0.396000 0.203200 0.008800
0.548800 0.203200 0.008800
0.558400 0.203200 0.005600
0.574400 0.203200 0.014400
0.668800 0.203200 0.016800
0.702400 0.203200 0.005600
0.708800 0.203200 0.004800
0.719200 0.203200 0.008800
0.775200 0.203200 0.011200
0.791200 0.203200 0.011200
0.808800 0.203200 0.016800
0.817600 0.203200 0.017600
0.365600 0.204000 0.013600
0.536000 0.204000 0.008800
0.631200 0.204000 0.008800
0.733600 0.204000 0.019200
0.762400 0.204000 0.015200
0.812800 0.204000 0.016800
0.606400 0.204800 0.005600
0.841600 0.204800 0.012800
0.619200 0.205600 0.011200
0.743200 0.206400 0.016800
0.175200 0.223200 0.008000
0.193600 0.223200 0.005600
0.536000 0.223200 0.005600
0.542400 0.223200 0.005600
0.554400 0.223200 0.008000
0.184800 0.224000 0.006400
0.203200 0.224000 0.007200
0.214400 0.224000 0.008800
0.564000 0.224000 0.007200
0.224800 0.224800 0.007200
0.576000 0.224800 0.008800
0.591200 0.224800 0.008800
0.604800 0.224800 0.008000
0.234400 0.225600 0.007200
0.614400 0.225600 0.005600
0.620800 0.225600 0.011200
0.744800 0.225600 0.010400
0.836800 0.225600 0.008800
0.844800 0.225600 0.003200
0.360800 0.226400 0.012800
0.738400 0.226400 0.010400
0.751200 0.226400 0.005600
0.758400 0.226400 0.005600
0.816800 0.226400 0.008000
0.826400 0.226400 0.007200
0.850400 0.226400 0.009600
0.245600 0.227200 0.008800
0.368800 0.227200 0.007200
0.387200 0.227200 0.008800
0.409600 0.227200 0.008800
0.768800 0.227200 0.007200
0.780800 0.227200 0.008800
0.789600 0.227200 0.003200
0.796000 0.227200 0.011200
0.804800 0.227200 0.011200
0.399200 0.228000 0.008000
0.325600 0.242400 0.013600
0.136800 0.243200 0.016800
0.160000 0.243200 0.008800
0.305600 0.243200 0.013600
0.149600 0.244000 0.008800
0.175200 0.244000 0.011200
0.360000 0.244000 0.011200
0.375200 0.244000 0.012800
0.534400 0.244000 0.019200
0.660800 0.244000 0.011200
0.198400 0.244800 0.013600
0.208800 0.244800 0.015200
0.275200 0.244800 0.022400
0.290400 0.244800 0.024800
0.344000 0.244800 0.008800
0.393600 0.244800 0.011200
0.407200 0.244800 0.011200
0.420000 0.244800 0.016800
0.477600 0.244800 0.005600
0.493600 0.244800 0.012800
0.506400 0.244800 0.011200
0.521600 0.244800 0.008800
0.547200 0.244800 0.016800
0.867200 0.244800 0.013600
0.187200 0.245600 0.011200
0.239200 0.245600 0.013600
0.248800 0.245600 0.004800
0.260800 0.245600 0.019200
0.428000 0.245600 0.016800
0.467200 0.245600 0.008800
0.486400 0.245600 0.005600
0.567200 0.245600 0.016000
0.579200 0.245600 0.013600
0.676000 0.245600 0.008800
0.687200 0.245600 0.018400
0.822400 0.245600 0.012800
0.846400 0.245600 0.011200
0.218400 0.246400 0.013600
0.227200 0.246400 0.008800
0.440800 0.246400 0.011200
0.455200 0.246400 0.008800
0.555200 0.246400 0.016000
0.584000 0.246400 0.013600
0.600800 0.246400 0.012800
0.644000 0.246400 0.016800
0.763200 0.246400 0.013600
0.696800 0.247200 0.024800
0.710400 0.247200 0.010400
0.723200 0.247200 0.005600
0.732800 0.247200 0.005600
0.740800 0.247200 0.004000
0.747200 0.247200 0.011200
0.781600 0.247200 0.013600
0.804000 0.247200 0.011200
0.620800 0.248000 0.013600
0.789600 0.248000 0.016800
0.752800 0.248800 0.003200
0.858400 0.261600 0.008800
0.227200 0.262400 0.007200
0.127200 0.263200 0.011200
0.191200 0.263200 0.005600
0.199200 0.263200 0.005600
0.205600 0.263200 0.005600
0.216000 0.263200 0.007200
0.235200 0.263200 0.004800
0.242400 0.263200 0.010400
0.867200 0.263200 0.005600
0.120800 0.264000 0.012000
0.139200 0.264000 0.007200
0.148800 0.264000 0.005600
0.158400 0.264000 0.008000
0.163200 0.264000 0.010400
0.170400 0.264000 0.005600
0.179200 0.264000 0.007200
0.835200 0.264000 0.005600
0.873600 0.264000 0.010400
0.828000 0.264800 0.005600
0.818400 0.265600 0.008800
0.356000 0.266400 0.009600
0.362400 0.266400 0.008800
0.368000 0.266400 0.005600
0.375200 0.266400 0.005600
0.386400 0.266400 0.007200
0.397600 0.267200 0.008000
0.412000 0.267200 0.008000
0.422400 0.268000 0.005600
0.483200 0.268000 0.008800
0.496800 0.268000 0.008000
0.618400 0.268000 0.007200
0.629600 0.268000 0.008800
0.444800 0.268800 0.008000
0.456800 0.268800 0.008000
0.508800 0.268800 0.008800
0.590400 0.268800 0.008000
0.602400 0.268800 0.005600
0.432800 0.269600 0.007200
0.468800 0.269600 0.008800
0.568800 0.269600 0.008000
0.579200 0.269600 0.007200
0.608800 0.269600 0.004000
0.550400 0.270400 0.005600
0.557600 0.270400 0.005600
0.532800 0.271200 0.008800
0.541600 0.271200 0.005600
0.139200 0.280800 0.012800
0.154400 0.281600 0.011200
0.834400 0.281600 0.005600
0.845600 0.281600 0.016800
0.860800 0.281600 0.014400
0.801600 0.283200 0.013600
0.820000 0.283200 0.011200
0.173600 0.284000 0.011200
0.201600 0.284800 0.008800
0.615200 0.284800 0.012800
0.712000 0.284800 0.011200
0.789600 0.284800 0.009600
0.190400 0.285600 0.008800
0.225600 0.285600 0.010400
0.237600 0.285600 0.007200
0.251200 0.285600 0.011200
0.305600 0.285600 0.011200
0.386400 0.285600 0.011200
0.408000 0.285600 0.005600
0.464000 0.285600 0.011200
0.696800 0.285600 0.005600
0.705600 0.285600 0.005600
0.724800 0.285600 0.016800
0.735200 0.285600 0.016800
0.756800 0.285600 0.015200
0.211200 0.286400 0.007200
0.269600 0.286400 0.012800
0.290400 0.286400 0.011200
0.325600 0.286400 0.014400
0.345600 0.286400 0.012800
0.362400 0.286400 0.013600
0.399200 0.286400 0.005600
0.419200 0.286400 0.011200
0.434400 0.286400 0.008800
0.448800 0.286400 0.008800
0.483200 0.286400 0.013600
0.507200 0.286400 0.013600
0.568000 0.286400 0.011200
0.589600 0.286400 0.013600
0.599200 0.286400 0.005600
0.630400 0.286400 0.013600
0.650400 0.286400 0.008800
0.664000 0.286400 0.015200
0.671200 0.286400 0.016800
0.684800 0.286400 0.009600
0.748000 0.286400 0.019200
0.773600 0.286400 0.011200
0.336800 0.287200 0.005600
0.527200 0.287200 0.011200
0.544800 0.287200 0.012000
0.691200 0.287200 0.003200
0.182400 0.300800 0.004000
0.189600 0.300800 0.005600
0.200000 0.300800 0.005600
0.208800 0.300800 0.005600
0.228000 0.300800 0.005600
0.236800 0.300800 0.005600
0.247200 0.300800 0.005600
0.284800 0.300800 0.005600
0.165600 0.301600 0.003200
0.171200 0.301600 0.008000
0.217600 0.301600 0.007200
0.257600 0.301600 0.005600
0.276000 0.301600 0.005600
0.291200 0.301600 0.005600
0.308000 0.301600 0.005600
0.158400 0.302400 0.005600
0.266400 0.302400 0.005600
0.296000 0.302400 0.005600
0.316800 0.302400 0.010400
0.322400 0.302400 0.008800
0.148800 0.303200 0.008000
0.129600 0.304000 0.010400
0.788000 0.304000 0.008000
0.799200 0.304800 0.008000
0.649600 0.305600 0.009600
0.655200 0.306400 0.008800
0.666400 0.307200 0.007200
0.286400 0.311200 0.005600
0.296800 0.312000 0.005600
0.303200 0.312000 0.004800
0.868800 0.315200 0.023200
0.324000 0.316000 0.004800
0.852800 0.318400 0.008800
0.194400 0.319200 0.012800
0.380800 0.319200 0.005600
0.388800 0.319200 0.005600
0.530400 0.319200 0.008800
0.248000 0.320000 0.016000
0.544800 0.320000 0.018400
0.549600 0.320000 0.014400
0.177600 0.320800 0.011200
0.211200 0.320800 0.014400
0.220800 0.320800 0.005600
0.236800 0.320800 0.005600
0.396800 0.320800 0.005600
0.256000 0.321600 0.015200
0.335200 0.321600 0.013600
0.372000 0.321600 0.005600
0.405600 0.321600 0.005600
0.435200 0.321600 0.013600
0.474400 0.321600 0.016000
0.498400 0.321600 0.016000
0.520000 0.321600 0.008800
0.596000 0.321600 0.015200
0.624000 0.321600 0.013600
0.640800 0.321600 0.011200
0.680800 0.321600 0.011200
0.730400 0.321600 0.008800
0.776800 0.321600 0.005600
0.829600 0.321600 0.008800
0.841600 0.321600 0.005600
0.228800 0.322400 0.005600
0.275200 0.322400 0.013600
0.356000 0.322400 0.012800
0.416000 0.322400 0.008800
0.454400 0.322400 0.012800
0.508800 0.322400 0.018400
0.572000 0.322400 0.013600
0.607200 0.322400 0.005600
0.615200 0.322400 0.005600
0.710400 0.322400 0.016800
0.718400 0.322400 0.019200
0.743200 0.322400 0.011200
0.756800 0.322400 0.011200
0.768800 0.322400 0.005600
0.790400 0.322400 0.011200
0.809600 0.322400 0.016000
0.157600 0.323200 0.012800
0.313600 0.323200 0.014400
0.364000 0.323200 0.004800
0.461600 0.323200 0.016800
0.652800 0.323200 0.008800
0.664800 0.323200 0.008800
0.697600 0.323200 0.010400
0.819200 0.323200 0.005600
0.137600 0.324800 0.016800
0.295200 0.324800 0.011200
0.490400 0.340000 0.007200
0.697600 0.340000 0.008800
0.535200 0.340800 0.008000
0.344000 0.341600 0.007200
0.438400 0.341600 0.008800
0.451200 0.341600 0.007200
0.481600 0.341600 0.005600
0.503200 0.341600 0.008800
0.546400 0.341600 0.008800
0.357600 0.342400 0.008800
0.463200 0.342400 0.005600
0.472000 0.342400 0.005600
0.524800 0.342400 0.012800
0.575200 0.342400 0.008800
0.585600 0.342400 0.008800
0.648000 0.342400 0.008800
0.685600 0.342400 0.007200
0.322400 0.343200 0.008800
0.332800 0.343200 0.007200
0.366400 0.343200 0.010400
0.372000 0.343200 0.004000
0.379200 0.343200 0.005600
0.388800 0.343200 0.007200
0.400800 0.343200 0.008000
0.425600 0.343200 0.008800
0.509600 0.343200 0.004000
0.593600 0.343200 0.005600
0.603200 0.343200 0.007200
0.615200 0.343200 0.008800
0.656800 0.343200 0.007200
0.413600 0.344000 0.008800
0.516000 0.344000 0.011200
0.668000 0.344000 0.005600
0.675200 0.344000 0.012800
0.276800 0.344800 0.008000
0.842400 0.344800 0.009600
0.256000 0.345600 0.007200
0.265600 0.345600 0.006400
0.212800 0.346400 0.010400
0.852800 0.346400 0.011200
0.204800 0.347200 0.007200
0.138400 0.359200 0.019200
0.173600 0.359200 0.022400
0.156000 0.360000 0.011200
0.236800 0.360800 0.013600
0.300800 0.361600 0.016800
0.198400 0.362400 0.013600
0.218400 0.362400 0.011200
0.255200 0.362400 0.011200
0.698400 0.362400 0.015200
0.726400 0.362400 0.023200
0.764800 0.362400 0.022400
0.328800 0.363200 0.015200
0.367200 0.363200 0.011200
0.382400 0.363200 0.011200
0.717600 0.363200 0.005600
0.743200 0.363200 0.022400
0.753600 0.363200 0.005600
0.838400 0.363200 0.016800
0.268000 0.364000 0.008800
0.280000 0.364000 0.013600
0.352000 0.364000 0.011200
0.576800 0.364000 0.005600
0.604000 0.364000 0.011200
0.661600 0.364000 0.012800
0.680800 0.364000 0.013600
0.780800 0.364000 0.019200
0.793600 0.364000 0.022400
0.856000 0.364000 0.013600
0.872000 0.364000 0.020000
0.435200 0.364800 0.016800
0.461600 0.364800 0.007200
0.489600 0.364800 0.020800
0.587200 0.364800 0.015200
0.616800 0.364800 0.005600
0.708800 0.364800 0.005600
0.801600 0.364800 0.005600
0.812000 0.364800 0.007200
0.830400 0.364800 0.005600
0.450400 0.365600 0.008800
0.474400 0.365600 0.011200
0.567200 0.365600 0.016800
0.625600 0.365600 0.005600
0.635200 0.365600 0.008800
0.821600 0.365600 0.005600
0.397600 0.366400 0.011200
0.424800 0.366400 0.008800
0.552800 0.366400 0.011200
0.645600 0.366400 0.008000
0.411200 0.367200 0.008800
0.501600 0.367200 0.021600
0.517600 0.367200 0.013600
0.534400 0.367200 0.012800
0.810400 0.379200 0.005600
0.935200 0.385600 0.011200
0.918400 0.386400 0.013600
0.948800 0.386400 0.011200
0.858400 0.388000 0.011200
0.284800 0.388800 0.012000
0.816000 0.388800 0.007200
0.826400 0.388800 0.015200
0.867200 0.388800 0.012000
0.291200 0.389600 0.016000
0.835200 0.389600 0.008800
0.844800 0.389600 0.011200
0.852000 0.389600 0.005600
0.301600 0.390400 0.007200
0.312800 0.391200 0.008800
0.326400 0.391200 0.011200
0.340800 0.391200 0.009600
0.682400 0.391200 0.008800
0.746400 0.391200 0.003200
0.334400 0.392000 0.016000
0.354400 0.392000 0.007200
0.364800 0.392000 0.007200
0.394400 0.392000 0.008800
0.675200 0.392000 0.005600
0.692800 0.392000 0.005600
0.374400 0.392800 0.007200
0.384800 0.392800 0.005600
0.453600 0.392800 0.008800
0.703200 0.392800 0.007200
0.725600 0.392800 0.007200
0.738400 0.392800 0.009600
0.751200 0.392800 0.008800
0.760800 0.392800 0.007200
0.784800 0.392800 0.011200
0.407200 0.393600 0.008800
0.418400 0.393600 0.008800
0.713600 0.393600 0.007200
0.771200 0.393600 0.011200
0.779200 0.393600 0.005600
0.431200 0.394400 0.005600
0.440800 0.394400 0.008000
0.466400 0.394400 0.008800
0.477600 0.395200 0.007200
0.487200 0.396000 0.005600
0.576000 0.396000 0.008800
0.494400 0.396800 0.005600
0.529600 0.396800 0.013600
0.542400 0.396800 0.008800
0.500800 0.397600 0.011200
0.507200 0.397600 0.005600
0.514400 0.397600 0.004000
0.520800 0.397600 0.004800
0.552000 0.397600 0.007200
0.562400 0.397600 0.008800
0.586400 0.397600 0.005600
0.605600 0.397600 0.005600
0.616000 0.397600 0.007200
0.624800 0.397600 0.005600
0.596000 0.398400 0.006400
0.631200 0.399200 0.011200
0.641600 0.400000 0.008800
0.652000 0.400800 0.008800
0.682400 0.405600 0.008800
0.694400 0.406400 0.007200
0.704800 0.407200 0.008800
0.717600 0.407200 0.008800
0.727200 0.407200 0.005600
0.735200 0.408000 0.007200
0.746400 0.408800 0.008800
0.920800 0.409600 0.013600
0.932800 0.409600 0.016800
0.760800 0.411200 0.008800
