0.217600 0.041600 0.008800
0.205600 0.042400 0.008800
0.228000 0.042400 0.019200
0.242400 0.042400 0.008800
0.265600 0.042400 0.019200
0.255200 0.043200 0.008800
0.194400 0.044000 0.015200
0.274400 0.044000 0.005600
0.283200 0.044000 0.013600
0.292800 0.044000 0.005600
0.301600 0.044000 0.005600
0.310400 0.044000 0.005600
0.645600 0.044000 0.016000
0.655200 0.044000 0.008800
0.666400 0.044000 0.008800
0.672800 0.044000 0.003200
0.678400 0.044000 0.008800
0.318400 0.044800 0.013600
0.692000 0.044800 0.008800
0.706400 0.044800 0.013600
0.715200 0.044800 0.005600
0.724800 0.044800 0.007200
0.756800 0.044800 0.016800
0.871200 0.044800 0.015200
0.736000 0.045600 0.005600
0.744800 0.045600 0.005600
0.752800 0.045600 0.013600
0.765600 0.045600 0.005600
0.805600 0.045600 0.007200
0.851200 0.045600 0.008800
0.860800 0.045600 0.005600
0.880000 0.045600 0.016000
0.774400 0.046400 0.005600
0.797600 0.046400 0.005600
0.814400 0.046400 0.011200
0.839200 0.046400 0.007200
0.781600 0.047200 0.012800
0.789600 0.047200 0.012000
0.820800 0.047200 0.005600
0.828800 0.047200 0.005600
0.204000 0.064000 0.008800
0.212800 0.064000 0.015200
0.143200 0.065600 0.016800
0.192000 0.065600 0.008800
0.180800 0.066400 0.008800
0.163200 0.067200 0.011200
0.848800 0.069600 0.011200
0.837600 0.070400 0.019200
0.864800 0.071200 0.013600
0.459200 0.076000 0.011200
0.539200 0.076000 0.012000
0.348800 0.076800 0.008000
0.357600 0.076800 0.005600
0.433600 0.076800 0.011200
0.474400 0.076800 0.008800
0.497600 0.076800 0.011200
0.529600 0.076800 0.003200
0.369600 0.077600 0.007200
0.377600 0.077600 0.008800
0.388800 0.077600 0.008800
0.408800 0.077600 0.008800
0.419200 0.077600 0.012800
0.427200 0.077600 0.005600
0.439200 0.077600 0.016800
0.448000 0.077600 0.008000
0.464000 0.077600 0.008800
0.484800 0.077600 0.005600
0.491200 0.077600 0.005600
0.506400 0.077600 0.012000
0.514400 0.077600 0.007200
0.523200 0.077600 0.005600
0.546400 0.077600 0.005600
0.556000 0.077600 0.008800
0.397600 0.078400 0.005600
0.347200 0.090400 0.007200
0.356800 0.090400 0.005600
0.364000 0.090400 0.010400
0.242400 0.091200 0.008800
0.252800 0.091200 0.007200
0.264800 0.091200 0.008800
0.369600 0.091200 0.008000
0.251200 0.100800 0.004000
0.160800 0.107200 0.013600
0.088800 0.108000 0.019200
0.053600 0.108800 0.017600
0.065600 0.108800 0.007200
0.076800 0.108800 0.008800
0.140000 0.109600 0.013600
0.267200 0.109600 0.016800
0.176800 0.110400 0.008800
0.263200 0.110400 0.012000
0.755200 0.110400 0.013600
0.776000 0.110400 0.016800
0.811200 0.110400 0.026400
0.229600 0.111200 0.011200
0.280800 0.111200 0.019200
0.372800 0.111200 0.008800
0.388000 0.111200 0.011200
0.404800 0.111200 0.011200
0.632800 0.111200 0.013600
0.671200 0.111200 0.013600
0.688800 0.111200 0.011200
0.704800 0.111200 0.011200
0.795200 0.111200 0.027200
0.190400 0.112000 0.008800
0.204800 0.112000 0.008800
0.214400 0.112000 0.019200
0.292800 0.112000 0.019200
0.302400 0.112000 0.008800
0.324000 0.112000 0.007200
0.337600 0.112000 0.016800
0.361600 0.112000 0.008800
0.416800 0.112000 0.005600
0.464000 0.112000 0.005600
0.512000 0.112000 0.015200
0.721600 0.112000 0.011200
0.737600 0.112000 0.011200
0.828800 0.112000 0.011200
0.245600 0.112800 0.011200
0.348000 0.112800 0.019200
0.425600 0.112800 0.016800
0.440800 0.112800 0.008800
0.451200 0.112800 0.016800
0.487200 0.112800 0.012800
0.504800 0.112800 0.013600
0.528800 0.112800 0.013600
0.539200 0.112800 0.016000
0.548800 0.112800 0.014400
0.615200 0.112800 0.012800
0.853600 0.112800 0.016800
0.315200 0.113600 0.016800
0.472000 0.113600 0.013600
0.564800 0.113600 0.013600
0.597600 0.113600 0.011200
0.648000 0.113600 0.004800
0.656800 0.113600 0.007200
0.847200 0.113600 0.015200
0.582400 0.114400 0.011200
0.120000 0.129600 0.016000
0.140800 0.130400 0.006400
0.151200 0.130400 0.005600
0.158400 0.130400 0.003200
0.164000 0.130400 0.008800
0.131200 0.131200 0.006400
0.172800 0.131200 0.008800
0.178400 0.131200 0.003200
0.184800 0.131200 0.008800
0.190400 0.131200 0.003200
0.349600 0.131200 0.010400
0.364800 0.131200 0.009600
0.520000 0.131200 0.006400
0.248800 0.132000 0.008800
0.356800 0.132000 0.005600
0.481600 0.132000 0.008800
0.508800 0.132000 0.006400
0.529600 0.132000 0.005600
0.568800 0.132000 0.007200
0.592000 0.132000 0.008800
0.606400 0.132000 0.008800
0.490400 0.132800 0.005600
0.500000 0.132800 0.006400
0.538400 0.132800 0.007200
0.549600 0.132800 0.005600
0.826400 0.132800 0.011200
0.846400 0.132800 0.008800
0.062400 0.133600 0.018400
0.558400 0.133600 0.007200
0.834400 0.133600 0.008800
0.445600 0.135200 0.008800
0.202400 0.147200 0.013600
0.319200 0.148000 0.024800
0.268000 0.148800 0.022400
0.306400 0.148800 0.019200
0.186400 0.149600 0.010400
0.336800 0.149600 0.016800
0.598400 0.149600 0.012800
0.688800 0.149600 0.022400
0.131200 0.150400 0.013600
0.147200 0.150400 0.011200
0.285600 0.150400 0.016800
0.296000 0.150400 0.008800
0.328000 0.150400 0.005600
0.351200 0.150400 0.012800
0.369600 0.150400 0.008800
0.469600 0.150400 0.007200
0.480000 0.150400 0.016800
0.617600 0.150400 0.013600
0.704800 0.150400 0.022400
0.173600 0.151200 0.007200
0.243200 0.151200 0.008800
0.380800 0.151200 0.005600
0.389600 0.151200 0.005600
0.419200 0.151200 0.008800
0.440000 0.151200 0.008800
0.456000 0.151200 0.009600
0.513600 0.151200 0.011200
0.728000 0.151200 0.024800
0.161600 0.152000 0.011200
0.216800 0.152000 0.022400
0.231200 0.152000 0.018400
0.256800 0.152000 0.020800
0.404800 0.152000 0.011200
0.428800 0.152000 0.005600
0.495200 0.152000 0.012800
0.636800 0.152000 0.011200
0.667200 0.152000 0.022400
0.531200 0.152800 0.013600
0.573600 0.152800 0.015200
0.652800 0.152800 0.011200
0.744000 0.152800 0.011200
0.222400 0.153600 0.003200
0.545600 0.153600 0.016800
0.558400 0.153600 0.011200
0.780000 0.153600 0.011200
0.792800 0.153600 0.021600
0.800800 0.153600 0.016800
0.763200 0.154400 0.012800
0.816800 0.154400 0.012000
0.836800 0.154400 0.011200
0.855200 0.156000 0.016800
0.371200 0.173600 0.011200
0.176000 0.175200 0.010400
0.340800 0.175200 0.010400
0.357600 0.175200 0.008000
0.150400 0.176000 0.011200
0.348000 0.176000 0.005600
0.158400 0.176800 0.008000
0.169600 0.176800 0.005600
0.682400 0.177600 0.011200
0.671200 0.178400 0.008000
0.132800 0.188800 0.020000
0.192000 0.189600 0.016800
0.246400 0.190400 0.016800
0.171200 0.191200 0.008800
0.267200 0.191200 0.019200
0.391200 0.191200 0.011200
0.406400 0.191200 0.008800
0.144000 0.192000 0.011200
0.182400 0.192000 0.008000
0.208800 0.192000 0.013600
0.227200 0.192000 0.011200
0.416800 0.192000 0.019200
0.157600 0.192800 0.011200
0.276000 0.192800 0.016800
0.308800 0.192800 0.013600
0.326400 0.192800 0.030400
0.337600 0.192800 0.024000
0.352000 0.192800 0.010400
0.376000 0.192800 0.016800
0.436000 0.192800 0.015200
0.451200 0.192800 0.024800
0.512800 0.192800 0.024800
0.292000 0.193600 0.013600
0.478400 0.193600 0.013600
0.497600 0.193600 0.022400
0.522400 0.193600 0.019200
0.578400 0.193600 0.022400
0.589600 0.193600 0.021600
0.641600 0.193600 0.024800
0.367200 0.194400 0.016800
0.463200 0.194400 0.022400
0.532000 0.194400 0.005600
0.541600 0.194400 0.016800
0.561600 0.194400 0.013600
0.652800 0.194400 0.019200
0.743200 0.194400 0.013600
0.758400 0.194400 0.024800
0.604000 0.195200 0.019200
0.625600 0.196000 0.019200
0.672800 0.196000 0.012800
0.692000 0.196000 0.011200
0.707200 0.196000 0.024800
0.776800 0.196000 0.016800
0.799200 0.196000 0.005600
0.727200 0.196800 0.027200
0.767200 0.196800 0.005600
0.789600 0.197600 0.013600
0.807200 0.197600 0.012800
0.820000 0.197600 0.016800
0.864000 0.197600 0.016800
0.841600 0.198400 0.016800
0.775200 0.217600 0.007200
0.795200 0.217600 0.005600
0.804000 0.217600 0.005600
0.812800 0.217600 0.011200
0.784800 0.218400 0.006400
0.135200 0.232000 0.022400
0.272800 0.233600 0.022400
0.829600 0.233600 0.019200
0.866400 0.233600 0.022400
0.158400 0.234400 0.013600
0.176000 0.234400 0.011200
0.283200 0.234400 0.008800
0.409600 0.234400 0.030400
0.470400 0.234400 0.016800
0.755200 0.235200 0.016800
0.851200 0.235200 0.027200
0.191200 0.236000 0.011200
0.209600 0.236000 0.019200
0.233600 0.236000 0.016800
0.296800 0.236000 0.011200
0.357600 0.236000 0.008000
0.367200 0.236000 0.018400
0.463200 0.236000 0.005600
0.480000 0.236000 0.008800
0.525600 0.236000 0.013600
0.666400 0.236000 0.005600
0.734400 0.236000 0.013600
0.802400 0.236000 0.009600
0.816800 0.236000 0.008800
0.433600 0.236800 0.011200
0.493600 0.236800 0.011200
0.510400 0.236800 0.011200
0.543200 0.236800 0.011200
0.790400 0.236800 0.008800
0.837600 0.236800 0.024800
0.259200 0.237600 0.018400
0.313600 0.237600 0.012800
0.329600 0.237600 0.008800
0.391200 0.237600 0.019200
0.450400 0.237600 0.011200
0.556800 0.237600 0.011200
0.570400 0.237600 0.022400
0.576800 0.237600 0.024800
0.592000 0.237600 0.008800
0.652800 0.237600 0.017600
0.673600 0.237600 0.022400
0.699200 0.237600 0.008800
0.710400 0.237600 0.016800
0.777600 0.237600 0.008800
0.622400 0.238400 0.024000
0.632000 0.238400 0.005600
0.640800 0.238400 0.005600
0.687200 0.238400 0.008800
0.719200 0.238400 0.016800
0.344000 0.239200 0.011200
0.607200 0.239200 0.011200
0.380800 0.240000 0.008800
0.236800 0.258400 0.008800
0.247200 0.260000 0.005600
0.258400 0.260000 0.008000
0.788000 0.260800 0.007200
0.798400 0.260800 0.008000
0.187200 0.262400 0.008000
0.165600 0.263200 0.007200
0.175200 0.263200 0.006400
0.490400 0.263200 0.007200
0.500000 0.263200 0.005600
0.508800 0.263200 0.005600
0.528000 0.263200 0.008000
0.847200 0.263200 0.013600
0.518400 0.264000 0.006400
0.856000 0.264000 0.013600
0.677600 0.275200 0.013600
0.145600 0.277600 0.007200
0.396000 0.277600 0.011200
0.411200 0.277600 0.022400
0.454400 0.277600 0.013600
0.471200 0.277600 0.016800
0.542400 0.277600 0.013600
0.588800 0.277600 0.013600
0.725600 0.277600 0.011200
0.154400 0.278400 0.017600
0.166400 0.278400 0.007200
0.229600 0.278400 0.016800
0.365600 0.278400 0.013600
0.557600 0.278400 0.013600
0.694400 0.278400 0.011200
0.801600 0.278400 0.020800
0.194400 0.279200 0.011200
0.212000 0.279200 0.013600
0.269600 0.279200 0.012800
0.346400 0.279200 0.011200
0.382400 0.279200 0.011200
0.435200 0.279200 0.012000
0.492000 0.279200 0.013600
0.505600 0.279200 0.008800
0.523200 0.279200 0.012800
0.573600 0.279200 0.013600
0.615200 0.279200 0.008800
0.628000 0.279200 0.016800
0.644800 0.279200 0.016800
0.743200 0.279200 0.011200
0.773600 0.279200 0.008800
0.132800 0.280000 0.017600
0.177600 0.280000 0.008800
0.252800 0.280000 0.011200
0.481600 0.280000 0.005600
0.515200 0.280000 0.016000
0.604000 0.280000 0.007200
0.661600 0.280000 0.011200
0.809600 0.280000 0.013600
0.828800 0.280000 0.011200
0.240800 0.280800 0.007200
0.289600 0.280800 0.013600
0.312000 0.280800 0.011200
0.328000 0.280800 0.011200
0.710400 0.280800 0.011200
0.761600 0.280800 0.011200
0.788000 0.280800 0.011200
0.844000 0.281600 0.009600
0.858400 0.281600 0.013600
0.436800 0.298400 0.005600
0.444800 0.298400 0.005600
0.452800 0.298400 0.011200
0.548800 0.298400 0.008800
0.560800 0.298400 0.008000
0.477600 0.299200 0.007200
0.488800 0.299200 0.008000
0.542400 0.299200 0.005600
0.569600 0.299200 0.007200
0.604800 0.299200 0.005600
0.612800 0.299200 0.011200
0.581600 0.300000 0.005600
0.588000 0.300000 0.004000
0.595200 0.300000 0.005600
0.618400 0.300000 0.008800
0.187200 0.300800 0.005600
0.194400 0.300800 0.005600
0.243200 0.300800 0.005600
0.249600 0.300800 0.005600
0.628000 0.300800 0.005600
0.639200 0.300800 0.007200
0.838400 0.300800 0.008800
0.206400 0.301600 0.008000
0.236000 0.301600 0.005600
0.257600 0.301600 0.005600
0.278400 0.301600 0.005600
0.287200 0.301600 0.008800
0.651200 0.301600 0.005600
0.660000 0.301600 0.005600
0.670400 0.301600 0.006400
0.680800 0.301600 0.008800
0.760800 0.301600 0.008800
0.216000 0.302400 0.005600
0.224800 0.302400 0.007200
0.268800 0.302400 0.008800
0.773600 0.302400 0.005600
0.815200 0.302400 0.007200
0.826400 0.302400 0.007200
0.783200 0.303200 0.007200
0.795200 0.303200 0.008000
0.807200 0.304000 0.005600
0.133600 0.315200 0.027200
0.316800 0.316000 0.011200
0.332800 0.316800 0.008800
0.440000 0.316800 0.013600
0.497600 0.316800 0.011200
0.534400 0.316800 0.016000
0.559200 0.316800 0.011200
0.153600 0.317600 0.011200
0.171200 0.317600 0.011200
0.360800 0.317600 0.008800
0.472000 0.317600 0.023200
0.483200 0.317600 0.013600
0.510400 0.317600 0.008800
0.515200 0.317600 0.015200
0.524000 0.317600 0.007200
0.586400 0.317600 0.008800
0.600800 0.317600 0.011200
0.612800 0.317600 0.008800
0.624000 0.317600 0.013600
0.700000 0.317600 0.005600
0.183200 0.318400 0.016800
0.248800 0.318400 0.013600
0.259200 0.318400 0.005600
0.302400 0.318400 0.008800
0.343200 0.318400 0.005600
0.349600 0.318400 0.005600
0.398400 0.318400 0.013600
0.459200 0.318400 0.013600
0.542400 0.318400 0.013600
0.683200 0.318400 0.007200
0.207200 0.319200 0.013600
0.230400 0.319200 0.011200
0.275200 0.319200 0.011200
0.290400 0.319200 0.008800
0.380800 0.319200 0.013600
0.417600 0.319200 0.016000
0.576000 0.319200 0.008800
0.644800 0.319200 0.015200
0.668000 0.319200 0.011200
0.692000 0.319200 0.004800
0.709600 0.319200 0.015200
0.727200 0.319200 0.013600
0.744800 0.319200 0.016800
0.191200 0.320000 0.013600
0.656000 0.320000 0.005600
0.770400 0.320000 0.013600
0.754400 0.320800 0.005600
0.860800 0.320800 0.012800
0.845600 0.321600 0.008800
0.797600 0.322400 0.012800
0.832800 0.322400 0.008800
0.817600 0.323200 0.011200
0.834400 0.336000 0.006400
0.845600 0.336000 0.005600
0.853600 0.336000 0.004800
0.860000 0.336000 0.004000
0.867200 0.336000 0.009600
0.387200 0.340000 0.007200
0.396000 0.340800 0.005600
0.411200 0.340800 0.004800
0.418400 0.340800 0.009600
0.404000 0.341600 0.005600
0.745600 0.344800 0.008800
0.723200 0.354400 0.019200
0.840000 0.354400 0.013600
0.660000 0.355200 0.017600
0.732800 0.355200 0.008800
0.815200 0.355200 0.019200
0.856800 0.355200 0.013600
0.868000 0.355200 0.016800
0.667200 0.356000 0.016800
0.760000 0.356000 0.008800
0.824000 0.356000 0.016800
0.438400 0.356800 0.008800
0.503200 0.356800 0.005600
0.565600 0.356800 0.012800
0.585600 0.356800 0.022400
0.600000 0.356800 0.024800
0.612800 0.356800 0.016800
0.635200 0.356800 0.011200
0.648000 0.356800 0.007200
0.492800 0.357600 0.008800
0.538400 0.357600 0.008800
0.449600 0.358400 0.008800
0.480800 0.358400 0.027200
0.525600 0.358400 0.008800
0.682400 0.358400 0.011200
0.697600 0.358400 0.022400
0.707200 0.358400 0.019200
0.745600 0.358400 0.008800
0.771200 0.358400 0.007200
0.780800 0.358400 0.005600
0.804800 0.358400 0.022400
0.462400 0.359200 0.008800
0.472000 0.359200 0.005600
0.551200 0.359200 0.008800
0.788800 0.359200 0.005600
0.134400 0.360000 0.015200
0.155200 0.360000 0.019200
0.397600 0.360000 0.011200
0.425600 0.360000 0.008800
0.511200 0.360000 0.013600
0.188000 0.360800 0.016000
0.263200 0.360800 0.019200
0.288000 0.360800 0.011200
0.302400 0.360800 0.008800
0.318400 0.360800 0.013600
0.354400 0.360800 0.008800
0.368000 0.360800 0.011200
0.384000 0.360800 0.011200
0.168000 0.361600 0.024800
0.179200 0.361600 0.019200
0.209600 0.361600 0.008800
0.221600 0.361600 0.008800
0.249600 0.361600 0.005600
0.340800 0.361600 0.022400
0.412000 0.361600 0.011200
0.197600 0.362400 0.020800
0.238400 0.362400 0.016800
0.927200 0.387200 0.029600
0.164000 0.424800 0.026400
0.154400 0.425600 0.036000
0.229600 0.425600 0.024000
0.238400 0.425600 0.016800
0.216000 0.426400 0.011200
0.200800 0.427200 0.013600
0.210400 0.428000 0.024800
