759
759
759
759
759
759
763
763
763
760
760
760
761
762
762
762
761
761
762
755
755
755
755
755
755
755
755
755
755
755
755
755
755
755
755
755
755
755
755
755
755
755
755
755
755
755
755
755
755
755
755
755
755
755
755
755
755
755
755
755
755
755
755
755
755
755
755
755
755
755
755
755
781
781
781
780
780
758
758
758
758
758
755
755
755
758
758
755
758
758
758
755
755
755
755
755
755
755
755
755
755
755
755
755
755
755
755
755
755
755
755
755
755
755
755
755
755
755
755
755
755
755
755
755
755
755
755
755
755
755
755
755
755
755
755
755
755
755
755
755
755
755
755
755
758
758
758
758
779
779
779
779
779
779
779
779
778
778
778
755
755
755
755
755
755
755
755
755
755
755
755
755
755
755
755
755
755
755
755
755
755
755
755
755
755
755
755
755
755
755
755
755
755
755
755
755
755
755
755
755
755
755
755
755
755
755
755
755
755
755
755
755
755
755
755
755
755
776
775
776
776
775
775
776
772
772
772
773
773
773
774
774
773
774
774
777
777
755
755
755
755
755
755
755
755
755
755
755
755
755
755
755
755
755
755
755
755
755
755
755
755
755
755
755
755
755
755
755
755
755
755
755
755
755
755
755
755
755
755
755
755
755
755
755
755
755
755
755
755
755
755
755
755
755
755
755
755
771
769
765
765
765
765
771
769
769
765
765
765
765
770
770
765
765
757
757
757
757
757
757
757
757
757
755
755
755
755
765
755
755
755
765
755
755
755
765
765
755
755
755
755
755
755
755
765
755
755
755
755
755
755
755
755
755
765
755
755
755
755
755
765
755
755
755
755
755
755
755
755
755
765
755
755
755
755
755
755
755
755
755
755
755
755
755
755
757
757
757
757
757
757
757
757
757
757
757
757
768
768
768
768
768
768
768
768
768
768
768
768
768
768
768
768
768
768
768
768
768
768
768
768
-1
755
755
755
755
755
755
755
755
755
755
755
755
755
755
755
755
755
755
755
755
755
755
755
755
755
755
755
755
755
755
755
755
755
755
755
755
755
755
755
755
755
755
755
755
755
755
755
755
755
755
755
755
755
755
755
755
755
755
755
755
767
767
766
766
767
-1
755
755
755
755
755
755
755
755
755
755
755
755
755
755
755
755
755
755
755
755
755
755
755
755
755
755
755
755
755
755
755
755
755
755
755
755
755
755
755
755
755
755
755
755
755
755
755
755
755
755
755
755
755
755
756
756
756
756
756
756
756