0.325600 0.041600 0.008800
0.483200 0.041600 0.011200
0.276000 0.042400 0.003200
0.289600 0.042400 0.011200
0.331200 0.042400 0.003200
0.410400 0.042400 0.005600
0.428000 0.042400 0.005600
0.476800 0.042400 0.005600
0.262400 0.043200 0.011200
0.281600 0.043200 0.016800
0.296000 0.043200 0.003200
0.304800 0.043200 0.007200
0.314400 0.043200 0.008800
0.338400 0.043200 0.009600
0.372800 0.043200 0.008000
0.395200 0.043200 0.005600
0.403200 0.043200 0.005600
0.419200 0.043200 0.005600
0.455200 0.043200 0.018400
0.460800 0.043200 0.012800
0.468800 0.043200 0.005600
0.270400 0.044000 0.004800
0.351200 0.044000 0.008800
0.356800 0.044000 0.003200
0.363200 0.044000 0.016800
0.384800 0.044000 0.008000
0.436000 0.044000 0.005600
0.445600 0.044000 0.008800
0.495200 0.044000 0.008800
0.790400 0.068000 0.020000
0.803200 0.068000 0.008800
0.817600 0.068000 0.021600
0.160000 0.072800 0.016800
0.208000 0.073600 0.011200
0.235200 0.073600 0.019200
0.196000 0.074400 0.008800
0.224000 0.074400 0.008800
0.182400 0.075200 0.011200
0.524000 0.090400 0.012000
0.483200 0.091200 0.013600
0.498400 0.091200 0.008800
0.508000 0.091200 0.005600
0.516000 0.091200 0.005600
0.476000 0.092000 0.013600
0.842400 0.096000 0.007200
0.854400 0.096000 0.008000
0.831200 0.096800 0.007200
0.865600 0.096800 0.008800
0.871200 0.096800 0.012000
0.878400 0.096800 0.011200
0.820000 0.098400 0.008800
0.728000 0.100800 0.008800
0.740800 0.100800 0.007200
0.764000 0.100800 0.008800
0.748800 0.101600 0.011200
0.754400 0.101600 0.008800
0.138400 0.113600 0.013600
0.208800 0.115200 0.018400
0.325600 0.115200 0.011200
0.457600 0.115200 0.006400
0.466400 0.115200 0.005600
0.475200 0.115200 0.005600
0.482400 0.115200 0.005600
0.509600 0.115200 0.020800
0.156800 0.116000 0.011200
0.170400 0.116000 0.008800
0.195200 0.116000 0.005600
0.201600 0.116000 0.004800
0.220000 0.116000 0.008800
0.448000 0.116000 0.005600
0.524000 0.116000 0.011200
0.536000 0.116000 0.007200
0.547200 0.116000 0.008800
0.561600 0.116000 0.008800
0.571200 0.116000 0.005600
0.184000 0.116800 0.008800
0.234400 0.116800 0.011200
0.269600 0.116800 0.008800
0.280800 0.116800 0.005600
0.291200 0.116800 0.008800
0.341600 0.116800 0.011200
0.389600 0.116800 0.011200
0.436800 0.116800 0.016800
0.499200 0.116800 0.019200
0.580800 0.116800 0.007200
0.250400 0.117600 0.013600
0.311200 0.117600 0.015200
0.355200 0.117600 0.013600
0.624800 0.117600 0.005600
0.635200 0.117600 0.008800
0.704000 0.117600 0.016800
0.840000 0.117600 0.013600
0.302400 0.118400 0.005600
0.363200 0.118400 0.005600
0.373600 0.118400 0.008800
0.402400 0.118400 0.005600
0.592000 0.118400 0.005600
0.602400 0.118400 0.008800
0.613600 0.118400 0.008800
0.649600 0.118400 0.011200
0.664800 0.118400 0.011200
0.820800 0.118400 0.011200
0.852800 0.118400 0.008800
0.411200 0.119200 0.019200
0.682400 0.119200 0.028000
0.715200 0.119200 0.008800
0.728000 0.119200 0.010400
0.766400 0.119200 0.012000
0.805600 0.119200 0.011200
0.420800 0.120000 0.003200
0.426400 0.120000 0.020000
0.746400 0.120000 0.012800
0.788800 0.120000 0.013600
0.079200 0.120800 0.022400
0.039200 0.122400 0.019200
0.067200 0.122400 0.020800
0.052800 0.123200 0.008800
0.368000 0.135200 0.006400
0.380800 0.135200 0.008000
0.392000 0.135200 0.007200
0.325600 0.136000 0.005600
0.308800 0.136800 0.005600
0.317600 0.136800 0.005600
0.335200 0.136800 0.005600
0.344000 0.136800 0.005600
0.353600 0.136800 0.008800
0.648800 0.136800 0.008800
0.664800 0.136800 0.008800
0.209600 0.137600 0.007200
0.220000 0.137600 0.005600
0.227200 0.137600 0.004800
0.251200 0.137600 0.011200
0.302400 0.137600 0.004800
0.596800 0.137600 0.007200
0.608000 0.137600 0.006400
0.624800 0.137600 0.011200
0.233600 0.138400 0.005600
0.243200 0.138400 0.006400
0.617600 0.138400 0.005600
0.640000 0.138400 0.005600
0.575200 0.139200 0.008000
0.543200 0.140000 0.008800
0.588000 0.140000 0.007200
0.532800 0.140800 0.005600
0.523200 0.141600 0.005600
0.500800 0.142400 0.007200
0.510400 0.142400 0.008800
0.140800 0.153600 0.021600
0.132800 0.154400 0.018400
0.155200 0.155200 0.008800
0.164800 0.155200 0.022400
0.636000 0.155200 0.013600
0.040800 0.156000 0.022400
0.563200 0.156000 0.011200
0.764000 0.156000 0.014400
0.786400 0.156000 0.011200
0.054400 0.156800 0.024000
0.179200 0.156800 0.011200
0.192000 0.156800 0.008800
0.205600 0.156800 0.011200
0.220000 0.156800 0.011200
0.273600 0.156800 0.016000
0.288000 0.156800 0.016800
0.297600 0.156800 0.008800
0.316000 0.156800 0.005600
0.686400 0.156800 0.016800
0.237600 0.157600 0.011200
0.253600 0.157600 0.013600
0.308000 0.157600 0.005600
0.328800 0.157600 0.011200
0.342400 0.157600 0.008800
0.469600 0.157600 0.013600
0.500800 0.157600 0.005600
0.532800 0.157600 0.010400
0.578400 0.157600 0.008800
0.616800 0.157600 0.011200
0.646400 0.157600 0.013600
0.663200 0.157600 0.011200
0.676000 0.157600 0.008800
0.741600 0.157600 0.013600
0.800000 0.157600 0.005600
0.811200 0.157600 0.011200
0.828000 0.157600 0.013600
0.389600 0.158400 0.016800
0.457600 0.158400 0.016800
0.487200 0.158400 0.011200
0.509600 0.158400 0.005600
0.518400 0.158400 0.012800
0.547200 0.158400 0.011200
0.703200 0.158400 0.011200
0.722400 0.158400 0.013600
0.059200 0.159200 0.027200
0.356000 0.159200 0.019200
0.369600 0.159200 0.016800
0.408000 0.159200 0.016800
0.419200 0.159200 0.008800
0.433600 0.159200 0.016800
0.600000 0.159200 0.008800
0.589600 0.160000 0.005600
0.850400 0.160000 0.015200
0.267200 0.176000 0.008000
0.503200 0.176000 0.008800
0.241600 0.176800 0.008800
0.249600 0.176800 0.010400
0.282400 0.176800 0.008000
0.467200 0.176800 0.005600
0.474400 0.176800 0.005600
0.483200 0.176800 0.006400
0.493600 0.176800 0.005600
0.679200 0.176800 0.008000
0.203200 0.177600 0.008800
0.216800 0.177600 0.007200
0.226400 0.177600 0.008000
0.292800 0.177600 0.008000
0.451200 0.177600 0.005600
0.459200 0.177600 0.004800
0.660800 0.177600 0.005600
0.670400 0.177600 0.005600
0.443200 0.178400 0.005600
0.580800 0.178400 0.003200
0.587200 0.178400 0.009600
0.645600 0.178400 0.010400
0.652000 0.178400 0.005600
0.436800 0.179200 0.004800
0.556000 0.179200 0.005600
0.562400 0.179200 0.008800
0.572800 0.179200 0.007200
0.735200 0.179200 0.009600
0.761600 0.179200 0.008800
0.750400 0.180800 0.007200
0.850400 0.180800 0.008800
0.137600 0.192800 0.013600
0.412800 0.192800 0.011200
0.176000 0.193600 0.011200
0.425600 0.193600 0.013600
0.156800 0.194400 0.012800
0.339200 0.194400 0.008800
0.256800 0.195200 0.008800
0.432800 0.195200 0.005600
0.103200 0.196000 0.005600
0.113600 0.196000 0.005600
0.192000 0.196000 0.011200
0.247200 0.196000 0.005600
0.397600 0.196000 0.010400
0.447200 0.196000 0.011200
0.467200 0.196000 0.012000
0.484800 0.196000 0.012800
0.699200 0.196000 0.020000
0.836800 0.196000 0.011200
0.095200 0.196800 0.004800
0.121600 0.196800 0.005600
0.207200 0.196800 0.012800
0.225600 0.196800 0.011200
0.268000 0.196800 0.013600
0.276000 0.196800 0.003200
0.283200 0.196800 0.013600
0.348800 0.196800 0.003200
0.354400 0.196800 0.003200
0.359200 0.196800 0.008000
0.368800 0.196800 0.008000
0.380000 0.196800 0.018400
0.384800 0.196800 0.011200
0.492800 0.196800 0.005600
0.501600 0.196800 0.005600
0.646400 0.196800 0.008800
0.682400 0.196800 0.005600
0.792800 0.196800 0.016800
0.812800 0.196800 0.005600
0.853600 0.196800 0.013600
0.087200 0.197600 0.005600
0.239200 0.197600 0.005600
0.293600 0.197600 0.005600
0.512000 0.197600 0.016800
0.527200 0.197600 0.019200
0.532800 0.197600 0.013600
0.550400 0.197600 0.008800
0.562400 0.197600 0.005600
0.595200 0.197600 0.011200
0.616800 0.197600 0.008000
0.627200 0.197600 0.005600
0.636000 0.197600 0.005600
0.662400 0.197600 0.009600
0.674400 0.197600 0.005600
0.732000 0.197600 0.013600
0.804800 0.197600 0.005600
0.821600 0.197600 0.013600
0.052800 0.198400 0.007200
0.062400 0.198400 0.005600
0.070400 0.198400 0.005600
0.078400 0.198400 0.005600
0.305600 0.198400 0.008800
0.321600 0.198400 0.012800
0.570400 0.198400 0.005600
0.606400 0.198400 0.005600
0.752800 0.198400 0.011200
0.579200 0.199200 0.013600
0.708000 0.199200 0.008800
0.773600 0.199200 0.013600
0.024800 0.200000 0.011200
0.031200 0.200000 0.008800
0.040800 0.200000 0.008000
0.113600 0.208000 0.005600
0.123200 0.208000 0.007200
0.104800 0.209600 0.005600
0.088000 0.210400 0.005600
0.096000 0.210400 0.005600
0.061600 0.211200 0.008000
0.076800 0.211200 0.007200
0.052000 0.212000 0.005600
0.404800 0.212000 0.005600
0.444800 0.212000 0.007200
0.455200 0.212000 0.008000
0.043200 0.212800 0.006400
0.413600 0.212800 0.005600
0.428000 0.212800 0.003200
0.436800 0.212800 0.007200
0.025600 0.213600 0.008800
0.032800 0.213600 0.005600
0.421600 0.213600 0.005600
0.289600 0.215200 0.008800
0.710400 0.215200 0.008000
0.260800 0.216000 0.008800
0.727200 0.216800 0.005600
0.733600 0.216800 0.004800
0.740800 0.216800 0.008800
0.278400 0.217600 0.008800
0.720000 0.217600 0.005600
0.360000 0.218400 0.011200
0.367200 0.218400 0.012800
0.401600 0.220800 0.005600
0.636800 0.221600 0.007200
0.088000 0.224000 0.006400
0.107200 0.224000 0.008800
0.120800 0.224000 0.006400
0.077600 0.224800 0.007200
0.097600 0.224800 0.005600
0.528800 0.224800 0.007200
0.068000 0.225600 0.005600
0.039200 0.226400 0.007200
0.058400 0.226400 0.005600
0.027200 0.227200 0.008000
0.049600 0.227200 0.005600
0.134400 0.232000 0.016800
0.185600 0.234400 0.027200
0.760000 0.234400 0.011200
0.162400 0.235200 0.021600
0.688000 0.235200 0.008800
0.698400 0.235200 0.005600
0.708000 0.235200 0.005600
0.729600 0.235200 0.008800
0.777600 0.235200 0.011200
0.179200 0.236000 0.013600
0.375200 0.236000 0.011200
0.432800 0.236000 0.016800
0.460000 0.236000 0.013600
0.744800 0.236000 0.011200
0.794400 0.236000 0.011200
0.836000 0.236000 0.007200
0.848800 0.236000 0.018400
0.199200 0.236800 0.016800
0.360000 0.236800 0.011200
0.391200 0.236800 0.011200
0.408000 0.236800 0.013600
0.443200 0.236800 0.007200
0.476800 0.236800 0.011200
0.674400 0.236800 0.011200
0.715200 0.236800 0.012800
0.824800 0.236800 0.008800
0.225600 0.237600 0.016800
0.246400 0.237600 0.013600
0.262400 0.237600 0.013600
0.494400 0.237600 0.024800
0.581600 0.237600 0.016800
0.617600 0.237600 0.011200
0.634400 0.237600 0.011200
0.645600 0.237600 0.021600
0.124000 0.238400 0.005600
0.310400 0.238400 0.013600
0.328000 0.238400 0.024800
0.505600 0.238400 0.008000
0.553600 0.238400 0.022400
0.560800 0.238400 0.005600
0.659200 0.238400 0.011200
0.810400 0.238400 0.011200
0.240000 0.239200 0.026400
0.332800 0.239200 0.018400
0.540000 0.239200 0.011200
0.604000 0.239200 0.011200
0.024800 0.240000 0.007200
0.091200 0.240000 0.007200
0.099200 0.240000 0.005600
0.107200 0.240000 0.005600
0.290400 0.240000 0.013600
0.521600 0.240000 0.012800
0.064800 0.240800 0.010400
0.072000 0.240800 0.005600
0.080000 0.240800 0.008800
0.344800 0.240800 0.008800
0.034400 0.241600 0.005600
0.041600 0.241600 0.005600
0.049600 0.241600 0.005600
0.058400 0.241600 0.005600
0.115200 0.241600 0.005600
0.128800 0.251200 0.007200
0.140000 0.252000 0.008000
0.151200 0.252000 0.008000
0.103200 0.252800 0.008000
0.118400 0.252800 0.007200
0.097600 0.253600 0.008800
0.081600 0.254400 0.005600
0.088000 0.254400 0.007200
0.026400 0.255200 0.008000
0.036800 0.255200 0.005600
0.046400 0.255200 0.006400
0.054400 0.255200 0.004800
0.062400 0.255200 0.005600
0.070400 0.256000 0.007200
0.153600 0.260000 0.006400
0.114400 0.265600 0.009600
0.216800 0.265600 0.007200
0.108000 0.266400 0.011200
0.085600 0.267200 0.007200
0.097600 0.267200 0.007200
0.068000 0.268000 0.005600
0.076000 0.268000 0.007200
0.036000 0.268800 0.005600
0.044800 0.268800 0.005600
0.056800 0.268800 0.008000
0.026400 0.269600 0.007200
0.446400 0.276000 0.005600
0.139200 0.276800 0.016000
0.193600 0.276800 0.008800
0.206400 0.276800 0.011200
0.228800 0.276800 0.016800
0.251200 0.276800 0.007200
0.275200 0.276800 0.019200
0.706400 0.276800 0.013600
0.725600 0.276800 0.011200
0.161600 0.277600 0.011200
0.240000 0.277600 0.008800
0.261600 0.277600 0.016800
0.414400 0.277600 0.027200
0.179200 0.278400 0.012800
0.314400 0.278400 0.020800
0.322400 0.278400 0.016800
0.340800 0.278400 0.016000
0.624800 0.278400 0.013600
0.740800 0.278400 0.008800
0.753600 0.278400 0.008800
0.775200 0.278400 0.008800
0.864800 0.278400 0.005600
0.872000 0.278400 0.024800
0.219200 0.279200 0.008800
0.290400 0.279200 0.005600
0.456000 0.279200 0.022400
0.482400 0.279200 0.005600
0.491200 0.279200 0.008800
0.525600 0.279200 0.015200
0.542400 0.279200 0.011200
0.616800 0.279200 0.016800
0.657600 0.279200 0.011200
0.688000 0.279200 0.011200
0.764800 0.279200 0.008800
0.796000 0.279200 0.015200
0.803200 0.279200 0.016800
0.059200 0.280000 0.005600
0.068000 0.280000 0.005600
0.076000 0.280000 0.005600
0.083200 0.280000 0.005600
0.301600 0.280000 0.016800
0.364000 0.280000 0.012800
0.380800 0.280000 0.011200
0.436000 0.280000 0.016800
0.469600 0.280000 0.011200
0.505600 0.280000 0.011200
0.556800 0.280000 0.008800
0.566400 0.280000 0.005600
0.573600 0.280000 0.011200
0.587200 0.280000 0.010400
0.640800 0.280000 0.011200
0.673600 0.280000 0.008800
0.785600 0.280000 0.008800
0.822400 0.280000 0.013600
0.838400 0.280000 0.011200
0.855200 0.280000 0.024800
0.050400 0.280800 0.005600
0.396000 0.280800 0.011200
0.430400 0.280800 0.013600
0.040000 0.281600 0.007200
0.603200 0.281600 0.011200
0.032000 0.282400 0.012800
0.624000 0.295200 0.005600
0.568000 0.296000 0.008800
0.574400 0.296800 0.008800
0.583200 0.296800 0.006400
0.591200 0.296800 0.008800
0.605600 0.296800 0.005600
0.616000 0.296800 0.005600
0.242400 0.297600 0.008800
0.252800 0.297600 0.008000
0.203200 0.298400 0.008800
0.228000 0.298400 0.008800
0.215200 0.300000 0.008800
0.426400 0.300000 0.008800
0.435200 0.300800 0.008000
0.364000 0.302400 0.007200
0.601600 0.314400 0.005600
0.644800 0.314400 0.011200
0.688000 0.314400 0.018400
0.630400 0.315200 0.011200
0.706400 0.315200 0.013600
0.724800 0.315200 0.011200
0.795200 0.315200 0.011200
0.872000 0.315200 0.005600
0.306400 0.316000 0.016800
0.483200 0.316000 0.013600
0.588000 0.316000 0.011200
0.611200 0.316000 0.014400
0.662400 0.316000 0.011200
0.676800 0.316000 0.008800
0.812800 0.316000 0.011200
0.831200 0.316000 0.013600
0.849600 0.316000 0.011200
0.861600 0.316000 0.007200
0.284800 0.316800 0.016800
0.464800 0.316800 0.022400
0.492000 0.316800 0.005600
0.544000 0.316800 0.003200
0.548800 0.316800 0.003200
0.556000 0.316800 0.011200
0.572000 0.316800 0.011200
0.740000 0.316800 0.011200
0.754400 0.316800 0.008800
0.764800 0.316800 0.007200
0.778400 0.316800 0.011200
0.881600 0.316800 0.015200
0.271200 0.317600 0.007200
0.329600 0.317600 0.016800
0.352000 0.317600 0.016800
0.501600 0.317600 0.024000
0.515200 0.317600 0.011200
0.137600 0.318400 0.013600
0.257600 0.318400 0.016800
0.342400 0.318400 0.005600
0.416000 0.318400 0.011200
0.452800 0.318400 0.020800
0.535200 0.318400 0.016800
0.124000 0.319200 0.021600
0.157600 0.319200 0.013600
0.399200 0.319200 0.013600
0.438400 0.319200 0.015200
0.176800 0.320000 0.013600
0.198400 0.320000 0.013600
0.363200 0.320000 0.011200
0.428800 0.320000 0.008800
0.240800 0.320800 0.013600
0.380000 0.320800 0.013600
0.222400 0.322400 0.012800
0.276000 0.339200 0.008000
0.286400 0.339200 0.008800
0.293600 0.339200 0.009600
0.265600 0.340000 0.008000
0.337600 0.340000 0.007200
0.350400 0.340000 0.008800
0.570400 0.340000 0.008800
0.146400 0.340800 0.011200
0.358400 0.340800 0.008800
0.136000 0.341600 0.008800
0.224000 0.341600 0.008800
0.234400 0.341600 0.008800
0.211200 0.342400 0.008800
0.484800 0.343200 0.008800
0.476000 0.344000 0.008000
0.515200 0.357600 0.005600
0.567200 0.357600 0.012800
0.523200 0.358400 0.005600
0.779200 0.358400 0.008800
0.425600 0.359200 0.013600
0.460000 0.359200 0.013600
0.480800 0.359200 0.012000
0.501600 0.359200 0.011200
0.535200 0.359200 0.009600
0.619200 0.359200 0.013600
0.550400 0.360000 0.011200
0.582400 0.360000 0.005600
0.598400 0.360000 0.013600
0.766400 0.360000 0.008800
0.792000 0.360000 0.008800
0.808000 0.360000 0.013600
0.408000 0.360800 0.011200
0.440800 0.360800 0.011200
0.445600 0.360800 0.013600
0.641600 0.360800 0.013600
0.685600 0.360800 0.005600
0.704000 0.360800 0.008800
0.752000 0.360800 0.011200
0.832000 0.360800 0.016000
0.856000 0.360800 0.032800
0.246400 0.361600 0.016800
0.267200 0.361600 0.011200
0.348800 0.361600 0.005600
0.356800 0.361600 0.005600
0.368800 0.361600 0.016800
0.386400 0.361600 0.016800
0.673600 0.361600 0.011200
0.694400 0.361600 0.005600
0.871200 0.361600 0.026400
0.167200 0.362400 0.011200
0.180800 0.362400 0.011200
0.196000 0.362400 0.011200
0.213600 0.362400 0.012000
0.281600 0.362400 0.008800
0.291200 0.362400 0.007200
0.302400 0.362400 0.008800
0.317600 0.362400 0.011200
0.336800 0.362400 0.016000
0.395200 0.362400 0.005600
0.658400 0.362400 0.011200
0.718400 0.362400 0.011200
0.738400 0.362400 0.024800
0.232800 0.363200 0.011200
0.153600 0.364000 0.008800
0.139200 0.365600 0.020800
0.938400 0.365600 0.020800
0.904800 0.366400 0.015200
0.924800 0.366400 0.019200
0.918400 0.392800 0.017600
0.931200 0.397600 0.022400
