1006
1006
1006
1006
1006
1006
1011
1011
1008
1007
1008
1008
1008
1008
1010
1007
1007
1007
1007
1008
1010
1007
1007
1007
1007
1009
1010
1010
1007
1007
1007
1007
1007
1007
1007
1007
1012
1012
1012
1012
1004
1004
1004
1004
1004
1004
1004
1004
1004
1004
1004
1004
1004
1004
1004
1004
1004
1004
1004
1004
1004
1004
1004
1004
1004
1004
1004
1004
1004
1004
1004
1004
1004
1004
1004
1004
1004
1004
1004
1004
1004
1004
1004
1004
1004
1004
1004
1004
1031
1031
1031
1031
1031
1031
1031
1031
1031
1031
1031
1031
1033
1031
1031
1031
1013
1013
1013
1013
1013
1033
1033
1033
1033
1033
1033
1033
1013
1013
1013
1013
1013
1013
1013
1013
1013
1013
1032
1032
1013
1013
1032
1032
1032
1013
1013
1013
1013
1013
1032
1013
1013
1013
1013
1013
1013
1013
1013
1013
1013
1013
1013
1013
1004
1004
1004
1004
1004
1004
1004
1004
1004
1004
1004
1004
1004
1004
1004
1004
1004
1004
1004
1004
1004
1004
1004
1004
1004
1004
1004
1004
1004
1004
1004
1004
1004
1004
1004
1004
1004
1004
1004
1004
1004
1004
1004
1004
1004
1004
1004
1004
1004
1004
1004
1004
1004
1004
1030
1030
1030
1030
1030
1030
1030
1030
1030
1030
1030
1030
1030
1030
1030
1030
1030
1030
1030
1030
1029
1029
1029
1029
1029
1029
1029
1029
1029
1004
1004
1004
1004
1004
1004
1004
1004
1004
1004
1004
1004
1004
1004
1004
1004
1004
1004
1004
1004
1004
1004
1004
1004
1004
1004
1004
1004
1004
1004
1004
1004
1004
1004
1004
1004
1004
1004
1004
1004
1004
1004
1004
1004
1004
1004
1004
1004
1004
1004
1004
1004
1026
1026
1026
1026
1026
1026
1026
1026
1026
1027
1027
1026
1026
1026
1027
1027
1027
1027
1027
1027
1028
1028
1028
1027
1028
1028
1027
1028
1028
1028
1028
1028
1028
1028
1028
1028
1028
1028
1028
1028
1028
1028
1004
1004
1004
1004
1004
1004
1004
1004
1004
1004
1004
1004
1004
1004
1004
1004
1004
1004
1004
1004
1004
1004
1004
1004
1004
1004
1004
1004
1004
1004
1004
1004
1004
1004
1004
1004
1004
1004
1004
1004
1004
1004
1004
1004
1004
1004
1004
1004
1004
1004
1004
1004
1004
1004
1004
1023
1023
1023
1022
1022
1022
1014
1005
1023
1023
1023
1023
1022
1022
1014
1014
1014
1014
1005
1005
1005
1005
1005
1023
1022
1022
1014
1014
1024
1025
1005
1024
1024
1024
1024
1024
1024
1024
1025
1004
1004
1004
1004
1004
1004
1004
1004
1004
1004
1004
1004
1004
1004
1004
1004
1004
1004
1004
1004
1004
1004
1004
1004
1004
1004
1004
1004
1004
1004
1004
1004
1004
1004
1004
1004
1004
1004
1004
1004
1004
1004
1004
1004
1004
1004
1004
1004
1004
1004
1004
1021
1021
1021
1021
1021
1020
1020
1021
1021
1021
1021
1019
1020
1019
1019
1019
1019
1019
1019
1020
1019
1019
1019
1004
1004
1004
1004
1004
1004
1004
1004
1004
1004
1004
1004
1004
1004
1004
1004
1004
1004
1004
1004
1004
1004
1004
1004
1004
1004
1004
1004
1004
1004
1004
1004
1004
1004
1004
1004
1004
1004
1004
1004
1004
1004
1004
1004
1004
1004
1004
1004
1004
1004
1004
1004
1017
1017
1017
1016
1016
1016
1017
1016
1016
1016
1016
1015
1015
1015
1015
1015
1015
1015
1004
1004
1004
1004
1004
1004
1004
1004
1004
1004
1004
1004
1004
1004
1004
1004
1004
1004
1004
1004
1004
1004
1004
1004
1004
1004
1004
1004
1004
1004
1004
1004
1004
1004
1004
1004
1004
1004
1004
1004
1004
1004
1004
1004
1004
1004
1004
1004
1004
1004
1004
1004
1004
1004
1004
1004
1018
1018
1018
1018