0.758400 0.038400 0.005600
0.768000 0.038400 0.008800
0.801600 0.038400 0.007200
0.792000 0.039200 0.005600
0.812000 0.039200 0.005600
0.821600 0.039200 0.014400
0.726400 0.040000 0.005600
0.739200 0.040000 0.005600
0.748000 0.040000 0.007200
0.780800 0.040000 0.008800
0.695200 0.040800 0.008800
0.705600 0.040800 0.008800
0.714400 0.040800 0.008800
0.732800 0.040800 0.003200
0.660800 0.041600 0.008800
0.671200 0.041600 0.008000
0.682400 0.041600 0.011200
0.688800 0.041600 0.004000
0.649600 0.042400 0.016000
0.641600 0.043200 0.012800
0.219200 0.056000 0.011200
0.236800 0.056000 0.025600
0.247200 0.056000 0.020000
0.205600 0.056800 0.011200
0.164800 0.057600 0.016800
0.186400 0.058400 0.013600
0.858400 0.064800 0.013600
0.831200 0.065600 0.011200
0.844000 0.065600 0.008800
0.227200 0.092800 0.006400
0.147200 0.103200 0.020800
0.179200 0.103200 0.014400
0.236800 0.103200 0.019200
0.200000 0.104000 0.011200
0.216000 0.104800 0.027200
0.225600 0.104800 0.006400
0.247200 0.104800 0.005600
0.256800 0.104800 0.016800
0.304000 0.104800 0.011200
0.278400 0.105600 0.016800
0.288800 0.106400 0.008800
0.320000 0.106400 0.011200
0.349600 0.106400 0.011200
0.364000 0.106400 0.011200
0.379200 0.106400 0.011200
0.428800 0.106400 0.013600
0.335200 0.107200 0.011200
0.560800 0.107200 0.019200
0.396800 0.108000 0.011200
0.412800 0.108000 0.011200
0.448000 0.108000 0.008800
0.486400 0.108000 0.013600
0.544000 0.108000 0.019200
0.584800 0.108000 0.016800
0.458400 0.108800 0.005600
0.466400 0.108800 0.013600
0.519200 0.108800 0.015200
0.530400 0.108800 0.005600
0.590400 0.108800 0.016800
0.604000 0.108800 0.016800
0.636000 0.108800 0.008800
0.657600 0.108800 0.016000
0.710400 0.108800 0.008800
0.730400 0.108800 0.007200
0.738400 0.108800 0.022400
0.752800 0.108800 0.008800
0.784000 0.108800 0.011200
0.050400 0.109600 0.013600
0.477600 0.109600 0.005600
0.501600 0.109600 0.011200
0.624800 0.109600 0.008800
0.649600 0.109600 0.019200
0.672800 0.109600 0.015200
0.800000 0.109600 0.011200
0.818400 0.109600 0.013600
0.847200 0.109600 0.021600
0.572000 0.110400 0.024800
0.768000 0.110400 0.011200
0.836800 0.110400 0.028000
0.680800 0.111200 0.005600
0.692800 0.111200 0.016800
0.720000 0.111200 0.005600
0.052800 0.124800 0.013600
0.364000 0.127200 0.008800
0.305600 0.128000 0.008000
0.316800 0.128000 0.008000
0.352000 0.128000 0.009600
0.358400 0.128000 0.003200
0.328000 0.128800 0.005600
0.336800 0.128800 0.008000
0.347200 0.128800 0.008800
0.516000 0.130400 0.008800
0.535200 0.130400 0.011200
0.660800 0.130400 0.011200
0.588800 0.131200 0.005600
0.595200 0.131200 0.005600
0.603200 0.131200 0.007200
0.629600 0.131200 0.011200
0.638400 0.131200 0.012000
0.646400 0.131200 0.005600
0.653600 0.131200 0.005600
0.666400 0.131200 0.009600
0.525600 0.132000 0.007200
0.613600 0.132000 0.005600
0.621600 0.132000 0.005600
0.165600 0.149600 0.013600
0.200800 0.149600 0.011200
0.339200 0.150400 0.014400
0.148800 0.151200 0.029600
0.184800 0.151200 0.011200
0.232800 0.151200 0.011200
0.574400 0.151200 0.016800
0.216800 0.152000 0.011200
0.283200 0.152000 0.024800
0.356800 0.152000 0.005600
0.439200 0.152000 0.015200
0.507200 0.152000 0.016800
0.518400 0.152000 0.007200
0.585600 0.152000 0.004800
0.720000 0.152000 0.011200
0.248800 0.152800 0.013600
0.269600 0.152800 0.011200
0.304800 0.152800 0.013600
0.348800 0.152800 0.005600
0.365600 0.152800 0.013600
0.380800 0.152800 0.013600
0.422400 0.152800 0.003200
0.485600 0.152800 0.027200
0.528800 0.152800 0.008800
0.556000 0.152800 0.013600
0.610400 0.152800 0.011200
0.694400 0.152800 0.005600
0.704000 0.152800 0.014400
0.739200 0.152800 0.013600
0.323200 0.153600 0.011200
0.404000 0.153600 0.016800
0.414400 0.153600 0.016800
0.468800 0.153600 0.016800
0.542400 0.153600 0.008800
0.594400 0.153600 0.016800
0.623200 0.153600 0.017600
0.648000 0.153600 0.011200
0.663200 0.153600 0.013600
0.686400 0.153600 0.005600
0.752000 0.153600 0.022400
0.768800 0.153600 0.016800
0.817600 0.153600 0.011200
0.427200 0.154400 0.018400
0.446400 0.154400 0.017600
0.458400 0.154400 0.022400
0.631200 0.154400 0.015200
0.677600 0.154400 0.022400
0.777600 0.154400 0.019200
0.789600 0.154400 0.011200
0.832800 0.154400 0.013600
0.842400 0.154400 0.016800
0.396000 0.155200 0.016800
0.803200 0.155200 0.011200
0.964800 0.156800 0.005600
0.926400 0.158400 0.008800
0.949600 0.158400 0.020800
0.957600 0.158400 0.005600
0.914400 0.159200 0.019200
0.942400 0.160800 0.013600
0.889600 0.162400 0.013600
0.893600 0.162400 0.011200
0.900800 0.163200 0.011200
0.867200 0.164000 0.009600
0.873600 0.164000 0.003200
0.880800 0.164000 0.011200
0.808800 0.176000 0.011200
0.845600 0.176000 0.013600
0.828000 0.176800 0.005600
0.836800 0.176800 0.005600
0.820000 0.178400 0.013600
0.435200 0.180800 0.008000
0.496000 0.180800 0.008800
0.507200 0.180800 0.007200
0.517600 0.180800 0.008800
0.412800 0.181600 0.008000
0.424000 0.181600 0.007200
0.445600 0.181600 0.008800
0.400000 0.184000 0.006400
0.146400 0.197600 0.023200
0.177600 0.197600 0.011200
0.341600 0.197600 0.028800
0.360000 0.197600 0.011200
0.375200 0.197600 0.011200
0.391200 0.197600 0.013600
0.195200 0.198400 0.011200
0.163200 0.199200 0.024800
0.213600 0.199200 0.016000
0.283200 0.199200 0.021600
0.317600 0.199200 0.008800
0.223200 0.200000 0.021600
0.305600 0.200000 0.008800
0.331200 0.200000 0.020000
0.412800 0.200000 0.013600
0.476800 0.200000 0.008800
0.645600 0.200000 0.016000
0.691200 0.200000 0.008800
0.236000 0.200800 0.011200
0.464800 0.200800 0.008800
0.522400 0.200800 0.013600
0.559200 0.200800 0.011200
0.576800 0.200800 0.012800
0.625600 0.200800 0.012800
0.654400 0.200800 0.016800
0.676800 0.200800 0.016000
0.708000 0.200800 0.013600
0.723200 0.200800 0.024800
0.783200 0.200800 0.013600
0.803200 0.200800 0.014400
0.815200 0.200800 0.015200
0.252000 0.201600 0.013600
0.268800 0.201600 0.011200
0.423200 0.201600 0.016800
0.432800 0.201600 0.015200
0.440800 0.201600 0.016800
0.452800 0.201600 0.008800
0.485600 0.201600 0.015200
0.501600 0.201600 0.011200
0.542400 0.201600 0.011200
0.594400 0.201600 0.011200
0.609600 0.201600 0.011200
0.668000 0.201600 0.016800
0.764000 0.201600 0.016800
0.847200 0.201600 0.013600
0.294400 0.202400 0.007200
0.746400 0.202400 0.013600
0.824000 0.202400 0.013600
0.832800 0.203200 0.005600
0.818400 0.218400 0.005600
0.827200 0.218400 0.005600
0.592000 0.219200 0.008000
0.684800 0.219200 0.010400
0.781600 0.219200 0.008000
0.812800 0.219200 0.005600
0.648000 0.220000 0.005600
0.655200 0.220000 0.003200
0.678400 0.220000 0.005600
0.795200 0.220000 0.008000
0.805600 0.220000 0.005600
0.638400 0.220800 0.007200
0.660800 0.220800 0.008800
0.669600 0.220800 0.005600
0.627200 0.221600 0.008000
0.296000 0.225600 0.006400
0.827200 0.236000 0.011200
0.839200 0.236000 0.020800
0.149600 0.237600 0.022400
0.763200 0.237600 0.011200
0.809600 0.237600 0.009600
0.796800 0.238400 0.008800
0.169600 0.239200 0.011200
0.188800 0.239200 0.005600
0.200000 0.239200 0.016800
0.744800 0.239200 0.019200
0.784800 0.239200 0.016000
0.181600 0.240000 0.005600
0.216000 0.240000 0.013600
0.640800 0.240000 0.013600
0.658400 0.240000 0.013600
0.673600 0.240000 0.013600
0.694400 0.240000 0.014400
0.717600 0.240000 0.013600
0.732000 0.240000 0.008800
0.305600 0.240800 0.011200
0.606400 0.240800 0.005600
0.646400 0.240800 0.015200
0.268000 0.241600 0.019200
0.291200 0.241600 0.011200
0.326400 0.241600 0.022400
0.614400 0.241600 0.005600
0.244800 0.242400 0.019200
0.342400 0.242400 0.008800
0.353600 0.242400 0.008800
0.392000 0.242400 0.019200
0.412000 0.242400 0.013600
0.431200 0.242400 0.013600
0.540800 0.242400 0.020800
0.564000 0.242400 0.013600
0.585600 0.242400 0.016800
0.597600 0.242400 0.005600
0.626400 0.242400 0.016800
0.232800 0.243200 0.011200
0.252000 0.244000 0.013600
0.365600 0.244000 0.011200
0.379200 0.244000 0.008800
0.452800 0.244000 0.014400
0.508000 0.244000 0.013600
0.528000 0.244000 0.025600
0.472000 0.245600 0.011200
0.486400 0.245600 0.009600
0.790400 0.254400 0.007200
0.799200 0.254400 0.008800
0.364800 0.258400 0.007200
0.183200 0.259200 0.009600
0.168800 0.260000 0.008800
0.484000 0.260800 0.008000
0.496000 0.261600 0.008000
0.501600 0.261600 0.003200
0.506400 0.262400 0.008800
0.512800 0.262400 0.009600
0.394400 0.276000 0.011200
0.444800 0.276000 0.016800
0.147200 0.276800 0.015200
0.362400 0.276800 0.012000
0.380000 0.276800 0.011200
0.801600 0.276800 0.011200
0.834400 0.276800 0.026400
0.312800 0.277600 0.011200
0.327200 0.277600 0.011200
0.344800 0.277600 0.012800
0.411200 0.277600 0.011200
0.436800 0.277600 0.018400
0.706400 0.277600 0.027200
0.817600 0.277600 0.011200
0.274400 0.278400 0.011200
0.424800 0.278400 0.008800
0.640000 0.278400 0.012800
0.660000 0.278400 0.019200
0.684000 0.278400 0.011200
0.696800 0.278400 0.008800
0.164800 0.279200 0.008800
0.174400 0.279200 0.005600
0.182400 0.279200 0.012000
0.198400 0.279200 0.008800
0.209600 0.279200 0.005600
0.219200 0.279200 0.007200
0.251200 0.279200 0.005600
0.296800 0.279200 0.013600
0.463200 0.279200 0.011200
0.529600 0.279200 0.008800
0.540000 0.279200 0.016800
0.609600 0.279200 0.021600
0.622400 0.279200 0.011200
0.668800 0.279200 0.022400
0.723200 0.279200 0.011200
0.739200 0.279200 0.011200
0.772000 0.279200 0.008800
0.187200 0.280000 0.011200
0.240800 0.280000 0.008800
0.258400 0.280000 0.013600
0.492800 0.280000 0.008800
0.548800 0.280000 0.005600
0.560800 0.280000 0.016800
0.570400 0.280000 0.024800
0.756000 0.280000 0.011200
0.787200 0.280000 0.011200
0.229600 0.280800 0.008800
0.478400 0.280800 0.011200
0.504000 0.280800 0.005600
0.517600 0.280800 0.009600
0.587200 0.280800 0.013600
0.600000 0.280800 0.022400
0.181600 0.294400 0.005600
0.188000 0.295200 0.005600
0.196000 0.295200 0.005600
0.216000 0.295200 0.005600
0.281600 0.295200 0.008000
0.204800 0.296000 0.005600
0.224000 0.296000 0.004800
0.232800 0.296800 0.007200
0.292000 0.297600 0.008800
0.299200 0.298400 0.008800
0.225600 0.305600 0.003200
0.160000 0.311200 0.007200
0.169600 0.311200 0.005600
0.176000 0.311200 0.005600
0.135200 0.312800 0.008800
0.148800 0.312800 0.008800
0.187200 0.315200 0.015200
0.207200 0.316000 0.012800
0.324000 0.316800 0.011200
0.224800 0.317600 0.011200
0.241600 0.317600 0.016800
0.267200 0.318400 0.013600
0.301600 0.318400 0.004800
0.309600 0.318400 0.013600
0.634400 0.318400 0.019200
0.292000 0.319200 0.014400
0.340800 0.319200 0.011200
0.615200 0.319200 0.011200
0.376000 0.320000 0.008800
0.480000 0.320000 0.006400
0.626400 0.320000 0.005600
0.357600 0.320800 0.012800
0.388800 0.320800 0.008800
0.400800 0.320800 0.005600
0.408800 0.320800 0.016800
0.472800 0.320800 0.005600
0.488800 0.320800 0.013600
0.516800 0.320800 0.011200
0.644000 0.320800 0.022400
0.657600 0.320800 0.008800
0.772800 0.320800 0.016800
0.807200 0.320800 0.016000
0.500000 0.321600 0.015200
0.532000 0.321600 0.011200
0.597600 0.321600 0.011200
0.672800 0.321600 0.011200
0.703200 0.321600 0.022400
0.742400 0.321600 0.008800
0.796800 0.321600 0.007200
0.828000 0.321600 0.013600
0.420000 0.322400 0.004800
0.428800 0.322400 0.013600
0.462400 0.322400 0.008800
0.547200 0.322400 0.008800
0.559200 0.322400 0.005600
0.568000 0.322400 0.016800
0.584000 0.322400 0.011200
0.688800 0.322400 0.011200
0.708800 0.322400 0.013600
0.725600 0.322400 0.012800
0.752000 0.322400 0.005600
0.760800 0.322400 0.013600
0.782400 0.322400 0.013600
0.847200 0.322400 0.029600
0.788000 0.323200 0.013600
0.446400 0.324000 0.012800
0.882400 0.335200 0.017600
0.758400 0.340800 0.008800
0.780000 0.340800 0.008800
0.768800 0.341600 0.006400
0.264000 0.342400 0.008000
0.275200 0.342400 0.006400
0.970400 0.347200 0.016800
0.961600 0.348800 0.015200
0.904800 0.349600 0.008800
0.944000 0.349600 0.013600
0.934400 0.350400 0.013600
0.145600 0.352000 0.025600
0.164000 0.354400 0.011200
0.176800 0.356000 0.011200
0.198400 0.356000 0.005600
0.190400 0.356800 0.020800
0.206400 0.356800 0.005600
0.214400 0.357600 0.005600
0.286400 0.357600 0.013600
0.328800 0.357600 0.011200
0.599200 0.357600 0.024000
0.608800 0.357600 0.005600
0.227200 0.358400 0.011200
0.240800 0.358400 0.005600
0.251200 0.358400 0.024800
0.300800 0.358400 0.008800
0.376800 0.358400 0.008800
0.387200 0.358400 0.005600
0.401600 0.358400 0.005600
0.412000 0.358400 0.016000
0.477600 0.358400 0.024800
0.266400 0.359200 0.009600
0.362400 0.359200 0.011200
0.393600 0.359200 0.004800
0.466400 0.359200 0.005600
0.344800 0.360000 0.011200
0.442400 0.360000 0.008800
0.507200 0.360000 0.011200
0.592800 0.360000 0.005600
0.617600 0.360000 0.024000
0.699200 0.360000 0.019200
0.774400 0.360000 0.013600
0.313600 0.360800 0.011200
0.428800 0.360800 0.011200
0.456000 0.360800 0.008800
0.492800 0.360800 0.008800
0.525600 0.360800 0.013600
0.550400 0.360800 0.005600
0.562400 0.360800 0.008800
0.582400 0.360800 0.008800
0.632000 0.360800 0.011200
0.680000 0.360800 0.012800
0.767200 0.360800 0.019200
0.812000 0.360800 0.013600
0.832800 0.360800 0.019200
0.539200 0.361600 0.008800
0.572800 0.361600 0.005600
0.648000 0.361600 0.008800
0.710400 0.361600 0.007200
0.755200 0.361600 0.008800
0.782400 0.361600 0.011200
0.796800 0.361600 0.011200
0.662400 0.362400 0.011200
0.722400 0.362400 0.008800
0.734400 0.362400 0.007200
0.744000 0.363200 0.007200
0.919200 0.368000 0.010400
0.932000 0.368000 0.008800
0.904000 0.368800 0.013600
0.905600 0.393600 0.017600
0.914400 0.393600 0.016800
0.856000 0.404800 0.028000
0.241600 0.410400 0.019200
0.203200 0.412000 0.022400
0.230400 0.412000 0.022400
0.212000 0.412800 0.019200
0.191200 0.413600 0.019200
