291
291
292
291
292
291
291
291
296
296
296
296
296
296
296
296
296
296
296
296
294
295
295
294
295
294
294
294
294
294
295
295
294
295
293
293
293
293
293
293
293
293
293
293
293
293
290
290
290
290
290
290
290
290
290
290
290
290
290
290
290
290
290
290
290
290
290
290
290
290
290
290
290
290
290
290
290
290
290
290
290
290
290
290
290
290
290
290
290
290
290
290
290
290
290
290
290
290
290
290
290
290
290
299
299
298
299
299
299
299
299
299
298
298
298
299
299
299
299
299
298
298
298
298
298
297
297
298
298
297
297
297
290
290
290
290
290
290
290
290
290
290
290
290
290
290
290
290
290
290
290
290
290
290
290
290
290
290
290
290
290
290
290
290
290
290
290
290
290
290
290
290
290
290
290
290
290
290
290
290
290
290
290
290
290
290
290
290
301
302
302
301
301
301
301
301
302
301
301
301
301
302
302
302
300
302
302
302
303
303
300
300
300
300
300
300
300
300
303
303
303
303
303
303
290
290
290
290
290
290
290
290
290
290
290
290
290
290
290
290
290
290
290
290
290
290
290
290
290
290
290
290
290
290
290
290
290
290
290
290
290
290
290
290
290
290
290
290
290
290
290
290
290
290
290
290
290
290
290
290
290
306
306
306
306
306
304
304
304
304
306
306
305
305
304
304
304
305
305
305
305
-1
305
305
290
290
290
290
290
290
290
290
290
290
290
290
290
290
290
290
290
290
290
290
290
290
290
290
290
290
290
290
290
290
290
290
290
290
290
290
290
290
290
290
290
290
290
290
290
290
290
290
290
290
290
290
290
290
290
290
290
308
309
309
308
308
308
309
308
307
307
307
307
307
307
307
290
290
290
290
290
290
290
290
290
290
290
290
290
290
290
290
290
290
290
290
290
290
290
290
290
290
290
290
290
290
290
290
290
290
290
290
290
290
290
290
290
290
290
290
290
290
290
290
290
290
311
311
311
310
311
311
311
311
311
311
311
310
310
311
311
310
310
310
310
310
312
312
312
312
312
290
290
290
290
290
290
290
290
290
290
290
290
290
290
290
290
290
290
290
290
290
290
290
290
290
290
290
290
290
290
290
290
290
290
290
290
290
290
290
290
290
290
290
290
290
290
290
290
290
290
290
290
290
290
314
314
314
314
314
313
314
314
315
315
315
315
315
313
313
313
313
313
313
315
315
315
315
313
313
313
313
290
290
290
290
290
290
290
290
290
290
290
290
290
290
290
290
290
290
290
290
290
290
290
290
290
290
290
290
290
290
290
290
290
290
290
290
290
290
290
290
290
290
290
290
290
290
290
290
290
290
290
290
290
290
290
290
290
316
316
316
316
316
316