0.223200 0.056000 0.008800
0.236800 0.056000 0.008800
0.249600 0.056000 0.020000
0.824000 0.056000 0.016000
0.178400 0.056800 0.016800
0.211200 0.056800 0.008800
0.196800 0.057600 0.011200
0.837600 0.084800 0.011200
0.588800 0.085600 0.011200
0.673600 0.085600 0.011200
0.717600 0.085600 0.012000
0.736800 0.085600 0.011200
0.785600 0.085600 0.013600
0.792000 0.085600 0.013600
0.542400 0.086400 0.008800
0.557600 0.086400 0.009600
0.608800 0.086400 0.012000
0.690400 0.086400 0.011200
0.700800 0.086400 0.016800
0.768800 0.086400 0.011200
0.821600 0.086400 0.010400
0.524000 0.087200 0.012000
0.572000 0.087200 0.008800
0.624800 0.087200 0.011200
0.806400 0.087200 0.010400
0.508800 0.088000 0.008800
0.657600 0.088000 0.009600
0.752800 0.088000 0.010400
0.478400 0.088800 0.011200
0.496000 0.088800 0.010400
0.641600 0.088800 0.011200
0.427200 0.089600 0.011200
0.460800 0.089600 0.011200
0.443200 0.090400 0.011200
0.314400 0.091200 0.011200
0.403200 0.091200 0.008000
0.412800 0.091200 0.005600
0.214400 0.092000 0.011200
0.270400 0.092000 0.008800
0.280800 0.092000 0.007200
0.392000 0.092000 0.008800
0.196800 0.092800 0.011200
0.230400 0.092800 0.008800
0.333600 0.092800 0.012800
0.358400 0.092800 0.013600
0.378400 0.092800 0.011200
0.253600 0.093600 0.010400
0.297600 0.093600 0.011200
0.164800 0.094400 0.013600
0.181600 0.094400 0.008800
0.240800 0.094400 0.005600
0.820000 0.107200 0.009600
0.836800 0.107200 0.012800
0.545600 0.108000 0.011200
0.713600 0.108000 0.008800
0.724800 0.108000 0.008800
0.740800 0.108000 0.010400
0.756000 0.108000 0.008800
0.772000 0.108000 0.009600
0.646400 0.108800 0.011200
0.787200 0.108800 0.008800
0.803200 0.108800 0.010400
0.600800 0.109600 0.011200
0.630400 0.109600 0.008800
0.667200 0.109600 0.010400
0.684800 0.109600 0.011200
0.700800 0.109600 0.008800
0.509600 0.110400 0.011200
0.561600 0.110400 0.008800
0.579200 0.110400 0.013600
0.617600 0.110400 0.010400
0.527200 0.111200 0.011200
0.440000 0.112800 0.011200
0.491200 0.112800 0.011200
0.459200 0.113600 0.010400
0.475200 0.113600 0.010400
0.392800 0.114400 0.011200
0.423200 0.114400 0.010400
0.376800 0.115200 0.010400
0.408000 0.115200 0.011200
0.349600 0.116000 0.008800
0.362400 0.116000 0.008000
0.229600 0.116800 0.011200
0.322400 0.116800 0.010400
0.248000 0.117600 0.009600
0.275200 0.117600 0.011200
0.339200 0.117600 0.008800
0.164000 0.118400 0.013600
0.197600 0.118400 0.008800
0.212800 0.118400 0.011200
0.260800 0.118400 0.008800
0.293600 0.118400 0.008800
0.307200 0.118400 0.009600
0.168000 0.119200 0.013600
0.184000 0.120000 0.011200
0.655200 0.129600 0.013600
0.675200 0.130400 0.011200
0.690400 0.130400 0.008800
0.769600 0.130400 0.012000
0.787200 0.130400 0.010400
0.801600 0.130400 0.008800
0.827200 0.130400 0.008800
0.705600 0.131200 0.011200
0.723200 0.131200 0.011200
0.736000 0.131200 0.008800
0.750400 0.131200 0.008800
0.815200 0.131200 0.008800
0.840000 0.131200 0.011200
0.615200 0.132000 0.008800
0.636800 0.132000 0.013600
0.641600 0.132000 0.011200
0.587200 0.132800 0.008800
0.600800 0.132800 0.008800
0.560000 0.133600 0.008800
0.573600 0.133600 0.008800
0.496800 0.134400 0.012000
0.544000 0.134400 0.011200
0.444800 0.135200 0.011200
0.476000 0.135200 0.010400
0.514400 0.135200 0.008800
0.527200 0.135200 0.008800
0.460000 0.136000 0.008800
0.408000 0.138400 0.010400
0.425600 0.138400 0.011200
0.236800 0.140000 0.012800
0.257600 0.140000 0.008800
0.271200 0.140000 0.009600
0.288000 0.140000 0.009600
0.302400 0.140000 0.008800
0.315200 0.140000 0.008000
0.327200 0.140000 0.008800
0.339200 0.140000 0.005600
0.392000 0.140000 0.008800
0.363200 0.140800 0.009600
0.377600 0.140800 0.008800
0.164800 0.141600 0.011200
0.179200 0.141600 0.009600
0.194400 0.141600 0.008800
0.219200 0.141600 0.008800
0.348000 0.141600 0.008800
0.208000 0.142400 0.008800
0.684800 0.152800 0.012800
0.783200 0.152800 0.011200
0.800000 0.152800 0.011200
0.814400 0.152800 0.008800
0.736000 0.153600 0.016800
0.750400 0.153600 0.009600
0.765600 0.153600 0.011200
0.618400 0.154400 0.011200
0.635200 0.154400 0.008800
0.647200 0.154400 0.007200
0.662400 0.154400 0.012800
0.702400 0.154400 0.010400
0.715200 0.154400 0.008800
0.727200 0.154400 0.016800
0.827200 0.154400 0.009600
0.841600 0.154400 0.011200
0.580800 0.155200 0.011200
0.600000 0.155200 0.011200
0.566400 0.156000 0.007200
0.521600 0.156800 0.009600
0.538400 0.156800 0.011200
0.556000 0.156800 0.016000
0.472800 0.157600 0.011200
0.489600 0.157600 0.010400
0.457600 0.158400 0.008800
0.506400 0.158400 0.011200
0.372800 0.159200 0.012000
0.448000 0.159200 0.008800
0.404800 0.160000 0.008800
0.420000 0.160000 0.009600
0.434400 0.160000 0.008800
0.355200 0.160800 0.008800
0.391200 0.160800 0.008800
0.220000 0.161600 0.011200
0.237600 0.161600 0.011200
0.284000 0.161600 0.009600
0.311200 0.161600 0.008800
0.325600 0.161600 0.009600
0.340800 0.161600 0.011200
0.164000 0.162400 0.013600
0.196800 0.162400 0.012800
0.256800 0.162400 0.011200
0.298400 0.162400 0.008800
0.180800 0.163200 0.008800
0.270400 0.163200 0.008800
0.697600 0.185600 0.011200
0.681600 0.186400 0.008800
0.778400 0.186400 0.011200
0.580000 0.187200 0.008800
0.593600 0.187200 0.009600
0.714400 0.187200 0.011200
0.567200 0.188000 0.008800
0.608800 0.188000 0.013600
0.631200 0.188000 0.011200
0.649600 0.188000 0.011200
0.553600 0.188800 0.009600
0.667200 0.188800 0.011200
0.760000 0.188800 0.011200
0.792800 0.188800 0.008800
0.805600 0.188800 0.011200
0.730400 0.189600 0.010400
0.744800 0.189600 0.008800
0.511200 0.190400 0.012800
0.539200 0.190400 0.008800
0.823200 0.190400 0.013600
0.362400 0.191200 0.011200
0.391200 0.191200 0.008800
0.491200 0.191200 0.010400
0.526400 0.191200 0.008800
0.378400 0.192000 0.008800
0.412800 0.192000 0.005600
0.473600 0.192000 0.011200
0.340000 0.192800 0.016800
0.404000 0.192800 0.007200
0.427200 0.192800 0.010400
0.455200 0.192800 0.011200
0.347200 0.193600 0.013600
0.327200 0.194400 0.008800
0.441600 0.194400 0.008800
0.298400 0.195200 0.011200
0.314400 0.195200 0.008800
0.256800 0.196000 0.008800
0.269600 0.196000 0.008800
0.281600 0.196800 0.011200
0.241600 0.197600 0.010400
0.188800 0.198400 0.016800
0.226400 0.198400 0.011200
0.212000 0.199200 0.016800
0.643200 0.211200 0.011200
0.704000 0.211200 0.008800
0.585600 0.212000 0.008800
0.628800 0.212000 0.008800
0.676000 0.212000 0.008800
0.616000 0.212800 0.008800
0.661600 0.212800 0.010400
0.690400 0.212800 0.008800
0.716800 0.212800 0.010400
0.801600 0.212800 0.011200
0.503200 0.213600 0.011200
0.572800 0.213600 0.008800
0.603200 0.213600 0.011200
0.748800 0.213600 0.011200
0.468800 0.214400 0.011200
0.530400 0.214400 0.008800
0.544800 0.214400 0.009600
0.559200 0.214400 0.008800
0.732000 0.214400 0.008800
0.784800 0.214400 0.008800
0.486400 0.215200 0.011200
0.516800 0.215200 0.008800
0.762400 0.215200 0.008800
0.772800 0.215200 0.007200
0.818400 0.215200 0.013600
0.450400 0.216000 0.010400
0.321600 0.216800 0.011200
0.396000 0.216800 0.009600
0.409600 0.216800 0.007200
0.432800 0.216800 0.010400
0.340000 0.217600 0.011200
0.356000 0.218400 0.010400
0.420000 0.218400 0.005600
0.370400 0.219200 0.008800
0.382400 0.219200 0.008800
0.284800 0.220800 0.011200
0.302400 0.220800 0.012000
0.241600 0.221600 0.008800
0.254400 0.221600 0.008800
0.207200 0.222400 0.012000
0.226400 0.222400 0.009600
0.268800 0.222400 0.011200
0.188800 0.224000 0.012800
0.818400 0.236800 0.011200
0.592000 0.237600 0.013600
0.604800 0.237600 0.008800
0.644800 0.237600 0.011200
0.659200 0.237600 0.010400
0.675200 0.237600 0.010400
0.616800 0.238400 0.008000
0.626400 0.238400 0.007200
0.689600 0.238400 0.008800
0.705600 0.238400 0.011200
0.754400 0.238400 0.011200
0.771200 0.238400 0.011200
0.787200 0.238400 0.011200
0.802400 0.238400 0.011200
0.451200 0.239200 0.008800
0.482400 0.239200 0.013600
0.556800 0.239200 0.011200
0.572800 0.239200 0.010400
0.723200 0.239200 0.011200
0.740000 0.239200 0.011200
0.441600 0.240000 0.005600
0.520000 0.240000 0.011200
0.524800 0.240000 0.012000
0.538400 0.240000 0.009600
0.493600 0.240800 0.005600
0.505600 0.240800 0.008800
0.429600 0.241600 0.008800
0.464800 0.241600 0.008800
0.416000 0.242400 0.014400
0.392800 0.244000 0.011200
0.408800 0.244000 0.013600
0.283200 0.244800 0.008800
0.295200 0.244800 0.007200
0.361600 0.244800 0.011200
0.375200 0.244800 0.010400
0.202400 0.245600 0.008800
0.251200 0.245600 0.010400
0.267200 0.245600 0.010400
0.308000 0.245600 0.009600
0.325600 0.245600 0.011200
0.344000 0.245600 0.011200
0.212800 0.246400 0.005600
0.236000 0.246400 0.009600
0.221600 0.247200 0.008000
0.188800 0.248800 0.011200
0.518400 0.261600 0.013600
0.628000 0.261600 0.011200
0.679200 0.261600 0.007200
0.691200 0.261600 0.010400
0.555200 0.262400 0.008800
0.571200 0.262400 0.011200
0.610400 0.262400 0.010400
0.642400 0.262400 0.008800
0.657600 0.262400 0.008800
0.668800 0.262400 0.007200
0.537600 0.263200 0.012000
0.596800 0.263200 0.005600
0.496000 0.264000 0.009600
0.588000 0.264000 0.015200
0.447200 0.265600 0.005600
0.468800 0.265600 0.008800
0.481600 0.265600 0.008800
0.370400 0.266400 0.013600
0.455200 0.266400 0.016800
0.386400 0.267200 0.011200
0.420000 0.267200 0.011200
0.435200 0.267200 0.008800
0.260800 0.268000 0.011200
0.348000 0.268000 0.011200
0.404800 0.268000 0.009600
0.293600 0.269600 0.011200
0.309600 0.269600 0.011200
0.333600 0.269600 0.005600
0.224000 0.270400 0.012000
0.243200 0.270400 0.011200
0.276800 0.270400 0.011200
0.325600 0.270400 0.013600
0.207200 0.271200 0.008800
0.190400 0.272000 0.012800
0.691200 0.280000 0.005600
0.736000 0.280000 0.013600
0.682400 0.280800 0.007200
0.699200 0.280800 0.007200
0.799200 0.280800 0.011200
0.665600 0.281600 0.008800
0.653600 0.282400 0.008000
0.716000 0.282400 0.012800
0.752000 0.282400 0.008800
0.831200 0.282400 0.011200
0.764800 0.283200 0.008800
0.780800 0.283200 0.011200
0.815200 0.283200 0.011200
0.844000 0.283200 0.020800
0.407200 0.284800 0.005600
0.381600 0.285600 0.008800
0.387200 0.285600 0.008800
0.398400 0.285600 0.008000
0.585600 0.302400 0.008800
0.614400 0.303200 0.008800
0.631200 0.303200 0.011200
0.410400 0.304000 0.013600
0.558400 0.304000 0.011200
0.571200 0.304000 0.008800
0.680800 0.304000 0.011200
0.324800 0.304800 0.008800
0.542400 0.304800 0.008800
0.600800 0.304800 0.008800
0.297600 0.305600 0.007200
0.388800 0.305600 0.013600
0.430400 0.305600 0.011200
0.461600 0.305600 0.012800
0.512000 0.305600 0.011200
0.528800 0.305600 0.008800
0.648800 0.305600 0.010400
0.663200 0.305600 0.008800
0.696800 0.305600 0.010400
0.712000 0.305600 0.008800
0.724800 0.305600 0.008800
0.754400 0.305600 0.008800
0.806400 0.305600 0.009600
0.310400 0.306400 0.008800
0.340000 0.306400 0.008800
0.353600 0.306400 0.010400
0.480800 0.306400 0.011200
0.496000 0.306400 0.010400
0.740000 0.306400 0.008800
0.790400 0.306400 0.008800
0.817600 0.306400 0.005600
0.255200 0.307200 0.011200
0.371200 0.307200 0.011200
0.444800 0.307200 0.008800
0.766400 0.307200 0.007200
0.776800 0.307200 0.008800
0.237600 0.308000 0.012800
0.285600 0.308000 0.008800
0.828000 0.308000 0.008800
0.841600 0.308000 0.011200
0.271200 0.308800 0.010400
0.168800 0.310400 0.013600
0.187200 0.310400 0.008800
0.218400 0.310400 0.011200
0.201600 0.311200 0.009600
0.712000 0.327200 0.008800
0.804000 0.327200 0.011200
0.564000 0.328000 0.008800
0.688000 0.328000 0.008000
0.700800 0.328000 0.008000
0.748000 0.328000 0.010400
0.499200 0.328800 0.008800
0.514400 0.328800 0.012000
0.574400 0.328800 0.005600
0.583200 0.328800 0.007200
0.640000 0.328800 0.007200
0.650400 0.328800 0.005600
0.663200 0.328800 0.008800
0.676000 0.328800 0.008800
0.728800 0.328800 0.011200
0.764800 0.328800 0.009600
0.818400 0.328800 0.008800
0.830400 0.328800 0.008800
0.532000 0.329600 0.008800
0.541600 0.329600 0.005600
0.605600 0.329600 0.009600
0.620000 0.329600 0.008800
0.630400 0.329600 0.005600
0.779200 0.329600 0.008800
0.844800 0.329600 0.011200
0.365600 0.330400 0.013600
0.400800 0.330400 0.011200
0.416000 0.330400 0.009600
0.428800 0.330400 0.008800
0.444800 0.330400 0.012000
0.463200 0.330400 0.008800
0.484800 0.330400 0.008800
0.592800 0.330400 0.005600
0.789600 0.330400 0.005600
0.346400 0.331200 0.008000
0.357600 0.331200 0.005600
0.473600 0.331200 0.005600
0.318400 0.332000 0.010400
0.334400 0.332000 0.008800
0.380800 0.332000 0.011200
0.550400 0.332000 0.012800
0.284800 0.332800 0.011200
0.164800 0.333600 0.013600
0.212000 0.333600 0.011200
0.302400 0.333600 0.010400
0.182400 0.334400 0.010400
0.196000 0.334400 0.008800
0.228800 0.334400 0.008800
0.259200 0.334400 0.009600
0.271200 0.334400 0.008000
0.243200 0.335200 0.008800
0.649600 0.351200 0.012800
0.656800 0.351200 0.005600
0.737600 0.351200 0.012000
0.760000 0.351200 0.013600
0.672800 0.352000 0.012000
0.688000 0.352000 0.011200
0.719200 0.352000 0.011200
0.603200 0.352800 0.011200
0.635200 0.352800 0.012800
0.704000 0.352800 0.010400
0.807200 0.352800 0.011200
0.504000 0.353600 0.011200
0.569600 0.353600 0.011200
0.587200 0.353600 0.008800
0.596800 0.353600 0.004800
0.616800 0.353600 0.008800
0.628800 0.353600 0.005600
0.776800 0.353600 0.011200
0.792000 0.353600 0.009600
0.344000 0.354400 0.013600
0.420000 0.354400 0.011200
0.436000 0.354400 0.011200
0.452000 0.354400 0.015200
0.459200 0.354400 0.016800
0.520000 0.354400 0.008800
0.536000 0.354400 0.011200
0.554400 0.354400 0.011200
0.829600 0.354400 0.017600
0.840800 0.354400 0.016800
0.323200 0.355200 0.011200
0.471200 0.355200 0.008800
0.483200 0.355200 0.018400
0.307200 0.356000 0.008800
0.360000 0.356800 0.011200
0.376000 0.356800 0.008800
0.404000 0.356800 0.008800
0.190400 0.357600 0.011200
0.208000 0.357600 0.011200
0.228800 0.357600 0.011200
0.276800 0.357600 0.011200
0.294400 0.357600 0.008800
0.391200 0.357600 0.008800
0.173600 0.359200 0.008800
0.244000 0.359200 0.011200
0.260000 0.359200 0.011200
0.160000 0.360000 0.020800
0.228800 0.397600 0.008800
0.218400 0.398400 0.008800
0.240000 0.398400 0.016800
0.208800 0.399200 0.008800
0.185600 0.400000 0.016800
0.176800 0.400800 0.022400
