219.000000 60.000000 30.000000
255.000000 60.000000 7.000000
266.000000 60.000000 11.000000
240.000000 61.000000 11.000000
281.000000 61.000000 11.000000
297.000000 61.000000 24.000000
1034.000000 68.000000 21.000000
881.000000 105.000000 19.000000
892.000000 105.000000 7.000000
933.000000 105.000000 27.000000
908.000000 106.000000 12.000000
950.000000 106.000000 11.000000
374.000000 107.000000 14.000000
736.000000 107.000000 12.000000
836.000000 107.000000 6.000000
395.000000 108.000000 14.000000
497.000000 108.000000 11.000000
589.000000 108.000000 14.000000
754.000000 108.000000 11.000000
771.000000 108.000000 11.000000
784.000000 108.000000 7.000000
823.000000 108.000000 11.000000
861.000000 108.000000 13.000000
968.000000 108.000000 13.000000
1027.000000 108.000000 14.000000
236.000000 109.000000 14.000000
354.000000 109.000000 11.000000
437.000000 109.000000 14.000000
514.000000 109.000000 13.000000
567.000000 109.000000 14.000000
610.000000 109.000000 14.000000
634.000000 109.000000 15.000000
660.000000 109.000000 14.000000
682.000000 109.000000 16.000000
709.000000 109.000000 18.000000
799.000000 109.000000 17.000000
846.000000 109.000000 7.000000
987.000000 109.000000 14.000000
1008.000000 109.000000 14.000000
1051.000000 109.000000 17.000000
340.000000 110.000000 6.000000
416.000000 110.000000 14.000000
458.000000 110.000000 14.000000
533.000000 110.000000 11.000000
719.000000 110.000000 24.000000
259.000000 111.000000 14.000000
548.000000 111.000000 11.000000
318.000000 112.000000 11.000000
332.000000 112.000000 7.000000
479.000000 112.000000 11.000000
196.000000 113.000000 14.000000
215.000000 113.000000 14.000000
282.000000 113.000000 13.000000
300.000000 113.000000 11.000000
768.000000 137.000000 14.000000
826.000000 137.000000 9.000000
1053.000000 137.000000 14.000000
684.000000 138.000000 14.000000
794.000000 138.000000 17.000000
810.000000 138.000000 11.000000
839.000000 138.000000 14.000000
936.000000 138.000000 11.000000
954.000000 138.000000 11.000000
972.000000 138.000000 11.000000
995.000000 138.000000 14.000000
1014.000000 138.000000 12.000000
1033.000000 138.000000 11.000000
664.000000 139.000000 11.000000
712.000000 139.000000 16.000000
730.000000 139.000000 11.000000
748.000000 139.000000 14.000000
859.000000 139.000000 14.000000
881.000000 139.000000 14.000000
902.000000 139.000000 11.000000
919.000000 139.000000 11.000000
484.000000 140.000000 13.000000
505.000000 140.000000 14.000000
612.000000 140.000000 12.000000
648.000000 140.000000 11.000000
197.000000 141.000000 17.000000
266.000000 141.000000 13.000000
526.000000 141.000000 11.000000
544.000000 141.000000 12.000000
579.000000 141.000000 11.000000
632.000000 141.000000 11.000000
305.000000 142.000000 11.000000
322.000000 142.000000 11.000000
354.000000 142.000000 12.000000
373.000000 142.000000 11.000000
463.000000 142.000000 14.000000
563.000000 142.000000 13.000000
221.000000 143.000000 15.000000
244.000000 143.000000 14.000000
287.000000 143.000000 13.000000
337.000000 143.000000 10.000000
418.000000 143.000000 14.000000
440.000000 143.000000 14.000000
595.000000 143.000000 11.000000
393.000000 144.000000 14.000000
1018.000000 167.000000 11.000000
1037.000000 167.000000 14.000000
770.000000 168.000000 11.000000
790.000000 168.000000 14.000000
944.000000 168.000000 14.000000
966.000000 168.000000 14.000000
1058.000000 168.000000 17.000000
378.000000 169.000000 9.000000
395.000000 169.000000 11.000000
739.000000 169.000000 17.000000
755.000000 169.000000 11.000000
813.000000 169.000000 14.000000
833.000000 169.000000 11.000000
850.000000 169.000000 11.000000
890.000000 169.000000 16.000000
984.000000 169.000000 11.000000
1000.000000 169.000000 11.000000
322.000000 170.000000 14.000000
368.000000 170.000000 7.000000
421.000000 170.000000 17.000000
578.000000 170.000000 16.000000
601.000000 170.000000 14.000000
691.000000 170.000000 15.000000
714.000000 170.000000 14.000000
869.000000 170.000000 14.000000
911.000000 170.000000 11.000000
926.000000 170.000000 10.000000
300.000000 171.000000 14.000000
348.000000 171.000000 15.000000
410.000000 171.000000 7.000000
623.000000 171.000000 14.000000
648.000000 171.000000 16.000000
668.000000 171.000000 14.000000
233.000000 172.000000 14.000000
279.000000 172.000000 14.000000
464.000000 172.000000 14.000000
527.000000 172.000000 14.000000
550.000000 172.000000 16.000000
257.000000 173.000000 16.000000
441.000000 173.000000 14.000000
508.000000 173.000000 11.000000
202.000000 174.000000 22.000000
489.000000 174.000000 16.000000
1063.000000 202.000000 8.000000
1046.000000 204.000000 14.000000
859.000000 209.000000 14.000000
954.000000 209.000000 7.000000
651.000000 211.000000 11.000000
682.000000 211.000000 14.000000
792.000000 211.000000 15.000000
814.000000 211.000000 14.000000
965.000000 211.000000 9.000000
1002.000000 211.000000 9.000000
1013.000000 211.000000 6.000000
1024.000000 211.000000 16.000000
466.000000 212.000000 14.000000
488.000000 212.000000 16.000000
537.000000 212.000000 14.000000
601.000000 212.000000 14.000000
836.000000 212.000000 15.000000
912.000000 212.000000 7.000000
924.000000 212.000000 11.000000
941.000000 212.000000 11.000000
273.000000 213.000000 17.000000
350.000000 213.000000 16.000000
512.000000 213.000000 16.000000
637.000000 213.000000 9.000000
706.000000 213.000000 14.000000
743.000000 213.000000 11.000000
898.000000 213.000000 11.000000
986.000000 213.000000 14.000000
326.000000 214.000000 14.000000
418.000000 214.000000 11.000000
560.000000 214.000000 14.000000
623.000000 214.000000 11.000000
662.000000 214.000000 19.000000
726.000000 214.000000 12.000000
756.000000 214.000000 7.000000
770.000000 214.000000 11.000000
880.000000 214.000000 14.000000
1048.000000 214.000000 7.000000
223.000000 215.000000 16.000000
372.000000 215.000000 14.000000
394.000000 215.000000 16.000000
445.000000 215.000000 11.000000
243.000000 216.000000 21.000000
296.000000 216.000000 11.000000
309.000000 216.000000 9.000000
582.000000 216.000000 14.000000
1066.000000 216.000000 10.000000
432.000000 217.000000 7.000000
1047.000000 225.000000 11.000000
1064.000000 227.000000 9.000000
725.000000 241.000000 11.000000
1048.000000 241.000000 14.000000
674.000000 242.000000 11.000000
692.000000 242.000000 11.000000
709.000000 242.000000 11.000000
761.000000 242.000000 9.000000
852.000000 242.000000 11.000000
889.000000 242.000000 11.000000
995.000000 242.000000 11.000000
1011.000000 242.000000 11.000000
224.000000 243.000000 19.000000
512.000000 243.000000 13.000000
545.000000 243.000000 12.000000
656.000000 243.000000 11.000000
800.000000 243.000000 14.000000
817.000000 243.000000 7.000000
872.000000 243.000000 13.000000
923.000000 243.000000 17.000000
964.000000 243.000000 10.000000
979.000000 243.000000 11.000000
414.000000 244.000000 11.000000
492.000000 244.000000 17.000000
529.000000 244.000000 9.000000
601.000000 244.000000 11.000000
620.000000 244.000000 12.000000
639.000000 244.000000 11.000000
745.000000 244.000000 13.000000
835.000000 244.000000 14.000000
947.000000 244.000000 12.000000
1024.000000 244.000000 11.000000
235.000000 245.000000 11.000000
328.000000 245.000000 11.000000
344.000000 245.000000 11.000000
394.000000 245.000000 12.000000
428.000000 245.000000 11.000000
446.000000 245.000000 14.000000
564.000000 245.000000 11.000000
583.000000 245.000000 11.000000
785.000000 245.000000 7.000000
254.000000 246.000000 14.000000
272.000000 246.000000 11.000000
293.000000 246.000000 14.000000
311.000000 246.000000 11.000000
361.000000 246.000000 11.000000
376.000000 246.000000 11.000000
466.000000 246.000000 14.000000
775.000000 246.000000 7.000000
905.000000 246.000000 14.000000
1047.000000 254.000000 9.000000
1048.000000 265.000000 7.000000
1026.000000 270.000000 14.000000
723.000000 272.000000 14.000000
223.000000 273.000000 24.000000
341.000000 273.000000 11.000000
392.000000 273.000000 7.000000
238.000000 274.000000 13.000000
257.000000 274.000000 11.000000
360.000000 274.000000 12.000000
378.000000 274.000000 11.000000
407.000000 274.000000 13.000000
429.000000 274.000000 13.000000
445.000000 274.000000 9.000000
475.000000 274.000000 11.000000
495.000000 274.000000 16.000000
522.000000 274.000000 14.000000
546.000000 274.000000 14.000000
568.000000 274.000000 14.000000
634.000000 274.000000 15.000000
660.000000 274.000000 15.000000
682.000000 274.000000 14.000000
703.000000 274.000000 14.000000
742.000000 274.000000 11.000000
819.000000 274.000000 11.000000
889.000000 274.000000 12.000000
910.000000 274.000000 14.000000
941.000000 274.000000 20.000000
956.000000 274.000000 11.000000
973.000000 274.000000 11.000000
1007.000000 274.000000 12.000000
274.000000 275.000000 11.000000
286.000000 275.000000 7.000000
299.000000 275.000000 11.000000
759.000000 275.000000 16.000000
803.000000 275.000000 11.000000
870.000000 275.000000 11.000000
930.000000 275.000000 17.000000
988.000000 275.000000 11.000000
320.000000 276.000000 14.000000
459.000000 276.000000 11.000000
589.000000 276.000000 11.000000
608.000000 276.000000 13.000000
838.000000 276.000000 11.000000
854.000000 276.000000 11.000000
1047.000000 276.000000 8.000000
785.000000 277.000000 13.000000
1048.000000 286.000000 7.000000
1046.000000 299.000000 10.000000
515.000000 302.000000 7.000000
574.000000 302.000000 17.000000
585.000000 302.000000 14.000000
604.000000 302.000000 14.000000
755.000000 302.000000 16.000000
218.000000 303.000000 17.000000
258.000000 303.000000 13.000000
300.000000 303.000000 14.000000
325.000000 303.000000 14.000000
344.000000 303.000000 16.000000
452.000000 303.000000 11.000000
534.000000 303.000000 13.000000
625.000000 303.000000 13.000000
646.000000 303.000000 14.000000
733.000000 303.000000 16.000000
1010.000000 303.000000 17.000000
278.000000 304.000000 14.000000
469.000000 304.000000 14.000000
501.000000 304.000000 12.000000
553.000000 304.000000 12.000000
668.000000 304.000000 14.000000
711.000000 304.000000 14.000000
763.000000 304.000000 14.000000
783.000000 304.000000 14.000000
820.000000 304.000000 11.000000
889.000000 304.000000 14.000000
913.000000 304.000000 14.000000
938.000000 304.000000 15.000000
961.000000 304.000000 12.000000
981.000000 304.000000 14.000000
236.000000 305.000000 14.000000
366.000000 305.000000 13.000000
403.000000 305.000000 11.000000
438.000000 305.000000 14.000000
689.000000 305.000000 14.000000
802.000000 305.000000 11.000000
836.000000 305.000000 9.000000
867.000000 305.000000 12.000000
386.000000 306.000000 13.000000
418.000000 306.000000 11.000000
849.000000 306.000000 11.000000
1047.000000 312.000000 10.000000
1048.000000 326.000000 11.000000
1015.000000 328.000000 16.000000
996.000000 329.000000 11.000000
520.000000 330.000000 16.000000
544.000000 330.000000 17.000000
555.000000 330.000000 7.000000
572.000000 330.000000 14.000000
943.000000 330.000000 11.000000
221.000000 331.000000 18.000000
500.000000 331.000000 13.000000
735.000000 331.000000 11.000000
773.000000 331.000000 7.000000
783.000000 331.000000 7.000000
802.000000 331.000000 14.000000
850.000000 331.000000 7.000000
962.000000 331.000000 13.000000
980.000000 331.000000 11.000000
585.000000 332.000000 11.000000
655.000000 332.000000 17.000000
757.000000 332.000000 14.000000
819.000000 332.000000 11.000000
836.000000 332.000000 11.000000
865.000000 332.000000 11.000000
894.000000 332.000000 14.000000
919.000000 332.000000 17.000000
253.000000 333.000000 17.000000
275.000000 333.000000 15.000000
319.000000 333.000000 14.000000
341.000000 333.000000 14.000000
448.000000 333.000000 15.000000
476.000000 333.000000 17.000000
604.000000 333.000000 14.000000
630.000000 333.000000 16.000000
680.000000 333.000000 14.000000
720.000000 333.000000 11.000000
878.000000 333.000000 9.000000
298.000000 334.000000 14.000000
368.000000 334.000000 16.000000
425.000000 334.000000 14.000000
701.000000 334.000000 14.000000
388.000000 335.000000 13.000000
406.000000 336.000000 11.000000
658.000000 371.000000 14.000000
780.000000 371.000000 11.000000
858.000000 371.000000 21.000000
1012.000000 371.000000 14.000000
507.000000 372.000000 21.000000
525.000000 372.000000 13.000000
546.000000 372.000000 14.000000
570.000000 372.000000 14.000000
635.000000 372.000000 15.000000
675.000000 372.000000 11.000000
706.000000 372.000000 14.000000
873.000000 372.000000 7.000000
912.000000 372.000000 11.000000
1029.000000 372.000000 11.000000
1047.000000 372.000000 26.000000
444.000000 373.000000 14.000000
591.000000 373.000000 14.000000
613.000000 373.000000 14.000000
748.000000 373.000000 14.000000
807.000000 373.000000 20.000000
830.000000 373.000000 15.000000
892.000000 373.000000 14.000000
930.000000 373.000000 14.000000
972.000000 373.000000 16.000000
993.000000 373.000000 11.000000
1058.000000 373.000000 22.000000
464.000000 374.000000 13.000000
482.000000 374.000000 11.000000
688.000000 374.000000 9.000000
725.000000 374.000000 11.000000
764.000000 374.000000 11.000000
949.000000 374.000000 14.000000
405.000000 375.000000 13.000000
423.000000 375.000000 14.000000
741.000000 375.000000 16.000000
195.000000 376.000000 17.000000
495.000000 376.000000 7.000000
332.000000 377.000000 11.000000
350.000000 377.000000 14.000000
388.000000 377.000000 11.000000
215.000000 378.000000 14.000000
370.000000 378.000000 14.000000
235.000000 379.000000 11.000000
312.000000 379.000000 16.000000
253.000000 380.000000 14.000000
274.000000 380.000000 11.000000
293.000000 380.000000 14.000000
692.000000 400.000000 14.000000
573.000000 402.000000 14.000000
596.000000 402.000000 14.000000
613.000000 402.000000 11.000000
669.000000 402.000000 14.000000
714.000000 402.000000 14.000000
550.000000 403.000000 14.000000
641.000000 403.000000 19.000000
730.000000 403.000000 9.000000
763.000000 403.000000 7.000000
984.000000 403.000000 11.000000
1004.000000 403.000000 14.000000
625.000000 404.000000 19.000000
748.000000 404.000000 14.000000
774.000000 404.000000 17.000000
859.000000 404.000000 17.000000
879.000000 404.000000 13.000000
529.000000 405.000000 14.000000
652.000000 405.000000 11.000000
809.000000 405.000000 11.000000
832.000000 405.000000 15.000000
896.000000 405.000000 11.000000
942.000000 405.000000 14.000000
960.000000 405.000000 16.000000
971.000000 405.000000 7.000000
1025.000000 405.000000 11.000000
1036.000000 405.000000 6.000000
236.000000 406.000000 14.000000
356.000000 406.000000 17.000000
445.000000 406.000000 14.000000
469.000000 406.000000 14.000000
495.000000 406.000000 14.000000
914.000000 406.000000 17.000000
1057.000000 406.000000 17.000000
199.000000 407.000000 16.000000
217.000000 407.000000 11.000000
252.000000 407.000000 19.000000
261.000000 407.000000 16.000000
341.000000 407.000000 17.000000
363.000000 407.000000 14.000000
381.000000 407.000000 11.000000
397.000000 407.000000 11.000000
418.000000 407.000000 15.000000
512.000000 407.000000 11.000000
793.000000 407.000000 14.000000
1047.000000 407.000000 9.000000
307.000000 408.000000 17.000000
318.000000 408.000000 7.000000
285.000000 409.000000 15.000000
331.000000 409.000000 11.000000
691.000000 431.000000 14.000000
616.000000 434.000000 11.000000
634.000000 434.000000 11.000000
653.000000 434.000000 11.000000
670.000000 434.000000 14.000000
528.000000 435.000000 15.000000
714.000000 435.000000 14.000000
1048.000000 435.000000 25.000000
193.000000 436.000000 17.000000
598.000000 436.000000 11.000000
755.000000 436.000000 11.000000
772.000000 436.000000 16.000000
860.000000 436.000000 18.000000
882.000000 436.000000 8.000000
894.000000 436.000000 7.000000
912.000000 436.000000 14.000000
931.000000 436.000000 11.000000
977.000000 436.000000 18.000000
983.000000 436.000000 14.000000
1033.000000 436.000000 11.000000
1055.000000 436.000000 15.000000
391.000000 437.000000 14.000000
415.000000 437.000000 14.000000
451.000000 437.000000 12.000000
508.000000 437.000000 7.000000
519.000000 437.000000 6.000000
545.000000 437.000000 11.000000
562.000000 437.000000 11.000000
580.000000 437.000000 13.000000
734.000000 437.000000 14.000000
798.000000 437.000000 14.000000
822.000000 437.000000 14.000000
847.000000 437.000000 7.000000
870.000000 437.000000 7.000000
946.000000 437.000000 25.000000
954.000000 437.000000 7.000000
965.000000 437.000000 7.000000
1015.000000 437.000000 11.000000
213.000000 438.000000 15.000000
350.000000 438.000000 14.000000
369.000000 438.000000 14.000000
467.000000 438.000000 9.000000
483.000000 438.000000 11.000000
499.000000 438.000000 7.000000
837.000000 438.000000 7.000000
999.000000 438.000000 11.000000
232.000000 439.000000 17.000000
257.000000 439.000000 17.000000
277.000000 439.000000 13.000000
294.000000 439.000000 11.000000
311.000000 439.000000 11.000000
329.000000 439.000000 14.000000
433.000000 439.000000 11.000000
247.000000 440.000000 21.000000
290.000000 486.000000 11.000000
260.000000 487.000000 24.000000
272.000000 487.000000 11.000000
302.000000 487.000000 21.000000
218.000000 488.000000 30.000000
226.000000 489.000000 26.000000
238.000000 489.000000 17.000000
