0.180000 0.060800 0.016800
0.228000 0.060800 0.008800
0.252000 0.060800 0.018400
0.819200 0.060800 0.019200
0.217600 0.061600 0.008800
0.240000 0.061600 0.008800
0.812800 0.061600 0.019200
0.197600 0.062400 0.011200
0.895200 0.091200 0.008000
0.878400 0.093600 0.011200
0.709600 0.094400 0.008800
0.724800 0.094400 0.010400
0.753600 0.094400 0.010400
0.769600 0.094400 0.011200
0.698400 0.095200 0.005600
0.738400 0.095200 0.008800
0.213600 0.096000 0.008800
0.308800 0.096000 0.011200
0.361600 0.096000 0.011200
0.571200 0.096000 0.012800
0.641600 0.096000 0.011200
0.656800 0.096000 0.008800
0.783200 0.096000 0.008800
0.836000 0.096000 0.007200
0.200000 0.096800 0.009600
0.227200 0.096800 0.008800
0.276000 0.096800 0.011200
0.343200 0.096800 0.011200
0.688800 0.096800 0.008800
0.797600 0.096800 0.008800
0.811200 0.096800 0.008800
0.823200 0.096800 0.008800
0.844800 0.096800 0.005600
0.168000 0.097600 0.012800
0.259200 0.097600 0.011200
0.291200 0.097600 0.011200
0.388800 0.097600 0.007200
0.430400 0.097600 0.011200
0.494400 0.097600 0.011200
0.590400 0.097600 0.011200
0.675200 0.097600 0.011200
0.185600 0.098400 0.008800
0.376000 0.098400 0.008800
0.399200 0.098400 0.008800
0.413600 0.098400 0.010400
0.446400 0.098400 0.011200
0.530400 0.098400 0.008800
0.541600 0.098400 0.005600
0.624000 0.098400 0.011200
0.242400 0.099200 0.010400
0.326400 0.099200 0.011200
0.462400 0.099200 0.011200
0.478400 0.099200 0.010400
0.553600 0.099200 0.011200
0.608000 0.099200 0.011200
0.511200 0.100000 0.013600
0.880000 0.106400 0.008000
0.894400 0.106400 0.008800
0.736800 0.115200 0.010400
0.881600 0.116000 0.005600
0.723200 0.116800 0.008800
0.769600 0.116800 0.008800
0.783200 0.116800 0.008000
0.837600 0.116800 0.008800
0.168000 0.117600 0.011200
0.679200 0.117600 0.010400
0.693600 0.117600 0.009600
0.710400 0.117600 0.009600
0.754400 0.117600 0.009600
0.794400 0.117600 0.007200
0.806400 0.117600 0.008800
0.820800 0.117600 0.010400
0.848000 0.117600 0.008800
0.648000 0.118400 0.011200
0.663200 0.118400 0.008800
0.632000 0.119200 0.005600
0.186400 0.120000 0.011200
0.489600 0.120000 0.008000
0.558400 0.120000 0.005600
0.597600 0.120000 0.012800
0.604000 0.120000 0.011200
0.620000 0.120000 0.008800
0.464800 0.120800 0.008800
0.478400 0.120800 0.007200
0.520000 0.120800 0.008800
0.566400 0.120800 0.011200
0.581600 0.120800 0.010400
0.200800 0.121600 0.008800
0.245600 0.121600 0.009600
0.380000 0.121600 0.011200
0.405600 0.121600 0.007200
0.504000 0.121600 0.008800
0.535200 0.121600 0.008800
0.548000 0.121600 0.008800
0.225600 0.122400 0.004000
0.232800 0.122400 0.005600
0.340000 0.122400 0.008800
0.358400 0.122400 0.012000
0.394400 0.122400 0.008800
0.419200 0.122400 0.011200
0.436000 0.122400 0.008800
0.449600 0.122400 0.008800
0.216000 0.123200 0.012800
0.300800 0.123200 0.010400
0.316800 0.123200 0.008800
0.328000 0.123200 0.005600
0.349600 0.123200 0.005600
0.897600 0.123200 0.009600
0.263200 0.124000 0.011200
0.288800 0.124000 0.005600
0.278400 0.124800 0.008800
0.882400 0.126400 0.008000
0.801600 0.136800 0.009600
0.896800 0.136800 0.007200
0.788000 0.137600 0.009600
0.818400 0.137600 0.009600
0.831200 0.137600 0.008800
0.844800 0.137600 0.011200
0.882400 0.137600 0.007200
0.633600 0.138400 0.011200
0.744000 0.138400 0.010400
0.760000 0.139200 0.008800
0.772800 0.139200 0.008800
0.477600 0.140000 0.011200
0.524800 0.140000 0.012000
0.616000 0.140000 0.011200
0.702400 0.140000 0.012000
0.724800 0.140000 0.012000
0.508800 0.140800 0.008800
0.597600 0.140800 0.011200
0.650400 0.140800 0.009600
0.684000 0.140800 0.010400
0.169600 0.141600 0.013600
0.404800 0.141600 0.009600
0.422400 0.141600 0.011200
0.460000 0.141600 0.010400
0.495200 0.141600 0.009600
0.545600 0.141600 0.010400
0.580800 0.141600 0.008800
0.667200 0.141600 0.011200
0.441600 0.142400 0.010400
0.562400 0.142400 0.012800
0.185600 0.143200 0.008800
0.202400 0.143200 0.010400
0.218400 0.144000 0.009600
0.355200 0.144000 0.012000
0.375200 0.144000 0.008800
0.389600 0.144000 0.008800
0.338400 0.144800 0.008800
0.232800 0.145600 0.008800
0.247200 0.145600 0.008800
0.264800 0.145600 0.011200
0.284000 0.145600 0.012000
0.307200 0.145600 0.012000
0.324000 0.145600 0.010400
0.883200 0.147200 0.006400
0.898400 0.150400 0.009600
0.835200 0.159200 0.010400
0.820800 0.160000 0.009600
0.746400 0.160800 0.008800
0.764000 0.160800 0.011200
0.778400 0.160800 0.008800
0.792000 0.160800 0.008800
0.884000 0.160800 0.008800
0.620800 0.161600 0.008800
0.634400 0.161600 0.008800
0.680800 0.161600 0.008800
0.694400 0.161600 0.008800
0.707200 0.161600 0.008800
0.733600 0.161600 0.008800
0.805600 0.161600 0.008800
0.536800 0.162400 0.008800
0.552000 0.162400 0.008800
0.596800 0.162400 0.008800
0.611200 0.162400 0.008000
0.648000 0.162400 0.008800
0.664800 0.162400 0.009600
0.720800 0.162400 0.008800
0.372000 0.163200 0.011200
0.392000 0.163200 0.008800
0.493600 0.163200 0.011200
0.508000 0.163200 0.008800
0.356800 0.164000 0.007200
0.473600 0.164000 0.009600
0.521600 0.164000 0.008800
0.566400 0.164000 0.008800
0.167200 0.164800 0.011200
0.409600 0.164800 0.011200
0.208000 0.165600 0.008800
0.258400 0.165600 0.010400
0.326400 0.165600 0.011200
0.344000 0.165600 0.009600
0.425600 0.165600 0.008800
0.442400 0.165600 0.010400
0.581600 0.165600 0.008800
0.180800 0.166400 0.009600
0.194400 0.166400 0.008800
0.220800 0.166400 0.008000
0.232000 0.166400 0.008000
0.287200 0.166400 0.007200
0.303200 0.166400 0.012000
0.457600 0.166400 0.008800
0.244000 0.167200 0.007200
0.276000 0.167200 0.008800
0.883200 0.174400 0.008000
0.835200 0.178400 0.011200
0.805600 0.180000 0.005600
0.818400 0.180000 0.009600
0.774400 0.181600 0.011200
0.491200 0.182400 0.008000
0.791200 0.182400 0.011200
0.507200 0.183200 0.011200
0.524800 0.183200 0.008800
0.554400 0.183200 0.008800
0.612000 0.183200 0.008800
0.736800 0.183200 0.011200
0.756000 0.183200 0.011200
0.376800 0.184000 0.010400
0.408800 0.184000 0.008800
0.418400 0.184000 0.005600
0.429600 0.184000 0.008800
0.540000 0.184000 0.009600
0.570400 0.184000 0.009600
0.628800 0.184000 0.012800
0.683200 0.184000 0.005600
0.478400 0.184800 0.010400
0.642400 0.184800 0.008800
0.692000 0.184800 0.008800
0.703200 0.184800 0.008800
0.712000 0.184800 0.004800
0.720800 0.184800 0.012800
0.393600 0.185600 0.011200
0.456800 0.185600 0.013600
0.464000 0.185600 0.013600
0.584800 0.185600 0.008800
0.598400 0.185600 0.011200
0.664000 0.185600 0.015200
0.675200 0.185600 0.004800
0.340800 0.186400 0.011200
0.359200 0.186400 0.012800
0.440000 0.186400 0.005600
0.447200 0.186400 0.005600
0.652800 0.186400 0.005600
0.182400 0.187200 0.008800
0.199200 0.187200 0.011200
0.232800 0.187200 0.008800
0.882400 0.187200 0.009600
0.168000 0.188800 0.012800
0.216800 0.188800 0.011200
0.244800 0.188800 0.008800
0.258400 0.188800 0.008800
0.274400 0.188800 0.011200
0.291200 0.188800 0.011200
0.309600 0.188800 0.011200
0.324800 0.188800 0.011200
0.881600 0.200800 0.009600
0.747200 0.209600 0.011200
0.796800 0.209600 0.010400
0.758400 0.210400 0.005600
0.767200 0.211200 0.013600
0.812000 0.211200 0.016000
0.216000 0.212000 0.011200
0.233600 0.212000 0.011200
0.731200 0.212000 0.008800
0.783200 0.212000 0.011200
0.245600 0.212800 0.013600
0.251200 0.212800 0.013600
0.487200 0.212800 0.011200
0.512800 0.212800 0.012000
0.652000 0.212800 0.012000
0.670400 0.212800 0.013600
0.679200 0.212800 0.005600
0.691200 0.212800 0.011200
0.707200 0.212800 0.009600
0.720000 0.212800 0.008000
0.338400 0.213600 0.010400
0.353600 0.213600 0.009600
0.378400 0.213600 0.011200
0.499200 0.213600 0.005600
0.602400 0.213600 0.007200
0.628000 0.213600 0.008800
0.637600 0.213600 0.005600
0.197600 0.214400 0.013600
0.262400 0.214400 0.013600
0.278400 0.214400 0.005600
0.285600 0.214400 0.012800
0.365600 0.214400 0.007200
0.404000 0.214400 0.005600
0.415200 0.214400 0.008800
0.472000 0.214400 0.008800
0.528800 0.214400 0.008800
0.542400 0.214400 0.011200
0.589600 0.214400 0.010400
0.882400 0.214400 0.011200
0.268800 0.215200 0.013600
0.323200 0.215200 0.008800
0.393600 0.215200 0.008800
0.429600 0.215200 0.008800
0.443200 0.215200 0.011200
0.557600 0.215200 0.011200
0.574400 0.215200 0.008800
0.614400 0.215200 0.010400
0.297600 0.216000 0.008800
0.310400 0.216000 0.008800
0.460000 0.216000 0.008800
0.834400 0.221600 0.011200
0.883200 0.222400 0.004800
0.880800 0.232000 0.008800
0.804000 0.233600 0.011200
0.832000 0.233600 0.010400
0.736800 0.235200 0.009600
0.780800 0.235200 0.008800
0.790400 0.235200 0.008800
0.812800 0.235200 0.013600
0.283200 0.236000 0.011200
0.355200 0.236000 0.011200
0.408000 0.236000 0.011200
0.433600 0.236000 0.005600
0.445600 0.236000 0.008800
0.512000 0.236000 0.012000
0.722400 0.236000 0.008800
0.751200 0.236000 0.008800
0.424800 0.236800 0.013600
0.461600 0.236800 0.011200
0.532800 0.236800 0.010400
0.658400 0.236800 0.011200
0.709600 0.236800 0.008000
0.766400 0.236800 0.011200
0.549600 0.237600 0.009600
0.561600 0.237600 0.007200
0.640800 0.237600 0.009600
0.689600 0.237600 0.008800
0.699200 0.237600 0.005600
0.197600 0.238400 0.011200
0.212800 0.238400 0.012000
0.232000 0.238400 0.010400
0.247200 0.238400 0.013600
0.256800 0.238400 0.005600
0.267200 0.238400 0.008800
0.303200 0.238400 0.010400
0.336800 0.238400 0.011200
0.372000 0.238400 0.010400
0.388800 0.238400 0.011200
0.477600 0.238400 0.009600
0.493600 0.238400 0.011200
0.572800 0.238400 0.011200
0.591200 0.238400 0.011200
0.608000 0.238400 0.011200
0.676000 0.238400 0.009600
0.319200 0.239200 0.010400
0.624000 0.239200 0.011200
0.881600 0.244000 0.007200
0.832000 0.246400 0.017600
0.832000 0.255200 0.013600
0.801600 0.256000 0.011200
0.812800 0.256000 0.008800
0.879200 0.256000 0.008800
0.766400 0.256800 0.008800
0.783200 0.256800 0.011200
0.749600 0.257600 0.011200
0.565600 0.258400 0.007200
0.735200 0.258400 0.013600
0.516800 0.259200 0.011200
0.552000 0.259200 0.011200
0.708000 0.259200 0.004800
0.716000 0.259200 0.012800
0.198400 0.260000 0.013600
0.212800 0.260000 0.005600
0.224800 0.260000 0.011200
0.437600 0.260000 0.010400
0.500800 0.260000 0.011200
0.580800 0.260000 0.011200
0.687200 0.260000 0.008800
0.699200 0.260000 0.007200
0.241600 0.260800 0.008800
0.264000 0.260800 0.005600
0.450400 0.260800 0.005600
0.468800 0.260800 0.008800
0.484800 0.260800 0.010400
0.598400 0.260800 0.011200
0.645600 0.260800 0.009600
0.659200 0.260800 0.008800
0.255200 0.261600 0.013600
0.278400 0.261600 0.011200
0.296000 0.261600 0.011200
0.420800 0.261600 0.011200
0.458400 0.261600 0.005600
0.536000 0.261600 0.012000
0.672800 0.261600 0.008800
0.315200 0.262400 0.011200
0.336000 0.262400 0.011200
0.348800 0.262400 0.007200
0.360000 0.262400 0.008800
0.374400 0.262400 0.008800
0.404800 0.262400 0.011200
0.612800 0.262400 0.008800
0.628000 0.262400 0.011200
0.388800 0.263200 0.010400
0.880800 0.267200 0.007200
0.880800 0.276800 0.007200
0.784800 0.284000 0.013600
0.795200 0.284000 0.005600
0.840800 0.284800 0.019200
0.767200 0.285600 0.011200
0.802400 0.285600 0.013600
0.814400 0.285600 0.008800
0.830400 0.285600 0.013600
0.706400 0.286400 0.008800
0.752000 0.286400 0.008800
0.512000 0.287200 0.013600
0.524800 0.287200 0.015200
0.592000 0.287200 0.005600
0.693600 0.287200 0.008800
0.880000 0.287200 0.007200
0.636000 0.288000 0.011200
0.676000 0.288000 0.011200
0.723200 0.288000 0.011200
0.734400 0.288000 0.004800
0.742400 0.288000 0.005600
0.170400 0.288800 0.020800
0.197600 0.288800 0.008800
0.211200 0.288800 0.008800
0.246400 0.288800 0.005600
0.276800 0.288800 0.011200
0.479200 0.288800 0.011200
0.494400 0.288800 0.008800
0.532800 0.288800 0.015200
0.545600 0.288800 0.008800
0.558400 0.288800 0.008800
0.582400 0.288800 0.005600
0.598400 0.288800 0.011200
0.612000 0.288800 0.008800
0.621600 0.288800 0.005600
0.650400 0.288800 0.008800
0.184800 0.289600 0.008000
0.391200 0.289600 0.005600
0.414400 0.289600 0.011200
0.441600 0.289600 0.016800
0.571200 0.289600 0.008000
0.662400 0.289600 0.005600
0.228800 0.290400 0.013600
0.261600 0.290400 0.011200
0.307200 0.290400 0.004800
0.325600 0.290400 0.011200
0.462400 0.290400 0.010400
0.293600 0.291200 0.011200
0.314400 0.291200 0.016800
0.340800 0.291200 0.008800
0.358400 0.291200 0.012800
0.400000 0.291200 0.013600
0.429600 0.292000 0.008800
0.377600 0.292800 0.011200
0.880000 0.298400 0.008800
0.840000 0.307200 0.019200
0.827200 0.308800 0.008800
0.879200 0.308800 0.008000
0.681600 0.309600 0.005600
0.800800 0.309600 0.008800
0.814400 0.309600 0.008800
0.691200 0.310400 0.008800
0.744800 0.310400 0.008800
0.771200 0.310400 0.008800
0.785600 0.310400 0.010400
0.672800 0.311200 0.008800
0.704000 0.311200 0.008800
0.717600 0.311200 0.008800
0.730400 0.311200 0.008800
0.757600 0.311200 0.008800
0.552000 0.312000 0.012000
0.600000 0.312000 0.011200
0.628800 0.312000 0.008800
0.657600 0.312000 0.010400
0.643200 0.312800 0.008800
0.275200 0.313600 0.016000
0.314400 0.313600 0.005600
0.425600 0.313600 0.005600
0.446400 0.313600 0.010400
0.488800 0.313600 0.008800
0.506400 0.313600 0.011200
0.533600 0.313600 0.011200
0.568800 0.313600 0.008800
0.615200 0.313600 0.008800
0.214400 0.314400 0.013600
0.282400 0.314400 0.013600
0.296800 0.314400 0.011200
0.367200 0.314400 0.012800
0.382400 0.314400 0.008800
0.434400 0.314400 0.005600
0.461600 0.314400 0.008800
0.474400 0.314400 0.008800
0.519200 0.314400 0.008800
0.583200 0.314400 0.010400
0.168800 0.315200 0.013600
0.182400 0.315200 0.008800
0.196000 0.315200 0.008800
0.208000 0.315200 0.013600
0.263200 0.315200 0.008800
0.320800 0.315200 0.011200
0.396800 0.315200 0.008800
0.413600 0.315200 0.010400
0.228000 0.316000 0.012000
0.246400 0.316000 0.011200
0.348800 0.316000 0.008800
0.306400 0.316800 0.004800
0.335200 0.316800 0.010400
0.880000 0.322400 0.010400
0.736000 0.332000 0.005600
0.746400 0.332000 0.008800
0.760000 0.332000 0.008800
0.809600 0.332000 0.011200
0.696000 0.332800 0.011200
0.725600 0.332800 0.008800
0.772000 0.332800 0.008800
0.792000 0.333600 0.012000
0.831200 0.333600 0.013600
0.879200 0.333600 0.007200
0.644800 0.334400 0.011200
0.661600 0.334400 0.011200
0.679200 0.334400 0.009600
0.712000 0.334400 0.008800
0.534400 0.335200 0.013600
0.472800 0.336800 0.011200
0.501600 0.336800 0.011200
0.540800 0.336800 0.011200
0.555200 0.336800 0.011200
0.572800 0.336800 0.008800
0.583200 0.336800 0.005600
0.234400 0.337600 0.009600
0.268800 0.337600 0.011200
0.285600 0.337600 0.010400
0.386400 0.337600 0.011200
0.439200 0.337600 0.011200
0.456000 0.337600 0.011200
0.486400 0.337600 0.011200
0.521600 0.337600 0.011200
0.592800 0.337600 0.011200
0.627200 0.337600 0.011200
0.203200 0.338400 0.008800
0.251200 0.338400 0.011200
0.352000 0.338400 0.010400
0.368800 0.338400 0.010400
0.404800 0.338400 0.011200
0.421600 0.338400 0.011200
0.609600 0.338400 0.011200
0.218400 0.339200 0.008800
0.300000 0.339200 0.010400
0.334400 0.339200 0.010400
0.188800 0.340000 0.008800
0.317600 0.340000 0.011200
0.166400 0.340800 0.016000
0.174400 0.341600 0.011200
0.879200 0.342400 0.005600
0.878400 0.351200 0.005600
0.837600 0.354400 0.012800
0.792000 0.356000 0.004800
0.822400 0.356000 0.008800
0.737600 0.356800 0.012800
0.751200 0.356800 0.008800
0.779200 0.356800 0.010400
0.810400 0.356800 0.007200
0.657600 0.357600 0.008800
0.719200 0.357600 0.012800
0.765600 0.357600 0.008800
0.799200 0.357600 0.011200
0.670400 0.358400 0.008800
0.700800 0.358400 0.008800
0.878400 0.358400 0.012800
0.540800 0.359200 0.011200
0.640800 0.359200 0.011200
0.687200 0.359200 0.011200
0.368000 0.360000 0.011200
0.473600 0.360000 0.012000
0.523200 0.360000 0.008800
0.596800 0.360000 0.011200
0.611200 0.360000 0.008800
0.187200 0.360800 0.011200
0.274400 0.360800 0.010400
0.492800 0.360800 0.011200
0.508800 0.360800 0.011200
0.560000 0.360800 0.012000
0.577600 0.360800 0.011200
0.624800 0.360800 0.011200
0.168800 0.361600 0.012800
0.289600 0.361600 0.008800
0.322400 0.361600 0.011200
0.383200 0.361600 0.008000
0.396800 0.361600 0.009600
0.427200 0.361600 0.010400
0.444800 0.361600 0.011200
0.458400 0.361600 0.008800
0.221600 0.362400 0.011200
0.256800 0.362400 0.011200
0.304800 0.362400 0.010400
0.337600 0.362400 0.008800
0.411200 0.362400 0.008800
0.206400 0.363200 0.011200
0.238400 0.363200 0.011200
0.352000 0.363200 0.011200
0.806400 0.390400 0.021600
0.816800 0.390400 0.018400
0.219200 0.401600 0.015200
0.238400 0.401600 0.008800
0.248800 0.401600 0.016800
0.227200 0.403200 0.018400
0.184000 0.404800 0.022400
