0.184800 0.052800 0.026400
0.200800 0.055200 0.011200
0.218400 0.055200 0.008800
0.228800 0.055200 0.007200
0.240000 0.056000 0.007200
0.250400 0.056800 0.016800
0.807200 0.071200 0.022400
0.818400 0.072000 0.018400
0.276000 0.092000 0.011200
0.259200 0.092800 0.008800
0.170400 0.093600 0.016800
0.196800 0.093600 0.013600
0.216800 0.093600 0.010400
0.232800 0.093600 0.008800
0.246400 0.093600 0.008800
0.181600 0.094400 0.008800
0.887200 0.094400 0.028000
0.290400 0.095200 0.008800
0.304800 0.095200 0.008800
0.341600 0.095200 0.012000
0.320800 0.096000 0.011200
0.401600 0.096000 0.011200
0.359200 0.096800 0.008800
0.372800 0.096800 0.008800
0.386400 0.096800 0.008800
0.538400 0.096800 0.011200
0.428800 0.097600 0.011200
0.522400 0.097600 0.011200
0.557600 0.097600 0.011200
0.416000 0.098400 0.008800
0.446400 0.098400 0.011200
0.504800 0.098400 0.011200
0.622400 0.099200 0.011200
0.463200 0.100000 0.011200
0.572800 0.100000 0.011200
0.606400 0.100000 0.011200
0.476800 0.100800 0.008800
0.488800 0.100800 0.008800
0.589600 0.100800 0.011200
0.640000 0.100800 0.011200
0.659200 0.100800 0.012800
0.873600 0.102400 0.009600
0.676800 0.103200 0.011200
0.690400 0.103200 0.008800
0.707200 0.103200 0.011200
0.780800 0.103200 0.010400
0.888800 0.103200 0.005600
0.724000 0.104000 0.016800
0.793600 0.104000 0.011200
0.811200 0.104000 0.011200
0.732800 0.104800 0.011200
0.748800 0.104800 0.011200
0.765600 0.104800 0.011200
0.825600 0.104800 0.008800
0.835200 0.105600 0.016800
0.875200 0.108800 0.003200
0.216000 0.113600 0.010400
0.230400 0.114400 0.005600
0.188000 0.115200 0.008800
0.201600 0.115200 0.008800
0.872800 0.115200 0.009600
0.171200 0.116000 0.012000
0.238400 0.116000 0.007200
0.250400 0.116000 0.008000
0.283200 0.116800 0.005600
0.316000 0.116800 0.016000
0.890400 0.116800 0.011200
0.274400 0.117600 0.015200
0.263200 0.118400 0.007200
0.293600 0.118400 0.007200
0.304800 0.118400 0.007200
0.336000 0.118400 0.008800
0.322400 0.119200 0.012000
0.350400 0.119200 0.008800
0.365600 0.119200 0.010400
0.384800 0.120000 0.011200
0.402400 0.120000 0.010400
0.426400 0.120000 0.005600
0.434400 0.120800 0.005600
0.419200 0.121600 0.011200
0.447200 0.121600 0.011200
0.458400 0.122400 0.005600
0.606400 0.123200 0.008000
0.468800 0.124000 0.008800
0.512800 0.124000 0.007200
0.563200 0.124000 0.011200
0.594400 0.124000 0.008800
0.617600 0.124000 0.007200
0.631200 0.124000 0.010400
0.497600 0.124800 0.011200
0.524800 0.124800 0.011200
0.543200 0.124800 0.011200
0.580000 0.124800 0.008800
0.648000 0.124800 0.009600
0.482400 0.125600 0.008800
0.664800 0.125600 0.011200
0.700000 0.125600 0.012800
0.716800 0.125600 0.005600
0.802400 0.125600 0.011200
0.892000 0.125600 0.011200
0.684000 0.126400 0.011200
0.724800 0.126400 0.016800
0.737600 0.127200 0.008800
0.785600 0.127200 0.012000
0.747200 0.128000 0.005600
0.756000 0.128000 0.015200
0.768000 0.128000 0.008800
0.875200 0.128000 0.008800
0.820800 0.128800 0.011200
0.836000 0.128800 0.011200
0.890400 0.136800 0.008800
0.244000 0.137600 0.011200
0.875200 0.137600 0.007200
0.196000 0.138400 0.011200
0.176000 0.139200 0.012000
0.212800 0.139200 0.011200
0.224000 0.139200 0.011200
0.262400 0.140000 0.010400
0.278400 0.141600 0.008800
0.291200 0.141600 0.008800
0.304000 0.142400 0.008800
0.332000 0.142400 0.011200
0.444800 0.142400 0.005600
0.316800 0.143200 0.008800
0.351200 0.143200 0.011200
0.371200 0.143200 0.012800
0.392000 0.143200 0.011200
0.408000 0.144000 0.008800
0.421600 0.144000 0.008800
0.433600 0.144000 0.008800
0.453600 0.144800 0.013600
0.462400 0.144800 0.008800
0.592800 0.145600 0.010400
0.612000 0.145600 0.011200
0.890400 0.145600 0.007200
0.490400 0.146400 0.009600
0.475200 0.147200 0.008800
0.548000 0.147200 0.011200
0.576800 0.147200 0.008800
0.628000 0.147200 0.011200
0.647200 0.147200 0.011200
0.876000 0.147200 0.006400
0.505600 0.148000 0.008800
0.517600 0.148000 0.008800
0.530400 0.148000 0.008800
0.562400 0.148000 0.008800
0.666400 0.149600 0.011200
0.687200 0.150400 0.012000
0.705600 0.150400 0.010400
0.829600 0.150400 0.016800
0.724000 0.151200 0.011200
0.753600 0.151200 0.010400
0.839200 0.151200 0.015200
0.738400 0.152000 0.008800
0.768800 0.152000 0.008800
0.780000 0.152000 0.008800
0.795200 0.152000 0.010400
0.813600 0.152000 0.011200
0.890400 0.155200 0.012800
0.873600 0.160000 0.008800
0.172000 0.160800 0.012000
0.225600 0.160800 0.011200
0.891200 0.160800 0.008800
0.242400 0.161600 0.011200
0.205600 0.162400 0.012000
0.188800 0.163200 0.009600
0.259200 0.163200 0.008800
0.276000 0.163200 0.011200
0.295200 0.164000 0.011200
0.351200 0.165600 0.005600
0.312000 0.166400 0.009600
0.328000 0.166400 0.008800
0.340800 0.166400 0.008000
0.361600 0.166400 0.008800
0.438400 0.166400 0.011200
0.377600 0.167200 0.010400
0.406400 0.167200 0.008800
0.420800 0.167200 0.008800
0.475200 0.167200 0.011200
0.392000 0.168000 0.008800
0.455200 0.168000 0.011200
0.598400 0.168000 0.011200
0.508800 0.168800 0.005600
0.546400 0.168800 0.007200
0.556000 0.168800 0.013600
0.573600 0.168800 0.011200
0.492800 0.169600 0.012800
0.501600 0.169600 0.004800
0.584800 0.169600 0.008800
0.876000 0.169600 0.005600
0.616000 0.170400 0.011200
0.522400 0.171200 0.009600
0.535200 0.171200 0.008800
0.634400 0.172000 0.011200
0.656000 0.172000 0.011200
0.684800 0.172000 0.011200
0.745600 0.172000 0.011200
0.892800 0.172000 0.008800
0.670400 0.172800 0.008800
0.760000 0.172800 0.012000
0.789600 0.172800 0.010400
0.717600 0.173600 0.007200
0.728000 0.173600 0.008000
0.776800 0.173600 0.007200
0.701600 0.174400 0.011200
0.807200 0.174400 0.010400
0.823200 0.174400 0.008800
0.836800 0.176800 0.011200
0.876800 0.182400 0.008000
0.171200 0.183200 0.013600
0.186400 0.184800 0.011200
0.232800 0.184800 0.011200
0.276800 0.184800 0.012800
0.892000 0.184800 0.008800
0.201600 0.185600 0.009600
0.248800 0.185600 0.008800
0.269600 0.185600 0.015200
0.216000 0.186400 0.008800
0.259200 0.186400 0.005600
0.322400 0.186400 0.011200
0.341600 0.186400 0.011200
0.358400 0.186400 0.009600
0.290400 0.187200 0.008800
0.305600 0.187200 0.009600
0.374400 0.188800 0.011200
0.395200 0.188800 0.012800
0.461600 0.188800 0.012000
0.496800 0.188800 0.013600
0.412000 0.189600 0.011200
0.426400 0.189600 0.008800
0.444000 0.189600 0.012000
0.479200 0.189600 0.008800
0.489600 0.189600 0.005600
0.508000 0.190400 0.005600
0.520800 0.190400 0.008800
0.609600 0.190400 0.005600
0.541600 0.191200 0.007200
0.553600 0.191200 0.008800
0.573600 0.191200 0.015200
0.586400 0.191200 0.008800
0.600800 0.191200 0.008800
0.532000 0.192000 0.005600
0.566400 0.192000 0.013600
0.625600 0.192800 0.011200
0.638400 0.193600 0.008800
0.650400 0.193600 0.008000
0.680000 0.193600 0.012800
0.710400 0.193600 0.010400
0.727200 0.193600 0.011200
0.876000 0.193600 0.011200
0.697600 0.194400 0.008800
0.746400 0.194400 0.011200
0.775200 0.194400 0.008800
0.664800 0.195200 0.011200
0.761600 0.195200 0.008800
0.789600 0.195200 0.008800
0.892000 0.195200 0.007200
0.802400 0.196000 0.013600
0.821600 0.196000 0.011200
0.837600 0.196000 0.013600
0.809600 0.196800 0.013600
0.876000 0.199200 0.013600
0.892800 0.204800 0.007200
0.876800 0.208000 0.007200
0.220000 0.213600 0.011200
0.192800 0.214400 0.018400
0.234400 0.214400 0.008800
0.204800 0.215200 0.008800
0.248800 0.215200 0.011200
0.279200 0.215200 0.011200
0.295200 0.215200 0.012000
0.387200 0.215200 0.008800
0.263200 0.216000 0.011200
0.301600 0.216000 0.005600
0.324000 0.216000 0.008800
0.408800 0.216000 0.008800
0.892000 0.216000 0.008800
0.311200 0.216800 0.008000
0.339200 0.216800 0.010400
0.398400 0.216800 0.005600
0.353600 0.217600 0.008800
0.370400 0.217600 0.011200
0.446400 0.217600 0.008800
0.876000 0.217600 0.011200
0.422400 0.218400 0.008800
0.434400 0.218400 0.007200
0.461600 0.219200 0.009600
0.474400 0.219200 0.012000
0.491200 0.219200 0.008800
0.480000 0.220800 0.011200
0.504800 0.220800 0.008000
0.526400 0.220800 0.015200
0.532800 0.220800 0.013600
0.572000 0.220800 0.011200
0.754400 0.220800 0.016800
0.516000 0.221600 0.007200
0.545600 0.221600 0.008800
0.556800 0.221600 0.008800
0.585600 0.221600 0.008800
0.601600 0.221600 0.011200
0.694400 0.221600 0.009600
0.705600 0.221600 0.008800
0.765600 0.221600 0.007200
0.779200 0.221600 0.011200
0.627200 0.222400 0.003200
0.633600 0.222400 0.010400
0.678400 0.222400 0.008800
0.720800 0.222400 0.011200
0.737600 0.222400 0.011200
0.796800 0.222400 0.011200
0.876800 0.222400 0.009600
0.893600 0.222400 0.003200
0.618400 0.223200 0.011200
0.648000 0.223200 0.011200
0.664800 0.223200 0.008800
0.813600 0.223200 0.013600
0.893600 0.229600 0.010400
0.876800 0.231200 0.007200
0.892800 0.237600 0.013600
0.195200 0.238400 0.011200
0.212000 0.238400 0.012000
0.232800 0.238400 0.011200
0.262400 0.238400 0.008000
0.273600 0.238400 0.008800
0.321600 0.238400 0.011200
0.288800 0.239200 0.010400
0.336800 0.239200 0.008800
0.347200 0.239200 0.005600
0.249600 0.240000 0.008800
0.304800 0.240000 0.011200
0.357600 0.240000 0.008800
0.372800 0.240000 0.010400
0.407200 0.240000 0.008800
0.424800 0.240000 0.011200
0.471200 0.240000 0.011200
0.396000 0.240800 0.005600
0.483200 0.240800 0.005600
0.387200 0.241600 0.015200
0.454400 0.241600 0.008800
0.875200 0.241600 0.008800
0.440800 0.242400 0.009600
0.491200 0.242400 0.013600
0.508800 0.243200 0.011200
0.536800 0.243200 0.008800
0.605600 0.243200 0.008000
0.619200 0.243200 0.009600
0.524000 0.244000 0.008800
0.552000 0.244000 0.009600
0.564800 0.244000 0.008800
0.576800 0.244000 0.008800
0.592000 0.244000 0.009600
0.633600 0.244000 0.008800
0.652000 0.244000 0.011200
0.696800 0.244000 0.011200
0.724000 0.244000 0.008000
0.784000 0.244000 0.009600
0.665600 0.244800 0.008800
0.680000 0.244800 0.008800
0.712000 0.244800 0.008800
0.737600 0.244800 0.008800
0.752000 0.245600 0.012000
0.769600 0.245600 0.008800
0.803200 0.246400 0.010400
0.891200 0.246400 0.008800
0.816800 0.247200 0.011200
0.877600 0.248800 0.004000
0.890400 0.257600 0.007200
0.874400 0.259200 0.011200
0.541600 0.265600 0.008800
0.198400 0.266400 0.012800
0.553600 0.266400 0.010400
0.596800 0.266400 0.008800
0.608800 0.266400 0.008800
0.701600 0.266400 0.007200
0.766400 0.266400 0.010400
0.807200 0.266400 0.017600
0.179200 0.267200 0.011200
0.212800 0.267200 0.016800
0.220000 0.267200 0.013600
0.568800 0.267200 0.009600
0.584000 0.267200 0.008800
0.637600 0.267200 0.008800
0.653600 0.267200 0.011200
0.669600 0.267200 0.011200
0.691200 0.267200 0.013600
0.715200 0.267200 0.011200
0.733600 0.267200 0.013600
0.741600 0.267200 0.016800
0.752800 0.267200 0.008800
0.782400 0.267200 0.008800
0.794400 0.267200 0.008800
0.164000 0.268000 0.013600
0.288800 0.268000 0.011200
0.623200 0.268000 0.008800
0.273600 0.268800 0.008800
0.305600 0.268800 0.011200
0.324000 0.268800 0.011200
0.358400 0.268800 0.013600
0.252000 0.269600 0.013600
0.339200 0.269600 0.011200
0.408000 0.269600 0.011200
0.235200 0.270400 0.010400
0.441600 0.270400 0.012800
0.888800 0.270400 0.007200
0.377600 0.271200 0.012800
0.422400 0.271200 0.011200
0.460800 0.271200 0.011200
0.497600 0.271200 0.011200
0.392800 0.272800 0.008800
0.481600 0.272800 0.012800
0.876000 0.272800 0.008000
0.515200 0.273600 0.012000
0.888800 0.280800 0.005600
0.873600 0.284000 0.008000
0.164000 0.290400 0.012800
0.192000 0.290400 0.008800
0.888800 0.290400 0.006400
0.180800 0.291200 0.008800
0.201600 0.291200 0.008800
0.217600 0.291200 0.011200
0.249600 0.291200 0.008800
0.172800 0.292000 0.005600
0.236000 0.292000 0.008800
0.260000 0.292000 0.007200
0.300000 0.292800 0.008800
0.274400 0.293600 0.009600
0.314400 0.293600 0.008800
0.328800 0.293600 0.012800
0.288000 0.294400 0.007200
0.350400 0.294400 0.010400
0.439200 0.294400 0.012800
0.366400 0.295200 0.010400
0.420000 0.295200 0.011200
0.456000 0.295200 0.010400
0.384800 0.296000 0.011200
0.403200 0.296000 0.011200
0.487200 0.296000 0.008800
0.516000 0.296000 0.012000
0.533600 0.296000 0.008800
0.563200 0.296000 0.011200
0.582400 0.296000 0.011200
0.873600 0.296000 0.008000
0.472000 0.296800 0.010400
0.500000 0.296800 0.008800
0.635200 0.296800 0.012800
0.751200 0.296800 0.011200
0.547200 0.297600 0.008800
0.702400 0.297600 0.011200
0.719200 0.297600 0.011200
0.768000 0.297600 0.011200
0.818400 0.297600 0.008800
0.596800 0.298400 0.008800
0.615200 0.298400 0.012000
0.652000 0.298400 0.009600
0.667200 0.298400 0.008800
0.683200 0.298400 0.011200
0.735200 0.298400 0.008800
0.781600 0.298400 0.007200
0.805600 0.298400 0.008800
0.830400 0.298400 0.019200
0.793600 0.299200 0.008800
0.890400 0.300800 0.008000
0.874400 0.308000 0.007200
0.888000 0.312000 0.007200
0.165600 0.312800 0.011200
0.181600 0.312800 0.008800
0.192800 0.312800 0.005600
0.206400 0.313600 0.011200
0.221600 0.313600 0.011200
0.241600 0.313600 0.011200
0.252800 0.313600 0.005600
0.265600 0.313600 0.008800
0.279200 0.313600 0.013600
0.285600 0.314400 0.011200
0.300800 0.314400 0.011200
0.323200 0.314400 0.012000
0.308800 0.315200 0.013600
0.345600 0.316000 0.011200
0.360800 0.316000 0.010400
0.375200 0.316800 0.008800
0.391200 0.316800 0.011200
0.487200 0.317600 0.011200
0.410400 0.318400 0.011200
0.460000 0.318400 0.005600
0.472000 0.318400 0.008800
0.429600 0.319200 0.011200
0.448800 0.319200 0.011200
0.508000 0.319200 0.011200
0.718400 0.319200 0.009600
0.875200 0.319200 0.007200
0.526400 0.320000 0.008800
0.536800 0.320000 0.005600
0.750400 0.320000 0.011200
0.570400 0.320800 0.011200
0.632000 0.320800 0.012000
0.684000 0.320800 0.013600
0.733600 0.320800 0.010400
0.552000 0.321600 0.011200
0.590400 0.321600 0.011200
0.604800 0.321600 0.008800
0.615200 0.321600 0.005600
0.648000 0.321600 0.008800
0.663200 0.321600 0.011200
0.763200 0.321600 0.008800
0.704800 0.322400 0.008800
0.776000 0.322400 0.008800
0.792000 0.322400 0.011200
0.808800 0.322400 0.008800
0.820800 0.323200 0.007200
0.887200 0.323200 0.007200
0.833600 0.324000 0.016800
0.874400 0.331200 0.007200
0.174400 0.334400 0.011200
0.888800 0.334400 0.008000
0.160800 0.335200 0.011200
0.194400 0.336000 0.011200
0.208000 0.336000 0.008800
0.220000 0.336000 0.008800
0.237600 0.336000 0.011200
0.252000 0.336800 0.008800
0.267200 0.337600 0.010400
0.282400 0.337600 0.008800
0.296000 0.337600 0.008800
0.309600 0.338400 0.008800
0.326400 0.338400 0.011200
0.352000 0.338400 0.008800
0.338400 0.339200 0.008800
0.384800 0.340000 0.008800
0.398400 0.340000 0.008800
0.439200 0.340000 0.008800
0.368800 0.340800 0.011200
0.414400 0.340800 0.009600
0.425600 0.340800 0.007200
0.453600 0.340800 0.009600
0.479200 0.340800 0.011200
0.551200 0.340800 0.011200
0.465600 0.341600 0.008800
0.502400 0.341600 0.011200
0.532000 0.342400 0.008800
0.567200 0.342400 0.008800
0.657600 0.342400 0.010400
0.671200 0.342400 0.005600
0.872800 0.342400 0.007200
0.515200 0.343200 0.011200
0.580000 0.343200 0.008800
0.612000 0.343200 0.009600
0.595200 0.344000 0.009600
0.626400 0.344000 0.008800
0.640800 0.344000 0.009600
0.679200 0.344000 0.012800
0.712000 0.344000 0.011200
0.788800 0.344000 0.012800
0.794400 0.344000 0.011200
0.887200 0.344000 0.005600
0.744000 0.344800 0.008800
0.761600 0.344800 0.010400
0.693600 0.345600 0.009600
0.731200 0.345600 0.009600
0.776000 0.345600 0.008800
0.808800 0.345600 0.009600
0.824000 0.347200 0.011200
0.841600 0.348000 0.012800
0.872800 0.351200 0.006400
0.887200 0.355200 0.007200
0.899200 0.355200 0.008800
0.161600 0.358400 0.011200
0.176000 0.359200 0.008800
0.190400 0.360000 0.008800
0.215200 0.360000 0.008800
0.204000 0.360800 0.008000
0.228800 0.360800 0.008800
0.245600 0.360800 0.011200
0.260800 0.360800 0.011200
0.872800 0.361600 0.007200
0.277600 0.362400 0.011200
0.296800 0.362400 0.012800
0.901600 0.362400 0.008800
0.317600 0.363200 0.011200
0.346400 0.363200 0.011200
0.386400 0.363200 0.011200
0.428800 0.363200 0.011200
0.446400 0.363200 0.011200
0.464000 0.363200 0.011200
0.485600 0.363200 0.013600
0.572000 0.363200 0.012000
0.332800 0.364000 0.008800
0.365600 0.364000 0.012800
0.406400 0.364000 0.015200
0.416800 0.364000 0.005600
0.502400 0.364000 0.012000
0.526400 0.364000 0.013600
0.540000 0.364000 0.008800
0.550400 0.364000 0.016800
0.591200 0.364800 0.008800
0.604000 0.364800 0.008800
0.620000 0.364800 0.010400
0.742400 0.364800 0.009600
0.635200 0.366400 0.008800
0.648800 0.366400 0.008800
0.665600 0.366400 0.010400
0.788000 0.366400 0.011200
0.805600 0.366400 0.008800
0.887200 0.366400 0.008800
0.680000 0.367200 0.008800
0.727200 0.367200 0.010400
0.756800 0.367200 0.012800
0.764800 0.367200 0.004800
0.772800 0.367200 0.005600
0.816800 0.367200 0.007200
0.828800 0.367200 0.008800
0.842400 0.367200 0.011200
0.692000 0.368000 0.007200
0.701600 0.368000 0.005600
0.872800 0.368800 0.012800
0.712000 0.369600 0.008800
0.174400 0.396000 0.019200
0.179200 0.396000 0.018400
0.212000 0.396000 0.018400
0.223200 0.396000 0.008800
0.236000 0.396800 0.008800
0.248800 0.397600 0.019200
