0.180800 0.044000 0.015200
0.214400 0.044000 0.008800
0.224800 0.044000 0.008800
0.239200 0.044000 0.008800
0.251200 0.044000 0.019200
0.200000 0.044800 0.011200
0.828000 0.048000 0.011200
0.815200 0.048800 0.020800
0.218400 0.079200 0.011200
0.678400 0.079200 0.010400
0.762400 0.079200 0.009600
0.831200 0.079200 0.011200
0.572800 0.080000 0.009600
0.700000 0.080000 0.007200
0.715200 0.080000 0.011200
0.775200 0.080000 0.007200
0.181600 0.080800 0.012800
0.237600 0.080800 0.011200
0.586400 0.080800 0.008800
0.598400 0.080800 0.008000
0.610400 0.080800 0.008800
0.624000 0.080800 0.008800
0.649600 0.080800 0.010400
0.689600 0.080800 0.007200
0.727200 0.080800 0.007200
0.747200 0.080800 0.008800
0.784800 0.080800 0.007200
0.805600 0.080800 0.007200
0.816800 0.080800 0.008800
0.201600 0.081600 0.011200
0.253600 0.081600 0.008800
0.265600 0.081600 0.007200
0.344800 0.081600 0.011200
0.437600 0.081600 0.007200
0.512000 0.081600 0.009600
0.664000 0.081600 0.008800
0.736000 0.081600 0.005600
0.796000 0.081600 0.007200
0.276000 0.082400 0.007200
0.311200 0.082400 0.008800
0.329600 0.082400 0.012000
0.412000 0.082400 0.009600
0.426400 0.082400 0.007200
0.466400 0.082400 0.012800
0.546400 0.082400 0.010400
0.560000 0.082400 0.008000
0.636800 0.082400 0.008800
0.164800 0.083200 0.012800
0.287200 0.083200 0.007200
0.298400 0.083200 0.008800
0.360000 0.083200 0.008800
0.383200 0.083200 0.008800
0.397600 0.083200 0.009600
0.448800 0.083200 0.007200
0.458400 0.083200 0.004800
0.480800 0.083200 0.012000
0.497600 0.083200 0.008800
0.531200 0.083200 0.012800
0.373600 0.084000 0.008800
0.837600 0.099200 0.011200
0.756800 0.100800 0.008800
0.824800 0.100800 0.007200
0.233600 0.101600 0.004800
0.323200 0.101600 0.010400
0.575200 0.101600 0.011200
0.744000 0.101600 0.008800
0.770400 0.101600 0.008800
0.784000 0.101600 0.008800
0.799200 0.101600 0.008800
0.812800 0.101600 0.008800
0.197600 0.102400 0.008800
0.225600 0.102400 0.007200
0.244800 0.102400 0.008800
0.430400 0.102400 0.010400
0.608800 0.102400 0.010400
0.213600 0.103200 0.008800
0.257600 0.103200 0.007200
0.283200 0.103200 0.010400
0.310400 0.103200 0.007200
0.366400 0.103200 0.008000
0.396800 0.103200 0.010400
0.473600 0.103200 0.008800
0.541600 0.103200 0.010400
0.592800 0.103200 0.011200
0.624800 0.103200 0.011200
0.662400 0.103200 0.010400
0.677600 0.103200 0.008800
0.688000 0.103200 0.005600
0.700000 0.103200 0.011200
0.731200 0.103200 0.008800
0.165600 0.104000 0.011200
0.184800 0.104000 0.005600
0.268000 0.104000 0.008000
0.298400 0.104000 0.008800
0.340000 0.104000 0.008800
0.353600 0.104000 0.008000
0.380000 0.104000 0.009600
0.444000 0.104000 0.008800
0.558400 0.104000 0.008800
0.643200 0.104000 0.012000
0.716800 0.104000 0.008800
0.178400 0.104800 0.011200
0.413600 0.104800 0.010400
0.459200 0.104800 0.010400
0.488000 0.104800 0.009600
0.517600 0.104800 0.009600
0.529600 0.104800 0.005600
0.503200 0.105600 0.008800
0.105600 0.108000 0.028000
0.839200 0.121600 0.008800
0.820000 0.122400 0.005600
0.828000 0.122400 0.007200
0.198400 0.123200 0.008800
0.701600 0.123200 0.008800
0.710400 0.123200 0.005600
0.749600 0.123200 0.009600
0.767200 0.123200 0.010400
0.797600 0.123200 0.008000
0.809600 0.123200 0.008000
0.184000 0.124000 0.008800
0.561600 0.124000 0.011200
0.579200 0.124000 0.011200
0.684000 0.124000 0.010400
0.735200 0.124000 0.008800
0.782400 0.124000 0.011200
0.236800 0.124800 0.007200
0.248000 0.124800 0.007200
0.260800 0.124800 0.008000
0.270400 0.124800 0.005600
0.283200 0.124800 0.009600
0.332800 0.124800 0.011200
0.348000 0.124800 0.008800
0.359200 0.124800 0.007200
0.372800 0.124800 0.008800
0.406400 0.124800 0.005600
0.426400 0.124800 0.007200
0.436800 0.124800 0.007200
0.460000 0.124800 0.005600
0.473600 0.124800 0.009600
0.550400 0.124800 0.008800
0.608000 0.124800 0.007200
0.666400 0.124800 0.009600
0.721600 0.124800 0.008800
0.166400 0.125600 0.011200
0.298400 0.125600 0.008800
0.313600 0.125600 0.009600
0.396800 0.125600 0.007200
0.415200 0.125600 0.008000
0.450400 0.125600 0.008800
0.488800 0.125600 0.008800
0.504000 0.125600 0.011200
0.520800 0.125600 0.008800
0.596800 0.125600 0.008800
0.619200 0.125600 0.008000
0.648000 0.125600 0.011200
0.212800 0.126400 0.008800
0.224800 0.126400 0.008000
0.384800 0.126400 0.008000
0.534400 0.126400 0.011200
0.634400 0.126400 0.009600
0.873600 0.136000 0.008800
0.818400 0.142400 0.008800
0.839200 0.142400 0.011200
0.437600 0.144000 0.009600
0.656800 0.144000 0.005600
0.792000 0.144000 0.008800
0.805600 0.144000 0.008800
0.827200 0.144000 0.008800
0.371200 0.144800 0.007200
0.385600 0.144800 0.008800
0.451200 0.144800 0.007200
0.460800 0.144800 0.005600
0.468000 0.144800 0.011200
0.648000 0.144800 0.005600
0.663200 0.144800 0.011200
0.697600 0.144800 0.010400
0.712800 0.144800 0.010400
0.731200 0.144800 0.011200
0.166400 0.145600 0.010400
0.256800 0.145600 0.008800
0.285600 0.145600 0.008800
0.363200 0.145600 0.007200
0.402400 0.145600 0.008800
0.412800 0.145600 0.005600
0.483200 0.145600 0.010400
0.675200 0.145600 0.007200
0.684000 0.145600 0.005600
0.761600 0.145600 0.008800
0.777600 0.145600 0.009600
0.180800 0.146400 0.008800
0.195200 0.146400 0.011200
0.213600 0.146400 0.008800
0.224800 0.146400 0.005600
0.270400 0.146400 0.008800
0.351200 0.146400 0.008000
0.422400 0.146400 0.008000
0.504000 0.146400 0.011200
0.531200 0.146400 0.009600
0.578400 0.146400 0.009600
0.604000 0.146400 0.008800
0.620000 0.146400 0.008800
0.636000 0.146400 0.008800
0.748000 0.146400 0.010400
0.232000 0.147200 0.011200
0.244800 0.147200 0.008000
0.301600 0.147200 0.008800
0.314400 0.147200 0.008000
0.338400 0.147200 0.008000
0.496800 0.147200 0.004800
0.516800 0.147200 0.008000
0.550400 0.147200 0.010400
0.564000 0.147200 0.008000
0.592800 0.147200 0.008000
0.327200 0.148000 0.007200
0.875200 0.150400 0.013600
0.874400 0.160800 0.007200
0.827200 0.163200 0.008800
0.840800 0.163200 0.011200
0.284800 0.164000 0.005600
0.474400 0.164000 0.011200
0.164800 0.164800 0.026400
0.243200 0.164800 0.008000
0.369600 0.164800 0.008800
0.398400 0.164800 0.010400
0.410400 0.164800 0.005600
0.420800 0.164800 0.011200
0.459200 0.164800 0.008800
0.524800 0.164800 0.012000
0.788800 0.164800 0.008800
0.801600 0.164800 0.008800
0.193600 0.165600 0.008000
0.257600 0.165600 0.008800
0.269600 0.165600 0.011200
0.276000 0.165600 0.012000
0.352800 0.165600 0.011200
0.383200 0.165600 0.008800
0.435200 0.165600 0.008000
0.506400 0.165600 0.008800
0.545600 0.165600 0.008800
0.557600 0.165600 0.008800
0.572000 0.165600 0.010400
0.586400 0.165600 0.008800
0.748000 0.165600 0.011200
0.776000 0.165600 0.008800
0.816000 0.165600 0.008800
0.180000 0.166400 0.011200
0.205600 0.166400 0.008800
0.233600 0.166400 0.008000
0.291200 0.166400 0.011200
0.320800 0.166400 0.008800
0.333600 0.166400 0.013600
0.341600 0.166400 0.013600
0.447200 0.166400 0.007200
0.492000 0.166400 0.008800
0.600000 0.166400 0.009600
0.660000 0.166400 0.008800
0.704000 0.166400 0.009600
0.718400 0.166400 0.008800
0.730400 0.166400 0.008800
0.761600 0.166400 0.008800
0.220000 0.167200 0.008800
0.302400 0.167200 0.011200
0.309600 0.167200 0.005600
0.617600 0.167200 0.010400
0.632800 0.167200 0.008800
0.674400 0.167200 0.009600
0.689600 0.167200 0.008800
0.648000 0.168000 0.008800
0.875200 0.171200 0.008800
0.874400 0.183200 0.007200
0.390400 0.188800 0.005600
0.408800 0.189600 0.008000
0.421600 0.189600 0.008800
0.460000 0.189600 0.010400
0.584800 0.189600 0.011200
0.297600 0.190400 0.013600
0.314400 0.190400 0.011200
0.351200 0.190400 0.008800
0.379200 0.190400 0.008000
0.433600 0.190400 0.008000
0.475200 0.190400 0.008800
0.547200 0.190400 0.012800
0.619200 0.190400 0.015200
0.712000 0.190400 0.008800
0.725600 0.190400 0.008800
0.744000 0.190400 0.012800
0.808800 0.190400 0.013600
0.220000 0.191200 0.011200
0.237600 0.191200 0.012000
0.271200 0.191200 0.013600
0.276800 0.191200 0.013600
0.329600 0.191200 0.008800
0.340000 0.191200 0.005600
0.397600 0.191200 0.016800
0.445600 0.191200 0.008800
0.501600 0.191200 0.008800
0.567200 0.191200 0.011200
0.604000 0.191200 0.012000
0.763200 0.191200 0.011200
0.794400 0.191200 0.008800
0.255200 0.192000 0.008800
0.366400 0.192000 0.008800
0.488800 0.192000 0.008800
0.515200 0.192000 0.008800
0.528000 0.192000 0.008800
0.668000 0.192000 0.009600
0.699200 0.192000 0.008800
0.191200 0.192800 0.011200
0.204000 0.192800 0.008800
0.627200 0.192800 0.013600
0.640000 0.192800 0.008800
0.684800 0.192800 0.010400
0.780000 0.192800 0.009600
0.876000 0.193600 0.008800
0.653600 0.194400 0.008800
0.877600 0.206400 0.005600
0.435200 0.210400 0.011200
0.812000 0.210400 0.007200
0.386400 0.211200 0.010400
0.402400 0.211200 0.008000
0.418400 0.211200 0.010400
0.700800 0.211200 0.010400
0.801600 0.211200 0.011200
0.347200 0.212000 0.010400
0.361600 0.212000 0.008000
0.719200 0.212000 0.011200
0.736800 0.212000 0.011200
0.776000 0.212000 0.008800
0.373600 0.212800 0.008800
0.453600 0.212800 0.012000
0.472800 0.212800 0.011200
0.489600 0.212800 0.008800
0.500000 0.212800 0.005600
0.532000 0.212800 0.008800
0.553600 0.212800 0.005600
0.563200 0.212800 0.008800
0.580000 0.212800 0.011200
0.598400 0.212800 0.010400
0.684000 0.212800 0.008800
0.757600 0.212800 0.011200
0.787200 0.212800 0.008800
0.261600 0.213600 0.005600
0.330400 0.213600 0.010400
0.507200 0.213600 0.011200
0.519200 0.213600 0.008000
0.544800 0.213600 0.007200
0.613600 0.213600 0.008800
0.624000 0.213600 0.007200
0.638400 0.213600 0.009600
0.670400 0.213600 0.008800
0.193600 0.214400 0.011200
0.208800 0.214400 0.008800
0.237600 0.214400 0.008800
0.251200 0.214400 0.008000
0.272000 0.214400 0.008800
0.303200 0.214400 0.008800
0.312800 0.214400 0.011200
0.651200 0.214400 0.007200
0.662400 0.214400 0.005600
0.223200 0.215200 0.008800
0.288000 0.215200 0.010400
0.874400 0.216000 0.005600
0.877600 0.225600 0.007200
0.399200 0.231200 0.011200
0.418400 0.231200 0.008800
0.434400 0.231200 0.010400
0.451200 0.231200 0.008800
0.467200 0.231200 0.010400
0.757600 0.231200 0.011200
0.367200 0.232000 0.011200
0.777600 0.232000 0.009600
0.795200 0.232000 0.010400
0.811200 0.232000 0.011200
0.305600 0.232800 0.007200
0.372000 0.232800 0.011200
0.384800 0.232800 0.008800
0.706400 0.232800 0.010400
0.722400 0.232800 0.008800
0.739200 0.232800 0.011200
0.194400 0.233600 0.011200
0.246400 0.233600 0.009600
0.261600 0.233600 0.008800
0.294400 0.233600 0.008800
0.323200 0.233600 0.010400
0.355200 0.233600 0.008800
0.500800 0.233600 0.010400
0.519200 0.233600 0.011200
0.653600 0.233600 0.011200
0.664000 0.233600 0.005600
0.211200 0.234400 0.008800
0.225600 0.234400 0.011200
0.277600 0.234400 0.009600
0.340000 0.234400 0.010400
0.486400 0.234400 0.010400
0.628000 0.234400 0.011200
0.640000 0.234400 0.008800
0.689600 0.234400 0.012000
0.534400 0.235200 0.009600
0.552000 0.235200 0.011200
0.572000 0.236000 0.011200
0.591200 0.236000 0.012000
0.608000 0.236000 0.010400
0.672000 0.236000 0.011200
0.876800 0.236800 0.013600
0.876800 0.241600 0.016800
0.808800 0.252000 0.012000
0.328000 0.252800 0.007200
0.411200 0.252800 0.011200
0.756800 0.252800 0.011200
0.783200 0.252800 0.007200
0.339200 0.253600 0.008800
0.386400 0.253600 0.011200
0.400800 0.253600 0.005600
0.449600 0.253600 0.012000
0.772000 0.253600 0.008800
0.793600 0.253600 0.005600
0.192800 0.254400 0.012800
0.207200 0.254400 0.008800
0.223200 0.254400 0.010400
0.239200 0.254400 0.011200
0.256800 0.254400 0.011200
0.289600 0.254400 0.013600
0.312800 0.254400 0.012000
0.354400 0.254400 0.009600
0.369600 0.254400 0.011200
0.428800 0.254400 0.012800
0.468000 0.254400 0.009600
0.726400 0.254400 0.008800
0.740000 0.254400 0.008800
0.876800 0.254400 0.008800
0.274400 0.255200 0.011200
0.483200 0.255200 0.008800
0.512000 0.255200 0.008800
0.676000 0.255200 0.012800
0.497600 0.256000 0.009600
0.524800 0.256000 0.008800
0.713600 0.256000 0.009600
0.541600 0.256800 0.011200
0.557600 0.256800 0.009600
0.572000 0.256800 0.008800
0.600000 0.256800 0.010400
0.616000 0.256800 0.008800
0.630400 0.256800 0.011200
0.648800 0.256800 0.011200
0.663200 0.256800 0.008800
0.680800 0.256800 0.011200
0.697600 0.256800 0.011200
0.584800 0.257600 0.008800
0.876000 0.264000 0.007200
0.876800 0.274400 0.007200
0.826400 0.280000 0.010400
0.446400 0.280800 0.013600
0.468800 0.281600 0.011200
0.745600 0.281600 0.011200
0.811200 0.281600 0.008800
0.839200 0.281600 0.007200
0.848000 0.281600 0.014400
0.312000 0.282400 0.011200
0.463200 0.282400 0.013600
0.480800 0.282400 0.008800
0.494400 0.282400 0.008800
0.605600 0.282400 0.008800
0.616800 0.282400 0.005600
0.675200 0.282400 0.013600
0.729600 0.282400 0.008800
0.876000 0.282400 0.005600
0.239200 0.283200 0.010400
0.296000 0.283200 0.011200
0.576000 0.283200 0.012000
0.591200 0.283200 0.008800
0.655200 0.283200 0.008800
0.666400 0.283200 0.005600
0.717600 0.283200 0.008800
0.798400 0.283200 0.008000
0.181600 0.284000 0.011200
0.254400 0.284000 0.016800
0.278400 0.284000 0.011200
0.340800 0.284000 0.013600
0.508800 0.284000 0.008800
0.558400 0.284000 0.011200
0.628000 0.284000 0.011200
0.643200 0.284000 0.008800
0.692800 0.284000 0.008800
0.759200 0.284000 0.008800
0.771200 0.284000 0.008800
0.786400 0.284000 0.010400
0.163200 0.284800 0.013600
0.264000 0.284800 0.008800
0.327200 0.284800 0.008800
0.432800 0.284800 0.010400
0.522400 0.284800 0.008800
0.539200 0.284800 0.011200
0.704800 0.284800 0.008800
0.211200 0.285600 0.008800
0.348000 0.285600 0.005600
0.360800 0.285600 0.011200
0.200000 0.286400 0.009600
0.224800 0.286400 0.008800
0.375200 0.286400 0.010400
0.390400 0.286400 0.008800
0.416800 0.286400 0.010400
0.401600 0.287200 0.008800
0.878400 0.295200 0.016800
0.843200 0.303200 0.011200
0.740800 0.304000 0.011200
0.828000 0.304000 0.008800
0.164800 0.304800 0.011200
0.548000 0.304800 0.011200
0.564800 0.304800 0.010400
0.813600 0.304800 0.008800
0.877600 0.304800 0.005600
0.179200 0.305600 0.009600
0.260800 0.305600 0.009600
0.276000 0.305600 0.011200
0.468800 0.305600 0.012800
0.484800 0.305600 0.008800
0.499200 0.305600 0.008800
0.527200 0.305600 0.010400
0.724000 0.305600 0.011200
0.759200 0.305600 0.008800
0.798400 0.305600 0.008800
0.196000 0.306400 0.010400
0.212800 0.306400 0.011200
0.236000 0.306400 0.013600
0.246400 0.306400 0.005600
0.292000 0.306400 0.008800
0.306400 0.306400 0.012000
0.451200 0.306400 0.008800
0.580000 0.306400 0.008800
0.598400 0.306400 0.011200
0.652800 0.306400 0.011200
0.772800 0.306400 0.008800
0.784800 0.306400 0.008800
0.436800 0.307200 0.010400
0.512000 0.307200 0.008800
0.614400 0.307200 0.011200
0.666400 0.307200 0.008800
0.688800 0.307200 0.010400
0.705600 0.307200 0.009600
0.327200 0.308000 0.010400
0.360800 0.308000 0.008800
0.421600 0.308000 0.010400
0.675200 0.308000 0.005600
0.344800 0.308800 0.010400
0.375200 0.308800 0.008800
0.404000 0.308800 0.009600
0.633600 0.308800 0.010400
0.389600 0.309600 0.008800
0.877600 0.313600 0.005600
0.827200 0.324000 0.008800
0.843200 0.324800 0.012000
0.780800 0.325600 0.009600
0.813600 0.325600 0.008000
0.476800 0.326400 0.013600
0.719200 0.326400 0.008800
0.728800 0.326400 0.004800
0.766400 0.326400 0.008800
0.799200 0.326400 0.009600
0.877600 0.326400 0.008800
0.164000 0.327200 0.011200
0.177600 0.327200 0.007200
0.190400 0.327200 0.009600
0.224000 0.327200 0.008800
0.268800 0.327200 0.011200
0.483200 0.327200 0.011200
0.568000 0.327200 0.008800
0.601600 0.327200 0.011200
0.619200 0.327200 0.007200
0.629600 0.327200 0.005600
0.643200 0.327200 0.009600
0.677600 0.327200 0.008000
0.690400 0.327200 0.008000
0.704000 0.327200 0.009600
0.736800 0.327200 0.012000
0.748000 0.327200 0.012800
0.237600 0.328000 0.008800
0.287200 0.328000 0.008800
0.309600 0.328000 0.004800
0.467200 0.328000 0.005600
0.585600 0.328000 0.010400
0.208000 0.328800 0.011200
0.217600 0.328800 0.004000
0.251200 0.328800 0.008800
0.318400 0.328800 0.005600
0.338400 0.328800 0.008000
0.380800 0.328800 0.009600
0.444800 0.328800 0.007200
0.527200 0.328800 0.008800
0.543200 0.328800 0.010400
0.554400 0.328800 0.007200
0.657600 0.328800 0.008800
0.667200 0.328800 0.005600
0.300800 0.329600 0.007200
0.325600 0.329600 0.011200
0.349600 0.329600 0.008000
0.363200 0.329600 0.009600
0.420800 0.329600 0.008000
0.514400 0.329600 0.008800
0.395200 0.330400 0.008000
0.408800 0.330400 0.008800
0.434400 0.330400 0.008800
0.457600 0.330400 0.008800
0.500000 0.330400 0.011200
0.878400 0.336000 0.007200
0.817600 0.345600 0.004800
0.823200 0.345600 0.010400
0.837600 0.345600 0.008800
0.805600 0.346400 0.009600
0.849600 0.346400 0.013600
0.874400 0.346400 0.016000
0.163200 0.347200 0.012800
0.779200 0.347200 0.008800
0.792000 0.347200 0.008800
0.180000 0.348000 0.010400
0.675200 0.348000 0.011200
0.736000 0.348000 0.005600
0.485600 0.348800 0.011200
0.633600 0.348800 0.005600
0.641600 0.348800 0.005600
0.647200 0.348800 0.010400
0.692800 0.348800 0.008800
0.704800 0.348800 0.007200
0.766400 0.348800 0.008000
0.194400 0.349600 0.008800
0.208000 0.349600 0.008800
0.252800 0.349600 0.008800
0.266400 0.349600 0.009600
0.280800 0.349600 0.008800
0.470400 0.349600 0.008800
0.604800 0.349600 0.013600
0.613600 0.349600 0.005600
0.624000 0.349600 0.007200
0.659200 0.349600 0.008800
0.715200 0.349600 0.007200
0.726400 0.349600 0.007200
0.742400 0.349600 0.011200
0.755200 0.349600 0.008800
0.222400 0.350400 0.008800
0.237600 0.350400 0.011200
0.297600 0.350400 0.012800
0.316000 0.350400 0.011200
0.529600 0.350400 0.005600
0.590400 0.350400 0.010400
0.332000 0.351200 0.010400
0.347200 0.351200 0.010400
0.379200 0.351200 0.011200
0.399200 0.351200 0.011200
0.441600 0.351200 0.008800
0.456000 0.351200 0.008800
0.575200 0.351200 0.008800
0.362400 0.352000 0.011200
0.412800 0.352000 0.008800
0.427200 0.352000 0.008800
0.505600 0.352000 0.009600
0.518400 0.352000 0.008800
0.535200 0.352000 0.011200
0.549600 0.352000 0.009600
0.564000 0.352000 0.008000
