0.182400 0.051200 0.016800
0.213600 0.052000 0.007200
0.224000 0.052800 0.008000
0.201600 0.053600 0.008800
0.235200 0.054400 0.007200
0.245600 0.055200 0.016800
0.810400 0.066400 0.011200
0.823200 0.066400 0.020000
0.159200 0.087200 0.016800
0.176800 0.088000 0.011200
0.193600 0.090400 0.011200
0.388000 0.090400 0.011200
0.405600 0.090400 0.011200
0.213600 0.091200 0.011200
0.275200 0.091200 0.012800
0.508800 0.091200 0.011200
0.230400 0.092000 0.010400
0.296000 0.092000 0.009600
0.355200 0.092000 0.008800
0.246400 0.092800 0.009600
0.258400 0.092800 0.011200
0.310400 0.092800 0.008800
0.324000 0.092800 0.008800
0.340000 0.092800 0.011200
0.368800 0.092800 0.011200
0.420800 0.092800 0.008800
0.478400 0.092800 0.011200
0.874400 0.092800 0.012800
0.462400 0.093600 0.008800
0.526400 0.093600 0.008800
0.435200 0.094400 0.008800
0.448800 0.094400 0.008800
0.492800 0.094400 0.008800
0.543200 0.095200 0.012000
0.562400 0.095200 0.011200
0.790400 0.095200 0.008800
0.576800 0.096800 0.008800
0.590400 0.096800 0.009600
0.635200 0.096800 0.011200
0.654400 0.096800 0.011200
0.702400 0.096800 0.008800
0.748800 0.096800 0.010400
0.604800 0.097600 0.008800
0.618400 0.097600 0.008800
0.668800 0.097600 0.008800
0.684000 0.097600 0.013600
0.716800 0.097600 0.010400
0.732800 0.097600 0.009600
0.764000 0.097600 0.008800
0.776800 0.097600 0.008800
0.804800 0.097600 0.008800
0.818400 0.097600 0.008800
0.838400 0.100000 0.013600
0.876800 0.100000 0.005600
0.876000 0.108000 0.005600
0.160800 0.110400 0.009600
0.190400 0.110400 0.009600
0.208000 0.110400 0.011200
0.175200 0.111200 0.008800
0.224800 0.111200 0.008800
0.240800 0.111200 0.011200
0.288800 0.112000 0.011200
0.259200 0.112800 0.009600
0.274400 0.113600 0.008800
0.304800 0.113600 0.008800
0.320800 0.113600 0.011200
0.352000 0.113600 0.008800
0.367200 0.113600 0.009600
0.436800 0.113600 0.008800
0.337600 0.114400 0.009600
0.383200 0.114400 0.009600
0.400000 0.114400 0.011200
0.418400 0.114400 0.010400
0.456000 0.115200 0.011200
0.472800 0.116800 0.009600
0.485600 0.116800 0.008800
0.813600 0.117600 0.013600
0.498400 0.118400 0.008800
0.507200 0.118400 0.008800
0.520800 0.118400 0.008800
0.548800 0.118400 0.010400
0.564800 0.118400 0.008800
0.614400 0.118400 0.008800
0.624000 0.118400 0.005600
0.720000 0.118400 0.008800
0.776000 0.118400 0.008000
0.790400 0.118400 0.008800
0.803200 0.118400 0.008000
0.534400 0.119200 0.008800
0.634400 0.119200 0.008800
0.648000 0.119200 0.008000
0.659200 0.119200 0.008800
0.672000 0.119200 0.008800
0.688000 0.119200 0.011200
0.705600 0.119200 0.009600
0.736000 0.119200 0.010400
0.749600 0.119200 0.008800
0.764000 0.119200 0.008800
0.819200 0.119200 0.011200
0.829600 0.119200 0.008800
0.876000 0.119200 0.013600
0.583200 0.120000 0.011200
0.599200 0.120000 0.010400
0.841600 0.120800 0.011200
0.876000 0.127200 0.005600
0.160800 0.129600 0.011200
0.176800 0.129600 0.011200
0.195200 0.131200 0.012800
0.332000 0.132800 0.005600
0.220000 0.133600 0.012000
0.236000 0.133600 0.009600
0.424000 0.133600 0.008800
0.432800 0.133600 0.008800
0.447200 0.133600 0.010400
0.251200 0.134400 0.008800
0.292000 0.134400 0.005600
0.322400 0.134400 0.008800
0.347200 0.134400 0.011200
0.365600 0.134400 0.010400
0.381600 0.134400 0.008800
0.266400 0.135200 0.008800
0.305600 0.135200 0.010400
0.395200 0.135200 0.009600
0.411200 0.135200 0.008800
0.876000 0.135200 0.005600
0.280800 0.136000 0.008800
0.463200 0.136000 0.008800
0.495200 0.137600 0.009600
0.512000 0.137600 0.010400
0.479200 0.138400 0.010400
0.527200 0.139200 0.008800
0.544000 0.139200 0.011200
0.589600 0.139200 0.010400
0.757600 0.139200 0.009600
0.808000 0.139200 0.008800
0.560800 0.140000 0.008800
0.624800 0.140000 0.011200
0.701600 0.140000 0.008800
0.715200 0.140000 0.008800
0.728000 0.140000 0.008800
0.742400 0.140000 0.008800
0.772000 0.140000 0.008800
0.785600 0.140000 0.008000
0.796800 0.140000 0.007200
0.838400 0.140000 0.011200
0.572800 0.140800 0.008800
0.606400 0.140800 0.010400
0.640000 0.140800 0.008800
0.671200 0.140800 0.008800
0.687200 0.140800 0.009600
0.824000 0.140800 0.009600
0.656000 0.141600 0.010400
0.876000 0.145600 0.006400
0.159200 0.151200 0.016000
0.181600 0.152000 0.011200
0.169600 0.153600 0.005600
0.198400 0.153600 0.011200
0.228000 0.153600 0.007200
0.204800 0.154400 0.013600
0.217600 0.154400 0.008800
0.253600 0.154400 0.008800
0.242400 0.155200 0.008800
0.268000 0.155200 0.008800
0.281600 0.155200 0.008800
0.296800 0.155200 0.010400
0.873600 0.155200 0.008800
0.416000 0.156000 0.009600
0.347200 0.156800 0.011200
0.378400 0.156800 0.008800
0.429600 0.156800 0.008800
0.443200 0.156800 0.008800
0.364800 0.157600 0.008800
0.390400 0.157600 0.008800
0.401600 0.157600 0.008800
0.456000 0.157600 0.008800
0.471200 0.157600 0.008800
0.484000 0.157600 0.008800
0.314400 0.158400 0.011200
0.332000 0.158400 0.011200
0.500800 0.158400 0.011200
0.843200 0.158400 0.013600
0.518400 0.159200 0.008800
0.528800 0.159200 0.008800
0.692800 0.159200 0.011200
0.573600 0.160000 0.008800
0.585600 0.160000 0.008000
0.597600 0.160000 0.008800
0.613600 0.160000 0.011200
0.632800 0.160000 0.009600
0.666400 0.160000 0.013600
0.677600 0.160000 0.008800
0.711200 0.160000 0.008800
0.724800 0.160000 0.008800
0.738400 0.160000 0.008800
0.801600 0.160000 0.008800
0.829600 0.160000 0.011200
0.544800 0.160800 0.010400
0.560000 0.160800 0.008800
0.659200 0.160800 0.012800
0.752000 0.160800 0.008800
0.764000 0.160800 0.008800
0.815200 0.160800 0.008800
0.647200 0.161600 0.008800
0.788000 0.161600 0.011200
0.779200 0.162400 0.013600
0.875200 0.166400 0.005600
0.168800 0.176000 0.011200
0.875200 0.176000 0.007200
0.197600 0.177600 0.011200
0.216800 0.178400 0.011200
0.184000 0.179200 0.008800
0.268000 0.180800 0.011200
0.250400 0.181600 0.012800
0.232000 0.182400 0.008800
0.439200 0.182400 0.011200
0.838400 0.182400 0.010400
0.167200 0.183200 0.005600
0.284000 0.183200 0.011200
0.454400 0.183200 0.008800
0.599200 0.183200 0.011200
0.716800 0.183200 0.005600
0.743200 0.183200 0.011200
0.405600 0.184000 0.011200
0.422400 0.184000 0.010400
0.466400 0.184000 0.008000
0.483200 0.184000 0.013600
0.494400 0.184000 0.007200
0.531200 0.184000 0.005600
0.583200 0.184000 0.008800
0.617600 0.184000 0.011200
0.702400 0.184000 0.011200
0.725600 0.184000 0.013600
0.876000 0.184000 0.013600
0.302400 0.184800 0.011200
0.320000 0.184800 0.011200
0.352800 0.184800 0.011200
0.568000 0.184800 0.010400
0.672000 0.184800 0.011200
0.760000 0.184800 0.011200
0.776800 0.184800 0.010400
0.336000 0.185600 0.010400
0.370400 0.185600 0.011200
0.388000 0.185600 0.012000
0.506400 0.185600 0.009600
0.521600 0.185600 0.008800
0.538400 0.185600 0.005600
0.550400 0.185600 0.009600
0.635200 0.185600 0.011200
0.687200 0.185600 0.008800
0.655200 0.186400 0.012000
0.838400 0.187200 0.012800
0.791200 0.188000 0.008800
0.804000 0.188000 0.008800
0.817600 0.188000 0.011200
0.876800 0.188800 0.008800
0.167200 0.192800 0.008000
0.837600 0.196800 0.005600
0.877600 0.200800 0.007200
0.184000 0.201600 0.010400
0.196000 0.203200 0.011200
0.231200 0.203200 0.008800
0.837600 0.203200 0.004800
0.168000 0.204000 0.005600
0.213600 0.204000 0.011200
0.244800 0.204000 0.008800
0.263200 0.204000 0.011200
0.563200 0.205600 0.011200
0.718400 0.205600 0.011200
0.279200 0.206400 0.011200
0.468800 0.206400 0.012000
0.500000 0.206400 0.008800
0.529600 0.206400 0.010400
0.544800 0.206400 0.008800
0.580000 0.206400 0.011200
0.300800 0.207200 0.012800
0.319200 0.207200 0.011200
0.412800 0.207200 0.010400
0.486400 0.207200 0.010400
0.511200 0.207200 0.011200
0.662400 0.207200 0.008800
0.688800 0.207200 0.010400
0.392000 0.208000 0.012800
0.429600 0.208000 0.011200
0.448000 0.208000 0.011200
0.596000 0.208000 0.008800
0.612000 0.208000 0.009600
0.646400 0.208000 0.011200
0.676000 0.208000 0.008800
0.703200 0.208000 0.009600
0.738400 0.208000 0.011200
0.771200 0.208000 0.010400
0.336000 0.208800 0.011200
0.352800 0.208800 0.011200
0.755200 0.208800 0.011200
0.628000 0.209600 0.011200
0.804800 0.209600 0.008800
0.818400 0.209600 0.011200
0.374400 0.210400 0.011200
0.788800 0.210400 0.011200
0.836800 0.211200 0.005600
0.875200 0.211200 0.007200
0.168000 0.212000 0.011200
0.836800 0.220800 0.007200
0.875200 0.220800 0.005600
0.168000 0.224000 0.008800
0.216000 0.224000 0.008800
0.227200 0.224000 0.005600
0.184800 0.224800 0.011200
0.239200 0.225600 0.008800
0.203200 0.227200 0.011200
0.254400 0.227200 0.011200
0.272800 0.227200 0.008800
0.283200 0.227200 0.007200
0.294400 0.227200 0.008000
0.156000 0.228000 0.008800
0.659200 0.228000 0.011200
0.324800 0.228800 0.010400
0.342400 0.228800 0.009600
0.400000 0.228800 0.005600
0.414400 0.228800 0.009600
0.500800 0.228800 0.008800
0.541600 0.228800 0.005600
0.551200 0.228800 0.005600
0.557600 0.228800 0.011200
0.605600 0.228800 0.011200
0.876000 0.228800 0.005600
0.356800 0.229600 0.008800
0.372000 0.229600 0.011200
0.389600 0.229600 0.008800
0.472800 0.229600 0.008800
0.514400 0.229600 0.010400
0.531200 0.229600 0.008800
0.588800 0.229600 0.009600
0.642400 0.229600 0.009600
0.677600 0.229600 0.012000
0.695200 0.229600 0.008800
0.730400 0.229600 0.012000
0.308800 0.230400 0.008800
0.429600 0.230400 0.009600
0.444800 0.230400 0.008800
0.459200 0.230400 0.008800
0.486400 0.230400 0.008800
0.574400 0.230400 0.009600
0.626400 0.230400 0.011200
0.711200 0.230400 0.010400
0.747200 0.231200 0.010400
0.798400 0.231200 0.009600
0.812800 0.231200 0.011200
0.836800 0.231200 0.007200
0.764800 0.232000 0.011200
0.781600 0.232000 0.011200
0.873600 0.236800 0.005600
0.837600 0.241600 0.007200
0.168800 0.243200 0.008800
0.228800 0.246400 0.008000
0.241600 0.246400 0.008800
0.201600 0.247200 0.008800
0.214400 0.247200 0.008800
0.256800 0.247200 0.009600
0.273600 0.247200 0.010400
0.288800 0.247200 0.008800
0.300000 0.247200 0.005600
0.186400 0.248000 0.010400
0.312000 0.248000 0.008800
0.364800 0.248000 0.008800
0.348000 0.248800 0.011200
0.636800 0.248800 0.008800
0.872800 0.248800 0.008000
0.330400 0.249600 0.011200
0.375200 0.249600 0.005600
0.428800 0.249600 0.007200
0.440800 0.249600 0.008000
0.456000 0.249600 0.008800
0.511200 0.249600 0.008800
0.582400 0.249600 0.008800
0.627200 0.249600 0.005600
0.656000 0.249600 0.011200
0.385600 0.250400 0.008800
0.399200 0.250400 0.008800
0.416000 0.250400 0.009600
0.484800 0.250400 0.008800
0.496800 0.250400 0.008800
0.525600 0.250400 0.008800
0.568800 0.250400 0.008800
0.598400 0.250400 0.010400
0.616000 0.250400 0.008800
0.672000 0.250400 0.008800
0.685600 0.250400 0.008800
0.696000 0.250400 0.004800
0.836800 0.250400 0.008800
0.168800 0.251200 0.016000
0.470400 0.251200 0.009600
0.538400 0.251200 0.008800
0.553600 0.251200 0.010400
0.748000 0.251200 0.008800
0.707200 0.252000 0.008800
0.776800 0.252000 0.008800
0.815200 0.252000 0.013600
0.724800 0.252800 0.011200
0.736800 0.252800 0.005600
0.760800 0.252800 0.008800
0.791200 0.253600 0.008800
0.802400 0.253600 0.008000
0.872800 0.259200 0.006400
0.168800 0.260800 0.011200
0.837600 0.264000 0.008800
0.187200 0.266400 0.011200
0.204000 0.266400 0.008800
0.216800 0.266400 0.008800
0.231200 0.267200 0.012800
0.251200 0.268000 0.011200
0.268000 0.268000 0.010400
0.284800 0.268800 0.009600
0.300000 0.268800 0.008800
0.345600 0.268800 0.012800
0.574400 0.268800 0.007200
0.583200 0.268800 0.005600
0.312800 0.269600 0.009600
0.367200 0.269600 0.009600
0.456000 0.269600 0.010400
0.473600 0.269600 0.008800
0.543200 0.269600 0.008800
0.556000 0.269600 0.008800
0.596000 0.269600 0.008800
0.872800 0.269600 0.007200
0.330400 0.270400 0.010400
0.380800 0.270400 0.008800
0.410400 0.270400 0.009600
0.426400 0.270400 0.008800
0.440000 0.270400 0.008800
0.488000 0.270400 0.008800
0.500800 0.270400 0.008800
0.514400 0.270400 0.008800
0.529600 0.270400 0.008800
0.563200 0.270400 0.013600
0.659200 0.270400 0.005600
0.669600 0.270400 0.011200
0.706400 0.270400 0.011200
0.823200 0.270400 0.010400
0.396000 0.271200 0.010400
0.614400 0.271200 0.011200
0.630400 0.271200 0.011200
0.647200 0.271200 0.011200
0.721600 0.271200 0.008800
0.739200 0.271200 0.010400
0.816000 0.271200 0.011200
0.685600 0.272000 0.011200
0.757600 0.272000 0.009600
0.771200 0.272000 0.008800
0.802400 0.272000 0.008000
0.787200 0.272800 0.008800
0.836000 0.276800 0.008000
0.872000 0.281600 0.009600
0.716800 0.288800 0.007200
0.728000 0.288800 0.008000
0.836000 0.288800 0.008000
0.159200 0.289600 0.011200
0.772000 0.289600 0.008000
0.815200 0.289600 0.013600
0.822400 0.289600 0.013600
0.174400 0.290400 0.009600
0.704000 0.290400 0.011200
0.741600 0.290400 0.009600
0.784000 0.290400 0.008800
0.188800 0.291200 0.008800
0.759200 0.291200 0.009600
0.800800 0.291200 0.011200
0.202400 0.292000 0.008800
0.216000 0.292800 0.011200
0.232800 0.292800 0.008800
0.245600 0.292800 0.008000
0.872800 0.292800 0.008000
0.373600 0.293600 0.005600
0.256800 0.294400 0.008000
0.270400 0.294400 0.008800
0.361600 0.294400 0.009600
0.288800 0.295200 0.011200
0.320000 0.295200 0.008800
0.344000 0.295200 0.010400
0.414400 0.295200 0.008800
0.425600 0.295200 0.005600
0.304800 0.296000 0.010400
0.386400 0.296000 0.009600
0.400800 0.296000 0.008800
0.568000 0.296000 0.011200
0.585600 0.296000 0.011200
0.330400 0.296800 0.007200
0.433600 0.296800 0.012800
0.463200 0.296800 0.008800
0.478400 0.296800 0.011200
0.496000 0.296800 0.011200
0.513600 0.296800 0.011200
0.630400 0.296800 0.009600
0.681600 0.296800 0.008800
0.449600 0.297600 0.010400
0.528800 0.297600 0.008800
0.544000 0.297600 0.013600
0.552000 0.297600 0.016000
0.600000 0.297600 0.008800
0.614400 0.297600 0.009600
0.656800 0.298400 0.005600
0.691200 0.298400 0.005600
0.645600 0.299200 0.008800
0.668000 0.299200 0.008800
0.875200 0.301600 0.004800
0.160000 0.311200 0.011200
0.172000 0.312000 0.008800
0.872800 0.312000 0.015200
0.188800 0.312800 0.010400
0.236800 0.315200 0.010400
0.717600 0.315200 0.008800
0.731200 0.315200 0.008800
0.760800 0.315200 0.008800
0.808000 0.315200 0.010400
0.820000 0.315200 0.008800
0.203200 0.316000 0.009600
0.252800 0.316000 0.008800
0.278400 0.316000 0.008000
0.702400 0.316000 0.011200
0.775200 0.316000 0.008800
0.791200 0.316000 0.011200
0.833600 0.316000 0.016800
0.220000 0.316800 0.011200
0.266400 0.316800 0.008800
0.388800 0.316800 0.012000
0.746400 0.316800 0.008800
0.289600 0.317600 0.007200
0.359200 0.317600 0.008800
0.372000 0.317600 0.008800
0.408000 0.317600 0.008800
0.449600 0.317600 0.008800
0.464000 0.317600 0.008800
0.580800 0.317600 0.008800
0.671200 0.317600 0.008800
0.686400 0.317600 0.008800
0.302400 0.318400 0.009600
0.330400 0.318400 0.008800
0.435200 0.318400 0.008800
0.476800 0.318400 0.008800
0.489600 0.318400 0.008800
0.567200 0.318400 0.008800
0.632000 0.318400 0.009600
0.344800 0.319200 0.009600
0.420800 0.319200 0.008800
0.553600 0.319200 0.008800
0.616800 0.319200 0.009600
0.649600 0.319200 0.012800
0.317600 0.320000 0.008800
0.504000 0.320000 0.011200
0.540000 0.320000 0.009600
0.596800 0.320000 0.011200
0.524000 0.320800 0.011200
0.873600 0.321600 0.007200
0.872800 0.332000 0.007200
0.160800 0.335200 0.014400
0.169600 0.336000 0.007200
0.181600 0.336800 0.008800
0.836000 0.336800 0.016800
0.195200 0.337600 0.008800
0.704800 0.337600 0.007200
0.740000 0.337600 0.004800
0.784000 0.337600 0.011200
0.805600 0.337600 0.013600
0.208800 0.338400 0.008800
0.765600 0.338400 0.011200
0.259200 0.339200 0.008800
0.268000 0.339200 0.005600
0.462400 0.339200 0.008800
0.490400 0.339200 0.009600
0.518400 0.339200 0.005600
0.630400 0.339200 0.008800
0.715200 0.339200 0.008800
0.748000 0.339200 0.011200
0.226400 0.340000 0.011200
0.243200 0.340000 0.011200
0.276800 0.340000 0.005600
0.284800 0.340000 0.004800
0.293600 0.340000 0.012800
0.334400 0.340000 0.005600
0.449600 0.340000 0.008800
0.476000 0.340000 0.008800
0.646400 0.340000 0.009600
0.661600 0.340000 0.008800
0.676800 0.340000 0.011200
0.692800 0.340000 0.008800
0.729600 0.340000 0.008800
0.311200 0.340800 0.011200
0.349600 0.340800 0.010400
0.420800 0.340800 0.009600
0.435200 0.340800 0.008800
0.506400 0.340800 0.008800
0.571200 0.340800 0.010400
0.588800 0.340800 0.009600
0.603200 0.340800 0.008800
0.326400 0.341600 0.012800
0.365600 0.341600 0.008800
0.377600 0.341600 0.007200
0.390400 0.341600 0.008800
0.404000 0.341600 0.008800
0.526400 0.341600 0.012800
0.540800 0.341600 0.008800
0.555200 0.341600 0.008800
0.617600 0.341600 0.008800
0.872000 0.342400 0.007200
0.870400 0.354400 0.008800
0.160000 0.359200 0.020000
0.173600 0.359200 0.008800
0.838400 0.359200 0.013600
0.186400 0.360000 0.008800
0.201600 0.360000 0.012000
0.208800 0.360000 0.005600
0.250400 0.360800 0.004800
0.745600 0.360800 0.011200
0.773600 0.360800 0.007200
0.828000 0.360800 0.004800
0.219200 0.361600 0.008800
0.675200 0.361600 0.007200
0.698400 0.361600 0.011200
0.713600 0.361600 0.009600
0.728800 0.361600 0.010400
0.762400 0.361600 0.008800
0.819200 0.361600 0.013600
0.240800 0.362400 0.007200
0.503200 0.362400 0.011200
0.654400 0.362400 0.008800
0.664800 0.362400 0.005600
0.684800 0.362400 0.005600
0.788800 0.362400 0.011200
0.230400 0.363200 0.005600
0.258400 0.363200 0.011200
0.300000 0.363200 0.009600
0.315200 0.363200 0.009600
0.615200 0.363200 0.011200
0.632800 0.363200 0.015200
0.804800 0.363200 0.010400
0.286400 0.364000 0.008800
0.332000 0.364000 0.011200
0.346400 0.364000 0.010400
0.362400 0.364000 0.011200
0.521600 0.364000 0.012000
0.538400 0.364000 0.008800
0.600000 0.364000 0.008800
0.272800 0.364800 0.010400
0.378400 0.364800 0.008800
0.392000 0.364800 0.008800
0.410400 0.364800 0.012000
0.424800 0.364800 0.008800
0.438400 0.364800 0.008800
0.453600 0.364800 0.010400
0.467200 0.364800 0.010400
0.484000 0.364800 0.011200
0.552800 0.364800 0.008800
0.571200 0.364800 0.012800
0.586400 0.364800 0.009600
0.872000 0.364800 0.019200
0.223200 0.399200 0.022400
0.180800 0.400000 0.023200
0.214400 0.400000 0.016800
0.238400 0.400800 0.011200
0.252000 0.400800 0.021600
0.185600 0.402400 0.019200
0.194400 0.403200 0.016800
0.784800 0.412000 0.012800
0.775200 0.415200 0.018400
0.764000 0.416000 0.015200
0.744000 0.416800 0.015200
0.753600 0.417600 0.005600
