0.236800 0.050400 0.019200
0.211200 0.051200 0.008800
0.224000 0.051200 0.008800
0.198400 0.052000 0.008800
0.844000 0.052000 0.013600
0.168000 0.052800 0.024000
0.828000 0.052800 0.013600
0.184000 0.053600 0.008800
0.834400 0.080800 0.010400
0.680800 0.082400 0.011200
0.759200 0.082400 0.012800
0.777600 0.082400 0.011200
0.806400 0.082400 0.008800
0.696800 0.083200 0.009600
0.793600 0.083200 0.008800
0.820000 0.083200 0.008800
0.848000 0.083200 0.011200
0.624800 0.084000 0.007200
0.636800 0.084000 0.008000
0.648000 0.084000 0.016800
0.666400 0.084000 0.008800
0.709600 0.084000 0.008800
0.724000 0.084000 0.010400
0.740800 0.084000 0.011200
0.654400 0.084800 0.012800
0.565600 0.085600 0.011200
0.613600 0.085600 0.008000
0.584000 0.086400 0.011200
0.600000 0.086400 0.008800
0.220000 0.088000 0.011200
0.311200 0.088000 0.011200
0.549600 0.088000 0.008800
0.205600 0.088800 0.011200
0.328000 0.088800 0.011200
0.400800 0.088800 0.011200
0.474400 0.088800 0.009600
0.535200 0.088800 0.010400
0.236800 0.089600 0.011200
0.255200 0.089600 0.016800
0.344800 0.089600 0.010400
0.373600 0.089600 0.009600
0.388000 0.089600 0.008800
0.448800 0.089600 0.013600
0.459200 0.089600 0.008800
0.489600 0.089600 0.010400
0.518400 0.089600 0.011200
0.158400 0.090400 0.013600
0.187200 0.090400 0.011200
0.249600 0.090400 0.011200
0.265600 0.090400 0.008000
0.277600 0.090400 0.008800
0.294400 0.090400 0.011200
0.418400 0.090400 0.008800
0.431200 0.090400 0.008000
0.442400 0.090400 0.005600
0.503200 0.090400 0.008800
0.358400 0.091200 0.008800
0.172800 0.092000 0.008800
0.838400 0.103200 0.008800
0.852800 0.104800 0.013600
0.709600 0.105600 0.010400
0.625600 0.106400 0.005600
0.632800 0.106400 0.012000
0.660800 0.106400 0.004800
0.668000 0.106400 0.011200
0.726400 0.106400 0.008800
0.646400 0.107200 0.011200
0.682400 0.107200 0.008800
0.695200 0.107200 0.008800
0.742400 0.107200 0.011200
0.827200 0.107200 0.008800
0.601600 0.108000 0.008800
0.615200 0.108000 0.008800
0.757600 0.108000 0.011200
0.814400 0.108000 0.008800
0.566400 0.108800 0.011200
0.585600 0.108800 0.010400
0.776000 0.108800 0.009600
0.788800 0.108800 0.008800
0.802400 0.108800 0.008800
0.256000 0.109600 0.008000
0.299200 0.109600 0.008800
0.427200 0.109600 0.011200
0.443200 0.109600 0.008800
0.458400 0.109600 0.011200
0.505600 0.109600 0.009600
0.518400 0.109600 0.008000
0.532000 0.109600 0.008800
0.547200 0.109600 0.011200
0.246400 0.110400 0.005600
0.268800 0.110400 0.008800
0.385600 0.110400 0.011200
0.475200 0.110400 0.010400
0.489600 0.110400 0.008800
0.218400 0.111200 0.008800
0.235200 0.111200 0.009600
0.284000 0.111200 0.008800
0.346400 0.111200 0.011200
0.364800 0.111200 0.011200
0.401600 0.111200 0.009600
0.412800 0.111200 0.007200
0.158400 0.112000 0.011200
0.176000 0.112000 0.008800
0.190400 0.112000 0.009600
0.205600 0.112000 0.008800
0.316800 0.112000 0.011200
0.332000 0.112000 0.008800
0.708000 0.128800 0.008800
0.724800 0.128800 0.010400
0.800800 0.128800 0.010400
0.679200 0.129600 0.008800
0.693600 0.129600 0.008800
0.740800 0.129600 0.008800
0.816000 0.129600 0.008800
0.664800 0.130400 0.010400
0.752800 0.130400 0.008800
0.769600 0.130400 0.011200
0.784800 0.130400 0.008800
0.833600 0.130400 0.011200
0.845600 0.130400 0.010400
0.621600 0.131200 0.011200
0.636000 0.131200 0.008800
0.648800 0.131200 0.008800
0.158400 0.132000 0.013600
0.174400 0.132000 0.010400
0.188800 0.132000 0.008800
0.578400 0.132000 0.008800
0.592800 0.132000 0.009600
0.605600 0.132000 0.007200
0.204800 0.132800 0.010400
0.235200 0.132800 0.008800
0.247200 0.132800 0.008800
0.262400 0.132800 0.010400
0.454400 0.132800 0.008800
0.532800 0.132800 0.009600
0.548000 0.132800 0.009600
0.564800 0.132800 0.011200
0.220800 0.133600 0.008800
0.278400 0.133600 0.010400
0.422400 0.133600 0.010400
0.437600 0.133600 0.010400
0.295200 0.134400 0.011200
0.376000 0.134400 0.011200
0.408000 0.134400 0.011200
0.498400 0.134400 0.010400
0.312800 0.135200 0.010400
0.356000 0.135200 0.011200
0.391200 0.135200 0.011200
0.468000 0.135200 0.008800
0.482400 0.135200 0.010400
0.516000 0.135200 0.011200
0.328800 0.136000 0.008800
0.342400 0.136000 0.008800
0.837600 0.148800 0.011200
0.853600 0.148800 0.011200
0.715200 0.149600 0.008800
0.726400 0.150400 0.005600
0.745600 0.151200 0.007200
0.760800 0.151200 0.011200
0.807200 0.151200 0.008800
0.819200 0.151200 0.005600
0.684800 0.152000 0.011200
0.701600 0.152000 0.008800
0.734400 0.152000 0.008800
0.776800 0.152000 0.008800
0.792000 0.152000 0.009600
0.200000 0.152800 0.008800
0.583200 0.152800 0.010400
0.653600 0.152800 0.011200
0.207200 0.153600 0.011200
0.633600 0.153600 0.011200
0.669600 0.153600 0.009600
0.173600 0.154400 0.008800
0.452000 0.154400 0.012000
0.502400 0.154400 0.011200
0.520800 0.154400 0.010400
0.537600 0.154400 0.010400
0.557600 0.154400 0.012800
0.568000 0.154400 0.005600
0.599200 0.154400 0.008800
0.616000 0.154400 0.010400
0.158400 0.155200 0.011200
0.223200 0.155200 0.009600
0.237600 0.155200 0.008800
0.251200 0.155200 0.008800
0.280000 0.155200 0.010400
0.188000 0.156000 0.008000
0.297600 0.156000 0.009600
0.390400 0.156000 0.005600
0.413600 0.156000 0.011200
0.439200 0.156000 0.011200
0.472000 0.156000 0.008800
0.484000 0.156000 0.008800
0.265600 0.156800 0.008800
0.312000 0.156800 0.008800
0.328000 0.156800 0.011200
0.346400 0.156800 0.008800
0.361600 0.156800 0.009600
0.379200 0.157600 0.008800
0.398400 0.157600 0.011200
0.773600 0.172000 0.012800
0.816800 0.172000 0.011200
0.832800 0.172000 0.009600
0.571200 0.172800 0.013600
0.669600 0.172800 0.008800
0.741600 0.172800 0.008800
0.752800 0.172800 0.016800
0.758400 0.172800 0.011200
0.847200 0.172800 0.013600
0.605600 0.173600 0.008800
0.620800 0.173600 0.011200
0.636800 0.173600 0.008800
0.654400 0.173600 0.011200
0.681600 0.173600 0.005600
0.724800 0.173600 0.011200
0.206400 0.174400 0.011200
0.691200 0.174400 0.008800
0.708800 0.174400 0.011200
0.795200 0.174400 0.013600
0.556800 0.175200 0.011200
0.592000 0.175200 0.011200
0.157600 0.176000 0.013600
0.173600 0.176000 0.011200
0.189600 0.176000 0.011200
0.540000 0.176000 0.008800
0.580000 0.176000 0.016800
0.226400 0.176800 0.012800
0.247200 0.176800 0.012000
0.264800 0.176800 0.011200
0.280000 0.176800 0.008800
0.297600 0.176800 0.012000
0.315200 0.176800 0.011200
0.472800 0.176800 0.008800
0.483200 0.176800 0.005600
0.512000 0.176800 0.008800
0.526400 0.176800 0.010400
0.336000 0.177600 0.011200
0.368800 0.177600 0.008800
0.382400 0.177600 0.009600
0.429600 0.177600 0.008800
0.443200 0.177600 0.008800
0.457600 0.177600 0.009600
0.498400 0.177600 0.011200
0.356000 0.178400 0.011200
0.399200 0.178400 0.011200
0.417600 0.178400 0.011200
0.733600 0.207200 0.010400
0.763200 0.207200 0.008800
0.774400 0.207200 0.005600
0.189600 0.208000 0.021600
0.705600 0.208000 0.011200
0.720000 0.208000 0.008800
0.749600 0.208000 0.009600
0.382400 0.208800 0.008800
0.596800 0.208800 0.009600
0.691200 0.208800 0.011200
0.205600 0.209600 0.009600
0.223200 0.209600 0.011200
0.343200 0.209600 0.008800
0.369600 0.209600 0.008800
0.411200 0.209600 0.008800
0.583200 0.209600 0.008800
0.612000 0.209600 0.008800
0.626400 0.209600 0.011200
0.643200 0.209600 0.008800
0.671200 0.209600 0.013600
0.784000 0.209600 0.008800
0.800800 0.209600 0.011200
0.814400 0.209600 0.016800
0.178400 0.210400 0.020000
0.236000 0.210400 0.007200
0.248000 0.210400 0.010400
0.296000 0.210400 0.010400
0.427200 0.210400 0.011200
0.455200 0.210400 0.008800
0.468800 0.210400 0.008800
0.533600 0.210400 0.011200
0.568000 0.210400 0.011200
0.656000 0.210400 0.008800
0.264000 0.211200 0.009600
0.280000 0.211200 0.010400
0.311200 0.211200 0.011200
0.327200 0.211200 0.009600
0.356000 0.211200 0.008800
0.397600 0.211200 0.009600
0.442400 0.211200 0.008800
0.481600 0.211200 0.008800
0.499200 0.211200 0.012800
0.551200 0.212000 0.011200
0.518400 0.212800 0.010400
0.624800 0.231200 0.008800
0.781600 0.231200 0.008800
0.816800 0.231200 0.011200
0.641600 0.232000 0.011200
0.719200 0.232000 0.008800
0.755200 0.232000 0.011200
0.769600 0.232000 0.008800
0.285600 0.232800 0.011200
0.611200 0.232800 0.008800
0.660000 0.232800 0.010400
0.704800 0.232800 0.009600
0.735200 0.232800 0.012000
0.798400 0.232800 0.011200
0.195200 0.233600 0.011200
0.212800 0.233600 0.011200
0.228000 0.233600 0.008800
0.316000 0.233600 0.008800
0.332000 0.233600 0.011200
0.520000 0.233600 0.010400
0.597600 0.233600 0.008800
0.673600 0.233600 0.008800
0.688000 0.233600 0.010400
0.256000 0.234400 0.008800
0.271200 0.234400 0.008800
0.426400 0.234400 0.008800
0.456000 0.234400 0.008800
0.467200 0.234400 0.005600
0.552800 0.234400 0.010400
0.242400 0.235200 0.008800
0.302400 0.235200 0.008800
0.379200 0.235200 0.010400
0.393600 0.235200 0.008800
0.410400 0.235200 0.011200
0.441600 0.235200 0.008800
0.505600 0.235200 0.008800
0.536800 0.235200 0.010400
0.569600 0.235200 0.010400
0.584800 0.235200 0.008800
0.347200 0.236000 0.008800
0.493600 0.236000 0.009600
0.180800 0.236800 0.011200
0.363200 0.236800 0.011200
0.478400 0.236800 0.008800
0.804000 0.252800 0.011200
0.718400 0.254400 0.013600
0.735200 0.254400 0.011200
0.626400 0.255200 0.011200
0.645600 0.255200 0.012000
0.676000 0.255200 0.008800
0.693600 0.255200 0.012800
0.700000 0.255200 0.015200
0.710400 0.255200 0.005600
0.751200 0.255200 0.010400
0.764000 0.255200 0.011200
0.540000 0.256000 0.010400
0.663200 0.256000 0.008800
0.181600 0.256800 0.011200
0.320800 0.256800 0.008800
0.518400 0.256800 0.015200
0.610400 0.256800 0.008800
0.211200 0.257600 0.010400
0.226400 0.257600 0.010400
0.306400 0.257600 0.011200
0.420800 0.257600 0.008000
0.504000 0.257600 0.011200
0.557600 0.257600 0.011200
0.582400 0.257600 0.009600
0.243200 0.258400 0.011200
0.275200 0.258400 0.008800
0.290400 0.258400 0.011200
0.340000 0.258400 0.014400
0.377600 0.258400 0.011200
0.435200 0.258400 0.010400
0.449600 0.258400 0.016800
0.486400 0.258400 0.011200
0.525600 0.258400 0.013600
0.569600 0.258400 0.007200
0.596800 0.258400 0.008800
0.196800 0.259200 0.011200
0.260800 0.259200 0.011200
0.361600 0.259200 0.009600
0.395200 0.259200 0.011200
0.410400 0.259200 0.008800
0.456800 0.259200 0.016800
0.470400 0.259200 0.008800
0.644000 0.291200 0.016000
0.520000 0.292000 0.011200
0.259200 0.292800 0.008800
0.272800 0.292800 0.008800
0.568000 0.292800 0.011200
0.650400 0.292800 0.013600
0.696800 0.292800 0.011200
0.716800 0.292800 0.012800
0.735200 0.292800 0.011200
0.756000 0.292800 0.011200
0.780800 0.292800 0.011200
0.796800 0.292800 0.010400
0.828800 0.292800 0.008800
0.846400 0.292800 0.012800
0.245600 0.293600 0.008800
0.289600 0.293600 0.011200
0.335200 0.293600 0.010400
0.365600 0.293600 0.008800
0.384000 0.293600 0.012800
0.420800 0.293600 0.012800
0.486400 0.293600 0.012800
0.504000 0.293600 0.008800
0.587200 0.293600 0.012000
0.627200 0.293600 0.012800
0.665600 0.293600 0.011200
0.681600 0.293600 0.008800
0.768000 0.293600 0.008800
0.813600 0.293600 0.011200
0.182400 0.294400 0.010400
0.200000 0.294400 0.011200
0.220000 0.294400 0.011200
0.232000 0.294400 0.008000
0.304000 0.294400 0.008800
0.352000 0.294400 0.011200
0.444000 0.294400 0.012800
0.470400 0.294400 0.008800
0.536000 0.294400 0.008800
0.605600 0.294400 0.013600
0.840000 0.294400 0.016800
0.160800 0.295200 0.013600
0.319200 0.295200 0.010400
0.402400 0.295200 0.010400
0.458400 0.295200 0.008800
0.552000 0.295200 0.011200
0.842400 0.313600 0.011200
0.159200 0.314400 0.011200
0.215200 0.314400 0.011200
0.760000 0.314400 0.009600
0.823200 0.314400 0.010400
0.178400 0.315200 0.011200
0.197600 0.315200 0.010400
0.234400 0.315200 0.011200
0.691200 0.315200 0.008800
0.704000 0.315200 0.008800
0.716800 0.315200 0.008800
0.731200 0.315200 0.008800
0.744800 0.315200 0.008800
0.776800 0.315200 0.011200
0.794400 0.315200 0.009600
0.808800 0.315200 0.008800
0.288800 0.316000 0.011200
0.400800 0.316000 0.010400
0.435200 0.316000 0.011200
0.590400 0.316000 0.010400
0.640000 0.316000 0.011200
0.676800 0.316000 0.008800
0.252000 0.316800 0.009600
0.306400 0.316800 0.011200
0.384000 0.316800 0.011200
0.417600 0.316800 0.011200
0.493600 0.316800 0.009600
0.540800 0.316800 0.012000
0.558400 0.316800 0.011200
0.608000 0.316800 0.011200
0.626400 0.316800 0.010400
0.657600 0.316800 0.012000
0.268000 0.317600 0.010400
0.318400 0.317600 0.007200
0.368000 0.317600 0.010400
0.522400 0.317600 0.008800
0.574400 0.317600 0.008800
0.348000 0.318400 0.012800
0.451200 0.318400 0.012800
0.473600 0.318400 0.012800
0.508000 0.318400 0.010400
0.329600 0.319200 0.011200
0.900800 0.333600 0.035200
0.216000 0.336000 0.010400
0.832000 0.336000 0.010400
0.847200 0.336000 0.011200
0.155200 0.336800 0.011200
0.199200 0.336800 0.008800
0.233600 0.336800 0.011200
0.168000 0.337600 0.008800
0.183200 0.337600 0.009600
0.251200 0.337600 0.008800
0.551200 0.337600 0.011200
0.698400 0.337600 0.010400
0.750400 0.337600 0.008800
0.774400 0.337600 0.008800
0.268000 0.338400 0.011200
0.282400 0.338400 0.008800
0.332800 0.338400 0.011200
0.422400 0.338400 0.005600
0.567200 0.338400 0.008800
0.602400 0.338400 0.009600
0.632000 0.338400 0.009600
0.673600 0.338400 0.008000
0.684000 0.338400 0.005600
0.714400 0.338400 0.011200
0.734400 0.338400 0.010400
0.763200 0.338400 0.007200
0.790400 0.338400 0.011200
0.806400 0.338400 0.008800
0.817600 0.338400 0.008800
0.300000 0.339200 0.005600
0.351200 0.339200 0.008800
0.400000 0.339200 0.008800
0.413600 0.339200 0.008800
0.435200 0.339200 0.008800
0.525600 0.339200 0.009600
0.536800 0.339200 0.008800
0.578400 0.339200 0.005600
0.585600 0.339200 0.012000
0.647200 0.339200 0.008800
0.660800 0.339200 0.008800
0.291200 0.340000 0.005600
0.308000 0.340000 0.007200
0.363200 0.340000 0.007200
0.376800 0.340000 0.008800
0.449600 0.340000 0.009600
0.464000 0.340000 0.008800
0.476000 0.340000 0.008000
0.488800 0.340000 0.010400
0.504800 0.340000 0.012800
0.616800 0.340000 0.008800
0.388800 0.340800 0.007200
0.316800 0.341600 0.005600
0.511200 0.341600 0.011200
0.560000 0.357600 0.012800
0.566400 0.357600 0.012800
0.224800 0.358400 0.011200
0.572800 0.358400 0.011200
0.585600 0.358400 0.008800
0.728800 0.358400 0.009600
0.207200 0.359200 0.011200
0.280000 0.359200 0.011200
0.551200 0.359200 0.004800
0.600000 0.359200 0.010400
0.615200 0.359200 0.008800
0.656800 0.359200 0.011200
0.672800 0.359200 0.008800
0.689600 0.359200 0.011200
0.832000 0.359200 0.010400
0.844800 0.359200 0.019200
0.154400 0.360000 0.013600
0.190400 0.360000 0.008800
0.264000 0.360000 0.008800
0.303200 0.360000 0.005600
0.487200 0.360000 0.009600
0.501600 0.360000 0.008800
0.529600 0.360000 0.008800
0.542400 0.360000 0.008800
0.628000 0.360000 0.008800
0.704800 0.360000 0.008800
0.716800 0.360000 0.005600
0.746400 0.360000 0.011200
0.776000 0.360000 0.008800
0.817600 0.360000 0.008800
0.168800 0.360800 0.008800
0.180800 0.360800 0.007200
0.240800 0.360800 0.008800
0.251200 0.360800 0.007200
0.295200 0.360800 0.013600
0.316800 0.360800 0.010400
0.328000 0.360800 0.005600
0.404800 0.360800 0.008800
0.428800 0.360800 0.011200
0.444000 0.360800 0.011200
0.460800 0.360800 0.008800
0.516000 0.360800 0.008800
0.640800 0.360800 0.008800
0.789600 0.360800 0.008800
0.804000 0.360800 0.008800
0.348000 0.361600 0.008000
0.366400 0.361600 0.004800
0.389600 0.361600 0.011200
0.413600 0.361600 0.005600
0.473600 0.361600 0.008800
0.762400 0.361600 0.010400
0.335200 0.362400 0.013600
0.359200 0.362400 0.005600
0.373600 0.362400 0.011200
0.186400 0.397600 0.020800
0.224000 0.398400 0.008800
0.252000 0.398400 0.020800
0.196000 0.399200 0.012800
0.212000 0.399200 0.011200
0.239200 0.399200 0.008800
0.177600 0.400000 0.016800
