0.190400 0.038400 0.016800
0.208000 0.039200 0.008800
0.220000 0.039200 0.007200
0.231200 0.039200 0.008800
0.244000 0.040000 0.008800
0.256000 0.040000 0.008800
0.816000 0.052800 0.019200
0.825600 0.053600 0.019200
0.252800 0.076800 0.011200
0.235200 0.077600 0.011200
0.218400 0.078400 0.011200
0.266400 0.078400 0.008800
0.188800 0.079200 0.008800
0.203200 0.079200 0.010400
0.279200 0.079200 0.008800
0.407200 0.079200 0.012800
0.175200 0.080000 0.021600
0.426400 0.080000 0.011200
0.294400 0.080800 0.009600
0.324000 0.080800 0.012000
0.342400 0.080800 0.011200
0.358400 0.080800 0.013600
0.389600 0.080800 0.011200
0.307200 0.081600 0.008800
0.377600 0.081600 0.008800
0.490400 0.081600 0.011200
0.440800 0.083200 0.008800
0.451200 0.083200 0.007200
0.474400 0.083200 0.008800
0.507200 0.083200 0.011200
0.522400 0.083200 0.011200
0.550400 0.084000 0.011200
0.568000 0.084000 0.011200
0.463200 0.084800 0.008000
0.536800 0.084800 0.005600
0.664800 0.084800 0.011200
0.682400 0.084800 0.011200
0.807200 0.084800 0.012800
0.586400 0.085600 0.011200
0.646400 0.086400 0.011200
0.824800 0.086400 0.011200
0.697600 0.087200 0.008800
0.789600 0.087200 0.011200
0.837600 0.087200 0.019200
0.601600 0.088000 0.008800
0.616800 0.088000 0.011200
0.631200 0.088000 0.008800
0.744800 0.088000 0.011200
0.773600 0.088000 0.008800
0.712000 0.088800 0.008800
0.727200 0.088800 0.011200
0.760000 0.088800 0.008800
0.225600 0.101600 0.011200
0.243200 0.102400 0.008800
0.179200 0.103200 0.012800
0.196800 0.103200 0.010400
0.256000 0.103200 0.008800
0.211200 0.104000 0.008800
0.279200 0.104000 0.008800
0.340800 0.104000 0.011200
0.267200 0.104800 0.008000
0.292800 0.104800 0.008800
0.308000 0.104800 0.010400
0.359200 0.104800 0.011200
0.379200 0.104800 0.011200
0.395200 0.104800 0.009600
0.323200 0.105600 0.010400
0.410400 0.106400 0.009600
0.438400 0.106400 0.008800
0.453600 0.106400 0.011200
0.425600 0.107200 0.008800
0.472800 0.108000 0.011200
0.492000 0.108000 0.011200
0.507200 0.108000 0.009600
0.520000 0.108000 0.008000
0.535200 0.108000 0.011200
0.666400 0.108000 0.010400
0.685600 0.108000 0.011200
0.552800 0.108800 0.010400
0.584000 0.109600 0.008800
0.596800 0.109600 0.011200
0.630400 0.109600 0.013600
0.651200 0.109600 0.008800
0.700800 0.109600 0.009600
0.719200 0.109600 0.012000
0.740800 0.109600 0.012800
0.750400 0.109600 0.004800
0.773600 0.109600 0.011200
0.568800 0.110400 0.011200
0.614400 0.110400 0.011200
0.638400 0.110400 0.016000
0.759200 0.110400 0.012000
0.836000 0.110400 0.011200
0.822400 0.111200 0.008800
0.794400 0.112000 0.012000
0.810400 0.112000 0.008800
0.241600 0.124800 0.009600
0.186400 0.125600 0.008800
0.200000 0.125600 0.010400
0.216000 0.125600 0.008800
0.227200 0.125600 0.008800
0.176000 0.127200 0.016800
0.256000 0.127200 0.008800
0.296000 0.127200 0.011200
0.391200 0.127200 0.011200
0.268800 0.128000 0.008000
0.280000 0.128000 0.008000
0.312000 0.128000 0.008800
0.361600 0.128000 0.008800
0.374400 0.128000 0.008800
0.326400 0.128800 0.008800
0.343200 0.129600 0.012800
0.411200 0.129600 0.011200
0.424800 0.129600 0.008800
0.441600 0.130400 0.011200
0.456800 0.130400 0.008800
0.698400 0.130400 0.011200
0.472800 0.131200 0.011200
0.488800 0.131200 0.011200
0.680000 0.131200 0.010400
0.716000 0.131200 0.011200
0.784800 0.131200 0.011200
0.838400 0.131200 0.016000
0.507200 0.132000 0.011200
0.521600 0.132000 0.008800
0.585600 0.132000 0.008800
0.600800 0.132000 0.008800
0.614400 0.132000 0.008800
0.734400 0.132000 0.010400
0.758400 0.132000 0.007200
0.771200 0.132000 0.008000
0.830400 0.132000 0.013600
0.538400 0.132800 0.011200
0.555200 0.132800 0.010400
0.569600 0.132800 0.010400
0.628000 0.132800 0.008800
0.637600 0.132800 0.011200
0.652800 0.132800 0.009600
0.666400 0.132800 0.008800
0.749600 0.132800 0.008800
0.804800 0.132800 0.011200
0.224800 0.147200 0.008800
0.240800 0.147200 0.009600
0.177600 0.148000 0.011200
0.214400 0.148000 0.009600
0.200800 0.148800 0.007200
0.256000 0.148800 0.008800
0.191200 0.149600 0.008800
0.272000 0.149600 0.011200
0.289600 0.149600 0.009600
0.304000 0.151200 0.008800
0.357600 0.151200 0.011200
0.376800 0.151200 0.011200
0.416000 0.151200 0.012000
0.316000 0.152000 0.008800
0.328800 0.152000 0.008800
0.342400 0.152000 0.008800
0.447200 0.152000 0.005600
0.600800 0.152000 0.013600
0.788800 0.152000 0.011200
0.391200 0.152800 0.011200
0.435200 0.152800 0.009600
0.460000 0.152800 0.011200
0.510400 0.152800 0.008800
0.588000 0.152800 0.009600
0.649600 0.152800 0.011200
0.728800 0.152800 0.011200
0.752800 0.152800 0.011200
0.398400 0.153600 0.012800
0.479200 0.153600 0.008800
0.494400 0.153600 0.011200
0.528000 0.153600 0.011200
0.607200 0.153600 0.012800
0.620000 0.153600 0.010400
0.634400 0.153600 0.008800
0.681600 0.153600 0.008800
0.710400 0.153600 0.011200
0.771200 0.153600 0.011200
0.805600 0.153600 0.010400
0.571200 0.154400 0.010400
0.668000 0.154400 0.008800
0.696000 0.154400 0.008800
0.740000 0.154400 0.005600
0.830400 0.154400 0.016800
0.544000 0.155200 0.009600
0.556800 0.155200 0.008800
0.817600 0.155200 0.005600
0.176800 0.168800 0.011200
0.237600 0.168800 0.010400
0.192000 0.170400 0.011200
0.223200 0.170400 0.008800
0.208800 0.171200 0.011200
0.271200 0.171200 0.009600
0.254400 0.172000 0.011200
0.289600 0.172000 0.011200
0.306400 0.172800 0.010400
0.340800 0.172800 0.011200
0.322400 0.173600 0.011200
0.359200 0.173600 0.011200
0.377600 0.173600 0.011200
0.391200 0.174400 0.008800
0.407200 0.174400 0.011200
0.426400 0.174400 0.012800
0.480800 0.174400 0.009600
0.443200 0.175200 0.011200
0.459200 0.175200 0.008800
0.469600 0.175200 0.005600
0.498400 0.175200 0.011200
0.516800 0.175200 0.011200
0.688800 0.175200 0.011200
0.724000 0.175200 0.011200
0.736800 0.175200 0.007200
0.531200 0.176000 0.015200
0.625600 0.176000 0.008800
0.670400 0.176000 0.011200
0.749600 0.176000 0.009600
0.539200 0.176800 0.013600
0.572000 0.176800 0.011200
0.590400 0.176800 0.011200
0.608800 0.176800 0.011200
0.639200 0.176800 0.008800
0.655200 0.176800 0.011200
0.707200 0.176800 0.011200
0.768000 0.176800 0.011200
0.800800 0.176800 0.010400
0.555200 0.177600 0.011200
0.785600 0.177600 0.011200
0.829600 0.179200 0.011200
0.816000 0.180000 0.008800
0.259200 0.198400 0.013600
0.252000 0.199200 0.016800
0.288800 0.199200 0.011200
0.304000 0.199200 0.011200
0.336000 0.199200 0.012800
0.273600 0.200000 0.008800
0.317600 0.200000 0.011200
0.201600 0.200800 0.017600
0.225600 0.200800 0.008800
0.239200 0.200800 0.008800
0.351200 0.200800 0.012800
0.355200 0.200800 0.012800
0.212000 0.201600 0.008800
0.384000 0.202400 0.012800
0.415200 0.202400 0.011200
0.480800 0.202400 0.008800
0.369600 0.203200 0.008800
0.400800 0.203200 0.013600
0.528800 0.203200 0.011200
0.676800 0.203200 0.011200
0.392000 0.204000 0.005600
0.432000 0.204000 0.011200
0.448800 0.204000 0.011200
0.466400 0.204000 0.010400
0.494400 0.204000 0.008800
0.511200 0.204000 0.011200
0.692800 0.204000 0.012800
0.723200 0.204000 0.010400
0.758400 0.204000 0.012800
0.545600 0.204800 0.011200
0.614400 0.204800 0.007200
0.640800 0.204800 0.011200
0.662400 0.204800 0.013600
0.711200 0.204800 0.008800
0.738400 0.204800 0.008800
0.560800 0.205600 0.008800
0.588800 0.205600 0.011200
0.602400 0.205600 0.008800
0.625600 0.205600 0.008000
0.772800 0.205600 0.008800
0.572800 0.206400 0.008800
0.784800 0.206400 0.008000
0.797600 0.206400 0.008800
0.810400 0.208000 0.019200
0.816800 0.208800 0.012800
0.200800 0.222400 0.011200
0.215200 0.223200 0.011200
0.232000 0.223200 0.012000
0.248800 0.223200 0.008800
0.261600 0.223200 0.009600
0.276000 0.223200 0.008000
0.288000 0.224800 0.007200
0.326400 0.224800 0.008800
0.340800 0.224800 0.009600
0.299200 0.225600 0.008800
0.313600 0.225600 0.009600
0.356000 0.227200 0.008800
0.368000 0.228000 0.008800
0.380000 0.228000 0.008800
0.430400 0.228000 0.011200
0.488800 0.228000 0.010400
0.743200 0.228000 0.011200
0.396800 0.228800 0.011200
0.412800 0.228800 0.011200
0.446400 0.228800 0.008800
0.462400 0.228800 0.011200
0.474400 0.228800 0.008000
0.504000 0.228800 0.008800
0.518400 0.228800 0.009600
0.565600 0.228800 0.011200
0.680800 0.228800 0.011200
0.697600 0.228800 0.011200
0.713600 0.228800 0.008800
0.727200 0.228800 0.008800
0.758400 0.228800 0.010400
0.772800 0.228800 0.008800
0.532800 0.229600 0.011200
0.548000 0.229600 0.010400
0.584800 0.229600 0.011200
0.597600 0.229600 0.008800
0.611200 0.229600 0.011200
0.785600 0.229600 0.008800
0.798400 0.229600 0.008800
0.812000 0.229600 0.011200
0.649600 0.230400 0.011200
0.663200 0.230400 0.008800
0.630400 0.231200 0.011200
0.272800 0.253600 0.012000
0.377600 0.253600 0.013600
0.383200 0.254400 0.012800
0.446400 0.254400 0.011200
0.341600 0.255200 0.013600
0.238400 0.256000 0.011200
0.255200 0.256000 0.011200
0.292000 0.256000 0.011200
0.463200 0.256000 0.011200
0.500800 0.256000 0.011200
0.222400 0.256800 0.008800
0.309600 0.256800 0.011200
0.323200 0.256800 0.008800
0.396800 0.256800 0.011200
0.428800 0.256800 0.012000
0.481600 0.256800 0.012000
0.174400 0.257600 0.013600
0.205600 0.257600 0.011200
0.360000 0.257600 0.013600
0.516800 0.257600 0.011200
0.536000 0.257600 0.012800
0.188800 0.258400 0.008800
0.569600 0.258400 0.008800
0.585600 0.258400 0.011200
0.412800 0.259200 0.008800
0.554400 0.259200 0.010400
0.628800 0.259200 0.011200
0.757600 0.259200 0.011200
0.786400 0.259200 0.008800
0.802400 0.259200 0.011200
0.657600 0.260000 0.008800
0.737600 0.260000 0.011200
0.772800 0.260000 0.008800
0.596800 0.260800 0.008800
0.644800 0.260800 0.008800
0.685600 0.260800 0.011200
0.701600 0.260800 0.011200
0.816800 0.260800 0.008800
0.611200 0.261600 0.008800
0.716800 0.261600 0.013600
0.724800 0.261600 0.015200
0.671200 0.262400 0.008800
0.829600 0.262400 0.011200
0.294400 0.278400 0.011200
0.176800 0.280000 0.012800
0.212000 0.280000 0.011200
0.228800 0.280000 0.008800
0.240000 0.280000 0.008000
0.252000 0.280000 0.008800
0.264800 0.280000 0.008000
0.276800 0.280000 0.010400
0.404800 0.280000 0.010400
0.195200 0.280800 0.010400
0.313600 0.280800 0.011200
0.341600 0.280800 0.008800
0.356800 0.280800 0.008800
0.328000 0.281600 0.008800
0.387200 0.281600 0.011200
0.419200 0.281600 0.008800
0.463200 0.281600 0.008800
0.480800 0.281600 0.011200
0.517600 0.281600 0.011200
0.537600 0.281600 0.011200
0.556000 0.281600 0.011200
0.372000 0.282400 0.009600
0.434400 0.282400 0.008800
0.499200 0.282400 0.011200
0.448800 0.283200 0.008800
0.576000 0.283200 0.011200
0.596000 0.283200 0.011200
0.700000 0.283200 0.011200
0.716800 0.283200 0.008800
0.785600 0.283200 0.008800
0.797600 0.283200 0.008800
0.831200 0.283200 0.011200
0.611200 0.284000 0.010400
0.772000 0.284000 0.008800
0.813600 0.284000 0.012000
0.628800 0.284800 0.011200
0.669600 0.284800 0.011200
0.685600 0.284800 0.008800
0.737600 0.284800 0.012800
0.753600 0.284800 0.012800
0.647200 0.285600 0.013600
0.256000 0.301600 0.009600
0.275200 0.301600 0.011200
0.288000 0.301600 0.014400
0.432000 0.302400 0.010400
0.211200 0.303200 0.010400
0.226400 0.303200 0.008800
0.294400 0.303200 0.012000
0.309600 0.303200 0.008800
0.417600 0.303200 0.008800
0.240000 0.304000 0.008800
0.386400 0.304000 0.010400
0.556000 0.304000 0.008800
0.177600 0.304800 0.011200
0.194400 0.304800 0.011200
0.324000 0.304800 0.008800
0.340800 0.304800 0.011200
0.404000 0.304800 0.010400
0.453600 0.304800 0.012000
0.469600 0.304800 0.010400
0.540000 0.304800 0.011200
0.357600 0.305600 0.010400
0.372000 0.305600 0.008800
0.484000 0.305600 0.008800
0.501600 0.305600 0.011200
0.520800 0.305600 0.011200
0.569600 0.305600 0.008800
0.581600 0.305600 0.008000
0.594400 0.305600 0.008000
0.738400 0.305600 0.009600
0.753600 0.305600 0.008800
0.764800 0.305600 0.008000
0.828800 0.305600 0.011200
0.605600 0.306400 0.008800
0.654400 0.306400 0.008800
0.792800 0.306400 0.008800
0.804000 0.306400 0.005600
0.814400 0.306400 0.008800
0.667200 0.307200 0.008800
0.680000 0.307200 0.008800
0.694400 0.307200 0.009600
0.709600 0.307200 0.008800
0.723200 0.307200 0.008800
0.776800 0.307200 0.008800
0.640000 0.308000 0.010400
0.622400 0.308800 0.011200
0.245600 0.324000 0.010400
0.264000 0.324000 0.011200
0.228000 0.324800 0.011200
0.205600 0.325600 0.012000
0.282400 0.325600 0.011200
0.302400 0.325600 0.011200
0.567200 0.325600 0.008800
0.190400 0.326400 0.008000
0.320800 0.326400 0.010400
0.432000 0.326400 0.012000
0.530400 0.326400 0.008000
0.542400 0.326400 0.008000
0.554400 0.326400 0.008800
0.775200 0.326400 0.011200
0.336000 0.327200 0.008800
0.349600 0.327200 0.008800
0.365600 0.327200 0.010400
0.448800 0.327200 0.010400
0.483200 0.327200 0.011200
0.497600 0.327200 0.008800
0.513600 0.327200 0.011200
0.576000 0.327200 0.008800
0.586400 0.327200 0.007200
0.743200 0.327200 0.011200
0.793600 0.327200 0.011200
0.808000 0.327200 0.013600
0.176800 0.328000 0.011200
0.380800 0.328000 0.008800
0.396000 0.328000 0.009600
0.412800 0.328000 0.011200
0.464000 0.328000 0.011200
0.597600 0.328000 0.008800
0.621600 0.328000 0.005600
0.631200 0.328000 0.008800
0.647200 0.328000 0.010400
0.758400 0.328000 0.008000
0.612800 0.328800 0.011200
0.682400 0.328800 0.011200
0.702400 0.328800 0.011200
0.724000 0.328800 0.012000
0.814400 0.328800 0.011200
0.829600 0.328800 0.011200
0.664800 0.329600 0.011200
0.222400 0.346400 0.013600
0.239200 0.346400 0.005600
0.191200 0.347200 0.012000
0.208800 0.347200 0.010400
0.228800 0.347200 0.015200
0.253600 0.347200 0.011200
0.270400 0.347200 0.010400
0.360000 0.347200 0.012000
0.286400 0.348000 0.013600
0.296000 0.348000 0.004800
0.304800 0.348000 0.012800
0.318400 0.348000 0.011200
0.340800 0.348000 0.013600
0.530400 0.348800 0.011200
0.647200 0.348800 0.012000
0.173600 0.349600 0.013600
0.376000 0.349600 0.011200
0.456800 0.349600 0.012800
0.544000 0.349600 0.016000
0.551200 0.349600 0.013600
0.596800 0.349600 0.011200
0.628800 0.349600 0.011200
0.391200 0.350400 0.012800
0.423200 0.350400 0.011200
0.438400 0.350400 0.008800
0.475200 0.350400 0.011200
0.494400 0.350400 0.012800
0.512800 0.350400 0.011200
0.565600 0.350400 0.008800
0.579200 0.350400 0.008800
0.823200 0.350400 0.011200
0.838400 0.350400 0.013600
0.408800 0.351200 0.008800
0.750400 0.351200 0.013600
0.769600 0.351200 0.011200
0.786400 0.351200 0.012800
0.806400 0.351200 0.011200
0.612800 0.352000 0.008800
0.666400 0.352000 0.011200
0.681600 0.352000 0.008800
0.700800 0.352000 0.013600
0.716000 0.352000 0.010400
0.730400 0.353600 0.008800
