0.177600 0.064800 0.023200
0.207200 0.064800 0.008800
0.193600 0.065600 0.008800
0.216000 0.065600 0.007200
0.227200 0.067200 0.008000
0.237600 0.067200 0.016800
0.812800 0.076800 0.013600
0.421600 0.098400 0.008800
0.308000 0.099200 0.011200
0.404800 0.099200 0.011200
0.435200 0.099200 0.008800
0.450400 0.099200 0.009600
0.465600 0.099200 0.008800
0.498400 0.099200 0.011200
0.176000 0.100000 0.013600
0.343200 0.100000 0.011200
0.521600 0.100000 0.013600
0.540800 0.100000 0.011200
0.670400 0.100000 0.011200
0.164000 0.100800 0.011200
0.181600 0.100800 0.016800
0.237600 0.100800 0.008800
0.252800 0.100800 0.009600
0.280000 0.100800 0.008800
0.359200 0.100800 0.008800
0.372800 0.100800 0.008800
0.387200 0.100800 0.011200
0.481600 0.100800 0.011200
0.612800 0.100800 0.011200
0.192800 0.101600 0.008800
0.221600 0.101600 0.010400
0.292800 0.101600 0.008800
0.325600 0.101600 0.010400
0.596000 0.101600 0.011200
0.641600 0.101600 0.008800
0.654400 0.101600 0.008800
0.705600 0.101600 0.011200
0.206400 0.102400 0.008800
0.266400 0.102400 0.008800
0.566400 0.102400 0.008800
0.628000 0.102400 0.008800
0.686400 0.102400 0.011200
0.700000 0.102400 0.016800
0.765600 0.102400 0.011200
0.837600 0.102400 0.004800
0.553600 0.103200 0.008800
0.580800 0.103200 0.008800
0.720800 0.103200 0.008800
0.782400 0.103200 0.011200
0.845600 0.103200 0.013600
0.734400 0.104000 0.008800
0.748800 0.104000 0.009600
0.796000 0.104000 0.008800
0.828000 0.104000 0.007200
0.816000 0.104800 0.008800
0.804800 0.105600 0.005600
0.161600 0.121600 0.013600
0.167200 0.121600 0.013600
0.373600 0.121600 0.008800
0.384800 0.121600 0.005600
0.450400 0.121600 0.011200
0.395200 0.122400 0.007200
0.497600 0.122400 0.008800
0.220800 0.123200 0.010400
0.340800 0.123200 0.011200
0.358400 0.123200 0.009600
0.405600 0.123200 0.005600
0.528000 0.123200 0.011200
0.180800 0.124000 0.008000
0.204000 0.124000 0.009600
0.252000 0.124000 0.008000
0.263200 0.124000 0.007200
0.272000 0.124000 0.005600
0.304800 0.124000 0.011200
0.323200 0.124000 0.010400
0.417600 0.124000 0.008800
0.432800 0.124000 0.010400
0.468000 0.124000 0.011200
0.483200 0.124000 0.008800
0.238400 0.124800 0.009600
0.512000 0.124800 0.008800
0.544800 0.124800 0.011200
0.560000 0.124800 0.009600
0.574400 0.124800 0.008800
0.584800 0.124800 0.005600
0.596800 0.124800 0.008800
0.612800 0.124800 0.011200
0.628800 0.124800 0.010400
0.644000 0.124800 0.008800
0.656000 0.124800 0.008800
0.670400 0.124800 0.009600
0.192000 0.125600 0.005600
0.287200 0.125600 0.011200
0.684800 0.125600 0.008800
0.702400 0.125600 0.011200
0.731200 0.125600 0.008800
0.769600 0.125600 0.008800
0.716800 0.126400 0.008800
0.744800 0.126400 0.008800
0.756800 0.126400 0.008800
0.827200 0.126400 0.009600
0.776800 0.127200 0.013600
0.792000 0.128000 0.010400
0.809600 0.128000 0.010400
0.840800 0.128000 0.011200
0.220000 0.144000 0.011200
0.201600 0.146400 0.011200
0.236800 0.146400 0.008800
0.278400 0.146400 0.009600
0.357600 0.146400 0.011200
0.436800 0.146400 0.010400
0.452800 0.146400 0.010400
0.492000 0.146400 0.011200
0.179200 0.147200 0.012000
0.246400 0.147200 0.013600
0.263200 0.147200 0.011200
0.324800 0.147200 0.011200
0.340800 0.147200 0.010400
0.373600 0.147200 0.008800
0.388000 0.147200 0.008800
0.402400 0.147200 0.010400
0.419200 0.147200 0.011200
0.470400 0.147200 0.012000
0.505600 0.147200 0.008800
0.162400 0.148000 0.012800
0.293600 0.148000 0.008800
0.308000 0.148000 0.010400
0.552000 0.148000 0.005600
0.562400 0.148000 0.014400
0.520000 0.148800 0.012000
0.540800 0.148800 0.011200
0.660800 0.149600 0.012800
0.583200 0.150400 0.011200
0.600000 0.150400 0.011200
0.618400 0.150400 0.012000
0.637600 0.150400 0.012800
0.678400 0.150400 0.011200
0.696800 0.150400 0.011200
0.717600 0.150400 0.012800
0.734400 0.150400 0.011200
0.750400 0.150400 0.011200
0.769600 0.151200 0.012800
0.804000 0.151200 0.011200
0.787200 0.152000 0.011200
0.821600 0.152000 0.011200
0.836800 0.152800 0.011200
0.228800 0.168800 0.008800
0.264800 0.168800 0.012800
0.165600 0.169600 0.011200
0.213600 0.169600 0.012800
0.244000 0.169600 0.011200
0.180000 0.170400 0.010400
0.194400 0.170400 0.008800
0.281600 0.170400 0.011200
0.435200 0.170400 0.013600
0.878400 0.170400 0.009600
0.297600 0.171200 0.010400
0.312800 0.171200 0.011200
0.349600 0.171200 0.011200
0.367200 0.171200 0.011200
0.388000 0.171200 0.012800
0.451200 0.171200 0.011200
0.470400 0.171200 0.011200
0.488800 0.171200 0.012800
0.538400 0.171200 0.016800
0.331200 0.172000 0.011200
0.409600 0.172000 0.013600
0.508000 0.172000 0.008800
0.524000 0.172000 0.011200
0.546400 0.172800 0.013600
0.588000 0.173600 0.012000
0.567200 0.174400 0.012800
0.624800 0.174400 0.011200
0.692800 0.174400 0.009600
0.676800 0.175200 0.011200
0.836000 0.175200 0.020800
0.606400 0.176000 0.012800
0.643200 0.176000 0.011200
0.707200 0.176000 0.011200
0.724000 0.176000 0.011200
0.740800 0.176000 0.011200
0.824000 0.176000 0.011200
0.660000 0.176800 0.011200
0.758400 0.176800 0.011200
0.789600 0.176800 0.011200
0.808000 0.176800 0.010400
0.774400 0.177600 0.008800
0.880000 0.185600 0.005600
0.879200 0.193600 0.005600
0.251200 0.199200 0.010400
0.300000 0.199200 0.011200
0.317600 0.199200 0.011200
0.525600 0.200000 0.016800
0.236000 0.200800 0.008800
0.265600 0.200800 0.010400
0.282400 0.200800 0.011200
0.371200 0.200800 0.011200
0.388800 0.200800 0.011200
0.407200 0.200800 0.011200
0.476000 0.200800 0.011200
0.493600 0.200800 0.011200
0.511200 0.200800 0.011200
0.224000 0.201600 0.019200
0.338400 0.201600 0.013600
0.357600 0.201600 0.008800
0.879200 0.201600 0.005600
0.424800 0.202400 0.010400
0.456800 0.202400 0.011200
0.532800 0.202400 0.015200
0.440000 0.203200 0.011200
0.552000 0.204000 0.012800
0.566400 0.204000 0.009600
0.581600 0.204000 0.008800
0.592800 0.204000 0.007200
0.623200 0.204000 0.008800
0.633600 0.204000 0.005600
0.644800 0.204000 0.008800
0.606400 0.204800 0.011200
0.660000 0.204800 0.009600
0.674400 0.205600 0.008800
0.700800 0.205600 0.008800
0.734400 0.205600 0.012000
0.688800 0.206400 0.008800
0.716000 0.206400 0.011200
0.765600 0.207200 0.008800
0.751200 0.208000 0.011200
0.779200 0.208800 0.011200
0.878400 0.212000 0.007200
0.877600 0.223200 0.007200
0.241600 0.224800 0.011200
0.314400 0.224800 0.011200
0.472000 0.224800 0.011200
0.225600 0.225600 0.013600
0.260000 0.225600 0.010400
0.277600 0.225600 0.011200
0.301600 0.225600 0.005600
0.352000 0.225600 0.008800
0.364800 0.225600 0.008800
0.422400 0.225600 0.008800
0.456000 0.225600 0.009600
0.379200 0.226400 0.008800
0.392800 0.226400 0.008800
0.408000 0.226400 0.010400
0.437600 0.226400 0.012000
0.488000 0.226400 0.010400
0.291200 0.227200 0.008000
0.332800 0.227200 0.012800
0.520000 0.227200 0.005600
0.566400 0.227200 0.011200
0.586400 0.227200 0.012800
0.604800 0.227200 0.010400
0.506400 0.228000 0.011200
0.531200 0.228000 0.011200
0.548000 0.228000 0.011200
0.624000 0.228000 0.011200
0.677600 0.228000 0.007200
0.696800 0.228000 0.011200
0.714400 0.228000 0.012000
0.641600 0.228800 0.011200
0.661600 0.228800 0.012800
0.736800 0.228800 0.012000
0.768000 0.229600 0.008000
0.780000 0.229600 0.016800
0.755200 0.230400 0.008800
0.879200 0.232800 0.005600
0.879200 0.245600 0.008800
0.493600 0.247200 0.012000
0.279200 0.248000 0.011200
0.408800 0.248000 0.008800
0.426400 0.248000 0.012000
0.225600 0.248800 0.012000
0.244800 0.248800 0.012000
0.263200 0.248800 0.011200
0.294400 0.248800 0.011200
0.313600 0.248800 0.012000
0.332800 0.248800 0.011200
0.363200 0.248800 0.008800
0.392000 0.248800 0.011200
0.441600 0.248800 0.009600
0.456800 0.248800 0.010400
0.474400 0.248800 0.011200
0.659200 0.248800 0.011200
0.186400 0.249600 0.008800
0.348800 0.249600 0.009600
0.377600 0.249600 0.008800
0.510400 0.249600 0.008800
0.618400 0.249600 0.011200
0.676800 0.249600 0.011200
0.191200 0.250400 0.011200
0.196800 0.250400 0.005600
0.538400 0.250400 0.008800
0.548000 0.250400 0.007200
0.560800 0.250400 0.008800
0.574400 0.250400 0.008800
0.584800 0.250400 0.008000
0.600000 0.250400 0.011200
0.694400 0.250400 0.012000
0.713600 0.250400 0.011200
0.204800 0.251200 0.011200
0.524800 0.251200 0.008800
0.638400 0.251200 0.012800
0.731200 0.251200 0.011200
0.769600 0.251200 0.012000
0.878400 0.254400 0.005600
0.877600 0.264800 0.007200
0.879200 0.274400 0.005600
0.188800 0.277600 0.011200
0.208000 0.277600 0.011200
0.242400 0.277600 0.011200
0.367200 0.277600 0.013600
0.410400 0.277600 0.011200
0.494400 0.278400 0.011200
0.510400 0.278400 0.008800
0.524000 0.278400 0.008800
0.656000 0.278400 0.011200
0.735200 0.278400 0.008800
0.160000 0.279200 0.013600
0.224800 0.279200 0.011200
0.478400 0.279200 0.011200
0.671200 0.279200 0.008800
0.722400 0.279200 0.011200
0.765600 0.279200 0.010400
0.796800 0.279200 0.008800
0.173600 0.280000 0.008800
0.259200 0.280000 0.011200
0.312800 0.280000 0.011200
0.328000 0.280000 0.011200
0.427200 0.280000 0.011200
0.444000 0.280000 0.011200
0.460800 0.280000 0.011200
0.538400 0.280000 0.008800
0.748800 0.280000 0.011200
0.782400 0.280000 0.009600
0.810400 0.280000 0.008800
0.835200 0.280000 0.018400
0.347200 0.280800 0.012800
0.390400 0.280800 0.012000
0.685600 0.280800 0.011200
0.703200 0.280800 0.011200
0.824000 0.280800 0.011200
0.276000 0.281600 0.011200
0.294400 0.281600 0.011200
0.553600 0.281600 0.011200
0.608000 0.281600 0.011200
0.624000 0.281600 0.011200
0.640000 0.281600 0.011200
0.572000 0.282400 0.011200
0.590400 0.282400 0.011200
0.879200 0.282400 0.005600
0.877600 0.290400 0.013600
0.175200 0.300800 0.008800
0.877600 0.300800 0.007200
0.192000 0.301600 0.011200
0.759200 0.301600 0.010400
0.160000 0.302400 0.011200
0.456800 0.302400 0.010400
0.500800 0.302400 0.008800
0.789600 0.302400 0.011200
0.209600 0.303200 0.008800
0.222400 0.303200 0.008800
0.439200 0.303200 0.008800
0.472000 0.303200 0.008800
0.488000 0.303200 0.009600
0.533600 0.303200 0.010400
0.552000 0.303200 0.011200
0.699200 0.303200 0.011200
0.743200 0.303200 0.008800
0.775200 0.303200 0.008800
0.824800 0.303200 0.010400
0.235200 0.304000 0.008800
0.264800 0.304000 0.009600
0.298400 0.304000 0.008800
0.315200 0.304000 0.011200
0.348800 0.304000 0.010400
0.377600 0.304000 0.008800
0.392800 0.304000 0.010400
0.409600 0.304000 0.009600
0.424000 0.304000 0.008800
0.516800 0.304000 0.011200
0.614400 0.304000 0.011200
0.653600 0.304000 0.012800
0.715200 0.304000 0.008800
0.729600 0.304000 0.008800
0.249600 0.304800 0.008800
0.332000 0.304800 0.009600
0.364000 0.304800 0.008800
0.568000 0.304800 0.008800
0.596800 0.304800 0.010400
0.633600 0.304800 0.011200
0.682400 0.304800 0.008800
0.808800 0.304800 0.011200
0.836800 0.304800 0.013600
0.280800 0.305600 0.011200
0.581600 0.305600 0.008800
0.669600 0.305600 0.009600
0.877600 0.311200 0.005600
0.100800 0.319200 0.024800
0.878400 0.319200 0.005600
0.488000 0.324800 0.011200
0.820800 0.324800 0.008800
0.836000 0.324800 0.011200
0.159200 0.325600 0.012000
0.233600 0.325600 0.012000
0.329600 0.325600 0.016800
0.336800 0.325600 0.012800
0.452800 0.325600 0.011200
0.503200 0.325600 0.011200
0.531200 0.325600 0.005600
0.547200 0.325600 0.012000
0.175200 0.326400 0.008800
0.258400 0.326400 0.016800
0.300800 0.326400 0.011200
0.317600 0.326400 0.008800
0.469600 0.326400 0.011200
0.620800 0.326400 0.009600
0.693600 0.326400 0.008800
0.708800 0.326400 0.008800
0.729600 0.326400 0.012800
0.808800 0.326400 0.005600
0.226400 0.327200 0.004800
0.249600 0.327200 0.013600
0.353600 0.327200 0.011200
0.519200 0.327200 0.009600
0.680800 0.327200 0.008000
0.724000 0.327200 0.013600
0.796800 0.327200 0.009600
0.189600 0.328000 0.008800
0.204000 0.328000 0.008800
0.216800 0.328000 0.008800
0.270400 0.328000 0.011200
0.284800 0.328000 0.011200
0.564000 0.328000 0.010400
0.577600 0.328000 0.008800
0.590400 0.328000 0.007200
0.602400 0.328000 0.011200
0.658400 0.328000 0.007200
0.669600 0.328000 0.007200
0.745600 0.328000 0.011200
0.764000 0.328000 0.011200
0.780000 0.328000 0.009600
0.876000 0.328000 0.007200
0.370400 0.328800 0.009600
0.384000 0.328800 0.008800
0.411200 0.328800 0.008800
0.424000 0.328800 0.008800
0.436800 0.328800 0.008800
0.636000 0.328800 0.008800
0.648000 0.328800 0.007200
0.397600 0.329600 0.008800
0.877600 0.339200 0.007200
0.836000 0.347200 0.027200
0.819200 0.348000 0.011200
0.154400 0.348800 0.014400
0.161600 0.349600 0.024000
0.304800 0.349600 0.013600
0.739200 0.349600 0.011200
0.756800 0.349600 0.011200
0.776000 0.349600 0.011200
0.875200 0.349600 0.005600
0.176800 0.350400 0.011200
0.263200 0.350400 0.011200
0.296800 0.350400 0.016800
0.352800 0.350400 0.011200
0.566400 0.350400 0.005600
0.575200 0.350400 0.008800
0.844800 0.350400 0.018400
0.280000 0.351200 0.012800
0.321600 0.351200 0.011200
0.464000 0.351200 0.011200
0.484000 0.351200 0.013600
0.556000 0.351200 0.007200
0.612000 0.351200 0.005600
0.668800 0.351200 0.011200
0.685600 0.351200 0.008800
0.708800 0.351200 0.009600
0.723200 0.351200 0.008800
0.791200 0.351200 0.008800
0.804000 0.351200 0.008800
0.191200 0.352000 0.008800
0.219200 0.352000 0.008800
0.232800 0.352000 0.008800
0.246400 0.352000 0.008800
0.336800 0.352000 0.008800
0.371200 0.352000 0.008800
0.384800 0.352000 0.008800
0.528000 0.352000 0.016800
0.543200 0.352000 0.010400
0.588000 0.352000 0.008800
0.623200 0.352000 0.011200
0.638400 0.352000 0.010400
0.652800 0.352000 0.008800
0.696000 0.352000 0.005600
0.205600 0.352800 0.009600
0.399200 0.352800 0.008800
0.415200 0.352800 0.010400
0.445600 0.352800 0.010400
0.500000 0.352800 0.013600
0.522400 0.352800 0.016000
0.601600 0.352800 0.008800
0.509600 0.353600 0.005600
0.430400 0.354400 0.008800
0.874400 0.358400 0.015200
0.689600 0.382400 0.014400
0.162400 0.391200 0.016800
0.169600 0.392000 0.020000
0.182400 0.392800 0.008800
0.196800 0.392800 0.020000
0.205600 0.392800 0.019200
0.232800 0.393600 0.018400
