0.459200 0.179200 0.010400
0.466400 0.179200 0.005600
0.473600 0.179200 0.011200
0.538400 0.179200 0.010400
0.560800 0.179200 0.012000
0.404800 0.180000 0.011200
0.411200 0.180000 0.005600
0.420800 0.180000 0.007200
0.431200 0.180000 0.007200
0.444800 0.180000 0.008800
0.516000 0.180000 0.008800
0.522400 0.180000 0.012800
0.531200 0.180000 0.012800
0.554400 0.180000 0.011200
0.575200 0.180000 0.012800
0.584000 0.180000 0.020000
0.590400 0.180000 0.013600
0.499200 0.180800 0.005600
0.506400 0.180800 0.011200
0.491200 0.181600 0.010400
0.440800 0.196800 0.009600
0.472800 0.196800 0.009600
0.495200 0.196800 0.005600
0.501600 0.196800 0.005600
0.487200 0.197600 0.005600
0.507200 0.197600 0.011200
0.512000 0.197600 0.008000
0.527200 0.197600 0.006400
0.535200 0.197600 0.012800
0.540800 0.197600 0.010400
0.552000 0.197600 0.005600
0.456000 0.198400 0.008000
0.558400 0.198400 0.008800
0.572000 0.219200 0.005600
0.588800 0.219200 0.008800
0.427200 0.220000 0.011200
0.442400 0.220000 0.013600
0.453600 0.220000 0.015200
0.564800 0.220000 0.011200
0.579200 0.220000 0.008800
0.594400 0.220000 0.008800
0.434400 0.220800 0.004800
0.380800 0.224000 0.008000
0.385600 0.224000 0.003200
0.389600 0.224000 0.003200
0.397600 0.224800 0.006400
0.524800 0.224800 0.011200
0.532000 0.224800 0.005600
0.538400 0.224800 0.008800
0.512800 0.229600 0.006400
0.554400 0.240000 0.005600
0.560800 0.240000 0.005600
0.569600 0.240000 0.005600
0.533600 0.240800 0.010400
0.540000 0.240800 0.005600
0.547200 0.240800 0.004000
0.576000 0.240800 0.011200
0.580800 0.240800 0.008000
0.475200 0.241600 0.008800
0.461600 0.242400 0.011200
0.489600 0.242400 0.008800
0.499200 0.242400 0.016000
0.505600 0.242400 0.011200
0.519200 0.242400 0.006400
0.455200 0.243200 0.016000
0.443200 0.244000 0.011200
0.382400 0.246400 0.013600
0.389600 0.246400 0.011200
0.404000 0.246400 0.008000
0.413600 0.246400 0.008800
0.569600 0.260000 0.013600
0.536000 0.262400 0.008800
0.563200 0.262400 0.011200
0.584800 0.262400 0.011200
0.549600 0.263200 0.008800
0.558400 0.263200 0.008800
0.496000 0.264000 0.011200
0.502400 0.264000 0.005600
0.483200 0.264800 0.011200
0.468000 0.265600 0.011200
0.510400 0.265600 0.013600
0.518400 0.265600 0.012800
0.461600 0.266400 0.011200
0.415200 0.267200 0.011200
0.381600 0.268800 0.008000
0.387200 0.268800 0.003200
0.392800 0.268800 0.004000
0.399200 0.268800 0.005600
0.408000 0.268800 0.005600
0.524800 0.269600 0.008000
0.602400 0.276800 0.007200
0.549600 0.277600 0.006400
0.559200 0.277600 0.006400
0.592000 0.278400 0.007200
0.576000 0.281600 0.010400
0.448000 0.284800 0.008000
0.551200 0.285600 0.003200
0.436800 0.286400 0.008800
0.460000 0.286400 0.007200
0.469600 0.287200 0.013600
0.416800 0.288000 0.013600
0.561600 0.288000 0.008000
0.409600 0.288800 0.012800
0.556000 0.288800 0.008800
0.606400 0.288800 0.007200
0.597600 0.289600 0.007200
0.381600 0.290400 0.008000
0.520000 0.290400 0.012000
0.526400 0.290400 0.012800
0.534400 0.290400 0.005600
0.541600 0.290400 0.008800
0.392000 0.291200 0.007200
0.465600 0.308000 0.016000
0.440000 0.308800 0.008800
0.453600 0.308800 0.008800
0.427200 0.309600 0.008800
0.417600 0.310400 0.016800
0.380000 0.311200 0.011200
0.392800 0.311200 0.008800
0.386400 0.312000 0.005600
0.519200 0.312000 0.011200
0.554400 0.312000 0.008800
0.532800 0.312800 0.011200
0.540000 0.312800 0.011200
0.548800 0.312800 0.011200
0.408000 0.316000 0.006400
