0
0
0
0
0
0
1
1
2
2
2
2
2
2
2
2
8
2
2
2
2
2
2
2
2
2
2
2
2
2
2
2
2
2
2
2
2
2
2
2
2
9
2
2
2
2
8
2
2
2
2
2
2
2
2
9
3
3
3
3
9
3
3
3
3
3
8
3
3
3
3
3
3
3
3
3
3
3
3
3
3
3
3
3
3
3
3
3
3
3
3
3
3
3
3
3
3
3
3
8
3
3
3
3
3
3
3
9
3
3
8
4
9
4
4
4
4
4
4
4
4
4
4
4
4
4
4
4
4
4
4
4
4
4
8
4
4
4
4
4
4
9
4
4
4
4
4
4
4
4
4
4
4
4
4
4
4
4
8
9
5
5
8
5
5
5
5
5
5
5
5
5
5
5
5
5
5
5
5
5
5
5
5
5
5
5
5
5
5
9
5
5
5
5
5
5
5
8
5
5
5
5
5
5
5
5
5
5
9
6
6
6
6
8
6
6
6
6
6
6
6
6
6
6
6
6
6
6
6
6
6
6
6
6
6
6
6
6
6
6
6
6
6
6
6
6
6
6
6
9
6
6
6
6
6
6
8
6
6
6
6
9
8
9
7
7
7
7
7
7
7
7
7
7
7
7
8
7
7
7
7
7
7
9
7
7
7
7
7
7
7
7
7
7
7
7
7
7
7
7
7
7
7
7
7
7
7
7
7
7
9
8
7
7
7
7
8
9
8
10
10
10
10
10
10
10
10
10
10
10
10
10
10
10
10
10
10
10
10
9
10
10
10
10
10
10
10
10
10
10
10
10
10
10
10
10
10
10
10
10
10
10
10
8
10
9
8
9
11
12
11
11
11
11
11
11
12
12
12
11
11
11
11
11
11
11
11
11
11
11
11
12
12
11
12
12
12
12
12
12
12
12
12
8
12
12
12
12
12
12
9
12
8
9
13
13
8
13
13
13
13
13
13
13
13
13
13
13
13
13
13
13
13
13
13
13
13
13
13
13
13
9
13
13
13
13
13
13
13
13
13
13
13
13
13
13
13
13
13
13
13
8
9
8
14
14
14
14
14
14
14
14
14
14
14
14
14
14
14
14
14
14
14
14
14
14
14
14
14
9
14
14
14
14
14
14
14
14
14
14
14
14
14
14
14
14
14
14
14
8
14
9
15
8
15
15
15
15
15
15
15
15
15
15
15
15
15
15
15
15
15
15
15
15
15
15
15
15
15
15
15
15
9
15
15
15
15
15
15
15
15
15
15
8
15
15
15
15
15
15
15
15
9
8
16
17
17
17
17
17
17
17
17
9
17
17
16
17
17
17
17
17
17
17
17
17
17
17
17
17
17
17
17
17
17
17
17
17
17
17
17
17
8
17
17
17
17
17
17
17
17
17
17
9
17
18
18
18
18
18
18