222.000000 81.000000 29.000000
259.000000 81.000000 11.000000
242.000000 82.000000 11.000000
270.000000 82.000000 9.000000
284.000000 84.000000 10.000000
297.000000 84.000000 21.000000
1016.000000 96.000000 17.000000
527.000000 123.000000 11.000000
385.000000 124.000000 14.000000
506.000000 124.000000 14.000000
544.000000 124.000000 11.000000
563.000000 124.000000 12.000000
582.000000 124.000000 11.000000
623.000000 124.000000 14.000000
220.000000 125.000000 17.000000
429.000000 125.000000 14.000000
652.000000 125.000000 17.000000
676.000000 125.000000 14.000000
838.000000 125.000000 14.000000
205.000000 126.000000 14.000000
227.000000 126.000000 21.000000
297.000000 126.000000 11.000000
316.000000 126.000000 12.000000
350.000000 126.000000 11.000000
449.000000 126.000000 11.000000
466.000000 126.000000 11.000000
484.000000 126.000000 14.000000
602.000000 126.000000 14.000000
766.000000 126.000000 14.000000
241.000000 127.000000 11.000000
277.000000 127.000000 13.000000
366.000000 127.000000 11.000000
407.000000 127.000000 13.000000
745.000000 127.000000 14.000000
802.000000 127.000000 11.000000
818.000000 127.000000 11.000000
882.000000 127.000000 14.000000
258.000000 128.000000 11.000000
333.000000 128.000000 11.000000
708.000000 128.000000 11.000000
785.000000 128.000000 11.000000
858.000000 128.000000 14.000000
875.000000 128.000000 21.000000
957.000000 128.000000 14.000000
1047.000000 128.000000 6.000000
692.000000 129.000000 11.000000
726.000000 129.000000 11.000000
901.000000 129.000000 11.000000
978.000000 129.000000 14.000000
1057.000000 129.000000 17.000000
918.000000 130.000000 11.000000
936.000000 130.000000 12.000000
995.000000 130.000000 11.000000
1035.000000 130.000000 9.000000
1020.000000 131.000000 11.000000
1006.000000 132.000000 7.000000
202.000000 152.000000 17.000000
209.000000 152.000000 17.000000
467.000000 152.000000 11.000000
481.000000 152.000000 7.000000
563.000000 152.000000 14.000000
494.000000 153.000000 9.000000
622.000000 153.000000 11.000000
276.000000 154.000000 13.000000
426.000000 154.000000 14.000000
448.000000 154.000000 12.000000
507.000000 154.000000 7.000000
660.000000 154.000000 14.000000
226.000000 155.000000 10.000000
255.000000 155.000000 12.000000
315.000000 155.000000 10.000000
329.000000 155.000000 9.000000
340.000000 155.000000 7.000000
381.000000 155.000000 14.000000
404.000000 155.000000 13.000000
522.000000 155.000000 11.000000
541.000000 155.000000 13.000000
585.000000 155.000000 14.000000
604.000000 155.000000 11.000000
298.000000 156.000000 12.000000
640.000000 156.000000 11.000000
681.000000 156.000000 14.000000
700.000000 156.000000 12.000000
718.000000 156.000000 11.000000
731.000000 156.000000 7.000000
746.000000 156.000000 11.000000
766.000000 156.000000 14.000000
786.000000 156.000000 13.000000
805.000000 156.000000 11.000000
820.000000 156.000000 11.000000
838.000000 156.000000 12.000000
240.000000 157.000000 7.000000
359.000000 157.000000 14.000000
856.000000 157.000000 11.000000
878.000000 157.000000 14.000000
914.000000 157.000000 11.000000
962.000000 157.000000 11.000000
896.000000 158.000000 11.000000
931.000000 158.000000 11.000000
946.000000 158.000000 11.000000
1034.000000 158.000000 12.000000
971.000000 159.000000 17.000000
990.000000 160.000000 13.000000
1012.000000 160.000000 13.000000
1051.000000 160.000000 14.000000
275.000000 180.000000 14.000000
252.000000 183.000000 14.000000
296.000000 183.000000 11.000000
348.000000 183.000000 12.000000
447.000000 183.000000 14.000000
546.000000 183.000000 13.000000
566.000000 183.000000 13.000000
615.000000 183.000000 14.000000
224.000000 184.000000 15.000000
308.000000 184.000000 17.000000
329.000000 184.000000 14.000000
406.000000 184.000000 14.000000
426.000000 184.000000 13.000000
467.000000 184.000000 11.000000
485.000000 184.000000 11.000000
503.000000 184.000000 13.000000
524.000000 184.000000 14.000000
588.000000 184.000000 15.000000
632.000000 184.000000 11.000000
203.000000 185.000000 16.000000
367.000000 185.000000 11.000000
385.000000 185.000000 13.000000
690.000000 185.000000 7.000000
703.000000 185.000000 18.000000
650.000000 186.000000 15.000000
676.000000 186.000000 14.000000
826.000000 187.000000 16.000000
729.000000 188.000000 14.000000
750.000000 188.000000 14.000000
773.000000 188.000000 15.000000
797.000000 188.000000 16.000000
848.000000 188.000000 14.000000
871.000000 188.000000 14.000000
897.000000 188.000000 16.000000
918.000000 188.000000 14.000000
938.000000 188.000000 14.000000
962.000000 189.000000 16.000000
1005.000000 189.000000 14.000000
984.000000 190.000000 14.000000
1027.000000 190.000000 14.000000
1046.000000 191.000000 14.000000
286.000000 211.000000 11.000000
331.000000 211.000000 16.000000
207.000000 212.000000 14.000000
267.000000 212.000000 16.000000
305.000000 212.000000 14.000000
225.000000 213.000000 13.000000
243.000000 213.000000 11.000000
352.000000 213.000000 14.000000
544.000000 213.000000 17.000000
1098.000000 213.000000 12.000000
372.000000 214.000000 13.000000
391.000000 214.000000 14.000000
437.000000 214.000000 14.000000
459.000000 214.000000 14.000000
485.000000 214.000000 16.000000
564.000000 214.000000 14.000000
588.000000 214.000000 14.000000
611.000000 214.000000 16.000000
673.000000 214.000000 21.000000
414.000000 215.000000 14.000000
512.000000 215.000000 17.000000
635.000000 215.000000 11.000000
655.000000 215.000000 14.000000
683.000000 216.000000 17.000000
735.000000 217.000000 15.000000
709.000000 218.000000 16.000000
781.000000 218.000000 14.000000
866.000000 218.000000 12.000000
846.000000 219.000000 14.000000
1045.000000 219.000000 26.000000
758.000000 220.000000 16.000000
804.000000 220.000000 14.000000
884.000000 220.000000 14.000000
905.000000 220.000000 14.000000
926.000000 220.000000 14.000000
1030.000000 220.000000 14.000000
825.000000 221.000000 14.000000
948.000000 221.000000 14.000000
987.000000 221.000000 14.000000
1010.000000 221.000000 13.000000
968.000000 222.000000 11.000000
1100.000000 232.000000 7.000000
1099.000000 242.000000 7.000000
314.000000 249.000000 13.000000
375.000000 249.000000 14.000000
397.000000 249.000000 14.000000
657.000000 250.000000 21.000000
295.000000 251.000000 11.000000
332.000000 251.000000 13.000000
353.000000 251.000000 14.000000
464.000000 251.000000 14.000000
486.000000 251.000000 14.000000
509.000000 251.000000 14.000000
595.000000 251.000000 14.000000
617.000000 251.000000 14.000000
639.000000 251.000000 14.000000
280.000000 252.000000 24.000000
423.000000 252.000000 17.000000
447.000000 252.000000 11.000000
1099.000000 252.000000 7.000000
531.000000 253.000000 13.000000
571.000000 253.000000 14.000000
666.000000 253.000000 19.000000
550.000000 254.000000 14.000000
690.000000 255.000000 16.000000
708.000000 255.000000 12.000000
727.000000 255.000000 11.000000
741.000000 255.000000 9.000000
779.000000 255.000000 11.000000
792.000000 255.000000 7.000000
806.000000 255.000000 11.000000
758.000000 256.000000 14.000000
825.000000 256.000000 12.000000
843.000000 257.000000 11.000000
876.000000 257.000000 11.000000
918.000000 257.000000 15.000000
861.000000 258.000000 11.000000
895.000000 258.000000 14.000000
957.000000 259.000000 11.000000
939.000000 260.000000 14.000000
974.000000 261.000000 14.000000
1098.000000 265.000000 9.000000
1097.000000 279.000000 9.000000
302.000000 281.000000 14.000000
393.000000 281.000000 14.000000
590.000000 281.000000 14.000000
282.000000 282.000000 17.000000
325.000000 282.000000 13.000000
347.000000 282.000000 14.000000
377.000000 282.000000 7.000000
440.000000 282.000000 11.000000
456.000000 282.000000 11.000000
528.000000 282.000000 11.000000
570.000000 282.000000 12.000000
474.000000 283.000000 11.000000
491.000000 283.000000 11.000000
510.000000 283.000000 13.000000
547.000000 283.000000 15.000000
610.000000 283.000000 13.000000
364.000000 284.000000 10.000000
416.000000 284.000000 16.000000
650.000000 284.000000 7.000000
708.000000 284.000000 14.000000
733.000000 284.000000 16.000000
756.000000 284.000000 13.000000
633.000000 285.000000 14.000000
664.000000 285.000000 14.000000
685.000000 285.000000 14.000000
780.000000 285.000000 14.000000
847.000000 285.000000 9.000000
871.000000 285.000000 14.000000
893.000000 285.000000 15.000000
802.000000 286.000000 14.000000
827.000000 286.000000 16.000000
921.000000 286.000000 15.000000
960.000000 287.000000 10.000000
975.000000 287.000000 21.000000
944.000000 288.000000 11.000000
1099.000000 291.000000 7.000000
1099.000000 307.000000 11.000000
617.000000 309.000000 15.000000
349.000000 310.000000 14.000000
511.000000 310.000000 11.000000
533.000000 310.000000 15.000000
282.000000 311.000000 15.000000
306.000000 311.000000 15.000000
329.000000 311.000000 14.000000
368.000000 311.000000 14.000000
392.000000 311.000000 15.000000
416.000000 311.000000 14.000000
454.000000 311.000000 11.000000
490.000000 311.000000 14.000000
552.000000 311.000000 12.000000
571.000000 311.000000 13.000000
593.000000 311.000000 14.000000
824.000000 311.000000 14.000000
233.000000 312.000000 11.000000
436.000000 312.000000 12.000000
472.000000 312.000000 11.000000
638.000000 312.000000 11.000000
773.000000 312.000000 14.000000
846.000000 312.000000 14.000000
239.000000 313.000000 14.000000
246.000000 313.000000 7.000000
673.000000 313.000000 11.000000
685.000000 313.000000 9.000000
701.000000 313.000000 11.000000
718.000000 313.000000 11.000000
731.000000 313.000000 10.000000
750.000000 313.000000 14.000000
868.000000 313.000000 15.000000
892.000000 313.000000 14.000000
256.000000 314.000000 14.000000
656.000000 314.000000 11.000000
798.000000 314.000000 16.000000
914.000000 314.000000 14.000000
962.000000 314.000000 15.000000
1098.000000 318.000000 7.000000
1097.000000 331.000000 9.000000
1099.000000 343.000000 7.000000
236.000000 347.000000 14.000000
260.000000 347.000000 14.000000
303.000000 347.000000 14.000000
459.000000 347.000000 17.000000
513.000000 347.000000 14.000000
618.000000 348.000000 14.000000
638.000000 348.000000 11.000000
655.000000 348.000000 11.000000
820.000000 348.000000 14.000000
919.000000 348.000000 11.000000
200.000000 349.000000 17.000000
281.000000 349.000000 14.000000
598.000000 349.000000 14.000000
839.000000 349.000000 11.000000
903.000000 349.000000 14.000000
957.000000 349.000000 13.000000
996.000000 349.000000 11.000000
217.000000 350.000000 11.000000
324.000000 350.000000 14.000000
391.000000 350.000000 14.000000
410.000000 350.000000 14.000000
534.000000 350.000000 14.000000
555.000000 350.000000 14.000000
576.000000 350.000000 14.000000
673.000000 350.000000 11.000000
936.000000 350.000000 14.000000
978.000000 350.000000 12.000000
1013.000000 350.000000 11.000000
1044.000000 350.000000 23.000000
434.000000 351.000000 16.000000
488.000000 351.000000 15.000000
857.000000 351.000000 14.000000
879.000000 351.000000 14.000000
1030.000000 351.000000 14.000000
345.000000 352.000000 14.000000
368.000000 352.000000 14.000000
692.000000 352.000000 14.000000
760.000000 352.000000 14.000000
780.000000 352.000000 14.000000
800.000000 352.000000 14.000000
715.000000 353.000000 14.000000
738.000000 353.000000 14.000000
1099.000000 353.000000 7.000000
1097.000000 363.000000 17.000000
219.000000 376.000000 11.000000
1097.000000 376.000000 9.000000
240.000000 377.000000 14.000000
949.000000 377.000000 13.000000
200.000000 378.000000 14.000000
571.000000 378.000000 13.000000
626.000000 378.000000 11.000000
987.000000 378.000000 14.000000
262.000000 379.000000 11.000000
278.000000 379.000000 11.000000
549.000000 379.000000 11.000000
590.000000 379.000000 11.000000
610.000000 379.000000 12.000000
667.000000 379.000000 13.000000
690.000000 379.000000 14.000000
874.000000 379.000000 14.000000
929.000000 379.000000 11.000000
969.000000 379.000000 11.000000
1031.000000 379.000000 13.000000
294.000000 380.000000 11.000000
331.000000 380.000000 12.000000
373.000000 380.000000 11.000000
394.000000 380.000000 14.000000
436.000000 380.000000 13.000000
472.000000 380.000000 11.000000
491.000000 380.000000 13.000000
512.000000 380.000000 12.000000
530.000000 380.000000 11.000000
646.000000 380.000000 14.000000
768.000000 380.000000 14.000000
817.000000 380.000000 16.000000
894.000000 380.000000 11.000000
912.000000 380.000000 11.000000
312.000000 381.000000 11.000000
415.000000 381.000000 12.000000
455.000000 381.000000 11.000000
710.000000 381.000000 11.000000
746.000000 381.000000 13.000000
792.000000 381.000000 14.000000
853.000000 381.000000 11.000000
1011.000000 381.000000 14.000000
1046.000000 381.000000 17.000000
351.000000 382.000000 14.000000
727.000000 382.000000 11.000000
837.000000 382.000000 12.000000
1097.000000 389.000000 7.000000
126.000000 399.000000 31.000000
1098.000000 399.000000 7.000000
610.000000 406.000000 14.000000
1026.000000 406.000000 11.000000
1045.000000 406.000000 14.000000
199.000000 407.000000 15.000000
292.000000 407.000000 15.000000
412.000000 407.000000 21.000000
421.000000 407.000000 16.000000
566.000000 407.000000 14.000000
629.000000 407.000000 14.000000
664.000000 407.000000 7.000000
684.000000 407.000000 15.000000
219.000000 408.000000 11.000000
323.000000 408.000000 21.000000
376.000000 408.000000 14.000000
397.000000 408.000000 11.000000
587.000000 408.000000 14.000000
776.000000 408.000000 12.000000
867.000000 408.000000 11.000000
886.000000 408.000000 11.000000
912.000000 408.000000 16.000000
1011.000000 408.000000 7.000000
283.000000 409.000000 6.000000
312.000000 409.000000 17.000000
442.000000 409.000000 14.000000
649.000000 409.000000 12.000000
851.000000 409.000000 10.000000
905.000000 409.000000 17.000000
996.000000 409.000000 12.000000
237.000000 410.000000 11.000000
255.000000 410.000000 11.000000
271.000000 410.000000 11.000000
338.000000 410.000000 14.000000
356.000000 410.000000 14.000000
705.000000 410.000000 13.000000
722.000000 410.000000 11.000000
738.000000 410.000000 9.000000
753.000000 410.000000 14.000000
823.000000 410.000000 9.000000
837.000000 410.000000 9.000000
932.000000 410.000000 14.000000
955.000000 410.000000 14.000000
975.000000 410.000000 12.000000
1095.000000 410.000000 9.000000
463.000000 411.000000 12.000000
480.000000 411.000000 11.000000
514.000000 411.000000 11.000000
530.000000 411.000000 11.000000
546.000000 411.000000 11.000000
795.000000 411.000000 11.000000
810.000000 411.000000 9.000000
497.000000 412.000000 11.000000
1097.000000 424.000000 9.000000
1045.000000 434.000000 34.000000
1024.000000 435.000000 14.000000
193.000000 436.000000 18.000000
202.000000 437.000000 30.000000
381.000000 437.000000 17.000000
924.000000 437.000000 14.000000
946.000000 437.000000 14.000000
970.000000 437.000000 14.000000
1094.000000 437.000000 7.000000
221.000000 438.000000 14.000000
329.000000 438.000000 14.000000
371.000000 438.000000 21.000000
441.000000 438.000000 14.000000
708.000000 438.000000 7.000000
719.000000 438.000000 11.000000
1056.000000 438.000000 23.000000
350.000000 439.000000 16.000000
402.000000 439.000000 14.000000
580.000000 439.000000 14.000000
605.000000 439.000000 17.000000
695.000000 439.000000 9.000000
765.000000 439.000000 7.000000
836.000000 439.000000 14.000000
857.000000 439.000000 11.000000
886.000000 439.000000 12.000000
904.000000 439.000000 11.000000
989.000000 439.000000 11.000000
1005.000000 439.000000 11.000000
239.000000 440.000000 11.000000
274.000000 440.000000 11.000000
291.000000 440.000000 11.000000
308.000000 440.000000 11.000000
421.000000 440.000000 11.000000
464.000000 440.000000 11.000000
481.000000 440.000000 11.000000
660.000000 440.000000 21.000000
679.000000 440.000000 13.000000
735.000000 440.000000 11.000000
779.000000 440.000000 14.000000
798.000000 440.000000 13.000000
816.000000 440.000000 11.000000
870.000000 440.000000 7.000000
257.000000 441.000000 12.000000
499.000000 441.000000 11.000000
519.000000 441.000000 13.000000
557.000000 441.000000 13.000000
625.000000 441.000000 17.000000
653.000000 441.000000 20.000000
752.000000 441.000000 11.000000
637.000000 442.000000 7.000000
538.000000 443.000000 11.000000
1093.000000 448.000000 19.000000
862.000000 478.000000 18.000000
203.000000 489.000000 21.000000
212.000000 490.000000 25.000000
228.000000 491.000000 11.000000
246.000000 491.000000 25.000000
257.000000 491.000000 24.000000
291.000000 492.000000 23.000000
