0.193600 0.058400 0.016800
0.221600 0.059200 0.007200
0.232000 0.059200 0.008800
0.211200 0.060000 0.008800
0.243200 0.060000 0.008000
0.255200 0.060000 0.018400
0.830400 0.067200 0.022400
0.845600 0.067200 0.013600
0.176000 0.092000 0.020000
0.165600 0.092800 0.018400
0.190400 0.093600 0.008800
0.329600 0.093600 0.004800
0.243200 0.094400 0.012800
0.258400 0.094400 0.004800
0.372000 0.094400 0.015200
0.392000 0.094400 0.008800
0.404800 0.094400 0.008800
0.420000 0.094400 0.010400
0.452000 0.094400 0.011200
0.468000 0.094400 0.011200
0.727200 0.094400 0.011200
0.743200 0.094400 0.011200
0.228800 0.095200 0.009600
0.251200 0.095200 0.004800
0.309600 0.095200 0.009600
0.321600 0.095200 0.013600
0.341600 0.095200 0.011200
0.435200 0.095200 0.008800
0.533600 0.095200 0.011200
0.631200 0.095200 0.011200
0.690400 0.095200 0.011200
0.760800 0.095200 0.011200
0.797600 0.095200 0.008800
0.202400 0.096000 0.007200
0.212800 0.096000 0.011200
0.267200 0.096000 0.007200
0.280800 0.096000 0.008800
0.712000 0.096000 0.007200
0.294400 0.096800 0.008800
0.380000 0.096800 0.008800
0.485600 0.096800 0.011200
0.516800 0.096800 0.010400
0.616000 0.096800 0.008800
0.648800 0.096800 0.011200
0.662400 0.096800 0.008800
0.674400 0.096800 0.008000
0.702400 0.096800 0.007200
0.773600 0.096800 0.007200
0.811200 0.096800 0.008800
0.357600 0.097600 0.008800
0.500800 0.097600 0.008800
0.549600 0.097600 0.008800
0.599200 0.097600 0.010400
0.783200 0.097600 0.008800
0.820800 0.097600 0.005600
0.572800 0.098400 0.008800
0.560800 0.099200 0.005600
0.584800 0.099200 0.008800
0.829600 0.099200 0.013600
0.840800 0.099200 0.005600
0.852800 0.100000 0.016000
0.193600 0.116000 0.008800
0.208000 0.116000 0.008800
0.168800 0.116800 0.011200
0.180000 0.116800 0.008000
0.224000 0.116800 0.010400
0.264800 0.116800 0.008800
0.328800 0.116800 0.010400
0.677600 0.116800 0.005600
0.240800 0.117600 0.009600
0.255200 0.117600 0.008800
0.404000 0.117600 0.012000
0.420800 0.117600 0.010400
0.685600 0.117600 0.011200
0.298400 0.118400 0.009600
0.312800 0.118400 0.008800
0.344000 0.118400 0.008800
0.354400 0.118400 0.005600
0.665600 0.118400 0.009600
0.731200 0.118400 0.011200
0.749600 0.118400 0.011200
0.768000 0.118400 0.010400
0.282400 0.119200 0.011200
0.368800 0.119200 0.011200
0.385600 0.119200 0.008800
0.517600 0.119200 0.010400
0.651200 0.119200 0.008800
0.783200 0.119200 0.008800
0.795200 0.119200 0.008000
0.811200 0.119200 0.011200
0.828000 0.119200 0.008000
0.840800 0.119200 0.008000
0.440000 0.120000 0.012000
0.453600 0.120000 0.008800
0.468000 0.120000 0.009600
0.488000 0.120000 0.012800
0.564800 0.120000 0.008000
0.586400 0.120000 0.008000
0.602400 0.120000 0.010400
0.616800 0.120000 0.008800
0.634400 0.120000 0.011200
0.700800 0.120000 0.009600
0.715200 0.120000 0.008800
0.851200 0.120000 0.011200
0.500000 0.120800 0.011200
0.532000 0.120800 0.008800
0.545600 0.120800 0.011200
0.576000 0.121600 0.005600
0.166400 0.136000 0.011200
0.181600 0.136000 0.010400
0.198400 0.138400 0.009600
0.214400 0.138400 0.010400
0.235200 0.138400 0.012800
0.310400 0.139200 0.008800
0.340800 0.139200 0.010400
0.562400 0.139200 0.009600
0.249600 0.140000 0.011200
0.265600 0.140000 0.011200
0.276000 0.140000 0.008800
0.291200 0.140000 0.012000
0.324000 0.140000 0.008800
0.576800 0.140000 0.008800
0.752800 0.140000 0.009600
0.770400 0.140000 0.011200
0.389600 0.140800 0.011200
0.528800 0.140800 0.009600
0.546400 0.140800 0.009600
0.592800 0.140800 0.009600
0.605600 0.140800 0.008000
0.688000 0.140800 0.008800
0.739200 0.140800 0.007200
0.780800 0.140800 0.005600
0.792000 0.140800 0.008800
0.356000 0.141600 0.008800
0.372000 0.141600 0.010400
0.503200 0.141600 0.009600
0.516000 0.141600 0.007200
0.618400 0.141600 0.008000
0.631200 0.141600 0.011200
0.648000 0.141600 0.008800
0.660800 0.141600 0.008800
0.674400 0.141600 0.008800
0.699200 0.141600 0.008800
0.712800 0.141600 0.009600
0.728000 0.141600 0.008800
0.807200 0.141600 0.011200
0.816000 0.141600 0.011200
0.842400 0.141600 0.015200
0.407200 0.142400 0.010400
0.448000 0.142400 0.008800
0.487200 0.142400 0.009600
0.832000 0.142400 0.011200
0.435200 0.143200 0.008800
0.460800 0.143200 0.008800
0.473600 0.143200 0.008800
0.422400 0.144000 0.008800
0.166400 0.156800 0.013600
0.187200 0.159200 0.010400
0.206400 0.160000 0.011200
0.223200 0.160000 0.008800
0.251200 0.160000 0.005600
0.259200 0.160800 0.011200
0.313600 0.160800 0.008000
0.333600 0.160800 0.013600
0.236000 0.161600 0.011200
0.272000 0.161600 0.008800
0.286400 0.161600 0.008800
0.299200 0.161600 0.008800
0.324000 0.161600 0.005600
0.365600 0.161600 0.008800
0.831200 0.161600 0.008800
0.848000 0.161600 0.013600
0.340000 0.162400 0.011200
0.352800 0.162400 0.008800
0.381600 0.162400 0.009600
0.396800 0.162400 0.008800
0.553600 0.162400 0.012800
0.589600 0.162400 0.012000
0.730400 0.162400 0.010400
0.749600 0.162400 0.011200
0.764000 0.162400 0.008800
0.777600 0.162400 0.009600
0.792800 0.162400 0.010400
0.483200 0.163200 0.011200
0.500800 0.163200 0.011200
0.546400 0.163200 0.015200
0.572000 0.163200 0.012800
0.608000 0.163200 0.009600
0.624800 0.163200 0.009600
0.654400 0.163200 0.011200
0.672000 0.163200 0.009600
0.687200 0.163200 0.008800
0.698400 0.163200 0.005600
0.712800 0.163200 0.010400
0.812800 0.163200 0.011200
0.517600 0.164000 0.011200
0.409600 0.164800 0.008800
0.534400 0.164800 0.008800
0.638400 0.164800 0.008800
0.446400 0.165600 0.010400
0.429600 0.166400 0.010400
0.464800 0.166400 0.011200
0.167200 0.176800 0.011200
0.182400 0.178400 0.008800
0.211200 0.178400 0.007200
0.197600 0.180000 0.009600
0.220800 0.180000 0.008800
0.236800 0.180000 0.011200
0.256000 0.180800 0.009600
0.268000 0.180800 0.005600
0.275200 0.180800 0.004800
0.282400 0.181600 0.011200
0.833600 0.181600 0.007200
0.848800 0.181600 0.011200
0.296000 0.182400 0.008800
0.314400 0.182400 0.011200
0.330400 0.182400 0.011200
0.822400 0.182400 0.008800
0.348800 0.183200 0.010400
0.384000 0.183200 0.012000
0.733600 0.183200 0.008800
0.786400 0.183200 0.013600
0.808000 0.183200 0.009600
0.364800 0.184000 0.010400
0.401600 0.184000 0.011200
0.520800 0.184000 0.008800
0.536000 0.184000 0.009600
0.747200 0.184000 0.008800
0.763200 0.184000 0.011200
0.779200 0.184000 0.012800
0.795200 0.184000 0.005600
0.432000 0.184800 0.007200
0.442400 0.184800 0.007200
0.452800 0.184800 0.008800
0.570400 0.184800 0.008800
0.586400 0.184800 0.009600
0.622400 0.184800 0.013600
0.656800 0.184800 0.012000
0.692800 0.184800 0.011200
0.719200 0.184800 0.009600
0.419200 0.185600 0.010400
0.489600 0.185600 0.008800
0.505600 0.185600 0.010400
0.549600 0.185600 0.005600
0.556800 0.185600 0.012800
0.600800 0.185600 0.008800
0.614400 0.185600 0.011200
0.675200 0.185600 0.008800
0.705600 0.185600 0.008000
0.638400 0.186400 0.011200
0.469600 0.188000 0.012800
0.192800 0.203200 0.016800
0.204800 0.204000 0.011200
0.220000 0.204000 0.011200
0.250400 0.204000 0.008800
0.237600 0.204800 0.010400
0.323200 0.204800 0.008800
0.264800 0.205600 0.008800
0.280800 0.205600 0.010400
0.338400 0.205600 0.008800
0.295200 0.206400 0.005600
0.306400 0.206400 0.012000
0.367200 0.207200 0.010400
0.382400 0.207200 0.007200
0.392800 0.207200 0.008000
0.800800 0.207200 0.009600
0.816000 0.207200 0.012800
0.352800 0.208000 0.008800
0.404800 0.208000 0.008000
0.416000 0.208000 0.013600
0.436000 0.208000 0.010400
0.733600 0.208000 0.011200
0.759200 0.208000 0.008800
0.788000 0.208000 0.007200
0.421600 0.208800 0.011200
0.536000 0.208800 0.008800
0.746400 0.208800 0.007200
0.775200 0.208800 0.009600
0.520800 0.209600 0.009600
0.549600 0.209600 0.008800
0.565600 0.209600 0.011200
0.582400 0.209600 0.011200
0.616000 0.209600 0.008800
0.643200 0.209600 0.008800
0.717600 0.209600 0.011200
0.452800 0.210400 0.010400
0.600000 0.210400 0.011200
0.630400 0.210400 0.008800
0.478400 0.211200 0.008800
0.492800 0.211200 0.008800
0.506400 0.211200 0.008800
0.657600 0.211200 0.013600
0.688000 0.211200 0.008800
0.701600 0.211200 0.008800
0.467200 0.212000 0.007200
0.665600 0.212000 0.007200
0.676000 0.212000 0.008800
0.193600 0.225600 0.011200
0.212800 0.225600 0.011200
0.229600 0.225600 0.011200
0.245600 0.225600 0.008800
0.257600 0.225600 0.008800
0.333600 0.226400 0.012000
0.276000 0.227200 0.011200
0.296000 0.227200 0.011200
0.313600 0.227200 0.011200
0.206400 0.228000 0.013600
0.352000 0.229600 0.008800
0.364800 0.229600 0.008800
0.379200 0.229600 0.008800
0.394400 0.229600 0.009600
0.409600 0.230400 0.008800
0.425600 0.230400 0.010400
0.442400 0.231200 0.010400
0.457600 0.231200 0.008800
0.474400 0.231200 0.010400
0.584000 0.231200 0.011200
0.824800 0.231200 0.016000
0.489600 0.232000 0.008800
0.563200 0.232000 0.008800
0.576000 0.232000 0.015200
0.612800 0.232000 0.008800
0.745600 0.232000 0.008800
0.756000 0.232000 0.005600
0.800000 0.232000 0.009600
0.814400 0.232000 0.008800
0.507200 0.232800 0.011200
0.521600 0.232800 0.008800
0.597600 0.232800 0.009600
0.705600 0.232800 0.011200
0.769600 0.232800 0.011200
0.532000 0.233600 0.011200
0.550400 0.233600 0.011200
0.627200 0.233600 0.008800
0.641600 0.233600 0.010400
0.720000 0.233600 0.008800
0.732800 0.233600 0.008800
0.675200 0.234400 0.008800
0.688000 0.234400 0.008800
0.786400 0.234400 0.011200
0.659200 0.235200 0.010400
0.193600 0.242400 0.011200
0.209600 0.244800 0.010400
0.227200 0.245600 0.011200
0.248800 0.248000 0.012800
0.271200 0.248000 0.011200
0.300800 0.248800 0.007200
0.328800 0.248800 0.011200
0.288800 0.249600 0.011200
0.312800 0.250400 0.008800
0.395200 0.250400 0.010400
0.345600 0.251200 0.009600
0.359200 0.251200 0.008800
0.379200 0.251200 0.012800
0.442400 0.252000 0.013600
0.460000 0.252000 0.011200
0.409600 0.252800 0.008000
0.421600 0.252800 0.008800
0.435200 0.252800 0.013600
0.474400 0.252800 0.008800
0.548800 0.252800 0.008800
0.824000 0.252800 0.015200
0.485600 0.253600 0.008800
0.498400 0.253600 0.008800
0.511200 0.253600 0.008000
0.522400 0.253600 0.007200
0.534400 0.253600 0.008800
0.561600 0.253600 0.008800
0.574400 0.253600 0.008800
0.720000 0.253600 0.008800
0.586400 0.254400 0.008800
0.600800 0.254400 0.009600
0.616800 0.254400 0.010400
0.706400 0.254400 0.010400
0.727200 0.254400 0.012800
0.779200 0.254400 0.007200
0.788800 0.254400 0.005600
0.800800 0.254400 0.008800
0.814400 0.254400 0.007200
0.633600 0.255200 0.011200
0.754400 0.255200 0.008800
0.652800 0.256000 0.011200
0.665600 0.256000 0.007200
0.690400 0.256000 0.008800
0.740800 0.256000 0.008800
0.767200 0.256000 0.008800
0.676800 0.257600 0.008800
0.167200 0.268800 0.013600
0.184000 0.270400 0.010400
0.201600 0.271200 0.011200
0.246400 0.272000 0.008800
0.216000 0.272800 0.008800
0.260800 0.272800 0.008800
0.292800 0.272800 0.011200
0.232000 0.273600 0.011200
0.276000 0.273600 0.009600
0.330400 0.273600 0.012000
0.311200 0.274400 0.011200
0.348000 0.275200 0.008800
0.366400 0.276800 0.011200
0.377600 0.277600 0.008800
0.412000 0.277600 0.008800
0.498400 0.277600 0.011200
0.516000 0.277600 0.009600
0.562400 0.277600 0.011200
0.734400 0.277600 0.011200
0.392000 0.278400 0.011200
0.400000 0.278400 0.008800
0.450400 0.278400 0.012800
0.468000 0.278400 0.008800
0.482400 0.278400 0.009600
0.579200 0.278400 0.008800
0.592800 0.278400 0.008800
0.752000 0.278400 0.011200
0.437600 0.279200 0.008800
0.529600 0.279200 0.008800
0.546400 0.279200 0.011200
0.425600 0.280000 0.008800
0.768800 0.280000 0.008800
0.784000 0.280000 0.011200
0.800800 0.280000 0.011200
0.838400 0.280000 0.013600
0.609600 0.280800 0.013600
0.645600 0.280800 0.008800
0.675200 0.280800 0.008800
0.687200 0.280800 0.007200
0.699200 0.280800 0.008800
0.719200 0.280800 0.012800
0.820800 0.280800 0.012800
0.632800 0.281600 0.011200
0.660800 0.281600 0.010400
0.710400 0.281600 0.004800
0.165600 0.288800 0.011200
0.180800 0.291200 0.008800
0.242400 0.292000 0.010400
0.193600 0.292800 0.008800
0.256800 0.292800 0.013600
0.224800 0.293600 0.009600
0.262400 0.293600 0.011200
0.208800 0.294400 0.010400
0.280000 0.294400 0.012000
0.298400 0.295200 0.008800
0.312000 0.295200 0.008800
0.328800 0.296000 0.010400
0.364000 0.296800 0.011200
0.346400 0.297600 0.011200
0.468800 0.299200 0.010400
0.384800 0.300000 0.011200
0.402400 0.300000 0.011200
0.418400 0.300000 0.008800
0.433600 0.300000 0.008800
0.451200 0.300000 0.011200
0.497600 0.300000 0.007200
0.487200 0.300800 0.013600
0.596000 0.300800 0.008000
0.736000 0.300800 0.005600
0.514400 0.301600 0.012000
0.540800 0.301600 0.008800
0.606400 0.301600 0.008000
0.620800 0.301600 0.009600
0.744000 0.301600 0.013600
0.531200 0.302400 0.008800
0.555200 0.302400 0.008800
0.565600 0.302400 0.005600
0.576800 0.302400 0.008800
0.585600 0.302400 0.005600
0.635200 0.302400 0.008800
0.650400 0.302400 0.008800
0.668000 0.302400 0.011200
0.692000 0.302400 0.007200
0.724800 0.302400 0.008800
0.756800 0.302400 0.008800
0.771200 0.302400 0.008800
0.788000 0.302400 0.011200
0.806400 0.302400 0.012800
0.843200 0.302400 0.013600
0.681600 0.303200 0.007200
0.828800 0.303200 0.010400
0.706400 0.304800 0.012000
0.163200 0.311200 0.013600
0.176000 0.312800 0.011200
0.231200 0.314400 0.008000
0.242400 0.314400 0.008800
0.193600 0.315200 0.008800
0.218400 0.315200 0.008800
0.204800 0.316000 0.008800
0.257600 0.316000 0.009600
0.269600 0.316800 0.007200
0.287200 0.316800 0.005600
0.279200 0.317600 0.005600
0.293600 0.317600 0.011200
0.320000 0.318400 0.008800
0.306400 0.319200 0.008800
0.332800 0.320000 0.008800
0.342400 0.320000 0.013600
0.364000 0.320000 0.009600
0.377600 0.320800 0.008000
0.390400 0.321600 0.008800
0.404800 0.321600 0.009600
0.421600 0.321600 0.011200
0.561600 0.321600 0.005600
0.594400 0.321600 0.005600
0.439200 0.322400 0.011200
0.548000 0.322400 0.009600
0.571200 0.322400 0.008800
0.585600 0.322400 0.011200
0.660000 0.322400 0.008800
0.456000 0.323200 0.008800
0.472000 0.323200 0.009600
0.502400 0.323200 0.008800
0.623200 0.323200 0.008800
0.786400 0.323200 0.008800
0.796800 0.323200 0.005600
0.823200 0.323200 0.009600
0.839200 0.323200 0.008800
0.849600 0.323200 0.016800
0.488800 0.324000 0.009600
0.518400 0.324000 0.009600
0.532800 0.324000 0.008800
0.605600 0.324000 0.012800
0.675200 0.324000 0.008800
0.759200 0.324000 0.008000
0.772800 0.324000 0.008800
0.808000 0.324000 0.008800
0.640000 0.324800 0.012800
0.691200 0.324800 0.011200
0.648800 0.325600 0.008800
0.734400 0.325600 0.011200
0.747200 0.325600 0.008800
0.708800 0.326400 0.011200
0.168000 0.332800 0.010400
0.182400 0.335200 0.008800
0.195200 0.335200 0.008800
0.220800 0.336000 0.012800
0.256800 0.336800 0.011200
0.206400 0.337600 0.004800
0.240000 0.337600 0.008800
0.276800 0.338400 0.011200
0.292800 0.340000 0.009600
0.307200 0.340800 0.008800
0.319200 0.340800 0.008000
0.347200 0.340800 0.005600
0.332800 0.341600 0.010400
0.410400 0.341600 0.009600
0.368000 0.342400 0.008800
0.425600 0.342400 0.008800
0.440000 0.342400 0.008800
0.455200 0.342400 0.009600
0.354400 0.343200 0.011200
0.394400 0.343200 0.008800
0.470400 0.343200 0.008800
0.561600 0.343200 0.008800
0.380800 0.344000 0.008800
0.500800 0.344000 0.010400
0.573600 0.344000 0.007200
0.605600 0.344000 0.011200
0.802400 0.344000 0.009600
0.820000 0.344000 0.011200
0.847200 0.344000 0.011200
0.484000 0.344800 0.008800
0.517600 0.344800 0.009600
0.547200 0.344800 0.009600
0.587200 0.344800 0.010400
0.763200 0.344800 0.012000
0.836000 0.344800 0.008800
0.532800 0.345600 0.008800
0.624000 0.345600 0.012000
0.644000 0.345600 0.012000
0.664000 0.345600 0.009600
0.724000 0.345600 0.008800
0.788800 0.345600 0.008800
0.680800 0.346400 0.008800
0.733600 0.346400 0.005600
0.744800 0.346400 0.008800
0.779200 0.346400 0.008800
0.691200 0.347200 0.005600
0.704800 0.348000 0.011200
0.166400 0.354400 0.013600
0.184800 0.356800 0.011200
0.204800 0.358400 0.012800
0.220800 0.358400 0.010400
0.240000 0.360000 0.011200
0.252000 0.360000 0.008800
0.285600 0.361600 0.008800
0.268000 0.362400 0.011200
0.299200 0.362400 0.008800
0.315200 0.362400 0.011200
0.330400 0.362400 0.005600
0.338400 0.364000 0.005600
0.348000 0.364000 0.008800
0.392000 0.364000 0.011200
0.498400 0.364000 0.008800
0.413600 0.364800 0.016000
0.424000 0.364800 0.008800
0.438400 0.364800 0.011200
0.456000 0.364800 0.011200
0.483200 0.364800 0.009600
0.510400 0.364800 0.008000
0.361600 0.365600 0.008800
0.376800 0.365600 0.010400
0.522400 0.365600 0.008000
0.470400 0.366400 0.008800
0.547200 0.366400 0.004800
0.556000 0.366400 0.008800
0.583200 0.366400 0.007200
0.536000 0.367200 0.008800
0.594400 0.367200 0.008800
0.608000 0.367200 0.011200
0.626400 0.367200 0.010400
0.679200 0.367200 0.011200
0.663200 0.368000 0.008800
0.691200 0.368000 0.005600
0.699200 0.368000 0.012000
0.852000 0.368000 0.011200
0.569600 0.368800 0.011200
0.639200 0.368800 0.007200
0.648800 0.368800 0.016800
0.713600 0.368800 0.008800
0.781600 0.368800 0.010400
0.838400 0.368800 0.010400
0.728800 0.369600 0.009600
0.796000 0.369600 0.008800
0.808000 0.369600 0.007200
0.821600 0.369600 0.011200
0.743200 0.370400 0.008800
0.756000 0.370400 0.008000
0.768000 0.370400 0.008800
