301.000000 59.000000 14.000000
251.000000 60.000000 14.000000
266.000000 60.000000 11.000000
284.000000 60.000000 11.000000
209.000000 61.000000 21.000000
231.000000 62.000000 14.000000
1045.000000 70.000000 27.000000
1029.000000 71.000000 27.000000
257.000000 109.000000 14.000000
1019.000000 109.000000 14.000000
440.000000 110.000000 11.000000
1048.000000 110.000000 7.000000
1063.000000 110.000000 21.000000
240.000000 111.000000 11.000000
324.000000 111.000000 14.000000
359.000000 111.000000 7.000000
369.000000 111.000000 21.000000
999.000000 111.000000 14.000000
204.000000 112.000000 17.000000
225.000000 112.000000 11.000000
276.000000 112.000000 11.000000
289.000000 112.000000 9.000000
304.000000 112.000000 11.000000
343.000000 112.000000 12.000000
385.000000 112.000000 11.000000
401.000000 112.000000 11.000000
423.000000 112.000000 14.000000
512.000000 112.000000 7.000000
583.000000 112.000000 14.000000
938.000000 112.000000 11.000000
956.000000 112.000000 14.000000
978.000000 112.000000 13.000000
1036.000000 112.000000 10.000000
459.000000 113.000000 14.000000
904.000000 113.000000 12.000000
497.000000 114.000000 11.000000
522.000000 114.000000 17.000000
602.000000 114.000000 11.000000
854.000000 114.000000 11.000000
877.000000 114.000000 7.000000
888.000000 114.000000 7.000000
922.000000 114.000000 13.000000
480.000000 115.000000 14.000000
562.000000 115.000000 14.000000
619.000000 115.000000 17.000000
626.000000 115.000000 16.000000
839.000000 115.000000 13.000000
867.000000 115.000000 6.000000
540.000000 116.000000 14.000000
820.000000 116.000000 11.000000
675.000000 117.000000 21.000000
682.000000 117.000000 17.000000
806.000000 117.000000 11.000000
644.000000 118.000000 11.000000
661.000000 118.000000 11.000000
715.000000 118.000000 11.000000
732.000000 118.000000 14.000000
788.000000 118.000000 11.000000
699.000000 119.000000 11.000000
753.000000 119.000000 11.000000
769.000000 119.000000 11.000000
936.000000 138.000000 14.000000
858.000000 139.000000 14.000000
894.000000 139.000000 11.000000
914.000000 139.000000 13.000000
959.000000 139.000000 13.000000
977.000000 139.000000 11.000000
995.000000 139.000000 12.000000
1012.000000 139.000000 11.000000
217.000000 140.000000 16.000000
227.000000 140.000000 7.000000
356.000000 140.000000 17.000000
383.000000 140.000000 16.000000
411.000000 140.000000 13.000000
807.000000 140.000000 7.000000
817.000000 140.000000 14.000000
877.000000 140.000000 11.000000
1028.000000 140.000000 10.000000
1041.000000 140.000000 9.000000
201.000000 141.000000 14.000000
246.000000 141.000000 14.000000
265.000000 141.000000 11.000000
283.000000 141.000000 13.000000
315.000000 141.000000 7.000000
836.000000 141.000000 12.000000
302.000000 142.000000 11.000000
329.000000 142.000000 12.000000
433.000000 142.000000 16.000000
460.000000 142.000000 11.000000
476.000000 142.000000 11.000000
496.000000 142.000000 13.000000
577.000000 142.000000 11.000000
794.000000 142.000000 10.000000
561.000000 143.000000 11.000000
600.000000 143.000000 13.000000
620.000000 143.000000 14.000000
643.000000 143.000000 12.000000
708.000000 143.000000 9.000000
516.000000 144.000000 11.000000
530.000000 144.000000 11.000000
544.000000 144.000000 11.000000
664.000000 144.000000 14.000000
676.000000 144.000000 9.000000
692.000000 144.000000 11.000000
720.000000 144.000000 7.000000
777.000000 144.000000 12.000000
1055.000000 144.000000 14.000000
734.000000 145.000000 11.000000
756.000000 145.000000 12.000000
382.000000 165.000000 11.000000
929.000000 165.000000 14.000000
974.000000 165.000000 15.000000
200.000000 166.000000 14.000000
219.000000 166.000000 11.000000
232.000000 166.000000 9.000000
344.000000 166.000000 13.000000
400.000000 166.000000 11.000000
801.000000 166.000000 13.000000
819.000000 166.000000 11.000000
887.000000 166.000000 12.000000
908.000000 166.000000 13.000000
952.000000 166.000000 11.000000
1045.000000 166.000000 9.000000
271.000000 167.000000 11.000000
288.000000 167.000000 11.000000
362.000000 167.000000 11.000000
421.000000 167.000000 13.000000
472.000000 167.000000 12.000000
617.000000 167.000000 13.000000
665.000000 167.000000 13.000000
838.000000 167.000000 11.000000
868.000000 167.000000 11.000000
1030.000000 167.000000 9.000000
1057.000000 167.000000 11.000000
254.000000 168.000000 14.000000
324.000000 168.000000 11.000000
492.000000 168.000000 11.000000
586.000000 168.000000 10.000000
683.000000 168.000000 16.000000
691.000000 168.000000 16.000000
707.000000 168.000000 12.000000
734.000000 168.000000 7.000000
744.000000 168.000000 11.000000
759.000000 168.000000 10.000000
853.000000 168.000000 10.000000
999.000000 168.000000 11.000000
1016.000000 168.000000 11.000000
307.000000 169.000000 11.000000
437.000000 169.000000 11.000000
453.000000 169.000000 11.000000
507.000000 169.000000 11.000000
524.000000 169.000000 14.000000
571.000000 169.000000 11.000000
600.000000 169.000000 7.000000
641.000000 169.000000 14.000000
724.000000 169.000000 7.000000
776.000000 169.000000 14.000000
550.000000 170.000000 13.000000
240.000000 191.000000 14.000000
202.000000 192.000000 14.000000
285.000000 192.000000 12.000000
354.000000 192.000000 7.000000
967.000000 192.000000 12.000000
220.000000 193.000000 11.000000
261.000000 193.000000 14.000000
924.000000 193.000000 11.000000
948.000000 193.000000 16.000000
984.000000 193.000000 11.000000
1026.000000 193.000000 17.000000
457.000000 194.000000 13.000000
758.000000 194.000000 7.000000
823.000000 194.000000 13.000000
847.000000 194.000000 14.000000
867.000000 194.000000 11.000000
1003.000000 194.000000 14.000000
1052.000000 194.000000 16.000000
304.000000 195.000000 11.000000
338.000000 195.000000 11.000000
365.000000 195.000000 9.000000
382.000000 195.000000 14.000000
393.000000 195.000000 6.000000
404.000000 195.000000 7.000000
419.000000 195.000000 11.000000
475.000000 195.000000 11.000000
633.000000 195.000000 12.000000
780.000000 195.000000 14.000000
802.000000 195.000000 13.000000
885.000000 195.000000 12.000000
322.000000 196.000000 11.000000
494.000000 196.000000 11.000000
513.000000 196.000000 11.000000
526.000000 196.000000 7.000000
713.000000 196.000000 14.000000
731.000000 196.000000 11.000000
748.000000 196.000000 16.000000
906.000000 196.000000 14.000000
1036.000000 196.000000 11.000000
436.000000 197.000000 11.000000
543.000000 197.000000 12.000000
560.000000 197.000000 11.000000
600.000000 197.000000 12.000000
616.000000 197.000000 11.000000
652.000000 197.000000 11.000000
670.000000 197.000000 12.000000
579.000000 198.000000 11.000000
690.000000 198.000000 12.000000
199.000000 216.000000 17.000000
219.000000 218.000000 13.000000
238.000000 219.000000 16.000000
260.000000 219.000000 21.000000
948.000000 219.000000 20.000000
1003.000000 219.000000 14.000000
350.000000 220.000000 14.000000
411.000000 220.000000 14.000000
875.000000 220.000000 14.000000
907.000000 220.000000 11.000000
980.000000 220.000000 14.000000
1022.000000 220.000000 11.000000
1055.000000 220.000000 14.000000
273.000000 221.000000 19.000000
292.000000 221.000000 12.000000
312.000000 221.000000 11.000000
431.000000 221.000000 11.000000
831.000000 221.000000 16.000000
892.000000 221.000000 11.000000
927.000000 221.000000 14.000000
960.000000 221.000000 17.000000
1037.000000 221.000000 11.000000
328.000000 222.000000 11.000000
370.000000 222.000000 12.000000
389.000000 222.000000 13.000000
514.000000 222.000000 14.000000
533.000000 222.000000 13.000000
555.000000 222.000000 13.000000
576.000000 222.000000 13.000000
597.000000 222.000000 11.000000
796.000000 222.000000 14.000000
815.000000 222.000000 11.000000
852.000000 222.000000 16.000000
443.000000 223.000000 7.000000
491.000000 223.000000 11.000000
611.000000 223.000000 7.000000
650.000000 223.000000 14.000000
665.000000 223.000000 11.000000
699.000000 223.000000 7.000000
754.000000 223.000000 13.000000
774.000000 223.000000 12.000000
456.000000 224.000000 11.000000
475.000000 224.000000 12.000000
627.000000 224.000000 12.000000
675.000000 224.000000 7.000000
687.000000 224.000000 9.000000
715.000000 224.000000 12.000000
733.000000 224.000000 12.000000
232.000000 249.000000 16.000000
418.000000 249.000000 7.000000
268.000000 250.000000 9.000000
302.000000 250.000000 11.000000
332.000000 250.000000 7.000000
405.000000 250.000000 11.000000
253.000000 251.000000 12.000000
285.000000 251.000000 12.000000
320.000000 251.000000 11.000000
348.000000 251.000000 12.000000
365.000000 251.000000 11.000000
384.000000 251.000000 14.000000
438.000000 251.000000 14.000000
496.000000 251.000000 14.000000
552.000000 251.000000 14.000000
614.000000 251.000000 14.000000
656.000000 251.000000 14.000000
680.000000 251.000000 14.000000
715.000000 251.000000 12.000000
734.000000 251.000000 11.000000
790.000000 251.000000 11.000000
871.000000 251.000000 15.000000
909.000000 251.000000 11.000000
949.000000 251.000000 11.000000
970.000000 251.000000 14.000000
457.000000 252.000000 11.000000
474.000000 252.000000 11.000000
574.000000 252.000000 14.000000
594.000000 252.000000 14.000000
634.000000 252.000000 14.000000
697.000000 252.000000 11.000000
757.000000 252.000000 14.000000
774.000000 252.000000 11.000000
802.000000 252.000000 11.000000
849.000000 252.000000 11.000000
892.000000 252.000000 11.000000
1006.000000 252.000000 11.000000
530.000000 253.000000 11.000000
818.000000 253.000000 10.000000
928.000000 253.000000 14.000000
990.000000 253.000000 11.000000
1025.000000 253.000000 14.000000
512.000000 254.000000 13.000000
833.000000 254.000000 10.000000
433.000000 275.000000 14.000000
385.000000 276.000000 16.000000
264.000000 277.000000 11.000000
286.000000 277.000000 14.000000
330.000000 277.000000 13.000000
368.000000 277.000000 11.000000
456.000000 277.000000 14.000000
698.000000 277.000000 12.000000
719.000000 277.000000 13.000000
737.000000 277.000000 17.000000
230.000000 278.000000 14.000000
246.000000 278.000000 11.000000
308.000000 278.000000 14.000000
349.000000 278.000000 12.000000
410.000000 278.000000 13.000000
476.000000 278.000000 11.000000
495.000000 278.000000 11.000000
513.000000 278.000000 11.000000
535.000000 278.000000 14.000000
559.000000 278.000000 14.000000
792.000000 278.000000 17.000000
637.000000 279.000000 15.000000
747.000000 279.000000 16.000000
765.000000 279.000000 13.000000
835.000000 279.000000 12.000000
873.000000 279.000000 13.000000
970.000000 279.000000 14.000000
587.000000 280.000000 15.000000
610.000000 280.000000 15.000000
681.000000 280.000000 11.000000
807.000000 280.000000 7.000000
930.000000 280.000000 11.000000
949.000000 280.000000 12.000000
661.000000 281.000000 14.000000
816.000000 281.000000 14.000000
853.000000 281.000000 11.000000
897.000000 281.000000 12.000000
914.000000 282.000000 10.000000
1014.000000 282.000000 14.000000
994.000000 283.000000 14.000000
374.000000 302.000000 7.000000
385.000000 302.000000 9.000000
895.000000 302.000000 13.000000
232.000000 303.000000 16.000000
252.000000 303.000000 12.000000
271.000000 303.000000 10.000000
284.000000 303.000000 7.000000
302.000000 303.000000 13.000000
322.000000 303.000000 10.000000
336.000000 303.000000 9.000000
403.000000 303.000000 11.000000
420.000000 303.000000 11.000000
434.000000 303.000000 7.000000
514.000000 303.000000 12.000000
347.000000 304.000000 9.000000
361.000000 304.000000 9.000000
491.000000 304.000000 14.000000
750.000000 304.000000 7.000000
535.000000 305.000000 13.000000
578.000000 305.000000 12.000000
693.000000 305.000000 14.000000
713.000000 305.000000 14.000000
723.000000 305.000000 11.000000
738.000000 305.000000 10.000000
802.000000 305.000000 11.000000
821.000000 305.000000 11.000000
838.000000 305.000000 11.000000
871.000000 305.000000 14.000000
449.000000 306.000000 11.000000
467.000000 306.000000 12.000000
556.000000 306.000000 13.000000
593.000000 306.000000 7.000000
654.000000 306.000000 13.000000
768.000000 306.000000 11.000000
785.000000 306.000000 13.000000
853.000000 306.000000 10.000000
916.000000 306.000000 13.000000
606.000000 307.000000 11.000000
636.000000 307.000000 9.000000
670.000000 307.000000 11.000000
936.000000 307.000000 13.000000
623.000000 308.000000 10.000000
956.000000 308.000000 16.000000
978.000000 308.000000 7.000000
990.000000 308.000000 17.000000
1026.000000 308.000000 14.000000
1008.000000 309.000000 12.000000
344.000000 325.000000 14.000000
249.000000 326.000000 12.000000
365.000000 326.000000 14.000000
389.000000 326.000000 14.000000
267.000000 327.000000 11.000000
280.000000 328.000000 7.000000
324.000000 328.000000 9.000000
410.000000 328.000000 12.000000
768.000000 328.000000 13.000000
229.000000 329.000000 14.000000
291.000000 329.000000 17.000000
309.000000 329.000000 11.000000
431.000000 329.000000 16.000000
458.000000 329.000000 13.000000
732.000000 329.000000 7.000000
741.000000 329.000000 16.000000
477.000000 330.000000 12.000000
499.000000 330.000000 13.000000
519.000000 330.000000 10.000000
531.000000 330.000000 7.000000
688.000000 330.000000 12.000000
710.000000 330.000000 16.000000
548.000000 332.000000 12.000000
569.000000 332.000000 14.000000
668.000000 332.000000 12.000000
613.000000 333.000000 11.000000
631.000000 333.000000 14.000000
595.000000 334.000000 12.000000
650.000000 334.000000 13.000000
192.000000 357.000000 17.000000
209.000000 358.000000 14.000000
231.000000 358.000000 11.000000
249.000000 358.000000 11.000000
267.000000 358.000000 11.000000
286.000000 358.000000 14.000000
328.000000 358.000000 16.000000
374.000000 358.000000 14.000000
505.000000 358.000000 7.000000
309.000000 359.000000 14.000000
353.000000 359.000000 13.000000
416.000000 359.000000 17.000000
514.000000 359.000000 17.000000
531.000000 359.000000 12.000000
398.000000 360.000000 13.000000
425.000000 360.000000 16.000000
440.000000 360.000000 11.000000
491.000000 360.000000 11.000000
665.000000 360.000000 14.000000
906.000000 360.000000 16.000000
457.000000 361.000000 11.000000
475.000000 361.000000 11.000000
552.000000 361.000000 14.000000
579.000000 361.000000 17.000000
599.000000 361.000000 14.000000
626.000000 361.000000 14.000000
714.000000 361.000000 11.000000
756.000000 361.000000 13.000000
775.000000 361.000000 11.000000
827.000000 361.000000 14.000000
848.000000 361.000000 11.000000
867.000000 361.000000 12.000000
645.000000 362.000000 12.000000
686.000000 362.000000 10.000000
700.000000 362.000000 9.000000
735.000000 362.000000 14.000000
794.000000 362.000000 11.000000
884.000000 362.000000 11.000000
931.000000 362.000000 14.000000
976.000000 362.000000 14.000000
809.000000 363.000000 11.000000
954.000000 363.000000 14.000000
996.000000 363.000000 14.000000
1016.000000 365.000000 14.000000
1033.000000 366.000000 11.000000
1048.000000 366.000000 11.000000
194.000000 385.000000 14.000000
212.000000 385.000000 14.000000
234.000000 385.000000 11.000000
254.000000 386.000000 12.000000
395.000000 386.000000 14.000000
414.000000 386.000000 11.000000
449.000000 386.000000 14.000000
469.000000 386.000000 7.000000
274.000000 387.000000 13.000000
300.000000 387.000000 14.000000
353.000000 387.000000 12.000000
371.000000 387.000000 12.000000
534.000000 387.000000 15.000000
319.000000 388.000000 11.000000
334.000000 388.000000 11.000000
432.000000 388.000000 11.000000
457.000000 388.000000 17.000000
572.000000 388.000000 9.000000
621.000000 388.000000 11.000000
478.000000 389.000000 16.000000
495.000000 389.000000 11.000000
511.000000 389.000000 13.000000
556.000000 389.000000 11.000000
586.000000 389.000000 11.000000
603.000000 389.000000 11.000000
642.000000 389.000000 13.000000
661.000000 389.000000 11.000000
697.000000 389.000000 11.000000
760.000000 389.000000 13.000000
680.000000 390.000000 12.000000
723.000000 390.000000 10.000000
740.000000 390.000000 11.000000
780.000000 390.000000 11.000000
797.000000 390.000000 11.000000
817.000000 390.000000 13.000000
852.000000 390.000000 9.000000
887.000000 390.000000 13.000000
710.000000 391.000000 9.000000
869.000000 391.000000 11.000000
908.000000 391.000000 11.000000
925.000000 391.000000 11.000000
948.000000 391.000000 14.000000
1049.000000 391.000000 14.000000
839.000000 392.000000 11.000000
970.000000 393.000000 13.000000
989.000000 393.000000 13.000000
1011.000000 393.000000 13.000000
1030.000000 393.000000 11.000000
198.000000 412.000000 14.000000
241.000000 412.000000 14.000000
395.000000 412.000000 14.000000
218.000000 413.000000 12.000000
261.000000 413.000000 12.000000
377.000000 413.000000 7.000000
421.000000 413.000000 12.000000
347.000000 414.000000 11.000000
440.000000 414.000000 11.000000
646.000000 414.000000 11.000000
284.000000 415.000000 13.000000
331.000000 415.000000 14.000000
364.000000 415.000000 11.000000
459.000000 415.000000 12.000000
478.000000 415.000000 11.000000
552.000000 415.000000 13.000000
590.000000 415.000000 7.000000
312.000000 416.000000 7.000000
322.000000 416.000000 16.000000
495.000000 416.000000 11.000000
533.000000 416.000000 11.000000
571.000000 416.000000 14.000000
580.000000 416.000000 5.000000
600.000000 416.000000 7.000000
615.000000 416.000000 12.000000
632.000000 416.000000 9.000000
301.000000 417.000000 11.000000
515.000000 417.000000 12.000000
664.000000 417.000000 11.000000
675.000000 417.000000 6.000000
695.000000 417.000000 14.000000
715.000000 417.000000 12.000000
735.000000 417.000000 11.000000
752.000000 417.000000 16.000000
797.000000 417.000000 12.000000
817.000000 417.000000 14.000000
762.000000 418.000000 7.000000
776.000000 418.000000 14.000000
838.000000 418.000000 13.000000
859.000000 418.000000 14.000000
901.000000 418.000000 7.000000
914.000000 418.000000 11.000000
874.000000 420.000000 7.000000
889.000000 420.000000 11.000000
931.000000 420.000000 11.000000
948.000000 420.000000 11.000000
960.000000 420.000000 6.000000
1018.000000 420.000000 11.000000
1055.000000 420.000000 14.000000
982.000000 421.000000 14.000000
1001.000000 421.000000 11.000000
1037.000000 421.000000 12.000000
197.000000 438.000000 14.000000
235.000000 438.000000 14.000000
427.000000 439.000000 14.000000
215.000000 440.000000 11.000000
386.000000 440.000000 13.000000
406.000000 440.000000 13.000000
298.000000 441.000000 14.000000
367.000000 441.000000 14.000000
278.000000 442.000000 14.000000
323.000000 442.000000 14.000000
346.000000 442.000000 14.000000
448.000000 442.000000 14.000000
468.000000 442.000000 13.000000
546.000000 442.000000 16.000000
257.000000 443.000000 14.000000
529.000000 443.000000 14.000000
688.000000 443.000000 14.000000
490.000000 444.000000 14.000000
508.000000 444.000000 11.000000
555.000000 444.000000 7.000000
588.000000 444.000000 17.000000
613.000000 444.000000 11.000000
631.000000 444.000000 11.000000
644.000000 444.000000 7.000000
658.000000 444.000000 10.000000
671.000000 444.000000 11.000000
708.000000 444.000000 11.000000
727.000000 445.000000 13.000000
744.000000 445.000000 14.000000
828.000000 445.000000 7.000000
916.000000 445.000000 16.000000
963.000000 445.000000 14.000000
568.000000 446.000000 11.000000
754.000000 446.000000 6.000000
762.000000 446.000000 14.000000
779.000000 446.000000 13.000000
841.000000 446.000000 10.000000
942.000000 446.000000 14.000000
815.000000 447.000000 10.000000
853.000000 447.000000 20.000000
872.000000 447.000000 14.000000
892.000000 447.000000 14.000000
798.000000 448.000000 11.000000
982.000000 448.000000 11.000000
1048.000000 448.000000 14.000000
998.000000 449.000000 11.000000
1027.000000 450.000000 14.000000
1012.000000 452.000000 9.000000
