0.176000 0.068800 0.013600
0.206400 0.068800 0.008800
0.218400 0.068800 0.008800
0.192800 0.069600 0.008800
0.230400 0.069600 0.008800
0.242400 0.069600 0.008800
0.820000 0.074400 0.021600
0.833600 0.074400 0.022400
0.157600 0.103200 0.016000
0.176800 0.104000 0.012800
0.195200 0.104800 0.012800
0.217600 0.104800 0.019200
0.626400 0.105600 0.011200
0.671200 0.105600 0.013600
0.756800 0.105600 0.008800
0.765600 0.105600 0.016000
0.782400 0.105600 0.013600
0.230400 0.106400 0.007200
0.583200 0.106400 0.011200
0.642400 0.106400 0.008800
0.791200 0.106400 0.005600
0.241600 0.107200 0.007200
0.253600 0.107200 0.008800
0.468800 0.107200 0.008800
0.507200 0.107200 0.016000
0.513600 0.107200 0.021600
0.598400 0.107200 0.008800
0.657600 0.107200 0.009600
0.743200 0.107200 0.008800
0.807200 0.107200 0.013600
0.820800 0.107200 0.008800
0.267200 0.108000 0.008800
0.568000 0.108000 0.008800
0.611200 0.108000 0.008800
0.702400 0.108000 0.010400
0.718400 0.108000 0.008800
0.831200 0.108000 0.016800
0.280800 0.108800 0.008800
0.292800 0.108800 0.008800
0.364000 0.108800 0.011200
0.380000 0.108800 0.008800
0.393600 0.108800 0.008800
0.407200 0.108800 0.007200
0.418400 0.108800 0.007200
0.484800 0.108800 0.011200
0.496000 0.108800 0.005600
0.526400 0.108800 0.008800
0.540000 0.108800 0.009600
0.555200 0.108800 0.008800
0.689600 0.108800 0.007200
0.732000 0.108800 0.008800
0.307200 0.109600 0.008800
0.320000 0.109600 0.008800
0.346400 0.109600 0.010400
0.427200 0.109600 0.005600
0.443200 0.109600 0.013600
0.455200 0.109600 0.008800
0.332800 0.110400 0.008800
0.173600 0.127200 0.011200
0.157600 0.128000 0.010400
0.668800 0.128800 0.011200
0.783200 0.128800 0.008800
0.827200 0.128800 0.007200
0.191200 0.129600 0.009600
0.221600 0.129600 0.011200
0.234400 0.129600 0.005600
0.254400 0.129600 0.007200
0.361600 0.129600 0.010400
0.578400 0.129600 0.011200
0.736800 0.129600 0.005600
0.770400 0.129600 0.008800
0.807200 0.129600 0.004800
0.815200 0.129600 0.008800
0.838400 0.129600 0.016800
0.268000 0.130400 0.008800
0.281600 0.130400 0.008800
0.298400 0.130400 0.011200
0.412800 0.130400 0.011200
0.636800 0.130400 0.010400
0.652800 0.130400 0.008800
0.708000 0.130400 0.011200
0.750400 0.130400 0.013600
0.796000 0.130400 0.008800
0.205600 0.131200 0.008800
0.244000 0.131200 0.008800
0.316000 0.131200 0.009600
0.332000 0.131200 0.009600
0.345600 0.131200 0.008800
0.374400 0.131200 0.007200
0.385600 0.131200 0.008000
0.397600 0.131200 0.008800
0.433600 0.131200 0.010400
0.545600 0.131200 0.008800
0.561600 0.131200 0.010400
0.595200 0.131200 0.008800
0.607200 0.131200 0.008800
0.620800 0.131200 0.008800
0.725600 0.131200 0.011200
0.466400 0.132000 0.010400
0.483200 0.132000 0.008800
0.494400 0.132000 0.005600
0.688800 0.132000 0.012000
0.450400 0.132800 0.011200
0.508000 0.132800 0.011200
0.534400 0.132800 0.005600
0.524800 0.133600 0.013600
0.156000 0.149600 0.012800
0.174400 0.150400 0.010400
0.768800 0.150400 0.011200
0.192800 0.151200 0.010400
0.747200 0.151200 0.011200
0.810400 0.151200 0.008800
0.821600 0.151200 0.008800
0.252000 0.152000 0.011200
0.320800 0.152000 0.009600
0.428000 0.152000 0.011200
0.637600 0.152000 0.010400
0.656000 0.152000 0.012000
0.676800 0.152000 0.011200
0.799200 0.152000 0.008800
0.208800 0.152800 0.008800
0.224000 0.152800 0.009600
0.272000 0.152800 0.008800
0.284800 0.152800 0.008800
0.304000 0.152800 0.012800
0.339200 0.152800 0.010400
0.355200 0.152800 0.010400
0.409600 0.152800 0.010400
0.728000 0.152800 0.011200
0.785600 0.152800 0.008800
0.832800 0.152800 0.016000
0.236800 0.153600 0.008800
0.607200 0.153600 0.011200
0.624000 0.153600 0.010400
0.711200 0.153600 0.011200
0.373600 0.154400 0.011200
0.391200 0.154400 0.010400
0.504800 0.154400 0.011200
0.535200 0.154400 0.010400
0.554400 0.154400 0.011200
0.575200 0.154400 0.011200
0.694400 0.154400 0.010400
0.467200 0.155200 0.010400
0.483200 0.155200 0.010400
0.520000 0.155200 0.008800
0.591200 0.155200 0.008800
0.444000 0.156000 0.011200
0.452800 0.156000 0.008800
0.198400 0.171200 0.007200
0.212800 0.172000 0.008800
0.190400 0.172800 0.013600
0.664800 0.172800 0.013600
0.156800 0.173600 0.013600
0.173600 0.173600 0.011200
0.228000 0.173600 0.010400
0.280000 0.173600 0.008800
0.292000 0.173600 0.008800
0.308800 0.173600 0.011200
0.328800 0.173600 0.011200
0.343200 0.173600 0.013600
0.384800 0.173600 0.010400
0.833600 0.173600 0.009600
0.245600 0.174400 0.011200
0.264000 0.174400 0.011200
0.403200 0.174400 0.009600
0.435200 0.174400 0.008800
0.648000 0.174400 0.011200
0.772000 0.174400 0.004000
0.789600 0.174400 0.008800
0.366400 0.175200 0.011200
0.420000 0.175200 0.010400
0.501600 0.175200 0.012800
0.686400 0.175200 0.008800
0.778400 0.175200 0.005600
0.804000 0.175200 0.010400
0.819200 0.175200 0.009600
0.445600 0.176000 0.007200
0.456800 0.176000 0.008800
0.488000 0.176000 0.009600
0.607200 0.176000 0.005600
0.632000 0.176000 0.008800
0.730400 0.176000 0.008000
0.743200 0.176000 0.008800
0.755200 0.176000 0.008800
0.765600 0.176000 0.011200
0.350400 0.176800 0.013600
0.472800 0.176800 0.008800
0.520800 0.176800 0.008800
0.552000 0.176800 0.009600
0.566400 0.176800 0.008800
0.594400 0.176800 0.008800
0.617600 0.176800 0.008800
0.699200 0.176800 0.008800
0.719200 0.176800 0.013600
0.509600 0.177600 0.013600
0.536800 0.177600 0.009600
0.579200 0.177600 0.008800
0.388000 0.194400 0.011200
0.192800 0.195200 0.011200
0.832800 0.195200 0.012000
0.256000 0.196000 0.008800
0.318400 0.196000 0.005600
0.327200 0.196000 0.013600
0.371200 0.196000 0.010400
0.424800 0.196000 0.011200
0.444000 0.196000 0.011200
0.816800 0.196000 0.012800
0.160000 0.196800 0.013600
0.176000 0.196800 0.008800
0.209600 0.196800 0.009600
0.224800 0.196800 0.010400
0.240800 0.196800 0.010400
0.305600 0.196800 0.011200
0.355200 0.196800 0.008800
0.407200 0.196800 0.011200
0.493600 0.196800 0.005600
0.550400 0.196800 0.006400
0.711200 0.196800 0.012800
0.770400 0.196800 0.008800
0.783200 0.196800 0.008800
0.796800 0.196800 0.011200
0.272800 0.197600 0.011200
0.341600 0.197600 0.008800
0.463200 0.197600 0.011200
0.481600 0.197600 0.011200
0.504000 0.197600 0.008800
0.563200 0.197600 0.010400
0.632800 0.197600 0.011200
0.649600 0.197600 0.010400
0.666400 0.197600 0.010400
0.680000 0.197600 0.008800
0.700800 0.197600 0.014400
0.718400 0.197600 0.013600
0.730400 0.197600 0.008800
0.742400 0.197600 0.008800
0.756800 0.197600 0.009600
0.289600 0.198400 0.011200
0.578400 0.198400 0.008000
0.589600 0.198400 0.008800
0.603200 0.198400 0.008800
0.694400 0.198400 0.012000
0.520800 0.199200 0.011200
0.538400 0.199200 0.011200
0.616000 0.199200 0.008800
0.260800 0.223200 0.011200
0.235200 0.224000 0.016800
0.688000 0.224000 0.013600
0.800800 0.224000 0.005600
0.813600 0.224000 0.016800
0.204800 0.224800 0.012800
0.244000 0.224800 0.015200
0.742400 0.224800 0.011200
0.773600 0.224800 0.009600
0.788000 0.224800 0.009600
0.278400 0.225600 0.008800
0.288800 0.225600 0.005600
0.302400 0.225600 0.011200
0.439200 0.225600 0.010400
0.457600 0.225600 0.011200
0.556800 0.225600 0.012800
0.590400 0.225600 0.011200
0.609600 0.225600 0.011200
0.628800 0.225600 0.012800
0.724800 0.225600 0.010400
0.759200 0.225600 0.008800
0.188000 0.226400 0.013600
0.222400 0.226400 0.008800
0.359200 0.226400 0.011200
0.403200 0.226400 0.012000
0.421600 0.226400 0.010400
0.646400 0.226400 0.012800
0.322400 0.227200 0.011200
0.340000 0.227200 0.011200
0.375200 0.227200 0.008800
0.475200 0.227200 0.011200
0.495200 0.227200 0.013600
0.517600 0.227200 0.011200
0.574400 0.227200 0.010400
0.665600 0.227200 0.012800
0.707200 0.227200 0.012800
0.536000 0.228000 0.012000
0.387200 0.229600 0.005600
0.808800 0.245600 0.013600
0.210400 0.247200 0.005600
0.220800 0.247200 0.013600
0.250400 0.247200 0.011200
0.278400 0.247200 0.012800
0.740000 0.247200 0.009600
0.800800 0.247200 0.007200
0.184800 0.248000 0.011200
0.237600 0.248000 0.005600
0.431200 0.248000 0.011200
0.539200 0.248000 0.011200
0.547200 0.248000 0.005600
0.725600 0.248000 0.008800
0.755200 0.248000 0.008800
0.769600 0.248000 0.008800
0.783200 0.248000 0.012800
0.791200 0.248000 0.005600
0.198400 0.248800 0.010400
0.260000 0.248800 0.013600
0.292000 0.248800 0.008800
0.524000 0.248800 0.011200
0.555200 0.248800 0.008800
0.582400 0.248800 0.009600
0.641600 0.248800 0.010400
0.672000 0.248800 0.010400
0.692000 0.248800 0.012000
0.307200 0.249600 0.011200
0.342400 0.249600 0.010400
0.360000 0.249600 0.011200
0.383200 0.249600 0.005600
0.391200 0.249600 0.012800
0.404000 0.249600 0.007200
0.415200 0.249600 0.008800
0.452000 0.249600 0.012800
0.508000 0.249600 0.008800
0.600000 0.249600 0.010400
0.614400 0.249600 0.008800
0.624800 0.249600 0.005600
0.711200 0.249600 0.009600
0.327200 0.250400 0.011200
0.373600 0.250400 0.012800
0.568000 0.250400 0.008800
0.656000 0.250400 0.010400
0.466400 0.251200 0.009600
0.481600 0.251200 0.008800
0.494400 0.251200 0.008800
0.872000 0.261600 0.024800
0.807200 0.265600 0.010400
0.236800 0.268800 0.005600
0.372000 0.268800 0.007200
0.360000 0.269600 0.009600
0.612800 0.269600 0.010400
0.768000 0.269600 0.012000
0.788000 0.269600 0.011200
0.244800 0.270400 0.013600
0.260000 0.270400 0.011200
0.277600 0.270400 0.010400
0.386400 0.270400 0.011200
0.464000 0.270400 0.005600
0.650400 0.270400 0.009600
0.680000 0.270400 0.008800
0.717600 0.270400 0.012000
0.736000 0.270400 0.011200
0.752000 0.270400 0.010400
0.185600 0.271200 0.013600
0.296000 0.271200 0.011200
0.313600 0.271200 0.010400
0.344000 0.271200 0.011200
0.405600 0.271200 0.010400
0.420800 0.271200 0.008800
0.453600 0.271200 0.013600
0.470400 0.271200 0.011200
0.485600 0.271200 0.008800
0.515200 0.271200 0.012000
0.536000 0.271200 0.012000
0.581600 0.271200 0.010400
0.596800 0.271200 0.008800
0.632000 0.271200 0.012000
0.665600 0.271200 0.009600
0.697600 0.271200 0.011200
0.206400 0.272000 0.011200
0.224000 0.272000 0.011200
0.433600 0.272000 0.011200
0.499200 0.272000 0.008800
0.552800 0.272000 0.010400
0.566400 0.272000 0.008800
0.332800 0.272800 0.012000
0.871200 0.278400 0.031200
0.872000 0.291200 0.008800
0.788000 0.296000 0.010400
0.422400 0.296800 0.011200
0.808800 0.296800 0.013600
0.272000 0.297600 0.008800
0.306400 0.297600 0.011200
0.581600 0.297600 0.011200
0.610400 0.297600 0.008800
0.628800 0.297600 0.012000
0.643200 0.297600 0.008800
0.674400 0.297600 0.011200
0.692000 0.297600 0.011200
0.773600 0.297600 0.008800
0.822400 0.297600 0.008800
0.157600 0.298400 0.013600
0.230400 0.298400 0.011200
0.288000 0.298400 0.011200
0.321600 0.298400 0.016800
0.376000 0.298400 0.011200
0.406400 0.298400 0.008800
0.596800 0.298400 0.008800
0.657600 0.298400 0.008800
0.708000 0.298400 0.010400
0.836800 0.298400 0.020000
0.211200 0.299200 0.012000
0.246400 0.299200 0.008800
0.259200 0.299200 0.008800
0.328000 0.299200 0.012800
0.392000 0.299200 0.008800
0.436800 0.299200 0.008800
0.452800 0.299200 0.012800
0.472800 0.299200 0.011200
0.487200 0.299200 0.008800
0.499200 0.299200 0.008800
0.564000 0.299200 0.011200
0.723200 0.299200 0.011200
0.739200 0.299200 0.011200
0.756000 0.299200 0.012800
0.360800 0.300000 0.011200
0.516000 0.300000 0.011200
0.173600 0.300800 0.011200
0.192800 0.300800 0.012000
0.344800 0.300800 0.010400
0.532000 0.300800 0.011200
0.548800 0.300800 0.010400
0.872000 0.302400 0.008800
0.871200 0.312000 0.004800
0.374400 0.321600 0.009600
0.594400 0.321600 0.008800
0.871200 0.321600 0.014400
0.288000 0.322400 0.007200
0.392000 0.322400 0.011200
0.407200 0.322400 0.010400
0.424000 0.322400 0.009600
0.525600 0.322400 0.005600
0.536000 0.322400 0.008800
0.604000 0.322400 0.004800
0.614400 0.322400 0.011200
0.641600 0.322400 0.008800
0.656000 0.322400 0.008800
0.691200 0.322400 0.011200
0.769600 0.322400 0.008800
0.819200 0.322400 0.011200
0.836000 0.322400 0.011200
0.159200 0.323200 0.011200
0.210400 0.323200 0.008800
0.224000 0.323200 0.008800
0.255200 0.323200 0.010400
0.296800 0.323200 0.013600
0.310400 0.323200 0.008800
0.343200 0.323200 0.009600
0.358400 0.323200 0.009600
0.449600 0.323200 0.008800
0.462400 0.323200 0.008800
0.476800 0.323200 0.008800
0.552800 0.323200 0.010400
0.672800 0.323200 0.011200
0.709600 0.323200 0.012800
0.757600 0.323200 0.008000
0.784000 0.323200 0.010400
0.801600 0.323200 0.011200
0.175200 0.324000 0.012000
0.196000 0.324000 0.009600
0.239200 0.324000 0.011200
0.272800 0.324000 0.011200
0.328000 0.324000 0.011200
0.489600 0.324000 0.008800
0.501600 0.324000 0.008800
0.515200 0.324000 0.008000
0.581600 0.324000 0.008800
0.628800 0.324000 0.008800
0.731200 0.324000 0.011200
0.745600 0.324000 0.008800
0.438400 0.324800 0.008000
0.568000 0.324800 0.010400
0.328000 0.344000 0.007200
0.424800 0.344000 0.009600
0.511200 0.344000 0.005600
0.519200 0.344000 0.008800
0.532000 0.344000 0.008800
0.630400 0.344000 0.011200
0.888800 0.344000 0.016800
0.160000 0.344800 0.012000
0.177600 0.344800 0.010400
0.196000 0.344800 0.010400
0.212800 0.344800 0.011200
0.396000 0.344800 0.008000
0.408800 0.344800 0.008800
0.441600 0.344800 0.009600
0.544800 0.344800 0.008800
0.572000 0.344800 0.007200
0.658400 0.344800 0.008800
0.822400 0.344800 0.010400
0.838400 0.344800 0.011200
0.230400 0.345600 0.012800
0.254400 0.345600 0.012000
0.296000 0.345600 0.011200
0.367200 0.345600 0.011200
0.457600 0.345600 0.009600
0.488800 0.345600 0.009600
0.502400 0.345600 0.005600
0.561600 0.345600 0.008800
0.584000 0.345600 0.008800
0.597600 0.345600 0.008800
0.614400 0.345600 0.010400
0.274400 0.346400 0.012000
0.312800 0.346400 0.011200
0.336800 0.346400 0.008800
0.474400 0.346400 0.008800
0.645600 0.346400 0.008800
0.804800 0.346400 0.009600
0.350400 0.347200 0.008800
0.383200 0.347200 0.008800
0.676000 0.347200 0.012800
0.714400 0.347200 0.011200
0.734400 0.347200 0.010400
0.752800 0.347200 0.010400
0.770400 0.347200 0.011200
0.787200 0.347200 0.009600
0.697600 0.348000 0.009600
0.820000 0.364800 0.011200
0.199200 0.365600 0.011200
0.392000 0.365600 0.011200
0.806400 0.365600 0.008800
0.834400 0.365600 0.012800
0.409600 0.366400 0.012800
0.428800 0.366400 0.008800
0.474400 0.366400 0.011200
0.494400 0.366400 0.011200
0.594400 0.366400 0.010400
0.612000 0.366400 0.011200
0.791200 0.366400 0.008800
0.156800 0.367200 0.019200
0.217600 0.367200 0.011200
0.251200 0.367200 0.010400
0.440800 0.367200 0.008800
0.456000 0.367200 0.011200
0.536800 0.367200 0.010400
0.570400 0.367200 0.015200
0.628800 0.367200 0.011200
0.730400 0.367200 0.011200
0.169600 0.368000 0.008800
0.183200 0.368000 0.010400
0.235200 0.368000 0.011200
0.304800 0.368000 0.011200
0.332000 0.368000 0.005600
0.508000 0.368000 0.008800
0.521600 0.368000 0.009600
0.553600 0.368000 0.011200
0.645600 0.368000 0.011200
0.776000 0.368000 0.008800
0.268000 0.368800 0.010400
0.284800 0.368800 0.011200
0.360800 0.368800 0.008800
0.375200 0.368800 0.011200
0.680000 0.368800 0.008800
0.746400 0.368800 0.011200
0.761600 0.368800 0.009600
0.322400 0.369600 0.015200
0.664800 0.369600 0.012800
0.696000 0.369600 0.009600
0.711200 0.369600 0.010400
0.344800 0.370400 0.011200
