0.216000 0.056000 0.008800
0.228800 0.056000 0.008800
0.180000 0.056800 0.016800
0.200000 0.056800 0.011200
0.242400 0.056800 0.008800
0.253600 0.056800 0.008800
0.819200 0.060000 0.016800
0.828800 0.060800 0.020000
0.631200 0.091200 0.011200
0.815200 0.091200 0.010400
0.186400 0.092000 0.011200
0.572000 0.092000 0.011200
0.648800 0.092000 0.011200
0.737600 0.092000 0.010400
0.789600 0.092000 0.008000
0.829600 0.092000 0.008800
0.614400 0.092800 0.011200
0.720800 0.092800 0.008800
0.780000 0.092800 0.005600
0.800800 0.092800 0.008800
0.840800 0.092800 0.016800
0.218400 0.093600 0.011200
0.233600 0.093600 0.008800
0.251200 0.093600 0.011200
0.450400 0.093600 0.013600
0.511200 0.093600 0.011200
0.528000 0.093600 0.009600
0.599200 0.093600 0.008800
0.752800 0.093600 0.008800
0.334400 0.094400 0.013600
0.340800 0.094400 0.013600
0.355200 0.094400 0.010400
0.412000 0.094400 0.005600
0.423200 0.094400 0.008800
0.438400 0.094400 0.010400
0.455200 0.094400 0.011200
0.468000 0.094400 0.012800
0.476000 0.094400 0.004800
0.484800 0.094400 0.008800
0.541600 0.094400 0.008800
0.558400 0.094400 0.011200
0.588000 0.094400 0.008800
0.664800 0.094400 0.010400
0.680000 0.094400 0.013600
0.768800 0.094400 0.008800
0.156800 0.095200 0.013600
0.202400 0.095200 0.009600
0.321600 0.095200 0.009600
0.372800 0.095200 0.008800
0.386400 0.095200 0.008800
0.702400 0.095200 0.012000
0.170400 0.096000 0.008800
0.265600 0.096000 0.008800
0.402400 0.096000 0.008800
0.496800 0.096000 0.008800
0.277600 0.096800 0.008800
0.292800 0.096800 0.009600
0.306400 0.097600 0.008800
0.724000 0.112000 0.011200
0.740800 0.112800 0.008800
0.797600 0.112800 0.009600
0.708000 0.113600 0.010400
0.371200 0.114400 0.010400
0.404800 0.114400 0.010400
0.422400 0.114400 0.011200
0.660800 0.114400 0.008800
0.676800 0.114400 0.010400
0.756000 0.114400 0.009600
0.769600 0.114400 0.008800
0.812800 0.114400 0.009600
0.827200 0.114400 0.008800
0.209600 0.115200 0.011200
0.354400 0.115200 0.008800
0.464000 0.115200 0.011200
0.484000 0.115200 0.011200
0.547200 0.115200 0.008800
0.561600 0.115200 0.008800
0.576000 0.115200 0.008800
0.599200 0.115200 0.008000
0.630400 0.115200 0.010400
0.647200 0.115200 0.008800
0.692000 0.115200 0.008800
0.782400 0.115200 0.008800
0.840800 0.115200 0.011200
0.229600 0.116000 0.010400
0.285600 0.116000 0.010400
0.316000 0.116000 0.009600
0.388000 0.116000 0.009600
0.441600 0.116000 0.012800
0.528000 0.116000 0.011200
0.588800 0.116000 0.008800
0.609600 0.116000 0.004800
0.617600 0.116000 0.008800
0.174400 0.116800 0.011200
0.192000 0.116800 0.009600
0.244000 0.116800 0.008800
0.260000 0.116800 0.012800
0.269600 0.116800 0.007200
0.329600 0.116800 0.008800
0.341600 0.116800 0.008000
0.500800 0.116800 0.008800
0.514400 0.116800 0.008800
0.158400 0.117600 0.010400
0.300800 0.117600 0.008800
0.599200 0.133600 0.011200
0.750400 0.133600 0.010400
0.572000 0.134400 0.008800
0.657600 0.134400 0.008800
0.798400 0.134400 0.008800
0.158400 0.135200 0.011200
0.360000 0.135200 0.013600
0.416800 0.135200 0.008800
0.429600 0.135200 0.007200
0.481600 0.135200 0.005600
0.494400 0.135200 0.010400
0.540800 0.135200 0.008800
0.555200 0.135200 0.008800
0.583200 0.135200 0.007200
0.615200 0.135200 0.011200
0.672800 0.135200 0.009600
0.690400 0.135200 0.009600
0.704800 0.135200 0.008800
0.768000 0.135200 0.011200
0.786400 0.135200 0.008800
0.828000 0.135200 0.008000
0.840000 0.135200 0.008800
0.214400 0.136000 0.008800
0.259200 0.136000 0.011200
0.275200 0.136000 0.008800
0.313600 0.136000 0.011200
0.347200 0.136000 0.008800
0.402400 0.136000 0.011200
0.451200 0.136000 0.008800
0.624800 0.136000 0.011200
0.640800 0.136000 0.010400
0.718400 0.136000 0.008800
0.734400 0.136000 0.009600
0.814400 0.136000 0.009600
0.227200 0.136800 0.010400
0.241600 0.136800 0.008800
0.298400 0.136800 0.008800
0.332000 0.136800 0.009600
0.437600 0.136800 0.008800
0.466400 0.136800 0.011200
0.474400 0.136800 0.004800
0.512800 0.136800 0.008800
0.526400 0.136800 0.008800
0.171200 0.137600 0.007200
0.200800 0.137600 0.008800
0.286400 0.137600 0.008800
0.366400 0.137600 0.012800
0.381600 0.137600 0.010400
0.186400 0.138400 0.011200
0.572000 0.154400 0.008800
0.720800 0.154400 0.011200
0.410400 0.155200 0.005600
0.586400 0.155200 0.008800
0.599200 0.155200 0.008800
0.789600 0.155200 0.010400
0.836800 0.155200 0.008000
0.433600 0.156000 0.010400
0.503200 0.156000 0.008800
0.560000 0.156000 0.008800
0.615200 0.156000 0.011200
0.657600 0.156000 0.008000
0.672800 0.156000 0.011200
0.692000 0.156000 0.011200
0.705600 0.156000 0.008800
0.740800 0.156000 0.011200
0.760800 0.156000 0.011200
0.848800 0.156000 0.016000
0.385600 0.156800 0.009600
0.417600 0.156800 0.012000
0.464800 0.156800 0.010400
0.479200 0.156800 0.008800
0.545600 0.156800 0.005600
0.633600 0.156800 0.008800
0.646400 0.156800 0.008800
0.807200 0.156800 0.010400
0.824000 0.156800 0.010400
0.225600 0.157600 0.009600
0.276800 0.157600 0.011200
0.320800 0.157600 0.008800
0.351200 0.157600 0.010400
0.370400 0.157600 0.010400
0.400800 0.157600 0.008800
0.448800 0.157600 0.008800
0.520800 0.157600 0.011200
0.536000 0.157600 0.008800
0.774400 0.157600 0.008800
0.208800 0.158400 0.011200
0.261600 0.158400 0.013600
0.308000 0.158400 0.008800
0.335200 0.158400 0.008800
0.491200 0.158400 0.007200
0.192800 0.159200 0.009600
0.240000 0.159200 0.008800
0.254400 0.159200 0.013600
0.294400 0.159200 0.009600
0.159200 0.160000 0.011200
0.173600 0.160000 0.011200
0.584800 0.176000 0.011200
0.788800 0.176000 0.013600
0.568000 0.176800 0.011200
0.603200 0.176800 0.011200
0.623200 0.176800 0.011200
0.638400 0.176800 0.008800
0.775200 0.176800 0.009600
0.794400 0.176800 0.012000
0.852000 0.176800 0.018400
0.389600 0.177600 0.013600
0.550400 0.177600 0.008800
0.654400 0.177600 0.011200
0.689600 0.177600 0.010400
0.705600 0.177600 0.011200
0.724000 0.177600 0.011200
0.742400 0.177600 0.010400
0.759200 0.177600 0.009600
0.809600 0.177600 0.009600
0.825600 0.177600 0.010400
0.842400 0.177600 0.015200
0.188800 0.178400 0.008800
0.445600 0.178400 0.012800
0.464000 0.178400 0.011200
0.476800 0.178400 0.008800
0.489600 0.178400 0.010400
0.674400 0.178400 0.010400
0.375200 0.179200 0.011200
0.396000 0.179200 0.012800
0.411200 0.179200 0.010400
0.426400 0.179200 0.008800
0.506400 0.179200 0.008800
0.520800 0.179200 0.011200
0.536800 0.179200 0.008800
0.172800 0.180000 0.009600
0.230400 0.180000 0.005600
0.244000 0.180000 0.009600
0.257600 0.180000 0.008800
0.320000 0.180000 0.010400
0.336000 0.180000 0.008800
0.158400 0.180800 0.011200
0.203200 0.180800 0.010400
0.219200 0.180800 0.011200
0.271200 0.180800 0.008800
0.288800 0.180800 0.011200
0.304000 0.180800 0.008800
0.357600 0.180800 0.013600
0.416000 0.202400 0.013600
0.535200 0.202400 0.005600
0.548000 0.202400 0.009600
0.748800 0.202400 0.009600
0.368800 0.203200 0.007200
0.399200 0.203200 0.013600
0.465600 0.203200 0.010400
0.565600 0.203200 0.011200
0.606400 0.203200 0.008800
0.681600 0.203200 0.008800
0.692000 0.203200 0.005600
0.761600 0.203200 0.005600
0.807200 0.203200 0.008800
0.270400 0.204000 0.009600
0.284800 0.204000 0.008800
0.332800 0.204000 0.010400
0.389600 0.204000 0.005600
0.480800 0.204000 0.009600
0.496800 0.204000 0.011200
0.525600 0.204000 0.008000
0.618400 0.204000 0.008800
0.667200 0.204000 0.008800
0.734400 0.204000 0.008800
0.789600 0.204000 0.011200
0.824000 0.204000 0.011200
0.236000 0.204800 0.008800
0.252000 0.204800 0.011200
0.296800 0.204800 0.007200
0.305600 0.204800 0.005600
0.346400 0.204800 0.005600
0.356000 0.204800 0.008800
0.380000 0.204800 0.007200
0.435200 0.204800 0.008800
0.449600 0.204800 0.009600
0.512800 0.204800 0.008800
0.592000 0.204800 0.008800
0.633600 0.204800 0.010400
0.702400 0.204800 0.008800
0.719200 0.204800 0.011200
0.773600 0.204800 0.009600
0.215200 0.205600 0.014400
0.316000 0.205600 0.013600
0.423200 0.205600 0.013600
0.578400 0.205600 0.008800
0.650400 0.205600 0.011200
0.180000 0.206400 0.016800
0.191200 0.207200 0.016000
0.202400 0.207200 0.005600
0.787200 0.223200 0.005600
0.813600 0.223200 0.012800
0.715200 0.224000 0.008800
0.797600 0.224000 0.011200
0.570400 0.224800 0.010400
0.666400 0.224800 0.012800
0.683200 0.224800 0.011200
0.705600 0.224800 0.005600
0.744000 0.224800 0.011200
0.775200 0.224800 0.008800
0.328000 0.225600 0.010400
0.344000 0.225600 0.011200
0.395200 0.225600 0.010400
0.447200 0.225600 0.011200
0.478400 0.225600 0.008800
0.534400 0.225600 0.011200
0.552000 0.225600 0.011200
0.584000 0.225600 0.008800
0.599200 0.225600 0.009600
0.641600 0.225600 0.004800
0.649600 0.225600 0.005600
0.731200 0.225600 0.009600
0.760800 0.225600 0.008000
0.214400 0.226400 0.013600
0.224800 0.226400 0.005600
0.247200 0.226400 0.010400
0.280800 0.226400 0.008800
0.308800 0.226400 0.010400
0.412000 0.226400 0.010400
0.464800 0.226400 0.009600
0.615200 0.226400 0.009600
0.631200 0.226400 0.008800
0.696800 0.226400 0.008800
0.749600 0.226400 0.011200
0.183200 0.227200 0.013600
0.233600 0.227200 0.008800
0.264800 0.227200 0.010400
0.293600 0.227200 0.008800
0.363200 0.227200 0.011200
0.380000 0.227200 0.008800
0.429600 0.227200 0.010400
0.490400 0.227200 0.008800
0.502400 0.227200 0.005600
0.514400 0.227200 0.012800
0.192800 0.228000 0.011200
0.772000 0.244000 0.011200
0.599200 0.244800 0.010400
0.784000 0.244800 0.007200
0.798400 0.244800 0.010400
0.813600 0.244800 0.011200
0.320800 0.245600 0.011200
0.729600 0.245600 0.009600
0.765600 0.245600 0.005600
0.358400 0.246400 0.010400
0.534400 0.246400 0.007200
0.546400 0.246400 0.008800
0.564000 0.246400 0.009600
0.581600 0.246400 0.010400
0.649600 0.246400 0.008800
0.676000 0.246400 0.010400
0.712800 0.246400 0.010400
0.744000 0.246400 0.008800
0.756000 0.246400 0.008800
0.220000 0.247200 0.009600
0.284800 0.247200 0.011200
0.303200 0.247200 0.008800
0.339200 0.247200 0.011200
0.402400 0.247200 0.008000
0.414400 0.247200 0.008800
0.428000 0.247200 0.008800
0.472800 0.247200 0.011200
0.484000 0.247200 0.007200
0.614400 0.247200 0.008800
0.629600 0.247200 0.009600
0.642400 0.247200 0.013600
0.660800 0.247200 0.008800
0.693600 0.247200 0.011200
0.257600 0.248000 0.011200
0.272000 0.248000 0.008800
0.374400 0.248000 0.008800
0.388000 0.248000 0.008800
0.444000 0.248000 0.009600
0.206400 0.248800 0.008800
0.239200 0.248800 0.011200
0.456800 0.248800 0.008800
0.522400 0.248800 0.008000
0.191200 0.249600 0.011200
0.496000 0.249600 0.008800
0.509600 0.249600 0.008800
0.544800 0.266400 0.012000
0.564000 0.266400 0.011200
0.583200 0.266400 0.011200
0.597600 0.266400 0.008800
0.628000 0.266400 0.009600
0.639200 0.266400 0.010400
0.278400 0.267200 0.008800
0.358400 0.267200 0.007200
0.378400 0.267200 0.013600
0.402400 0.267200 0.011200
0.480000 0.267200 0.009600
0.494400 0.267200 0.008800
0.526400 0.267200 0.010400
0.661600 0.267200 0.011200
0.248800 0.268000 0.008800
0.262400 0.268000 0.008800
0.292000 0.268000 0.008800
0.312000 0.268000 0.013600
0.334400 0.268000 0.008800
0.348000 0.268000 0.008800
0.444000 0.268000 0.008800
0.456000 0.268000 0.008800
0.509600 0.268000 0.009600
0.611200 0.268000 0.008800
0.185600 0.268800 0.012000
0.219200 0.268800 0.008800
0.468000 0.268800 0.005600
0.204000 0.269600 0.010400
0.235200 0.269600 0.009600
0.425600 0.269600 0.013600
0.795200 0.274400 0.011200
0.819200 0.275200 0.013600
0.811200 0.276000 0.005600
0.828800 0.276000 0.008800
0.554400 0.291200 0.012800
0.616000 0.291200 0.011200
0.738400 0.291200 0.011200
0.755200 0.291200 0.011200
0.260800 0.292000 0.016000
0.356000 0.292000 0.011200
0.372000 0.292000 0.011200
0.493600 0.292000 0.011200
0.510400 0.292000 0.011200
0.539200 0.292000 0.008800
0.574400 0.292000 0.010400
0.631200 0.292000 0.010400
0.776800 0.292000 0.013600
0.321600 0.292800 0.010400
0.351200 0.292800 0.012800
0.390400 0.292800 0.011200
0.475200 0.292800 0.011200
0.524800 0.292800 0.008800
0.587200 0.292800 0.008800
0.599200 0.292800 0.008800
0.662400 0.292800 0.011200
0.681600 0.292800 0.013600
0.701600 0.292800 0.011200
0.720000 0.292800 0.011200
0.249600 0.293600 0.013600
0.267200 0.293600 0.012800
0.306400 0.293600 0.008800
0.408000 0.293600 0.011200
0.648000 0.293600 0.011200
0.820000 0.293600 0.005600
0.831200 0.293600 0.008800
0.212800 0.294400 0.011200
0.293600 0.294400 0.008800
0.426400 0.294400 0.013600
0.456800 0.294400 0.012800
0.812800 0.294400 0.012000
0.844800 0.294400 0.011200
0.160000 0.295200 0.013600
0.280800 0.295200 0.008800
0.338400 0.295200 0.011200
0.437600 0.295200 0.013600
0.793600 0.295200 0.013600
0.197600 0.296000 0.008800
0.242400 0.296000 0.004800
0.804000 0.296000 0.004000
0.231200 0.296800 0.013600
0.176800 0.297600 0.011200
0.188000 0.297600 0.005600
0.813600 0.314400 0.009600
0.300000 0.315200 0.011200
0.318400 0.315200 0.011200
0.551200 0.315200 0.012000
0.570400 0.315200 0.010400
0.616800 0.315200 0.011200
0.847200 0.315200 0.011200
0.335200 0.316000 0.008800
0.352000 0.316000 0.011200
0.370400 0.316000 0.010400
0.386400 0.316000 0.011200
0.403200 0.316000 0.010400
0.433600 0.316000 0.011200
0.469600 0.316000 0.010400
0.483200 0.316000 0.015200
0.491200 0.316000 0.013600
0.505600 0.316000 0.010400
0.637600 0.316000 0.012000
0.690400 0.316000 0.011200
0.828000 0.316000 0.012800
0.833600 0.316000 0.012800
0.204800 0.316800 0.011200
0.280000 0.316800 0.011200
0.416800 0.316800 0.008800
0.520000 0.316800 0.008800
0.533600 0.316800 0.008800
0.585600 0.316800 0.008800
0.674400 0.316800 0.011200
0.157600 0.317600 0.012000
0.219200 0.317600 0.008800
0.231200 0.317600 0.008800
0.248000 0.317600 0.009600
0.264000 0.317600 0.008800
0.452000 0.317600 0.011200
0.598400 0.317600 0.010400
0.656000 0.317600 0.011200
0.708000 0.317600 0.009600
0.738400 0.317600 0.012000
0.795200 0.317600 0.011200
0.174400 0.318400 0.008800
0.188000 0.318400 0.008800
0.721600 0.318400 0.008800
0.775200 0.318400 0.012000
0.758400 0.319200 0.011200
0.258400 0.337600 0.010400
0.333600 0.337600 0.011200
0.352800 0.337600 0.011200
0.399200 0.337600 0.012000
0.444000 0.337600 0.011200
0.590400 0.337600 0.008000
0.240800 0.338400 0.012000
0.304000 0.338400 0.008800
0.316800 0.338400 0.008800
0.372800 0.338400 0.011200
0.392000 0.338400 0.005600
0.578400 0.338400 0.008000
0.663200 0.338400 0.011200
0.801600 0.338400 0.011200
0.233600 0.339200 0.016000
0.427200 0.339200 0.008800
0.619200 0.339200 0.008800
0.648000 0.339200 0.008800
0.692800 0.339200 0.012800
0.784000 0.339200 0.009600
0.841600 0.339200 0.011200
0.174400 0.340000 0.010400
0.209600 0.340000 0.011200
0.275200 0.340000 0.009600
0.383200 0.340000 0.005600
0.413600 0.340000 0.010400
0.461600 0.340000 0.009600
0.531200 0.340000 0.010400
0.604800 0.340000 0.009600
0.635200 0.340000 0.009600
0.680000 0.340000 0.008800
0.713600 0.340000 0.011200
0.732000 0.340000 0.008800
0.744000 0.340000 0.008800
0.770400 0.340000 0.007200
0.822400 0.340000 0.012800
0.192800 0.340800 0.011200
0.290400 0.340800 0.008800
0.475200 0.340800 0.008800
0.490400 0.340800 0.010400
0.504000 0.340800 0.008800
0.516000 0.340800 0.008800
0.548800 0.340800 0.011200
0.564000 0.340800 0.009600
0.698400 0.340800 0.012000
0.759200 0.340800 0.008800
0.159200 0.341600 0.011200
0.223200 0.341600 0.008800
0.273600 0.360800 0.011200
0.292000 0.360800 0.011200
0.311200 0.360800 0.011200
0.607200 0.360800 0.011200
0.808000 0.360800 0.013600
0.841600 0.360800 0.005600
0.848800 0.360800 0.012800
0.256000 0.361600 0.011200
0.328800 0.361600 0.009600
0.368000 0.361600 0.008800
0.380800 0.361600 0.008800
0.395200 0.361600 0.008800
0.411200 0.361600 0.011200
0.580800 0.361600 0.016800
0.588800 0.361600 0.016800
0.782400 0.361600 0.008800
0.795200 0.361600 0.008800
0.813600 0.361600 0.012800
0.828000 0.361600 0.010400
0.238400 0.362400 0.011200
0.343200 0.362400 0.008800
0.356000 0.362400 0.008800
0.440000 0.362400 0.005600
0.538400 0.362400 0.013600
0.695200 0.362400 0.008800
0.737600 0.362400 0.010400
0.160800 0.363200 0.013600
0.179200 0.363200 0.011200
0.223200 0.363200 0.009600
0.449600 0.363200 0.007200
0.461600 0.363200 0.008800
0.530400 0.363200 0.005600
0.565600 0.363200 0.008800
0.623200 0.363200 0.011200
0.664800 0.363200 0.011200
0.681600 0.363200 0.011200
0.707200 0.363200 0.008800
0.720800 0.363200 0.009600
0.755200 0.363200 0.011200
0.769600 0.363200 0.008800
0.193600 0.364000 0.008800
0.208000 0.364000 0.008800
0.428800 0.364000 0.011200
0.477600 0.364000 0.013600
0.500000 0.364000 0.010400
0.514400 0.364000 0.011200
0.551200 0.364000 0.008800
0.637600 0.364000 0.008800
0.649600 0.364000 0.008800
