0.208000 0.064000 0.008800
0.217600 0.064000 0.008800
0.230400 0.064000 0.008800
0.242400 0.064000 0.008800
0.176800 0.065600 0.022400
0.192000 0.066400 0.010400
0.835200 0.070400 0.011200
0.819200 0.071200 0.013600
0.748800 0.097600 0.011200
0.232000 0.098400 0.008800
0.274400 0.098400 0.011200
0.677600 0.098400 0.011200
0.216800 0.099200 0.010400
0.337600 0.099200 0.011200
0.417600 0.099200 0.010400
0.431200 0.099200 0.016800
0.483200 0.099200 0.011200
0.501600 0.099200 0.011200
0.569600 0.099200 0.011200
0.689600 0.099200 0.005600
0.183200 0.100000 0.012800
0.243200 0.100000 0.007200
0.290400 0.100000 0.011200
0.356800 0.100000 0.011200
0.372800 0.100000 0.011200
0.390400 0.100000 0.011200
0.437600 0.100000 0.013600
0.454400 0.100000 0.011200
0.468000 0.100000 0.007200
0.520000 0.100000 0.011200
0.536800 0.100000 0.011200
0.555200 0.100000 0.011200
0.603200 0.100000 0.010400
0.661600 0.100000 0.011200
0.704800 0.100000 0.012800
0.735200 0.100000 0.007200
0.796000 0.100000 0.011200
0.164800 0.100800 0.012800
0.201600 0.100800 0.010400
0.256800 0.100800 0.009600
0.321600 0.100800 0.010400
0.404000 0.100800 0.008800
0.586400 0.100800 0.011200
0.617600 0.100800 0.008800
0.632000 0.100800 0.008800
0.646400 0.100800 0.009600
0.724000 0.100800 0.008800
0.764800 0.100800 0.009600
0.780000 0.100800 0.010400
0.305600 0.101600 0.008800
0.813600 0.101600 0.011200
0.844000 0.102400 0.013600
0.830400 0.103200 0.008800
0.232800 0.120800 0.010400
0.310400 0.120800 0.011200
0.384000 0.120800 0.008000
0.558400 0.120800 0.008000
0.601600 0.120800 0.011200
0.751200 0.120800 0.009600
0.172000 0.121600 0.009600
0.188000 0.121600 0.008800
0.200800 0.121600 0.008800
0.216000 0.121600 0.010400
0.328000 0.121600 0.008800
0.398400 0.121600 0.011200
0.485600 0.121600 0.010400
0.513600 0.121600 0.008800
0.528000 0.121600 0.009600
0.545600 0.121600 0.009600
0.572800 0.121600 0.008800
0.584000 0.121600 0.008000
0.809600 0.121600 0.011200
0.160800 0.122400 0.011200
0.248000 0.122400 0.008800
0.260000 0.122400 0.008800
0.276000 0.122400 0.009600
0.293600 0.122400 0.010400
0.341600 0.122400 0.008800
0.370400 0.122400 0.009600
0.416000 0.122400 0.010400
0.434400 0.122400 0.011200
0.501600 0.122400 0.008800
0.616800 0.122400 0.008800
0.631200 0.122400 0.008800
0.644800 0.122400 0.008800
0.672800 0.122400 0.010400
0.704800 0.122400 0.008800
0.720800 0.122400 0.011200
0.738400 0.122400 0.008800
0.769600 0.122400 0.012000
0.790400 0.122400 0.011200
0.355200 0.123200 0.008800
0.840800 0.123200 0.011200
0.468000 0.124000 0.011200
0.657600 0.124000 0.008800
0.690400 0.124000 0.009600
0.825600 0.124000 0.009600
0.452000 0.124800 0.008800
0.543200 0.141600 0.011200
0.289600 0.143200 0.005600
0.372800 0.143200 0.010400
0.389600 0.143200 0.008800
0.558400 0.143200 0.008800
0.612800 0.143200 0.007200
0.626400 0.143200 0.010400
0.735200 0.143200 0.009600
0.776800 0.143200 0.008800
0.215200 0.144000 0.011200
0.278400 0.144000 0.008800
0.316800 0.144000 0.010400
0.332000 0.144000 0.008800
0.345600 0.144000 0.008800
0.356800 0.144000 0.008800
0.506400 0.144000 0.008800
0.524000 0.144000 0.010400
0.604000 0.144000 0.011200
0.752000 0.144000 0.009600
0.792000 0.144000 0.008800
0.807200 0.144000 0.008800
0.823200 0.144000 0.011200
0.160800 0.144800 0.011200
0.173600 0.144800 0.012800
0.247200 0.144800 0.010400
0.264800 0.144800 0.009600
0.301600 0.144800 0.011200
0.404800 0.144800 0.012800
0.411200 0.144800 0.012800
0.427200 0.144800 0.010400
0.457600 0.144800 0.008800
0.473600 0.144800 0.011200
0.492000 0.144800 0.009600
0.569600 0.144800 0.008800
0.589600 0.144800 0.012800
0.644000 0.144800 0.008800
0.677600 0.144800 0.011200
0.697600 0.144800 0.011200
0.716800 0.144800 0.012000
0.764000 0.144800 0.005600
0.841600 0.144800 0.011200
0.195200 0.145600 0.011200
0.232800 0.145600 0.008800
0.442400 0.145600 0.008800
0.660000 0.146400 0.010400
0.157600 0.164000 0.016800
0.757600 0.164000 0.008800
0.775200 0.164000 0.011200
0.356800 0.164800 0.008800
0.789600 0.164800 0.016000
0.848800 0.164800 0.019200
0.308000 0.165600 0.011200
0.338400 0.165600 0.013600
0.368000 0.165600 0.005600
0.621600 0.165600 0.012800
0.640000 0.165600 0.008800
0.652000 0.165600 0.007200
0.664000 0.165600 0.008800
0.166400 0.166400 0.016800
0.216000 0.166400 0.005600
0.264000 0.166400 0.011200
0.293600 0.166400 0.008000
0.324800 0.166400 0.009600
0.377600 0.166400 0.015200
0.392800 0.166400 0.011200
0.411200 0.166400 0.012800
0.432800 0.166400 0.012800
0.450400 0.166400 0.012800
0.469600 0.166400 0.011200
0.485600 0.166400 0.011200
0.503200 0.166400 0.011200
0.521600 0.166400 0.011200
0.536000 0.166400 0.008800
0.557600 0.166400 0.016800
0.569600 0.166400 0.008800
0.727200 0.166400 0.010400
0.743200 0.166400 0.011200
0.825600 0.166400 0.005600
0.183200 0.167200 0.010400
0.200000 0.167200 0.012000
0.243200 0.167200 0.013600
0.280000 0.167200 0.010400
0.549600 0.167200 0.016800
0.582400 0.167200 0.007200
0.592800 0.167200 0.008800
0.679200 0.167200 0.008800
0.695200 0.167200 0.011200
0.712000 0.167200 0.010400
0.812800 0.167200 0.010400
0.837600 0.167200 0.008800
0.225600 0.168000 0.013600
0.606400 0.168000 0.008800
0.797600 0.168000 0.013600
0.676800 0.196000 0.011200
0.226400 0.196800 0.012800
0.692000 0.196800 0.007200
0.794400 0.196800 0.011200
0.332000 0.197600 0.013600
0.659200 0.197600 0.011200
0.759200 0.197600 0.011200
0.777600 0.197600 0.011200
0.469600 0.198400 0.011200
0.504000 0.198400 0.012800
0.519200 0.198400 0.012800
0.538400 0.198400 0.009600
0.553600 0.198400 0.011200
0.573600 0.198400 0.012800
0.608000 0.198400 0.011200
0.704000 0.198400 0.016800
0.728800 0.198400 0.011200
0.744000 0.198400 0.011200
0.812000 0.198400 0.011200
0.188800 0.199200 0.013600
0.244800 0.199200 0.015200
0.452800 0.199200 0.011200
0.484800 0.199200 0.008800
0.592800 0.199200 0.011200
0.625600 0.199200 0.011200
0.641600 0.199200 0.011200
0.823200 0.199200 0.019200
0.208000 0.200000 0.011200
0.294400 0.200000 0.011200
0.312800 0.200000 0.012000
0.336000 0.200000 0.012800
0.352000 0.200000 0.008800
0.272800 0.200800 0.013600
0.377600 0.200800 0.012000
0.399200 0.200800 0.011200
0.416800 0.200800 0.013600
0.436800 0.200800 0.008800
0.363200 0.201600 0.007200
0.885600 0.209600 0.011200
0.683200 0.218400 0.012000
0.720000 0.218400 0.011200
0.700800 0.219200 0.011200
0.514400 0.220000 0.010400
0.192800 0.220800 0.012800
0.529600 0.220800 0.008800
0.543200 0.220800 0.008800
0.577600 0.220800 0.011200
0.610400 0.220800 0.008800
0.620000 0.220800 0.005600
0.665600 0.220800 0.008800
0.736000 0.220800 0.009600
0.750400 0.220800 0.012000
0.768800 0.220800 0.008800
0.215200 0.221600 0.010400
0.233600 0.221600 0.011200
0.253600 0.221600 0.011200
0.345600 0.221600 0.011200
0.423200 0.221600 0.012800
0.442400 0.221600 0.010400
0.477600 0.221600 0.010400
0.496000 0.221600 0.011200
0.561600 0.221600 0.012800
0.597600 0.221600 0.010400
0.636800 0.221600 0.012800
0.784800 0.221600 0.011200
0.272000 0.222400 0.011200
0.289600 0.222400 0.008800
0.326400 0.222400 0.011200
0.383200 0.222400 0.011200
0.405600 0.222400 0.012000
0.458400 0.222400 0.011200
0.652000 0.222400 0.009600
0.803200 0.222400 0.013600
0.821600 0.222400 0.013600
0.308000 0.223200 0.011200
0.364800 0.223200 0.011200
0.812000 0.223200 0.006400
0.884000 0.227200 0.012800
0.192000 0.240000 0.012800
0.208800 0.241600 0.009600
0.760800 0.241600 0.011200
0.240000 0.242400 0.013600
0.521600 0.242400 0.010400
0.708000 0.242400 0.011200
0.727200 0.242400 0.011200
0.224000 0.243200 0.010400
0.260000 0.243200 0.008800
0.322400 0.243200 0.009600
0.503200 0.243200 0.011200
0.539200 0.243200 0.011200
0.572800 0.243200 0.008800
0.614400 0.243200 0.014400
0.779200 0.243200 0.009600
0.272000 0.244000 0.008800
0.288800 0.244000 0.011200
0.456000 0.244000 0.010400
0.556800 0.244000 0.011200
0.585600 0.244000 0.008800
0.632000 0.244000 0.005600
0.690400 0.244000 0.010400
0.743200 0.244000 0.010400
0.793600 0.244000 0.008800
0.811200 0.244000 0.011200
0.307200 0.244800 0.011200
0.340000 0.244800 0.011200
0.360000 0.244800 0.011200
0.373600 0.244800 0.008000
0.440000 0.244800 0.012800
0.471200 0.244800 0.011200
0.488000 0.244800 0.011200
0.599200 0.244800 0.011200
0.623200 0.244800 0.005600
0.644800 0.244800 0.011200
0.675200 0.244800 0.010400
0.884000 0.244800 0.012000
0.400800 0.245600 0.008800
0.416800 0.245600 0.012800
0.660000 0.245600 0.010400
0.386400 0.246400 0.011200
0.885600 0.261600 0.013600
0.684000 0.264800 0.007200
0.809600 0.264800 0.012800
0.672000 0.265600 0.016800
0.718400 0.265600 0.012000
0.739200 0.265600 0.012000
0.758400 0.265600 0.012000
0.662400 0.266400 0.015200
0.699200 0.266400 0.011200
0.776000 0.266400 0.011200
0.791200 0.266400 0.011200
0.209600 0.267200 0.005600
0.158400 0.269600 0.013600
0.217600 0.269600 0.013600
0.172800 0.270400 0.011200
0.188800 0.270400 0.011200
0.200000 0.270400 0.005600
0.235200 0.271200 0.011200
0.255200 0.271200 0.011200
0.291200 0.272000 0.011200
0.522400 0.272000 0.012000
0.622400 0.272000 0.011200
0.272800 0.272800 0.012800
0.309600 0.272800 0.012800
0.417600 0.272800 0.012000
0.433600 0.272800 0.008800
0.504000 0.272800 0.011200
0.330400 0.273600 0.012800
0.349600 0.273600 0.011200
0.366400 0.273600 0.012800
0.540800 0.273600 0.011200
0.558400 0.273600 0.011200
0.487200 0.274400 0.011200
0.576000 0.274400 0.011200
0.592000 0.274400 0.010400
0.607200 0.274400 0.010400
0.637600 0.274400 0.011200
0.386400 0.275200 0.011200
0.400800 0.275200 0.008800
0.456000 0.275200 0.008800
0.442400 0.276000 0.016800
0.472000 0.276000 0.010400
0.884000 0.277600 0.011200
0.885600 0.290400 0.008800
0.158400 0.292000 0.011200
0.668800 0.292000 0.012800
0.173600 0.292800 0.011200
0.206400 0.292800 0.008800
0.815200 0.292800 0.012800
0.192000 0.293600 0.009600
0.240000 0.293600 0.013600
0.590400 0.293600 0.005600
0.709600 0.293600 0.013600
0.732800 0.293600 0.012800
0.220000 0.294400 0.008800
0.259200 0.294400 0.011200
0.311200 0.294400 0.011200
0.518400 0.294400 0.012000
0.539200 0.294400 0.011200
0.687200 0.294400 0.013600
0.275200 0.295200 0.008800
0.290400 0.295200 0.010400
0.350400 0.295200 0.011200
0.412000 0.295200 0.010400
0.553600 0.295200 0.008800
0.566400 0.295200 0.008800
0.764000 0.295200 0.008800
0.797600 0.295200 0.011200
0.835200 0.295200 0.013600
0.372800 0.296000 0.011200
0.480000 0.296000 0.008800
0.491200 0.296000 0.006400
0.579200 0.296000 0.008800
0.599200 0.296000 0.013600
0.618400 0.296000 0.012000
0.649600 0.296000 0.010400
0.749600 0.296000 0.011200
0.779200 0.296000 0.011200
0.332800 0.296800 0.012800
0.391200 0.296800 0.012800
0.428800 0.296800 0.011200
0.448000 0.296800 0.010400
0.464800 0.296800 0.010400
0.633600 0.297600 0.010400
0.500800 0.299200 0.011200
0.886400 0.304800 0.022400
0.158400 0.316000 0.012800
0.172800 0.316800 0.011200
0.195200 0.316800 0.012000
0.884000 0.316800 0.008000
0.242400 0.317600 0.007200
0.380000 0.317600 0.012800
0.408000 0.317600 0.009600
0.451200 0.317600 0.010400
0.468800 0.317600 0.011200
0.648000 0.317600 0.011200
0.727200 0.317600 0.011200
0.808000 0.317600 0.008800
0.841600 0.317600 0.013600
0.259200 0.318400 0.011200
0.316800 0.318400 0.012000
0.337600 0.318400 0.011200
0.358400 0.318400 0.011200
0.428800 0.318400 0.012800
0.487200 0.318400 0.009600
0.502400 0.318400 0.009600
0.628000 0.318400 0.011200
0.668000 0.318400 0.011200
0.744000 0.318400 0.012800
0.822400 0.318400 0.010400
0.230400 0.319200 0.010400
0.276800 0.319200 0.011200
0.295200 0.319200 0.012800
0.566400 0.319200 0.012000
0.588000 0.319200 0.012800
0.610400 0.319200 0.011200
0.707200 0.319200 0.011200
0.784000 0.319200 0.008800
0.795200 0.319200 0.008000
0.214400 0.320000 0.009600
0.393600 0.320000 0.008800
0.521600 0.320000 0.012000
0.543200 0.320000 0.013600
0.686400 0.320000 0.012000
0.767200 0.320000 0.011200
0.884000 0.327200 0.007200
0.884000 0.336800 0.005600
0.160000 0.338400 0.011200
0.174400 0.338400 0.010400
0.839200 0.338400 0.013600
0.192800 0.339200 0.011200
0.438400 0.339200 0.011200
0.681600 0.339200 0.009600
0.234400 0.340000 0.011200
0.476000 0.340000 0.012800
0.568800 0.340000 0.008800
0.584800 0.340000 0.010400
0.664000 0.340000 0.010400
0.700800 0.340000 0.011200
0.729600 0.340000 0.008800
0.750400 0.340000 0.013600
0.756800 0.340000 0.012000
0.786400 0.340000 0.009600
0.801600 0.340000 0.010400
0.820800 0.340000 0.012000
0.212800 0.340800 0.012000
0.256000 0.340800 0.012000
0.348000 0.340800 0.011200
0.366400 0.340800 0.012800
0.460800 0.340800 0.012800
0.496000 0.340800 0.008800
0.528800 0.340800 0.008800
0.542400 0.340800 0.008800
0.602400 0.340800 0.008800
0.617600 0.340800 0.009600
0.633600 0.340800 0.010400
0.648800 0.340800 0.008800
0.716000 0.340800 0.009600
0.272800 0.341600 0.010400
0.289600 0.341600 0.009600
0.306400 0.341600 0.011200
0.328000 0.341600 0.012000
0.385600 0.341600 0.011200
0.404800 0.341600 0.012800
0.424800 0.341600 0.008800
0.512000 0.341600 0.010400
0.556000 0.341600 0.008800
0.737600 0.341600 0.013600
0.772000 0.342400 0.008800
0.883200 0.343200 0.019200
0.883200 0.353600 0.007200
0.157600 0.359200 0.013600
0.173600 0.360800 0.010400
0.191200 0.360800 0.011200
0.374400 0.360800 0.005600
0.572000 0.360800 0.013600
0.736800 0.360800 0.011200
0.272000 0.361600 0.011200
0.308000 0.361600 0.009600
0.326400 0.361600 0.011200
0.344800 0.361600 0.011200
0.362400 0.361600 0.008800
0.422400 0.361600 0.005600
0.436000 0.361600 0.010400
0.594400 0.361600 0.010400
0.744000 0.361600 0.005600
0.752000 0.361600 0.005600
0.817600 0.361600 0.008800
0.832000 0.361600 0.008800
0.844000 0.361600 0.020000
0.206400 0.362400 0.008800
0.236800 0.362400 0.011200
0.253600 0.362400 0.011200
0.291200 0.362400 0.011200
0.387200 0.362400 0.009600
0.416000 0.362400 0.013600
0.452800 0.362400 0.011200
0.500800 0.362400 0.018400
0.527200 0.362400 0.011200
0.556800 0.362400 0.011200
0.579200 0.362400 0.012800
0.639200 0.362400 0.009600
0.653600 0.362400 0.008800
0.680800 0.362400 0.008800
0.692800 0.362400 0.008800
0.707200 0.362400 0.009600
0.723200 0.362400 0.010400
0.220000 0.363200 0.008800
0.404000 0.363200 0.009600
0.467200 0.363200 0.011200
0.486400 0.363200 0.011200
0.508000 0.363200 0.013600
0.542400 0.363200 0.008800
0.608800 0.363200 0.011200
0.626400 0.363200 0.011200
0.668000 0.363200 0.008800
0.761600 0.363200 0.013600
0.805600 0.363200 0.008800
0.778400 0.364000 0.010400
0.792800 0.364000 0.008800
0.880800 0.364800 0.016800
