0.844800 0.075200 0.025600
0.834400 0.076800 0.024800
0.267200 0.078400 0.024800
0.232000 0.079200 0.013600
0.252000 0.079200 0.011200
0.196000 0.080800 0.011200
0.212000 0.080800 0.013600
0.172800 0.082400 0.018400
0.180000 0.112800 0.019200
0.242400 0.114400 0.016800
0.283200 0.114400 0.016800
0.402400 0.114400 0.016800
0.422400 0.114400 0.013600
0.155200 0.115200 0.016800
0.198400 0.115200 0.013600
0.217600 0.115200 0.016800
0.231200 0.115200 0.008800
0.258400 0.115200 0.011200
0.304000 0.115200 0.012800
0.327200 0.115200 0.013600
0.356800 0.115200 0.013600
0.694400 0.115200 0.022400
0.376800 0.116000 0.016800
0.705600 0.116000 0.019200
0.341600 0.116800 0.008800
0.440000 0.116800 0.012800
0.492800 0.116800 0.013600
0.520000 0.116800 0.016800
0.545600 0.116800 0.019200
0.677600 0.116800 0.012800
0.830400 0.116800 0.008800
0.585600 0.117600 0.016000
0.607200 0.117600 0.011200
0.639200 0.117600 0.011200
0.657600 0.117600 0.012800
0.724800 0.117600 0.016800
0.751200 0.117600 0.011200
0.804800 0.117600 0.008800
0.816000 0.117600 0.008800
0.844000 0.117600 0.011200
0.459200 0.118400 0.013600
0.473600 0.118400 0.013600
0.621600 0.118400 0.011200
0.736000 0.118400 0.022400
0.770400 0.118400 0.012800
0.789600 0.118400 0.011200
0.862400 0.118400 0.016800
0.852000 0.139200 0.015200
0.298400 0.140000 0.013600
0.317600 0.140000 0.016800
0.860000 0.140000 0.014400
0.231200 0.140800 0.019200
0.280000 0.140800 0.015200
0.242400 0.141600 0.016800
0.269600 0.141600 0.005600
0.836800 0.141600 0.011200
0.154400 0.142400 0.016800
0.196800 0.142400 0.013600
0.218400 0.142400 0.011200
0.258400 0.142400 0.016800
0.344800 0.142400 0.013600
0.384800 0.142400 0.013600
0.661600 0.142400 0.012800
0.810400 0.142400 0.013600
0.179200 0.143200 0.013600
0.362400 0.143200 0.012800
0.407200 0.143200 0.012800
0.424800 0.143200 0.011200
0.438400 0.143200 0.016800
0.550400 0.143200 0.013600
0.636800 0.143200 0.013600
0.070400 0.144000 0.038400
0.447200 0.144000 0.015200
0.464800 0.144000 0.012000
0.530400 0.144000 0.011200
0.574400 0.144000 0.012800
0.597600 0.144000 0.013600
0.618400 0.144000 0.011200
0.681600 0.144000 0.013600
0.700800 0.144000 0.011200
0.760000 0.144000 0.016000
0.487200 0.144800 0.013600
0.735200 0.144800 0.015200
0.054400 0.145600 0.040000
0.510400 0.145600 0.012800
0.716800 0.145600 0.011200
0.788800 0.145600 0.013600
0.836000 0.167200 0.008800
0.208000 0.168000 0.016000
0.227200 0.168000 0.013600
0.342400 0.168000 0.012800
0.822400 0.168000 0.011200
0.157600 0.168800 0.012800
0.245600 0.168800 0.011200
0.287200 0.168800 0.013600
0.307200 0.168800 0.011200
0.324000 0.168800 0.011200
0.364000 0.168800 0.012800
0.455200 0.168800 0.011200
0.534400 0.168800 0.008800
0.544000 0.168800 0.016800
0.860800 0.168800 0.018400
0.180000 0.169600 0.012800
0.197600 0.169600 0.008800
0.264000 0.169600 0.012800
0.381600 0.169600 0.011200
0.440800 0.169600 0.008800
0.474400 0.169600 0.011200
0.493600 0.169600 0.013600
0.550400 0.169600 0.016800
0.713600 0.169600 0.013600
0.736000 0.169600 0.013600
0.760000 0.169600 0.012800
0.804800 0.169600 0.013600
0.404000 0.170400 0.013600
0.520800 0.170400 0.016800
0.579200 0.170400 0.013600
0.605600 0.170400 0.016000
0.688800 0.170400 0.013600
0.782400 0.170400 0.012000
0.848000 0.170400 0.008800
0.425600 0.171200 0.011200
0.644000 0.171200 0.016000
0.669600 0.171200 0.013600
0.625600 0.172000 0.013600
0.361600 0.193600 0.012800
0.460800 0.193600 0.011200
0.187200 0.194400 0.019200
0.200000 0.194400 0.016800
0.343200 0.194400 0.011200
0.428000 0.194400 0.008800
0.442400 0.194400 0.012800
0.744000 0.194400 0.015200
0.161600 0.195200 0.018400
0.222400 0.195200 0.013600
0.243200 0.195200 0.012800
0.326400 0.195200 0.011200
0.379200 0.195200 0.011200
0.414400 0.195200 0.011200
0.568000 0.195200 0.016000
0.763200 0.195200 0.013600
0.261600 0.196000 0.016000
0.272800 0.196000 0.008000
0.396000 0.196000 0.011200
0.489600 0.196000 0.012800
0.585600 0.196000 0.015200
0.664000 0.196000 0.011200
0.682400 0.196000 0.012800
0.706400 0.196000 0.013600
0.783200 0.196000 0.013600
0.816000 0.196000 0.013600
0.858400 0.196000 0.014400
0.609600 0.196800 0.012800
0.631200 0.196800 0.011200
0.795200 0.196800 0.016800
0.834400 0.196800 0.012800
0.291200 0.197600 0.013600
0.308800 0.197600 0.011200
0.472000 0.197600 0.016800
0.509600 0.197600 0.013600
0.544000 0.197600 0.012800
0.725600 0.197600 0.013600
0.648000 0.198400 0.011200
0.715200 0.220000 0.010400
0.661600 0.220800 0.011200
0.680000 0.220800 0.012800
0.856000 0.221600 0.016800
0.308800 0.222400 0.013600
0.628000 0.222400 0.016000
0.646400 0.222400 0.011200
0.421600 0.223200 0.013600
0.461600 0.223200 0.013600
0.480800 0.223200 0.013600
0.700000 0.223200 0.011200
0.727200 0.223200 0.013600
0.785600 0.223200 0.015200
0.812000 0.223200 0.013600
0.844000 0.223200 0.011200
0.245600 0.224000 0.013600
0.268000 0.224000 0.013600
0.288800 0.224000 0.012000
0.335200 0.224000 0.013600
0.400800 0.224000 0.016800
0.442400 0.224000 0.012000
0.509600 0.224000 0.011200
0.540000 0.224000 0.008800
0.555200 0.224000 0.009600
0.567200 0.224000 0.008800
0.763200 0.224000 0.012800
0.831200 0.224000 0.011200
0.196000 0.224800 0.012800
0.392000 0.224800 0.017600
0.493600 0.224800 0.011200
0.525600 0.224800 0.011200
0.604800 0.224800 0.013600
0.157600 0.225600 0.013600
0.176800 0.225600 0.012800
0.364000 0.225600 0.019200
0.585600 0.225600 0.013600
0.744800 0.225600 0.011200
0.215200 0.226400 0.013600
0.350400 0.226400 0.008800
0.377600 0.226400 0.019200
0.229600 0.227200 0.022400
0.300000 0.250400 0.013600
0.690400 0.250400 0.008800
0.732800 0.250400 0.011200
0.419200 0.251200 0.013600
0.445600 0.251200 0.013600
0.468000 0.251200 0.012800
0.544800 0.251200 0.013600
0.564000 0.251200 0.013600
0.580800 0.251200 0.012800
0.676000 0.251200 0.008800
0.717600 0.251200 0.011200
0.754400 0.251200 0.013600
0.248000 0.252000 0.011200
0.271200 0.252000 0.015200
0.288000 0.252000 0.013600
0.317600 0.252000 0.012800
0.378400 0.252000 0.008800
0.395200 0.252000 0.013600
0.601600 0.252000 0.013600
0.606400 0.252000 0.015200
0.664800 0.252000 0.018400
0.775200 0.252000 0.012800
0.849600 0.252000 0.016800
0.344000 0.252800 0.013600
0.364800 0.252800 0.011200
0.491200 0.252800 0.016000
0.518400 0.252800 0.013600
0.627200 0.252800 0.012800
0.646400 0.252800 0.012800
0.703200 0.252800 0.008800
0.795200 0.252800 0.013600
0.193600 0.253600 0.011200
0.229600 0.253600 0.011200
0.828800 0.253600 0.013600
0.212800 0.254400 0.011200
0.813600 0.254400 0.013600
0.160000 0.255200 0.016800
0.177600 0.256000 0.011200
0.514400 0.276800 0.013600
0.319200 0.278400 0.011200
0.757600 0.278400 0.013600
0.303200 0.279200 0.013600
0.342400 0.279200 0.018400
0.404800 0.279200 0.013600
0.432800 0.279200 0.019200
0.520800 0.279200 0.016800
0.532000 0.279200 0.008800
0.548000 0.279200 0.012800
0.579200 0.279200 0.008800
0.788000 0.279200 0.017600
0.800800 0.279200 0.008800
0.825600 0.279200 0.016800
0.842400 0.279200 0.011200
0.855200 0.279200 0.016000
0.496800 0.280000 0.011200
0.592800 0.280000 0.011200
0.610400 0.280000 0.013600
0.661600 0.280000 0.012800
0.707200 0.280000 0.013600
0.814400 0.280000 0.013600
0.373600 0.280800 0.019200
0.381600 0.280800 0.018400
0.455200 0.280800 0.013600
0.474400 0.280800 0.015200
0.566400 0.280800 0.011200
0.625600 0.280800 0.011200
0.641600 0.280800 0.012800
0.684000 0.280800 0.013600
0.732000 0.280800 0.016800
0.207200 0.281600 0.019200
0.189600 0.282400 0.016800
0.283200 0.282400 0.013600
0.161600 0.283200 0.016800
0.235200 0.283200 0.013600
0.264800 0.283200 0.013600
0.249600 0.284000 0.011200
0.217600 0.284800 0.017600
0.782400 0.304000 0.013600
0.802400 0.304000 0.016800
0.764000 0.305600 0.012800
0.828800 0.305600 0.010400
0.723200 0.306400 0.011200
0.742400 0.306400 0.012800
0.627200 0.307200 0.008800
0.685600 0.307200 0.012800
0.813600 0.307200 0.011200
0.844800 0.307200 0.011200
0.860800 0.307200 0.019200
0.521600 0.308000 0.008800
0.537600 0.308000 0.016800
0.610400 0.308000 0.011200
0.704800 0.308000 0.011200
0.560800 0.308800 0.011200
0.576800 0.308800 0.011200
0.593600 0.308800 0.011200
0.638400 0.308800 0.016800
0.659200 0.308800 0.013600
0.232800 0.309600 0.016800
0.316800 0.309600 0.013600
0.340000 0.309600 0.015200
0.362400 0.309600 0.011200
0.375200 0.309600 0.011200
0.393600 0.309600 0.013600
0.413600 0.309600 0.013600
0.432800 0.309600 0.011200
0.508800 0.309600 0.011200
0.449600 0.310400 0.012800
0.490400 0.310400 0.013600
0.470400 0.311200 0.013600
0.257600 0.312000 0.011200
0.298400 0.312000 0.011200
0.157600 0.313600 0.015200
0.280800 0.313600 0.015200
0.198400 0.314400 0.013600
0.217600 0.314400 0.013600
0.241600 0.314400 0.016800
0.176800 0.315200 0.013600
0.844000 0.331200 0.011200
0.855200 0.331200 0.011200
0.797600 0.332000 0.011200
0.812000 0.332000 0.010400
0.828800 0.332000 0.011200
0.676800 0.332800 0.020800
0.731200 0.332800 0.013600
0.754400 0.332800 0.013600
0.776000 0.332800 0.014400
0.570400 0.333600 0.015200
0.360800 0.334400 0.008800
0.522400 0.334400 0.013600
0.551200 0.334400 0.010400
0.662400 0.334400 0.011200
0.537600 0.335200 0.011200
0.544000 0.335200 0.005600
0.645600 0.335200 0.011200
0.688000 0.335200 0.017600
0.709600 0.335200 0.013600
0.611200 0.336000 0.011200
0.628800 0.336000 0.011200
0.328800 0.336800 0.012800
0.346400 0.336800 0.011200
0.373600 0.336800 0.011200
0.496800 0.336800 0.011200
0.593600 0.336800 0.013600
0.390400 0.337600 0.012800
0.409600 0.337600 0.011200
0.423200 0.337600 0.011200
0.310400 0.338400 0.012800
0.438400 0.338400 0.011200
0.472800 0.338400 0.013600
0.456000 0.339200 0.011200
0.204000 0.340000 0.016800
0.293600 0.340800 0.016800
0.264800 0.341600 0.012000
0.161600 0.342400 0.016800
0.235200 0.342400 0.016800
0.246400 0.342400 0.013600
0.282400 0.342400 0.013600
0.184000 0.343200 0.013600
0.213600 0.344000 0.016800
0.818400 0.359200 0.015200
0.856800 0.359200 0.016800
0.716800 0.360000 0.008800
0.726400 0.360000 0.013600
0.744800 0.360000 0.012800
0.837600 0.360000 0.013600
0.795200 0.360800 0.013600
0.494400 0.361600 0.013600
0.512000 0.361600 0.013600
0.529600 0.362400 0.011200
0.692000 0.362400 0.018400
0.702400 0.362400 0.018400
0.778400 0.362400 0.011200
0.472800 0.363200 0.011200
0.571200 0.363200 0.013600
0.657600 0.363200 0.012800
0.676800 0.363200 0.011200
0.763200 0.363200 0.013600
0.351200 0.364000 0.015200
0.375200 0.364000 0.013600
0.409600 0.364000 0.013600
0.550400 0.364000 0.013600
0.591200 0.364000 0.013600
0.616800 0.364000 0.011200
0.452000 0.364800 0.013600
0.636000 0.364800 0.013600
0.281600 0.365600 0.016800
0.395200 0.365600 0.013600
0.428800 0.365600 0.012000
0.603200 0.366400 0.008800
0.333600 0.367200 0.013600
0.197600 0.368000 0.018400
0.290400 0.368000 0.016000
0.311200 0.368000 0.013600
0.185600 0.369600 0.008800
0.230400 0.369600 0.013600
0.266400 0.369600 0.011200
0.217600 0.370400 0.013600
0.248800 0.370400 0.011200
0.154400 0.371200 0.013600
0.171200 0.373600 0.011200
0.700800 0.386400 0.019200
0.804800 0.386400 0.015200
0.685600 0.387200 0.011200
0.816000 0.387200 0.016800
0.486400 0.388000 0.015200
0.643200 0.388000 0.011200
0.710400 0.388000 0.016800
0.728000 0.388000 0.013600
0.781600 0.388000 0.015200
0.848800 0.388000 0.013600
0.374400 0.388800 0.011200
0.505600 0.388800 0.011200
0.540000 0.388800 0.013600
0.662400 0.388800 0.012800
0.750400 0.388800 0.013600
0.832800 0.388800 0.011200
0.359200 0.389600 0.011200
0.406400 0.389600 0.011200
0.465600 0.389600 0.013600
0.523200 0.389600 0.013600
0.561600 0.389600 0.013600
0.623200 0.389600 0.013600
0.673600 0.389600 0.008800
0.391200 0.390400 0.011200
0.417600 0.390400 0.016800
0.434400 0.390400 0.013600
0.452000 0.390400 0.013600
0.585600 0.390400 0.012800
0.604000 0.390400 0.011200
0.344800 0.392800 0.011200
0.311200 0.393600 0.008000
0.324800 0.393600 0.011200
0.253600 0.394400 0.008800
0.265600 0.395200 0.008800
0.286400 0.395200 0.008800
0.276000 0.396000 0.007200
0.298400 0.396000 0.011200
0.152800 0.396800 0.019200
0.168800 0.397600 0.008800
0.220000 0.397600 0.013600
0.182400 0.398400 0.011200
0.201600 0.398400 0.012800
0.240000 0.399200 0.016800
0.825600 0.412800 0.016000
0.654400 0.413600 0.012800
0.671200 0.413600 0.016000
0.696000 0.413600 0.012800
0.718400 0.413600 0.013600
0.804800 0.413600 0.016800
0.833600 0.413600 0.013600
0.445600 0.414400 0.012000
0.463200 0.414400 0.008800
0.488800 0.414400 0.011200
0.736000 0.414400 0.016000
0.758400 0.414400 0.012800
0.504800 0.415200 0.011200
0.518400 0.415200 0.008800
0.529600 0.415200 0.008800
0.562400 0.415200 0.012800
0.582400 0.415200 0.011200
0.599200 0.415200 0.011200
0.680000 0.415200 0.016800
0.776800 0.415200 0.011200
0.792800 0.415200 0.011200
0.850400 0.415200 0.013600
0.862400 0.415200 0.020800
0.423200 0.416000 0.013600
0.473600 0.416000 0.008800
0.544800 0.416000 0.011200
0.636000 0.416000 0.011200
0.617600 0.416800 0.012000
0.340800 0.417600 0.019200
0.400000 0.417600 0.011200
0.745600 0.417600 0.019200
0.387200 0.418400 0.013600
0.300000 0.420000 0.016800
0.324800 0.420000 0.011200
0.352000 0.420000 0.016800
0.369600 0.420000 0.012800
0.308800 0.421600 0.016800
0.280000 0.422400 0.013600
0.258400 0.423200 0.012000
0.229600 0.425600 0.011200
0.174400 0.426400 0.011200
0.191200 0.426400 0.012800
0.211200 0.426400 0.012800
0.243200 0.426400 0.011200
0.156800 0.428000 0.013600
0.471200 0.440000 0.016800
0.432000 0.440800 0.012800
0.452000 0.440800 0.013600
0.511200 0.440800 0.013600
0.589600 0.440800 0.016800
0.481600 0.441600 0.018400
0.499200 0.441600 0.013600
0.539200 0.441600 0.013600
0.556000 0.441600 0.012800
0.635200 0.441600 0.012800
0.656800 0.441600 0.011200
0.669600 0.441600 0.008800
0.573600 0.442400 0.013600
0.818400 0.442400 0.008800
0.396000 0.443200 0.012800
0.414400 0.443200 0.011200
0.680000 0.443200 0.016000
0.696800 0.443200 0.012800
0.725600 0.443200 0.016800
0.763200 0.443200 0.016000
0.788000 0.443200 0.013600
0.802400 0.443200 0.011200
0.618400 0.444000 0.008800
0.715200 0.444000 0.013600
0.744800 0.444000 0.012800
0.377600 0.444800 0.011200
0.600800 0.444800 0.007200
0.609600 0.444800 0.015200
0.831200 0.444800 0.011200
0.854400 0.445600 0.016000
0.360000 0.446400 0.012000
0.300000 0.447200 0.013600
0.322400 0.447200 0.012800
0.341600 0.447200 0.011200
0.278400 0.449600 0.016000
0.268000 0.450400 0.016800
0.220800 0.451200 0.011200
0.249600 0.451200 0.012800
0.154400 0.452000 0.016800
0.232800 0.452000 0.013600
0.177600 0.453600 0.016800
0.206400 0.453600 0.011200
0.188000 0.454400 0.016800
0.165600 0.456000 0.016800
0.431200 0.468800 0.013600
0.458400 0.468800 0.016800
0.620800 0.468800 0.020800
0.673600 0.468800 0.011200
0.393600 0.469600 0.015200
0.402400 0.469600 0.016800
0.416800 0.469600 0.011200
0.444800 0.469600 0.016800
0.499200 0.469600 0.011200
0.551200 0.469600 0.015200
0.636800 0.469600 0.013600
0.657600 0.469600 0.012800
0.361600 0.470400 0.008800
0.464800 0.470400 0.015200
0.520000 0.470400 0.014400
0.576800 0.470400 0.013600
0.700800 0.470400 0.013600
0.780000 0.470400 0.016800
0.341600 0.471200 0.013600
0.349600 0.471200 0.016800
0.377600 0.471200 0.011200
0.592000 0.471200 0.011200
0.609600 0.471200 0.013600
0.689600 0.471200 0.011200
0.718400 0.471200 0.012800
0.737600 0.471200 0.011200
0.751200 0.471200 0.008800
0.322400 0.472000 0.013600
0.482400 0.472000 0.011200
0.764800 0.472000 0.010400
0.800000 0.472800 0.013600
0.301600 0.473600 0.013600
0.814400 0.473600 0.011200
0.832800 0.473600 0.012800
0.852000 0.473600 0.013600
0.280000 0.474400 0.011200
0.256000 0.475200 0.011200
0.236000 0.477600 0.012800
0.194400 0.479200 0.011200
0.212800 0.479200 0.012000
0.160800 0.480000 0.012800
0.177600 0.480000 0.011200
0.544800 0.492800 0.013600
0.469600 0.494400 0.011200
0.489600 0.494400 0.013600
0.502400 0.494400 0.013600
0.523200 0.494400 0.011200
0.704000 0.494400 0.016800
0.450400 0.495200 0.012800
0.564000 0.495200 0.012000
0.580800 0.495200 0.008800
0.593600 0.495200 0.008800
0.633600 0.495200 0.013600
0.651200 0.495200 0.012800
0.714400 0.495200 0.008800
0.400800 0.496000 0.013600
0.428800 0.496000 0.015200
0.609600 0.496000 0.011200
0.684800 0.496000 0.013600
0.730400 0.496000 0.011200
0.808000 0.496000 0.008800
0.383200 0.496800 0.013600
0.668800 0.496800 0.011200
0.768800 0.496800 0.015200
0.793600 0.496800 0.011200
0.359200 0.497600 0.013600
0.749600 0.497600 0.013600
0.819200 0.497600 0.011200
0.859200 0.497600 0.008800
0.269600 0.498400 0.016800
0.288000 0.498400 0.013600
0.308000 0.498400 0.013600
0.331200 0.498400 0.016800
0.344800 0.498400 0.007200
0.256800 0.499200 0.018400
0.835200 0.499200 0.011200
0.847200 0.499200 0.008800
0.872000 0.499200 0.020000
0.239200 0.501600 0.004800
0.164000 0.502400 0.016000
0.231200 0.503200 0.013600
0.195200 0.504000 0.016000
0.212800 0.504000 0.013600
0.184800 0.504800 0.016800
