0.247200 0.045600 0.011200
0.262400 0.045600 0.023200
0.199200 0.046400 0.008800
0.212800 0.046400 0.011200
0.230400 0.046400 0.011200
0.178400 0.048800 0.019200
0.807200 0.072800 0.016800
0.694400 0.073600 0.011200
0.738400 0.073600 0.013600
0.632800 0.074400 0.016800
0.650400 0.074400 0.022400
0.665600 0.074400 0.008800
0.677600 0.074400 0.011200
0.715200 0.074400 0.013600
0.391200 0.075200 0.008800
0.579200 0.075200 0.011200
0.612800 0.075200 0.011200
0.758400 0.075200 0.011200
0.773600 0.075200 0.011200
0.788000 0.075200 0.011200
0.325600 0.076000 0.019200
0.342400 0.076000 0.011200
0.356800 0.076000 0.008800
0.380800 0.076000 0.005600
0.418400 0.076000 0.013600
0.532800 0.076000 0.011200
0.560800 0.076000 0.011200
0.596800 0.076000 0.011200
0.249600 0.076800 0.016800
0.314400 0.076800 0.008800
0.433600 0.076800 0.011200
0.472000 0.076800 0.008800
0.485600 0.076800 0.008800
0.501600 0.076800 0.011200
0.516000 0.076800 0.011200
0.546400 0.076800 0.008800
0.264800 0.077600 0.011200
0.370400 0.077600 0.008800
0.400000 0.077600 0.016000
0.240000 0.078400 0.008800
0.285600 0.078400 0.013600
0.302400 0.078400 0.008800
0.410400 0.078400 0.005600
0.453600 0.078400 0.013600
0.848000 0.078400 0.021600
0.227200 0.079200 0.008800
0.168800 0.080000 0.016800
0.176000 0.080000 0.016800
0.191200 0.080000 0.011200
0.205600 0.080000 0.016800
0.213600 0.080000 0.019200
0.152800 0.081600 0.022400
0.644000 0.114400 0.013600
0.848000 0.114400 0.015200
0.662400 0.115200 0.008800
0.675200 0.115200 0.008800
0.688000 0.115200 0.015200
0.712000 0.115200 0.012800
0.732800 0.115200 0.013600
0.770400 0.115200 0.013600
0.598400 0.116000 0.019200
0.624000 0.116000 0.013600
0.748800 0.116000 0.015200
0.798400 0.116000 0.016800
0.824800 0.116000 0.011200
0.868000 0.116000 0.014400
0.583200 0.116800 0.008800
0.782400 0.116800 0.016800
0.808000 0.116800 0.013600
0.436000 0.117600 0.013600
0.517600 0.117600 0.011200
0.530400 0.117600 0.008000
0.546400 0.117600 0.012800
0.569600 0.117600 0.011200
0.202400 0.118400 0.008800
0.419200 0.118400 0.005600
0.459200 0.118400 0.012000
0.500000 0.118400 0.009600
0.122400 0.119200 0.012800
0.188800 0.119200 0.018400
0.247200 0.119200 0.012800
0.292000 0.119200 0.013600
0.308000 0.119200 0.016800
0.179200 0.120000 0.013600
0.211200 0.120000 0.013600
0.227200 0.120000 0.011200
0.265600 0.120000 0.015200
0.380800 0.120000 0.011200
0.396800 0.120000 0.011200
0.410400 0.120000 0.013600
0.477600 0.120000 0.015200
0.486400 0.120000 0.020800
0.144000 0.120800 0.010400
0.330400 0.120800 0.008800
0.366400 0.120800 0.011200
0.161600 0.121600 0.011200
0.317600 0.121600 0.008800
0.347200 0.121600 0.012000
0.675200 0.134400 0.012800
0.727200 0.136000 0.008000
0.717600 0.136800 0.008800
0.623200 0.137600 0.007200
0.632000 0.137600 0.005600
0.642400 0.137600 0.008800
0.657600 0.137600 0.011200
0.764800 0.137600 0.011200
0.684000 0.138400 0.011200
0.745600 0.138400 0.012000
0.793600 0.138400 0.009600
0.808800 0.138400 0.008800
0.700800 0.139200 0.011200
0.776000 0.139200 0.011200
0.824800 0.139200 0.011200
0.862400 0.139200 0.012800
0.122400 0.140000 0.013600
0.424800 0.140000 0.005600
0.434400 0.140000 0.013600
0.607200 0.140000 0.012000
0.844000 0.140000 0.012000
0.140800 0.140800 0.008800
0.150400 0.140800 0.008800
0.200800 0.140800 0.012800
0.216000 0.140800 0.008800
0.404000 0.140800 0.009600
0.416800 0.140800 0.012800
0.489600 0.140800 0.009600
0.506400 0.140800 0.011200
0.523200 0.140800 0.011200
0.540800 0.140800 0.013600
0.588800 0.140800 0.012000
0.225600 0.141600 0.008800
0.240800 0.141600 0.011200
0.261600 0.141600 0.011200
0.284000 0.141600 0.012800
0.292800 0.141600 0.005600
0.304800 0.141600 0.011200
0.359200 0.141600 0.009600
0.389600 0.141600 0.007200
0.458400 0.141600 0.011200
0.475200 0.141600 0.010400
0.569600 0.141600 0.012800
0.180000 0.142400 0.009600
0.275200 0.142400 0.013600
0.376800 0.142400 0.009600
0.164800 0.143200 0.009600
0.325600 0.143200 0.008800
0.342400 0.143200 0.010400
0.808800 0.158400 0.012800
0.750400 0.159200 0.011200
0.768800 0.160000 0.009600
0.788000 0.160000 0.012800
0.815200 0.160000 0.011200
0.727200 0.160800 0.013600
0.860800 0.160800 0.008800
0.468000 0.161600 0.013600
0.544800 0.161600 0.012800
0.704800 0.161600 0.011200
0.831200 0.161600 0.010400
0.847200 0.161600 0.008800
0.232000 0.162400 0.011200
0.382400 0.162400 0.008000
0.392800 0.162400 0.008000
0.404800 0.162400 0.008800
0.418400 0.162400 0.008800
0.650400 0.162400 0.011200
0.264000 0.163200 0.013600
0.331200 0.163200 0.012800
0.351200 0.163200 0.011200
0.369600 0.163200 0.011200
0.428800 0.163200 0.008800
0.452000 0.163200 0.016000
0.528000 0.163200 0.012800
0.634400 0.163200 0.011200
0.668000 0.163200 0.011200
0.687200 0.163200 0.011200
0.191200 0.164000 0.004800
0.200000 0.164000 0.011200
0.215200 0.164000 0.010400
0.273600 0.164000 0.016800
0.312800 0.164000 0.012000
0.442400 0.164000 0.011200
0.491200 0.164000 0.011200
0.615200 0.164000 0.012800
0.123200 0.164800 0.013600
0.144800 0.164800 0.013600
0.163200 0.164800 0.010400
0.248800 0.164800 0.010400
0.290400 0.164800 0.012800
0.508000 0.164800 0.011200
0.179200 0.165600 0.011200
0.571200 0.165600 0.011200
0.588000 0.165600 0.013600
0.563200 0.166400 0.008800
0.792800 0.180000 0.008800
0.756000 0.180800 0.008800
0.771200 0.181600 0.015200
0.728800 0.182400 0.010400
0.741600 0.182400 0.008800
0.804000 0.182400 0.016800
0.821600 0.182400 0.011200
0.865600 0.182400 0.019200
0.779200 0.183200 0.015200
0.835200 0.183200 0.008800
0.704800 0.184000 0.013600
0.710400 0.184000 0.013600
0.851200 0.184000 0.011200
0.620800 0.184800 0.010400
0.604800 0.185600 0.007200
0.665600 0.185600 0.012800
0.685600 0.185600 0.011200
0.592800 0.186400 0.009600
0.645600 0.186400 0.008800
0.336800 0.187200 0.015200
0.416000 0.187200 0.008800
0.431200 0.187200 0.011200
0.476800 0.187200 0.013600
0.556000 0.187200 0.007200
0.633600 0.187200 0.008800
0.400000 0.188000 0.012000
0.497600 0.188000 0.016800
0.507200 0.188000 0.013600
0.524800 0.188000 0.011200
0.544000 0.188000 0.011200
0.288000 0.188800 0.011200
0.314400 0.188800 0.011200
0.359200 0.188800 0.012800
0.378400 0.188800 0.012800
0.450400 0.188800 0.013600
0.572800 0.188800 0.012800
0.301600 0.189600 0.008800
0.330400 0.189600 0.013600
0.212800 0.190400 0.016800
0.227200 0.190400 0.013600
0.152000 0.191200 0.016800
0.272800 0.191200 0.011200
0.128800 0.192000 0.016800
0.256800 0.192000 0.011200
0.161600 0.192800 0.016800
0.178400 0.193600 0.011200
0.190400 0.193600 0.008800
0.244000 0.193600 0.016800
0.203200 0.194400 0.006400
0.732800 0.204800 0.010400
0.750400 0.204800 0.011200
0.716800 0.205600 0.010400
0.769600 0.205600 0.011200
0.787200 0.205600 0.010400
0.833600 0.205600 0.008800
0.817600 0.206400 0.011200
0.844800 0.206400 0.011200
0.632800 0.207200 0.009600
0.681600 0.207200 0.011200
0.700000 0.207200 0.010400
0.802400 0.207200 0.010400
0.615200 0.208000 0.011200
0.648000 0.208000 0.009600
0.663200 0.208000 0.010400
0.864000 0.208000 0.012000
0.597600 0.208800 0.011200
0.419200 0.210400 0.011200
0.448000 0.210400 0.007200
0.560000 0.210400 0.011200
0.575200 0.210400 0.008800
0.585600 0.210400 0.005600
0.435200 0.211200 0.011200
0.473600 0.211200 0.011200
0.543200 0.211200 0.011200
0.383200 0.212000 0.012800
0.405600 0.212000 0.011200
0.457600 0.212000 0.015200
0.524800 0.212000 0.010400
0.298400 0.213600 0.011200
0.335200 0.213600 0.008800
0.364800 0.213600 0.011200
0.492000 0.213600 0.010400
0.319200 0.214400 0.012800
0.348800 0.214400 0.010400
0.508800 0.214400 0.011200
0.281600 0.215200 0.011200
0.244800 0.216000 0.011200
0.257600 0.216000 0.005600
0.266400 0.216000 0.013600
0.131200 0.218400 0.016800
0.173600 0.218400 0.011200
0.153600 0.219200 0.013600
0.187200 0.219200 0.011200
0.204800 0.219200 0.012800
0.226400 0.219200 0.012800
0.790400 0.228000 0.012800
0.828800 0.228000 0.011200
0.842400 0.228800 0.008800
0.872800 0.228800 0.012800
0.730400 0.229600 0.012800
0.758400 0.229600 0.016000
0.809600 0.229600 0.011200
0.854400 0.229600 0.008800
0.769600 0.230400 0.008800
0.628800 0.231200 0.011200
0.644000 0.231200 0.010400
0.660000 0.231200 0.011200
0.596800 0.232000 0.007200
0.611200 0.232800 0.011200
0.681600 0.232800 0.012800
0.699200 0.232800 0.011200
0.714400 0.232800 0.010400
0.409600 0.233600 0.005600
0.416000 0.233600 0.010400
0.580800 0.233600 0.012800
0.394400 0.234400 0.011200
0.562400 0.234400 0.011200
0.485600 0.235200 0.005600
0.526400 0.235200 0.011200
0.544000 0.235200 0.011200
0.366400 0.236000 0.007200
0.508800 0.236000 0.010400
0.352000 0.236800 0.011200
0.452800 0.236800 0.013600
0.496800 0.236800 0.008800
0.377600 0.237600 0.011200
0.435200 0.237600 0.011200
0.476000 0.237600 0.013600
0.300000 0.238400 0.008800
0.335200 0.238400 0.011200
0.462400 0.238400 0.008800
0.318400 0.240000 0.012000
0.096800 0.241600 0.014400
0.269600 0.241600 0.012800
0.288800 0.241600 0.008800
0.254400 0.242400 0.011200
0.149600 0.243200 0.013600
0.213600 0.243200 0.010400
0.129600 0.244000 0.012800
0.236800 0.244000 0.013600
0.174400 0.244800 0.012000
0.227200 0.244800 0.016800
0.279200 0.244800 0.016800
0.196800 0.245600 0.012800
0.824800 0.252000 0.011200
0.851200 0.252000 0.008800
0.782400 0.252800 0.004800
0.807200 0.252800 0.011200
0.816000 0.252800 0.005600
0.840000 0.252800 0.011200
0.863200 0.252800 0.013600
0.792800 0.253600 0.011200
0.712000 0.254400 0.012800
0.732000 0.254400 0.013600
0.752000 0.255200 0.015200
0.763200 0.255200 0.005600
0.772800 0.255200 0.013600
0.499200 0.256000 0.006400
0.641600 0.256000 0.008000
0.657600 0.256000 0.011200
0.669600 0.256000 0.016000
0.695200 0.256000 0.011200
0.524800 0.256800 0.008800
0.583200 0.256800 0.011200
0.592800 0.256800 0.008800
0.420800 0.257600 0.011200
0.476000 0.257600 0.007200
0.511200 0.257600 0.008800
0.558400 0.257600 0.005600
0.567200 0.257600 0.013600
0.609600 0.257600 0.011200
0.623200 0.257600 0.015200
0.631200 0.257600 0.015200
0.678400 0.257600 0.013600
0.380800 0.258400 0.012800
0.436800 0.258400 0.010400
0.454400 0.258400 0.008800
0.488000 0.258400 0.008000
0.402400 0.259200 0.011200
0.544800 0.259200 0.012000
0.467200 0.260000 0.005600
0.349600 0.261600 0.008800
0.364000 0.261600 0.011200
0.314400 0.262400 0.011200
0.299200 0.263200 0.008800
0.289600 0.264000 0.013600
0.334400 0.264000 0.012000
0.060000 0.264800 0.012000
0.092000 0.265600 0.008800
0.219200 0.265600 0.011200
0.272800 0.265600 0.010400
0.104800 0.266400 0.008800
0.258400 0.266400 0.008800
0.160000 0.267200 0.008800
0.180000 0.267200 0.012800
0.236000 0.267200 0.008800
0.248000 0.267200 0.008800
0.130400 0.268000 0.012000
0.147200 0.268000 0.011200
0.200800 0.268000 0.012800
0.076800 0.269600 0.009600
0.062400 0.272800 0.005600
0.105600 0.272800 0.008800
0.803200 0.272800 0.012000
0.092000 0.273600 0.008800
0.824800 0.275200 0.011200
0.840000 0.275200 0.011200
0.788000 0.277600 0.011200
0.858400 0.277600 0.013600
0.750400 0.278400 0.011200
0.456000 0.279200 0.012800
0.707200 0.279200 0.011200
0.537600 0.280000 0.010400
0.553600 0.280000 0.008800
0.580000 0.280000 0.010400
0.616800 0.280000 0.011200
0.628800 0.280000 0.011200
0.648800 0.280000 0.013600
0.722400 0.280000 0.010400
0.769600 0.280000 0.011200
0.061600 0.280800 0.011200
0.564800 0.280800 0.008800
0.598400 0.280800 0.011200
0.735200 0.280800 0.008800
0.476000 0.281600 0.011200
0.500800 0.281600 0.008800
0.520800 0.281600 0.013600
0.417600 0.282400 0.011200
0.434400 0.282400 0.011200
0.489600 0.282400 0.007200
0.392000 0.283200 0.011200
0.668000 0.283200 0.013600
0.377600 0.284000 0.016800
0.404000 0.284000 0.008800
0.334400 0.284800 0.012000
0.367200 0.284800 0.008800
0.077600 0.285600 0.008800
0.092800 0.285600 0.009600
0.354400 0.286400 0.011200
0.683200 0.286400 0.009600
0.261600 0.287200 0.008800
0.276000 0.287200 0.011200
0.313600 0.287200 0.011200
0.222400 0.288000 0.008000
0.296000 0.288000 0.011200
0.692800 0.289600 0.009600
0.107200 0.291200 0.008800
0.128000 0.291200 0.013600
0.248800 0.291200 0.009600
0.148000 0.292000 0.011200
0.064000 0.292800 0.008800
0.162400 0.292800 0.008800
0.232000 0.292800 0.015200
0.176000 0.293600 0.013600
0.194400 0.293600 0.011200
0.209600 0.293600 0.011200
0.078400 0.294400 0.008800
0.078400 0.298400 0.008000
0.804000 0.300000 0.008800
0.862400 0.300000 0.013600
0.831200 0.300800 0.012800
0.849600 0.300800 0.008800
0.813600 0.301600 0.015200
0.750400 0.302400 0.011200
0.774400 0.302400 0.011200
0.792000 0.302400 0.011200
0.763200 0.303200 0.007200
0.731200 0.304000 0.012800
0.573600 0.304800 0.010400
0.587200 0.304800 0.008800
0.566400 0.305600 0.004800
0.598400 0.305600 0.008800
0.612000 0.305600 0.008800
0.093600 0.306400 0.008800
0.528800 0.306400 0.008800
0.628000 0.306400 0.013600
0.710400 0.306400 0.012800
0.453600 0.307200 0.011200
0.557600 0.307200 0.012800
0.066400 0.308000 0.008800
0.108800 0.308000 0.007200
0.477600 0.308000 0.015200
0.516000 0.308000 0.011200
0.541600 0.308000 0.011200
0.654400 0.308000 0.016800
0.664800 0.308000 0.016800
0.080000 0.308800 0.006400
0.393600 0.308800 0.007200
0.499200 0.308800 0.011200
0.689600 0.308800 0.013600
0.382400 0.309600 0.008800
0.422400 0.309600 0.013600
0.437600 0.309600 0.008800
0.402400 0.310400 0.016000
0.370400 0.311200 0.007200
0.680000 0.311200 0.013600
0.305600 0.312000 0.011200
0.320800 0.312000 0.008800
0.350400 0.312000 0.016000
0.287200 0.312800 0.013600
0.336000 0.312800 0.011200
0.360000 0.312800 0.015200
0.095200 0.314400 0.008800
0.260000 0.314400 0.012800
0.277600 0.314400 0.013600
0.240800 0.316000 0.012800
0.183200 0.317600 0.007200
0.193600 0.317600 0.008800
0.208000 0.317600 0.011200
0.222400 0.317600 0.008800
0.127200 0.318400 0.011200
0.144000 0.318400 0.011200
0.172800 0.318400 0.007200
0.110400 0.319200 0.008800
0.162400 0.319200 0.015200
0.064800 0.320000 0.007200
0.079200 0.320000 0.007200
0.853600 0.323200 0.011200
0.826400 0.324000 0.008800
0.836000 0.324000 0.011200
0.815200 0.324800 0.015200
0.763200 0.325600 0.015200
0.803200 0.325600 0.010400
0.750400 0.326400 0.008800
0.771200 0.326400 0.014400
0.786400 0.326400 0.010400
0.083200 0.328800 0.007200
0.095200 0.328800 0.005600
0.739200 0.328800 0.008800
0.544000 0.329600 0.009600
0.576000 0.329600 0.013600
0.724000 0.329600 0.011200
0.466400 0.330400 0.008800
0.525600 0.330400 0.011200
0.556800 0.330400 0.008800
0.452800 0.331200 0.011200
0.492000 0.331200 0.011200
0.507200 0.331200 0.011200
0.596800 0.331200 0.012000
0.066400 0.332000 0.008800
0.616000 0.332000 0.011200
0.690400 0.332000 0.011200
0.706400 0.332000 0.011200
0.634400 0.332800 0.010400
0.653600 0.332800 0.011200
0.672800 0.332800 0.011200
0.436000 0.333600 0.013600
0.475200 0.333600 0.014400
0.109600 0.334400 0.008800
0.382400 0.335200 0.011200
0.363200 0.336000 0.011200
0.082400 0.336800 0.012800
0.094400 0.337600 0.007200
0.282400 0.337600 0.011200
0.345600 0.337600 0.011200
0.400000 0.337600 0.011200
0.416800 0.337600 0.011200
0.295200 0.338400 0.011200
0.310400 0.338400 0.011200
0.068000 0.339200 0.003200
0.328000 0.339200 0.011200
0.174400 0.341600 0.013600
0.222400 0.341600 0.013600
0.244000 0.341600 0.011200
0.264000 0.341600 0.012800
0.193600 0.342400 0.014400
0.081600 0.343200 0.008800
0.132000 0.343200 0.012800
0.151200 0.343200 0.011200
0.110400 0.345600 0.008800
0.857600 0.345600 0.013600
0.827200 0.346400 0.012800
0.842400 0.346400 0.008800
0.081600 0.347200 0.005600
0.833600 0.347200 0.015200
0.866400 0.347200 0.017600
0.067200 0.348000 0.008000
0.796800 0.348800 0.008800
0.096800 0.349600 0.007200
0.788000 0.349600 0.005600
0.812800 0.349600 0.011200
0.110400 0.351200 0.008800
0.776000 0.351200 0.008800
0.738400 0.352800 0.011200
0.760000 0.352800 0.012800
0.721600 0.353600 0.011200
0.081600 0.354400 0.005600
0.579200 0.355200 0.013600
0.656000 0.355200 0.011200
0.695200 0.355200 0.007200
0.704800 0.355200 0.007200
0.529600 0.356000 0.013600
0.637600 0.356000 0.012800
0.685600 0.356000 0.005600
0.493600 0.356800 0.007200
0.553600 0.356800 0.015200
0.596800 0.356800 0.010400
0.612000 0.356800 0.013600
0.619200 0.356800 0.013600
0.672800 0.356800 0.011200
0.507200 0.357600 0.012000
0.067200 0.358400 0.008800
0.485600 0.358400 0.013600
0.444800 0.359200 0.018400
0.472800 0.359200 0.013600
0.431200 0.360000 0.007200
0.096800 0.360800 0.008000
0.404800 0.361600 0.011200
0.420000 0.361600 0.008800
0.112800 0.363200 0.008800
0.361600 0.363200 0.012800
0.380800 0.363200 0.013600
0.313600 0.364000 0.011200
0.341600 0.364000 0.016800
0.331200 0.364800 0.013600
0.082400 0.365600 0.007200
0.286400 0.365600 0.013600
0.172000 0.366400 0.012800
0.260800 0.366400 0.011200
0.269600 0.366400 0.013600
0.191200 0.367200 0.013600
0.210400 0.367200 0.013600
0.244800 0.367200 0.011200
0.228000 0.368000 0.013600
0.134400 0.370400 0.013600
0.152800 0.370400 0.012000
0.802400 0.372800 0.011200
0.112000 0.373600 0.008800
0.840800 0.373600 0.013600
0.876000 0.373600 0.012800
0.783200 0.374400 0.012800
0.819200 0.374400 0.011200
0.860800 0.374400 0.011200
0.082400 0.375200 0.006400
0.096800 0.375200 0.007200
0.764000 0.375200 0.011200
0.747200 0.376000 0.011200
0.899200 0.376000 0.011200
0.068800 0.376800 0.010400
0.730400 0.377600 0.011200
0.712800 0.378400 0.013600
0.639200 0.380000 0.012800
0.656000 0.380000 0.007200
0.691200 0.380000 0.011200
0.618400 0.380800 0.012000
0.672800 0.380800 0.012000
0.070400 0.383200 0.003200
0.547200 0.383200 0.018400
0.592000 0.383200 0.016800
0.113600 0.384000 0.009600
0.574400 0.384000 0.011200
0.533600 0.384800 0.008800
0.084000 0.385600 0.006400
0.096000 0.385600 0.005600
0.428800 0.385600 0.016800
0.454400 0.385600 0.011200
0.559200 0.385600 0.016800
0.362400 0.386400 0.008800
0.436800 0.386400 0.013600
0.468000 0.386400 0.010400
0.482400 0.386400 0.008800
0.518400 0.386400 0.011200
0.373600 0.387200 0.008800
0.492800 0.387200 0.005600
0.503200 0.387200 0.008800
0.390400 0.388000 0.011200
0.415200 0.388000 0.016800
0.069600 0.388800 0.008000
0.405600 0.388800 0.016800
0.332000 0.389600 0.011200
0.898400 0.389600 0.008800
0.236800 0.390400 0.013600
0.300000 0.390400 0.012000
0.320000 0.390400 0.011200
0.348000 0.390400 0.010400
0.283200 0.391200 0.011200
0.183200 0.392800 0.012000
0.264800 0.392800 0.013600
0.151200 0.393600 0.013600
0.203200 0.393600 0.011200
0.220000 0.393600 0.011200
0.096000 0.394400 0.008000
0.134400 0.394400 0.012000
0.158400 0.394400 0.015200
0.115200 0.395200 0.011200
0.168000 0.395200 0.008800
0.082400 0.396000 0.007200
0.097600 0.399200 0.009600
0.821600 0.400000 0.011200
0.838400 0.400000 0.011200
0.856000 0.400800 0.011200
0.876000 0.401600 0.012800
0.068800 0.402400 0.008800
0.794400 0.402400 0.011200
0.804800 0.402400 0.011200
0.899200 0.402400 0.016800
0.779200 0.403200 0.011200
0.739200 0.404000 0.011200
0.765600 0.404000 0.016800
0.723200 0.404800 0.010400
0.755200 0.404800 0.008800
0.680800 0.405600 0.013600
0.707200 0.405600 0.011200
0.098400 0.406400 0.005600
0.646400 0.407200 0.010400
0.661600 0.407200 0.010400
0.587200 0.408000 0.013600
0.611200 0.408000 0.011200
0.628800 0.408000 0.011200
0.446400 0.409600 0.016000
0.536800 0.409600 0.013600
0.556000 0.409600 0.011200
0.365600 0.410400 0.011200
0.571200 0.410400 0.011200
0.084000 0.411200 0.008800
0.113600 0.411200 0.008800
0.435200 0.411200 0.008800
0.452800 0.411200 0.012800
0.467200 0.411200 0.010400
0.394400 0.412000 0.008000
0.408000 0.412000 0.008800
0.418400 0.412000 0.011200
0.483200 0.412000 0.011200
0.500800 0.412000 0.011200
0.519200 0.412000 0.012000
0.899200 0.412000 0.018400
0.381600 0.412800 0.011200
0.812800 0.414400 0.004800
0.348000 0.415200 0.011200
0.328800 0.416000 0.012800
0.308000 0.416800 0.013600
0.134400 0.417600 0.011200
0.151200 0.417600 0.011200
0.187200 0.417600 0.013600
0.215200 0.417600 0.013600
0.237600 0.417600 0.012800
0.260800 0.417600 0.013600
0.286400 0.417600 0.012800
0.211200 0.418400 0.013600
0.068800 0.419200 0.008800
0.167200 0.419200 0.011200
0.899200 0.419200 0.013600
0.114400 0.420000 0.007200
0.082400 0.423200 0.007200
0.103200 0.423200 0.007200
0.849600 0.424000 0.011200
0.864800 0.424000 0.008800
0.096800 0.424800 0.009600
0.832800 0.424800 0.013600
0.828000 0.425600 0.013600
0.877600 0.425600 0.011200
0.069600 0.427200 0.005600
0.806400 0.428000 0.012800
0.899200 0.428000 0.011200
0.652800 0.428800 0.011200
0.670400 0.428800 0.012000
0.689600 0.428800 0.011200
0.707200 0.428800 0.010400
0.756000 0.428800 0.011200
0.788800 0.428800 0.011200
0.737600 0.429600 0.011200
0.603200 0.430400 0.008800
0.618400 0.430400 0.008800
0.721600 0.430400 0.008800
0.773600 0.430400 0.010400
0.571200 0.431200 0.009600
0.635200 0.431200 0.009600
0.113600 0.432000 0.006400
0.587200 0.432000 0.009600
0.083200 0.432800 0.005600
0.491200 0.432800 0.007200
0.556800 0.432800 0.007200
0.464000 0.433600 0.009600
0.545600 0.433600 0.008800
0.099200 0.434400 0.007200
0.440800 0.434400 0.008800
0.479200 0.434400 0.008800
0.499200 0.434400 0.012800
0.530400 0.434400 0.008800
0.070400 0.435200 0.008800
0.900800 0.435200 0.013600
0.427200 0.436000 0.010400
0.450400 0.436000 0.007200
0.515200 0.436000 0.010400
0.374400 0.436800 0.011200
0.412000 0.436800 0.011200
0.390400 0.437600 0.012800
0.355200 0.438400 0.012000
0.336800 0.439200 0.011200
0.130400 0.440800 0.008800
0.236800 0.440800 0.013600
0.256800 0.440800 0.010400
0.140000 0.441600 0.007200
0.154400 0.441600 0.010400
0.212000 0.441600 0.011200
0.276000 0.441600 0.012800
0.308800 0.441600 0.008800
0.901600 0.441600 0.018400
0.182400 0.442400 0.008000
0.195200 0.442400 0.010400
0.324800 0.442400 0.011200
0.084800 0.443200 0.007200
0.115200 0.443200 0.007200
0.170400 0.443200 0.008800
0.293600 0.443200 0.010400
0.102400 0.445600 0.008800
0.457600 0.446400 0.004800
0.070400 0.448000 0.008800
0.101600 0.450400 0.011200
0.832800 0.452000 0.013600
0.903200 0.452000 0.020800
0.130400 0.452800 0.005600
0.736800 0.452800 0.015200
0.796800 0.452800 0.011200
0.854400 0.452800 0.013600
0.571200 0.453600 0.013600
0.692000 0.453600 0.011200
0.763200 0.453600 0.012800
0.812800 0.453600 0.011200
0.601600 0.454400 0.010400
0.674400 0.454400 0.011200
0.711200 0.454400 0.011200
0.730400 0.454400 0.012800
0.779200 0.454400 0.011200
0.500800 0.455200 0.011200
0.549600 0.455200 0.007200
0.587200 0.455200 0.010400
0.617600 0.455200 0.011200
0.636000 0.455200 0.011200
0.655200 0.455200 0.011200
0.746400 0.455200 0.013600
0.874400 0.455200 0.016000
0.084800 0.456800 0.008000
0.434400 0.456800 0.008800
0.510400 0.456800 0.008800
0.523200 0.456800 0.009600
0.539200 0.456800 0.008800
0.454400 0.457600 0.012800
0.070400 0.458400 0.008800
0.417600 0.458400 0.010400
0.471200 0.458400 0.009600
0.485600 0.458400 0.009600
0.101600 0.459200 0.008800
0.116800 0.460000 0.009600
0.385600 0.460000 0.009600
0.400800 0.460000 0.010400
0.371200 0.461600 0.008800
0.902400 0.462400 0.016800
0.136000 0.464000 0.009600
0.196800 0.464000 0.013600
0.214400 0.464000 0.010400
0.352800 0.464000 0.012000
0.187200 0.464800 0.008800
0.231200 0.464800 0.011200
0.248000 0.464800 0.009600
0.263200 0.464800 0.008800
0.276800 0.464800 0.008800
0.153600 0.465600 0.010400
0.173600 0.465600 0.011200
0.294400 0.465600 0.011200
0.333600 0.465600 0.011200
0.315200 0.466400 0.012800
0.084000 0.467200 0.007200
0.071200 0.469600 0.007200
0.099200 0.469600 0.008000
0.116800 0.472000 0.009600
0.557600 0.478400 0.016800
0.583200 0.478400 0.011200
0.601600 0.478400 0.013600
0.734400 0.478400 0.012800
0.524000 0.479200 0.005600
0.540800 0.479200 0.011200
0.116000 0.480000 0.011200
0.497600 0.480000 0.008800
0.516800 0.480000 0.004800
0.624800 0.480000 0.008800
0.639200 0.480000 0.011200
0.659200 0.480000 0.013600
0.464800 0.480800 0.011200
0.483200 0.480800 0.011200
0.508000 0.480800 0.007200
0.566400 0.480800 0.011200
0.610400 0.480800 0.011200
0.680800 0.480800 0.008800
0.693600 0.480800 0.011200
0.712800 0.480800 0.012800
0.752800 0.480800 0.011200
0.766400 0.480800 0.008800
0.791200 0.480800 0.008800
0.804800 0.480800 0.016000
0.827200 0.480800 0.011200
0.441600 0.481600 0.016000
0.814400 0.481600 0.008800
0.844800 0.481600 0.011200
0.392000 0.482400 0.012000
0.426400 0.482400 0.010400
0.449600 0.482400 0.013600
0.861600 0.482400 0.008800
0.872800 0.482400 0.016800
0.100000 0.483200 0.008800
0.135200 0.483200 0.011200
0.149600 0.483200 0.005600
0.157600 0.483200 0.012800
0.776800 0.483200 0.011200
0.084800 0.484000 0.008800
0.173600 0.484000 0.012800
0.349600 0.484000 0.009600
0.411200 0.484000 0.011200
0.375200 0.484800 0.010400
0.070400 0.485600 0.012000
0.363200 0.485600 0.007200
0.195200 0.486400 0.008800
0.207200 0.487200 0.008000
0.236800 0.487200 0.011200
0.220000 0.488000 0.011200
0.255200 0.488000 0.011200
0.275200 0.488000 0.012800
0.303200 0.488000 0.015200
0.333600 0.488000 0.009600
0.295200 0.488800 0.013600
0.318400 0.489600 0.008800
0.679200 0.500000 0.008800
0.085600 0.500800 0.008800
0.616800 0.500800 0.008800
0.572800 0.501600 0.007200
0.630400 0.501600 0.008000
0.642400 0.501600 0.008000
0.666400 0.501600 0.008800
0.097600 0.502400 0.008800
0.545600 0.502400 0.009600
0.583200 0.502400 0.007200
0.593600 0.502400 0.005600
0.654400 0.502400 0.008800
0.775200 0.502400 0.008800
0.791200 0.502400 0.008800
0.804800 0.502400 0.008000
0.815200 0.502400 0.008800
0.829600 0.502400 0.008800
0.841600 0.502400 0.006400
0.108800 0.503200 0.007200
0.124000 0.503200 0.008800
0.431200 0.503200 0.005600
0.562400 0.503200 0.008800
0.602400 0.503200 0.012800
0.696800 0.503200 0.009600
0.710400 0.503200 0.008000
0.725600 0.503200 0.008800
0.490400 0.504000 0.005600
0.523200 0.504000 0.008800
0.760800 0.504000 0.008800
0.853600 0.504000 0.008000
0.867200 0.504000 0.008000
0.883200 0.504000 0.009600
0.899200 0.504000 0.011200
0.134400 0.504800 0.006400
0.144000 0.504800 0.005600
0.151200 0.504800 0.005600
0.160800 0.504800 0.007200
0.186400 0.504800 0.008000
0.362400 0.504800 0.007200
0.372000 0.504800 0.005600
0.382400 0.504800 0.007200
0.438400 0.504800 0.011200
0.451200 0.504800 0.008800
0.482400 0.504800 0.012800
0.504800 0.504800 0.011200
0.514400 0.504800 0.004800
0.535200 0.504800 0.007200
0.736800 0.504800 0.008800
0.750400 0.504800 0.008800
0.173600 0.505600 0.008000
0.346400 0.505600 0.011200
0.352800 0.505600 0.005600
0.418400 0.505600 0.008800
0.469600 0.505600 0.011200
0.208800 0.506400 0.005600
0.393600 0.506400 0.008800
0.405600 0.506400 0.008000
0.462400 0.506400 0.005600
0.197600 0.507200 0.008000
0.215200 0.507200 0.003200
0.220000 0.507200 0.007200
0.231200 0.507200 0.007200
0.242400 0.507200 0.008000
0.334400 0.507200 0.008000
0.256800 0.508000 0.008800
0.270400 0.508000 0.008000
0.283200 0.508000 0.007200
0.294400 0.508000 0.007200
0.307200 0.508000 0.011200
0.314400 0.508000 0.005600
0.324000 0.508800 0.006400
0.658400 0.519200 0.010400
0.673600 0.519200 0.010400
0.691200 0.519200 0.008800
0.788000 0.519200 0.008800
0.854400 0.519200 0.008800
0.569600 0.520000 0.005600
0.607200 0.520000 0.009600
0.623200 0.520000 0.008800
0.634400 0.520000 0.008800
0.665600 0.520000 0.004000
0.701600 0.520000 0.005600
0.707200 0.520000 0.009600
0.776000 0.520000 0.012800
0.800000 0.520000 0.005600
0.809600 0.520000 0.007200
0.821600 0.520000 0.008000
0.833600 0.520000 0.008800
0.844000 0.520000 0.008800
0.108000 0.520800 0.008800
0.119200 0.520800 0.008800
0.168800 0.520800 0.008000
0.557600 0.520800 0.003200
0.584000 0.520800 0.011200
0.644800 0.520800 0.008800
0.720800 0.520800 0.008800
0.735200 0.520800 0.008800
0.769600 0.520800 0.012800
0.864000 0.520800 0.005600
0.872000 0.520800 0.011200
0.886400 0.520800 0.009600
0.898400 0.520800 0.008800
0.084800 0.521600 0.011200
0.096000 0.521600 0.008800
0.131200 0.521600 0.013600
0.139200 0.521600 0.005600
0.179200 0.521600 0.004800
0.541600 0.521600 0.005600
0.550400 0.521600 0.005600
0.563200 0.521600 0.004000
0.578400 0.521600 0.005600
0.593600 0.521600 0.007200
0.748000 0.521600 0.007200
0.758400 0.521600 0.007200
0.149600 0.522400 0.007200
0.160000 0.522400 0.005600
0.338400 0.522400 0.005600
0.512000 0.522400 0.008000
0.523200 0.522400 0.007200
0.532800 0.522400 0.007200
0.188000 0.523200 0.008000
0.345600 0.523200 0.005600
0.490400 0.523200 0.007200
0.500800 0.523200 0.007200
0.201600 0.524000 0.008800
0.216800 0.524000 0.010400
0.232800 0.524000 0.008800
0.320000 0.524000 0.008800
0.330400 0.524000 0.007200
0.372000 0.524000 0.011200
0.385600 0.524000 0.008800
0.479200 0.524000 0.007200
0.246400 0.524800 0.008800
0.299200 0.524800 0.005600
0.310400 0.524800 0.007200
0.356000 0.524800 0.008800
0.396000 0.524800 0.007200
0.414400 0.524800 0.005600
0.424000 0.524800 0.012800
0.451200 0.524800 0.007200
0.462400 0.524800 0.007200
0.471200 0.524800 0.005600
0.272000 0.525600 0.010400
0.288000 0.525600 0.008800
0.364000 0.525600 0.005600
0.406400 0.525600 0.007200
0.432800 0.525600 0.005600
0.440800 0.525600 0.007200
0.257600 0.526400 0.008800
