0.608800 0.200800 0.005600
0.576800 0.201600 0.016800
0.587200 0.201600 0.005600
0.595200 0.201600 0.005600
0.602400 0.201600 0.004800
0.616800 0.201600 0.005600
0.459200 0.202400 0.014400
0.547200 0.202400 0.012800
0.449600 0.203200 0.020000
0.464800 0.203200 0.010400
0.513600 0.203200 0.013600
0.526400 0.203200 0.017600
0.532800 0.203200 0.011200
0.537600 0.203200 0.008800
0.568800 0.203200 0.015200
0.440800 0.204000 0.015200
0.504800 0.204000 0.005600
0.389600 0.204800 0.008800
0.403200 0.204800 0.008800
0.422400 0.204800 0.012000
0.498400 0.204800 0.011200
0.368800 0.205600 0.015200
0.379200 0.205600 0.008800
0.416000 0.205600 0.016800
0.483200 0.206400 0.012800
0.488800 0.226400 0.005600
0.497600 0.226400 0.007200
0.544000 0.226400 0.005600
0.551200 0.226400 0.005600
0.557600 0.226400 0.003200
0.562400 0.226400 0.003200
0.567200 0.226400 0.013600
0.455200 0.227200 0.012800
0.463200 0.227200 0.013600
0.479200 0.227200 0.008000
0.512800 0.227200 0.011200
0.532800 0.227200 0.008800
0.574400 0.227200 0.010400
0.412800 0.228000 0.014400
0.419200 0.228000 0.012800
0.507200 0.228000 0.015200
0.436800 0.228800 0.010400
0.575200 0.256800 0.014400
0.592800 0.258400 0.027200
0.603200 0.258400 0.016800
0.452000 0.259200 0.024000
0.396800 0.262400 0.016800
0.526400 0.262400 0.010400
0.435200 0.263200 0.013600
0.532000 0.263200 0.012800
0.540800 0.263200 0.005600
0.548800 0.263200 0.012800
0.416000 0.264000 0.013600
0.336000 0.266400 0.011200
0.348800 0.266400 0.003200
0.354400 0.266400 0.013600
0.360000 0.266400 0.013600
0.344800 0.267200 0.020800
0.504800 0.288000 0.005600
0.512800 0.288000 0.011200
0.524000 0.288000 0.008000
0.537600 0.288000 0.018400
0.548800 0.288000 0.018400
0.496800 0.288800 0.013600
0.460800 0.289600 0.013600
0.477600 0.289600 0.016800
0.439200 0.291200 0.013600
0.488800 0.291200 0.019200
0.376000 0.295200 0.005600
0.383200 0.295200 0.011200
0.336800 0.296000 0.010400
0.350400 0.296000 0.010400
0.368000 0.296000 0.011200
0.343200 0.296800 0.015200
0.439200 0.314400 0.013600
0.452000 0.316000 0.008800
0.467200 0.316000 0.011200
0.485600 0.316000 0.012800
0.504000 0.316000 0.013600
0.524000 0.316800 0.019200
0.536000 0.316800 0.008000
0.384000 0.324000 0.013600
0.346400 0.324800 0.005600
0.364800 0.324800 0.007200
0.338400 0.325600 0.012000
0.355200 0.325600 0.005600
0.375200 0.325600 0.007200
0.642400 0.332800 0.036000
0.568800 0.333600 0.010400
0.583200 0.333600 0.008800
0.618400 0.333600 0.008800
0.596800 0.340000 0.016800
0.580000 0.346400 0.008800
0.632000 0.347200 0.010400
0.620800 0.348000 0.008800
0.524800 0.350400 0.008800
0.554400 0.350400 0.012000
0.535200 0.351200 0.008800
0.546400 0.351200 0.008800
0.339200 0.354400 0.007200
0.348000 0.354400 0.005600
0.355200 0.354400 0.010400
0.446400 0.380000 0.013600
0.460800 0.380000 0.019200
0.534400 0.380000 0.016800
0.544000 0.380000 0.008000
0.554400 0.380000 0.008800
0.562400 0.380000 0.007200
0.572800 0.380000 0.008800
0.526400 0.380800 0.012000
0.471200 0.381600 0.016800
0.338400 0.382400 0.013600
0.356000 0.382400 0.011200
0.408800 0.382400 0.013600
0.428800 0.382400 0.015200
0.343200 0.383200 0.003200
0.347200 0.383200 0.007200
0.437600 0.383200 0.022400
0.390400 0.384000 0.026400
