0.190400 0.085600 0.011200
0.208000 0.085600 0.011200
0.224000 0.085600 0.008800
0.174400 0.086400 0.008800
0.239200 0.086400 0.023200
0.150400 0.088000 0.019200
0.844000 0.099200 0.019200
0.258400 0.108800 0.009600
0.264000 0.110400 0.008800
0.742400 0.113600 0.008800
0.500000 0.118400 0.004800
0.123200 0.124000 0.011200
0.161600 0.124000 0.013600
0.136000 0.124800 0.011200
0.179200 0.124800 0.012000
0.197600 0.124800 0.011200
0.213600 0.124800 0.011200
0.232000 0.124800 0.011200
0.250400 0.124800 0.012000
0.267200 0.124800 0.008800
0.276800 0.124800 0.020800
0.291200 0.124800 0.010400
0.308800 0.124800 0.011200
0.396000 0.125600 0.011200
0.361600 0.126400 0.012800
0.409600 0.126400 0.008800
0.420800 0.126400 0.005600
0.325600 0.127200 0.011200
0.444800 0.127200 0.016800
0.537600 0.127200 0.019200
0.576800 0.127200 0.007200
0.342400 0.128000 0.009600
0.380800 0.128000 0.011200
0.431200 0.128000 0.008800
0.465600 0.128000 0.016000
0.494400 0.128000 0.007200
0.525600 0.128000 0.024000
0.760000 0.128000 0.013600
0.476800 0.128800 0.005600
0.511200 0.128800 0.011200
0.553600 0.128800 0.011200
0.565600 0.128800 0.008800
0.586400 0.128800 0.015200
0.676800 0.128800 0.008800
0.734400 0.128800 0.016800
0.485600 0.129600 0.014400
0.600000 0.129600 0.010400
0.639200 0.129600 0.013600
0.780800 0.129600 0.013600
0.798400 0.129600 0.013600
0.843200 0.129600 0.008800
0.616800 0.130400 0.011200
0.662400 0.130400 0.012800
0.686400 0.130400 0.008800
0.723200 0.130400 0.008000
0.741600 0.130400 0.013600
0.752800 0.130400 0.015200
0.826400 0.130400 0.012000
0.857600 0.130400 0.020800
0.712800 0.131200 0.007200
0.770400 0.131200 0.005600
0.868800 0.131200 0.016800
0.700800 0.132000 0.008800
0.120800 0.144800 0.011200
0.136000 0.145600 0.008800
0.152000 0.145600 0.011200
0.174400 0.147200 0.011200
0.192800 0.148800 0.012800
0.251200 0.148800 0.012800
0.548800 0.148800 0.007200
0.213600 0.149600 0.012800
0.273600 0.149600 0.013600
0.293600 0.149600 0.012800
0.535200 0.149600 0.009600
0.558400 0.149600 0.008800
0.231200 0.150400 0.011200
0.310400 0.150400 0.010400
0.326400 0.150400 0.011200
0.348800 0.150400 0.014400
0.388800 0.150400 0.008800
0.422400 0.150400 0.005600
0.431200 0.150400 0.011200
0.447200 0.150400 0.008800
0.486400 0.150400 0.005600
0.504000 0.150400 0.011200
0.520000 0.150400 0.008800
0.576000 0.150400 0.012800
0.595200 0.150400 0.008800
0.611200 0.150400 0.009600
0.624000 0.150400 0.008800
0.638400 0.150400 0.008800
0.702400 0.150400 0.013600
0.354400 0.151200 0.013600
0.374400 0.151200 0.011200
0.399200 0.151200 0.008800
0.411200 0.151200 0.008800
0.470400 0.151200 0.005600
0.478400 0.151200 0.005600
0.649600 0.151200 0.007200
0.681600 0.151200 0.013600
0.723200 0.151200 0.011200
0.742400 0.151200 0.012000
0.762400 0.151200 0.010400
0.460800 0.152000 0.008800
0.664000 0.152000 0.010400
0.775200 0.152000 0.009600
0.792000 0.152000 0.010400
0.808800 0.152000 0.010400
0.843200 0.152000 0.011200
0.825600 0.152800 0.010400
0.865600 0.155200 0.012800
0.140800 0.164800 0.010400
0.124800 0.165600 0.011200
0.156800 0.167200 0.011200
0.174400 0.168800 0.011200
0.193600 0.169600 0.011200
0.212000 0.170400 0.008800
0.354400 0.170400 0.008800
0.227200 0.171200 0.010400
0.244800 0.171200 0.011200
0.316800 0.171200 0.008800
0.371200 0.171200 0.010400
0.428800 0.171200 0.005600
0.773600 0.171200 0.011200
0.340000 0.172000 0.008000
0.388000 0.172000 0.010400
0.401600 0.172000 0.013600
0.441600 0.172000 0.011200
0.617600 0.172000 0.011200
0.767200 0.172000 0.012800
0.261600 0.172800 0.011200
0.281600 0.172800 0.012000
0.301600 0.172800 0.010400
0.328800 0.172800 0.007200
0.419200 0.172800 0.013600
0.494400 0.172800 0.011200
0.577600 0.172800 0.011200
0.598400 0.172800 0.012800
0.633600 0.172800 0.008800
0.644800 0.172800 0.008800
0.751200 0.172800 0.011200
0.788000 0.172800 0.008800
0.808000 0.172800 0.012000
0.410400 0.173600 0.014400
0.460800 0.173600 0.011200
0.511200 0.173600 0.011200
0.530400 0.173600 0.011200
0.558400 0.173600 0.011200
0.653600 0.173600 0.005600
0.660800 0.173600 0.011200
0.735200 0.173600 0.011200
0.477600 0.174400 0.011200
0.545600 0.174400 0.011200
0.826400 0.174400 0.009600
0.679200 0.175200 0.011200
0.698400 0.175200 0.012000
0.717600 0.175200 0.011200
0.841600 0.175200 0.008800
0.859200 0.176000 0.012000
0.875200 0.176800 0.012800
0.125600 0.187200 0.012800
0.142400 0.188800 0.009600
0.157600 0.189600 0.008800
0.173600 0.190400 0.010400
0.187200 0.191200 0.012800
0.194400 0.191200 0.013600
0.222400 0.191200 0.009600
0.207200 0.192000 0.008800
0.238400 0.192800 0.011200
0.556800 0.192800 0.005600
0.256000 0.193600 0.009600
0.400800 0.193600 0.008800
0.565600 0.193600 0.013600
0.641600 0.193600 0.012000
0.659200 0.193600 0.011200
0.270400 0.194400 0.008800
0.387200 0.194400 0.010400
0.622400 0.194400 0.013600
0.286400 0.195200 0.009600
0.345600 0.195200 0.010400
0.359200 0.195200 0.011200
0.373600 0.195200 0.008800
0.614400 0.195200 0.015200
0.759200 0.195200 0.008800
0.780000 0.195200 0.013600
0.800000 0.195200 0.012800
0.299200 0.196000 0.008800
0.413600 0.196000 0.011200
0.509600 0.196000 0.008800
0.521600 0.196000 0.008800
0.539200 0.196000 0.012800
0.548000 0.196000 0.005600
0.584000 0.196000 0.011200
0.600800 0.196000 0.010400
0.675200 0.196000 0.009600
0.744000 0.196000 0.011200
0.328800 0.196800 0.011200
0.432800 0.196800 0.011200
0.449600 0.196800 0.011200
0.481600 0.196800 0.008800
0.496000 0.196800 0.008800
0.532000 0.196800 0.013600
0.690400 0.196800 0.009600
0.719200 0.196800 0.008800
0.732000 0.196800 0.008800
0.822400 0.196800 0.011200
0.468000 0.197600 0.011200
0.705600 0.197600 0.008800
0.768800 0.197600 0.005600
0.838400 0.197600 0.009600
0.853600 0.197600 0.008800
0.313600 0.198400 0.009600
0.868000 0.200000 0.011200
0.135200 0.213600 0.011200
0.180800 0.213600 0.016800
0.124000 0.214400 0.016800
0.168000 0.214400 0.008800
0.188800 0.214400 0.013600
0.149600 0.215200 0.013600
0.155200 0.215200 0.013600
0.248800 0.215200 0.005600
0.619200 0.215200 0.007200
0.629600 0.215200 0.005600
0.203200 0.216000 0.011200
0.221600 0.216000 0.010400
0.236800 0.216000 0.008800
0.258400 0.216000 0.008800
0.640000 0.216000 0.008800
0.651200 0.216000 0.005600
0.840800 0.216000 0.012800
0.609600 0.216800 0.007200
0.788000 0.216800 0.007200
0.273600 0.217600 0.010400
0.568000 0.217600 0.008800
0.577600 0.217600 0.008800
0.660000 0.217600 0.011200
0.805600 0.217600 0.011200
0.823200 0.217600 0.011200
0.389600 0.218400 0.011200
0.404000 0.218400 0.008800
0.416000 0.218400 0.008800
0.521600 0.218400 0.007200
0.556800 0.218400 0.008800
0.589600 0.218400 0.005600
0.598400 0.218400 0.007200
0.760800 0.218400 0.008800
0.860000 0.218400 0.013600
0.326400 0.219200 0.008800
0.372000 0.219200 0.011200
0.428800 0.219200 0.008800
0.439200 0.219200 0.008800
0.509600 0.219200 0.008800
0.544000 0.219200 0.008800
0.775200 0.219200 0.010400
0.310400 0.220000 0.011200
0.340800 0.220000 0.010400
0.450400 0.220000 0.012800
0.465600 0.220000 0.005600
0.480000 0.220000 0.011200
0.495200 0.220000 0.008800
0.677600 0.220000 0.010400
0.690400 0.220000 0.013600
0.710400 0.220000 0.011200
0.746400 0.220000 0.008800
0.291200 0.220800 0.011200
0.356800 0.220800 0.011200
0.530400 0.220800 0.008800
0.732000 0.220800 0.012800
0.869600 0.222400 0.015200
0.132000 0.237600 0.013600
0.600800 0.237600 0.007200
0.234400 0.239200 0.013600
0.250400 0.239200 0.011200
0.588000 0.239200 0.015200
0.609600 0.239200 0.014400
0.200000 0.240000 0.008800
0.214400 0.240000 0.008800
0.580800 0.240000 0.013600
0.629600 0.240000 0.013600
0.664800 0.240000 0.012800
0.768800 0.240000 0.012000
0.839200 0.240000 0.008800
0.151200 0.240800 0.011200
0.167200 0.240800 0.011200
0.266400 0.240800 0.011200
0.564800 0.240800 0.011200
0.647200 0.240800 0.011200
0.745600 0.240800 0.013600
0.826400 0.240800 0.010400
0.184000 0.241600 0.011200
0.284000 0.241600 0.011200
0.310400 0.241600 0.008800
0.325600 0.241600 0.009600
0.720800 0.241600 0.010400
0.788000 0.241600 0.012800
0.299200 0.242400 0.008800
0.392800 0.242400 0.011200
0.472000 0.242400 0.005600
0.685600 0.242400 0.012800
0.703200 0.242400 0.010400
0.809600 0.242400 0.011200
0.848000 0.242400 0.015200
0.427200 0.243200 0.011200
0.446400 0.243200 0.012000
0.462400 0.243200 0.008800
0.531200 0.243200 0.011200
0.548000 0.243200 0.010400
0.340000 0.244000 0.011200
0.376000 0.244000 0.011200
0.412000 0.244000 0.011200
0.482400 0.244000 0.008800
0.511200 0.244000 0.011200
0.862400 0.244000 0.008800
0.357600 0.244800 0.011200
0.496000 0.244800 0.008800
0.875200 0.244800 0.011200
0.128000 0.261600 0.013600
0.590400 0.262400 0.009600
0.196800 0.263200 0.008800
0.205600 0.264800 0.013600
0.220800 0.264800 0.010400
0.559200 0.264800 0.008800
0.575200 0.264800 0.011200
0.606400 0.264800 0.011200
0.623200 0.264800 0.011200
0.732000 0.264800 0.012000
0.769600 0.264800 0.012800
0.804800 0.264800 0.008800
0.821600 0.264800 0.011200
0.146400 0.265600 0.005600
0.156800 0.265600 0.008800
0.171200 0.265600 0.008800
0.184800 0.265600 0.008800
0.237600 0.265600 0.011200
0.254400 0.265600 0.011200
0.271200 0.265600 0.011200
0.310400 0.265600 0.008800
0.398400 0.265600 0.014400
0.457600 0.265600 0.008800
0.640800 0.265600 0.011200
0.658400 0.265600 0.013600
0.667200 0.265600 0.011200
0.789600 0.265600 0.011200
0.443200 0.266400 0.009600
0.468000 0.266400 0.011200
0.487200 0.266400 0.011200
0.535200 0.266400 0.009600
0.548000 0.266400 0.007200
0.685600 0.266400 0.012800
0.711200 0.266400 0.013600
0.750400 0.266400 0.011200
0.287200 0.267200 0.008800
0.300000 0.267200 0.008800
0.327200 0.267200 0.013600
0.378400 0.267200 0.008800
0.388800 0.267200 0.005600
0.504000 0.267200 0.010400
0.519200 0.267200 0.010400
0.422400 0.268000 0.012800
0.352800 0.268800 0.011200
0.365600 0.268800 0.008800
0.405600 0.268800 0.013600
0.428000 0.268800 0.011200
0.840800 0.268800 0.011200
0.854400 0.268800 0.008800
0.868800 0.268800 0.013600
0.128000 0.285600 0.013600
0.164000 0.286400 0.012800
0.144800 0.288000 0.011200
0.618400 0.288000 0.012800
0.636800 0.288000 0.008800
0.658400 0.288000 0.008800
0.675200 0.288000 0.005600
0.714400 0.288000 0.011200
0.183200 0.288800 0.011200
0.200000 0.288800 0.011200
0.598400 0.288800 0.012000
0.646400 0.288800 0.008800
0.668000 0.288800 0.005600
0.735200 0.288800 0.011200
0.559200 0.289600 0.010400
0.576800 0.289600 0.011200
0.688800 0.289600 0.010400
0.753600 0.289600 0.009600
0.316000 0.290400 0.011200
0.442400 0.290400 0.007200
0.467200 0.290400 0.011200
0.504800 0.290400 0.011200
0.522400 0.290400 0.011200
0.770400 0.290400 0.010400
0.812800 0.290400 0.010400
0.828800 0.290400 0.008800
0.218400 0.291200 0.011200
0.238400 0.291200 0.012800
0.256800 0.291200 0.008800
0.268000 0.291200 0.005600
0.276800 0.291200 0.007200
0.288000 0.291200 0.008800
0.301600 0.291200 0.008800
0.331200 0.291200 0.011200
0.346400 0.291200 0.016800
0.356000 0.291200 0.016800
0.371200 0.291200 0.011200
0.430400 0.291200 0.008800
0.541600 0.291200 0.012800
0.701600 0.291200 0.008800
0.790400 0.291200 0.012800
0.399200 0.292000 0.011200
0.415200 0.292000 0.010400
0.452000 0.292000 0.008800
0.844000 0.292000 0.011200
0.872000 0.292000 0.011200
0.384000 0.292800 0.008800
0.487200 0.292800 0.012800
0.860000 0.293600 0.008800
0.133600 0.310400 0.013600
0.573600 0.310400 0.013600
0.796000 0.310400 0.013600
0.780800 0.311200 0.011200
0.540800 0.312000 0.011200
0.628000 0.312000 0.013600
0.694400 0.312000 0.008800
0.161600 0.312800 0.012800
0.259200 0.312800 0.013600
0.557600 0.312800 0.008800
0.599200 0.312800 0.009600
0.612800 0.312800 0.011200
0.634400 0.312800 0.012800
0.672000 0.312800 0.013600
0.681600 0.312800 0.005600
0.706400 0.312800 0.008800
0.721600 0.312800 0.010400
0.804000 0.312800 0.013600
0.818400 0.312800 0.011200
0.180000 0.313600 0.010400
0.197600 0.313600 0.011200
0.243200 0.313600 0.011200
0.319200 0.313600 0.005600
0.654400 0.313600 0.011200
0.738400 0.313600 0.013600
0.267200 0.314400 0.016000
0.279200 0.314400 0.008800
0.434400 0.314400 0.008800
0.508000 0.314400 0.008000
0.761600 0.314400 0.012000
0.833600 0.314400 0.009600
0.850400 0.314400 0.010400
0.213600 0.315200 0.008800
0.292800 0.315200 0.008800
0.308000 0.315200 0.008800
0.420000 0.315200 0.010400
0.520800 0.315200 0.008800
0.867200 0.315200 0.011200
0.224800 0.316000 0.008800
0.336000 0.316000 0.011200
0.372800 0.316000 0.012000
0.392800 0.316000 0.010400
0.408000 0.316000 0.008800
0.446400 0.316000 0.009600
0.464800 0.316000 0.011200
0.480800 0.316000 0.010400
0.496000 0.316000 0.007200
0.744000 0.316000 0.013600
0.354400 0.316800 0.011200
0.134400 0.333600 0.013600
0.651200 0.333600 0.009600
0.635200 0.334400 0.011200
0.154400 0.335200 0.011200
0.508000 0.335200 0.010400
0.526400 0.335200 0.012800
0.601600 0.335200 0.011200
0.617600 0.335200 0.011200
0.264000 0.336000 0.011200
0.281600 0.336000 0.011200
0.409600 0.336000 0.007200
0.580800 0.336000 0.012800
0.666400 0.336000 0.009600
0.701600 0.336000 0.012800
0.734400 0.336000 0.008800
0.784000 0.336000 0.013600
0.799200 0.336000 0.010400
0.813600 0.336000 0.010400
0.831200 0.336000 0.011200
0.851200 0.336000 0.013600
0.874400 0.336000 0.013600
0.171200 0.336800 0.011200
0.564000 0.336800 0.011200
0.681600 0.336800 0.011200
0.718400 0.336800 0.011200
0.185600 0.337600 0.008800
0.200800 0.337600 0.013600
0.397600 0.337600 0.008800
0.458400 0.337600 0.008800
0.469600 0.337600 0.005600
0.480800 0.337600 0.008800
0.493600 0.337600 0.008800
0.745600 0.337600 0.008800
0.760000 0.337600 0.011200
0.208000 0.338400 0.016000
0.254400 0.338400 0.007200
0.335200 0.338400 0.013600
0.356800 0.338400 0.015200
0.365600 0.338400 0.011200
0.380800 0.338400 0.011200
0.420000 0.338400 0.008800
0.436000 0.338400 0.011200
0.548800 0.338400 0.011200
0.221600 0.339200 0.011200
0.239200 0.339200 0.010400
0.299200 0.339200 0.011200
0.316000 0.340000 0.012800
0.345600 0.340000 0.005600
0.132000 0.356800 0.013600
0.382400 0.356800 0.013600
0.481600 0.357600 0.011200
0.524800 0.357600 0.005600
0.148000 0.358400 0.009600
0.436000 0.358400 0.011200
0.451200 0.358400 0.007200
0.497600 0.358400 0.009600
0.514400 0.358400 0.008800
0.536800 0.358400 0.009600
0.640000 0.358400 0.013600
0.669600 0.358400 0.008800
0.695200 0.358400 0.010400
0.860800 0.358400 0.008000
0.874400 0.358400 0.011200
0.364800 0.359200 0.010400
0.419200 0.359200 0.010400
0.461600 0.359200 0.008800
0.472800 0.359200 0.005600
0.660000 0.359200 0.013600
0.683200 0.359200 0.008800
0.712000 0.359200 0.011200
0.800000 0.359200 0.009600
0.816000 0.359200 0.009600
0.833600 0.359200 0.010400
0.849600 0.359200 0.008800
0.160800 0.360000 0.008800
0.400800 0.360000 0.012000
0.579200 0.360000 0.011200
0.597600 0.360000 0.011200
0.616800 0.360000 0.013600
0.727200 0.360000 0.011200
0.174400 0.360800 0.009600
0.190400 0.360800 0.009600
0.309600 0.360800 0.008800
0.350400 0.360800 0.007200
0.744800 0.360800 0.011200
0.785600 0.360800 0.015200
0.264000 0.361600 0.008800
0.276800 0.361600 0.005600
0.324800 0.361600 0.009600
0.340000 0.361600 0.008800
0.559200 0.361600 0.012800
0.761600 0.361600 0.010400
0.776800 0.361600 0.011200
0.209600 0.362400 0.012000
0.230400 0.362400 0.012800
0.285600 0.362400 0.015200
0.299200 0.362400 0.008800
0.250400 0.363200 0.008800
0.824000 0.378400 0.011200
0.648000 0.379200 0.011200
0.568000 0.380000 0.011200
0.659200 0.380000 0.009600
0.811200 0.380000 0.008800
0.864800 0.380000 0.008800
0.135200 0.380800 0.012800
0.526400 0.380800 0.011200
0.547200 0.380800 0.012000
0.583200 0.380800 0.010400
0.600800 0.380800 0.012000
0.676000 0.380800 0.010400
0.693600 0.380800 0.009600
0.706400 0.380800 0.008800
0.718400 0.380800 0.008800
0.756800 0.380800 0.012000
0.777600 0.380800 0.010400
0.798400 0.380800 0.011200
0.832000 0.380800 0.013600
0.848800 0.380800 0.011200
0.879200 0.380800 0.011200
0.153600 0.381600 0.011200
0.460800 0.381600 0.005600
0.509600 0.381600 0.011200
0.736800 0.381600 0.011200
0.171200 0.382400 0.012800
0.330400 0.382400 0.011200
0.365600 0.382400 0.011200
0.484800 0.382400 0.011200
0.342400 0.383200 0.015200
0.380800 0.383200 0.008800
0.392800 0.383200 0.011200
0.414400 0.383200 0.011200
0.496000 0.383200 0.008800
0.189600 0.384000 0.011200
0.206400 0.384000 0.011200
0.223200 0.384000 0.011200
0.314400 0.384000 0.010400
0.431200 0.384000 0.011200
0.448000 0.384000 0.011200
0.470400 0.384000 0.013600
0.239200 0.384800 0.012800
0.307200 0.385600 0.005600
0.298400 0.386400 0.012800
0.260800 0.387200 0.011200
0.281600 0.387200 0.011200
0.547200 0.402400 0.008800
0.599200 0.402400 0.011200
0.616800 0.402400 0.011200
0.628000 0.402400 0.008800
0.644000 0.402400 0.011200
0.686400 0.402400 0.013600
0.560000 0.403200 0.008800
0.659200 0.403200 0.011200
0.675200 0.403200 0.013600
0.818400 0.403200 0.011200
0.836000 0.403200 0.011200
0.532000 0.404000 0.009600
0.573600 0.404000 0.013600
0.725600 0.404000 0.011200
0.740800 0.404000 0.008800
0.780800 0.404000 0.012800
0.849600 0.404000 0.012800
0.857600 0.404000 0.013600
0.134400 0.404800 0.013600
0.368800 0.404800 0.011200
0.447200 0.404800 0.008800
0.478400 0.404800 0.009600
0.495200 0.404800 0.011200
0.516000 0.404800 0.011200
0.700000 0.404800 0.011200
0.716800 0.404800 0.011200
0.753600 0.404800 0.008800
0.801600 0.404800 0.011200
0.872800 0.404800 0.012800
0.384000 0.405600 0.011200
0.402400 0.405600 0.011200
0.420000 0.405600 0.011200
0.434400 0.405600 0.008800
0.461600 0.405600 0.010400
0.764000 0.406400 0.011200
0.150400 0.407200 0.011200
0.160000 0.407200 0.013600
0.347200 0.407200 0.012800
0.176800 0.408000 0.011200
0.326400 0.408000 0.012800
0.304000 0.408800 0.012000
0.194400 0.409600 0.011200
0.216000 0.409600 0.011200
0.265600 0.409600 0.012800
0.285600 0.410400 0.011200
0.232000 0.411200 0.011200
0.246400 0.411200 0.011200
0.808800 0.424000 0.008800
0.593600 0.426400 0.012800
0.612800 0.426400 0.011200
0.631200 0.426400 0.012000
0.650400 0.426400 0.011200
0.707200 0.426400 0.011200
0.739200 0.426400 0.012800
0.759200 0.426400 0.011200
0.776000 0.426400 0.010400
0.793600 0.426400 0.010400
0.470400 0.427200 0.008800
0.668000 0.427200 0.011200
0.723200 0.427200 0.009600
0.831200 0.427200 0.008800
0.840800 0.427200 0.008800
0.133600 0.428000 0.012000
0.512000 0.428000 0.011200
0.687200 0.428000 0.013600
0.858400 0.428000 0.011200
0.873600 0.428000 0.011200
0.434400 0.428800 0.011200
0.453600 0.428800 0.012800
0.480000 0.428800 0.015200
0.533600 0.428800 0.012800
0.573600 0.428800 0.012800
0.816000 0.428800 0.012800
0.496000 0.429600 0.011200
0.553600 0.429600 0.011200
0.148800 0.430400 0.013600
0.168800 0.431200 0.011200
0.351200 0.431200 0.011200
0.375200 0.431200 0.015200
0.397600 0.431200 0.011200
0.416000 0.431200 0.012800
0.180800 0.432000 0.011200
0.224000 0.432000 0.012800
0.259200 0.432000 0.010400
0.242400 0.432800 0.010400
0.324800 0.432800 0.008800
0.336000 0.432800 0.008800
0.199200 0.433600 0.012800
0.219200 0.433600 0.012800
0.275200 0.433600 0.011200
0.288800 0.434400 0.013600
0.309600 0.435200 0.011200
0.816800 0.448800 0.010400
0.633600 0.449600 0.008800
0.758400 0.449600 0.010400
0.699200 0.450400 0.011200
0.740000 0.450400 0.011200
0.775200 0.450400 0.011200
0.801600 0.450400 0.010400
0.132000 0.451200 0.011200
0.620800 0.451200 0.011200
0.719200 0.451200 0.012000
0.788800 0.451200 0.008000
0.682400 0.452000 0.008800
0.832000 0.452000 0.008800
0.848000 0.452000 0.011200
0.865600 0.452000 0.011200
0.879200 0.452000 0.016800
0.386400 0.452800 0.007200
0.477600 0.452800 0.009600
0.550400 0.452800 0.005600
0.561600 0.452800 0.008800
0.576000 0.452800 0.011200
0.642400 0.452800 0.013600
0.670400 0.452800 0.007200
0.404800 0.453600 0.011200
0.436000 0.453600 0.010400
0.453600 0.453600 0.009600
0.464000 0.453600 0.007200
0.494400 0.453600 0.010400
0.538400 0.453600 0.011200
0.584800 0.453600 0.013600
0.600800 0.453600 0.012000
0.885600 0.453600 0.013600
0.150400 0.454400 0.010400
0.243200 0.454400 0.011200
0.376000 0.454400 0.008800
0.420000 0.454400 0.008800
0.515200 0.454400 0.012800
0.658400 0.454400 0.009600
0.168000 0.455200 0.011200
0.227200 0.455200 0.013600
0.187200 0.456000 0.010400
0.260000 0.456000 0.012800
0.358400 0.456000 0.010400
0.219200 0.456800 0.013600
0.204000 0.457600 0.010400
0.280800 0.457600 0.008800
0.339200 0.457600 0.012000
0.318400 0.459200 0.011200
0.298400 0.460000 0.012000
0.756000 0.470400 0.008800
0.131200 0.472000 0.014400
0.140800 0.472000 0.007200
0.740000 0.472000 0.012800
0.768000 0.472800 0.011200
0.786400 0.472800 0.010400
0.801600 0.472800 0.009600
0.816000 0.472800 0.011200
0.842400 0.472800 0.008800
0.856800 0.472800 0.008800
0.154400 0.473600 0.010400
0.392800 0.473600 0.008800
0.459200 0.473600 0.011200
0.661600 0.473600 0.008800
0.501600 0.474400 0.012800
0.592000 0.474400 0.011200
0.626400 0.474400 0.008800
0.638400 0.474400 0.008800
0.651200 0.474400 0.008800
0.676000 0.474400 0.011200
0.696000 0.474400 0.012800
0.832800 0.474400 0.011200
0.865600 0.474400 0.005600
0.380800 0.475200 0.011200
0.402400 0.475200 0.013600
0.420800 0.475200 0.009600
0.476000 0.475200 0.009600
0.556800 0.475200 0.011200
0.575200 0.475200 0.011200
0.718400 0.475200 0.012800
0.356800 0.476000 0.010400
0.371200 0.476000 0.008000
0.435200 0.476000 0.011200
0.441600 0.476000 0.012800
0.612000 0.476000 0.009600
0.192000 0.476800 0.005600
0.258400 0.476800 0.007200
0.340000 0.476800 0.011200
0.522400 0.476800 0.010400
0.537600 0.476800 0.009600
0.875200 0.476800 0.008800
0.888800 0.476800 0.013600
0.178400 0.477600 0.011200
0.202400 0.477600 0.008800
0.221600 0.477600 0.011200
0.242400 0.477600 0.011200
0.268000 0.477600 0.008800
0.309600 0.477600 0.007200
0.320800 0.477600 0.008800
0.331200 0.477600 0.007200
0.284000 0.479200 0.009600
0.297600 0.479200 0.008800
0.456800 0.494400 0.011200
0.133600 0.495200 0.013600
0.420800 0.495200 0.010400
0.492000 0.495200 0.011200
0.507200 0.495200 0.008800
0.556000 0.495200 0.013600
0.577600 0.495200 0.012000
0.632000 0.495200 0.010400
0.650400 0.495200 0.010400
0.390400 0.496000 0.011200
0.405600 0.496000 0.010400
0.438400 0.496000 0.011200
0.476000 0.496000 0.011200
0.516000 0.496000 0.013600
0.532000 0.496000 0.010400
0.596800 0.496000 0.011200
0.615200 0.496000 0.008800
0.754400 0.496000 0.012800
0.775200 0.496000 0.013600
0.807200 0.496000 0.019200
0.823200 0.496000 0.012800
0.849600 0.496000 0.013600
0.151200 0.496800 0.011200
0.244800 0.496800 0.005600
0.318400 0.496800 0.009600
0.372000 0.496800 0.011200
0.668800 0.496800 0.011200
0.688000 0.496800 0.011200
0.798400 0.496800 0.016000
0.880000 0.496800 0.011200
0.168800 0.497600 0.011200
0.184000 0.497600 0.010400
0.232800 0.497600 0.009600
0.294400 0.497600 0.016800
0.303200 0.497600 0.013600
0.334400 0.497600 0.010400
0.352000 0.497600 0.011200
0.704800 0.497600 0.008800
0.717600 0.497600 0.009600
0.736800 0.497600 0.011200
0.866400 0.497600 0.011200
0.217600 0.498400 0.011200
0.200000 0.499200 0.011200
0.262400 0.499200 0.013600
0.279200 0.499200 0.011200
