0.860800 0.093600 0.022400
0.239200 0.097600 0.011200
0.255200 0.097600 0.024800
0.201600 0.099200 0.013600
0.221600 0.099200 0.013600
0.184800 0.100000 0.011200
0.161600 0.101600 0.019200
0.722400 0.128000 0.013600
0.306400 0.128800 0.008800
0.526400 0.128800 0.013600
0.695200 0.128800 0.017600
0.736800 0.128800 0.019200
0.504800 0.129600 0.011200
0.545600 0.129600 0.011200
0.705600 0.129600 0.016800
0.744000 0.129600 0.016000
0.292800 0.130400 0.019200
0.318400 0.130400 0.011200
0.334400 0.130400 0.011200
0.427200 0.130400 0.011200
0.464800 0.130400 0.011200
0.562400 0.130400 0.011200
0.762400 0.130400 0.016000
0.211200 0.131200 0.007200
0.351200 0.131200 0.011200
0.409600 0.131200 0.011200
0.445600 0.131200 0.011200
0.478400 0.131200 0.008800
0.489600 0.131200 0.011200
0.851200 0.131200 0.015200
0.144000 0.132000 0.016800
0.161600 0.132000 0.011200
0.200000 0.132000 0.015200
0.224800 0.132000 0.011200
0.264000 0.132000 0.013600
0.280800 0.132000 0.022400
0.366400 0.132000 0.011200
0.581600 0.132000 0.013600
0.672800 0.132000 0.016800
0.685600 0.132000 0.016800
0.785600 0.132000 0.011200
0.821600 0.132000 0.016800
0.832800 0.132000 0.016800
0.840800 0.132000 0.005600
0.865600 0.132000 0.020000
0.874400 0.132000 0.016800
0.383200 0.132800 0.016800
0.393600 0.132800 0.019200
0.603200 0.132800 0.011200
0.665600 0.132800 0.016800
0.803200 0.132800 0.012800
0.176000 0.133600 0.011200
0.620800 0.133600 0.012800
0.641600 0.133600 0.013600
0.192800 0.134400 0.013600
0.245600 0.134400 0.011200
0.439200 0.153600 0.008000
0.451200 0.153600 0.016000
0.428800 0.154400 0.011200
0.507200 0.154400 0.012800
0.536000 0.154400 0.013600
0.556000 0.154400 0.013600
0.411200 0.155200 0.011200
0.481600 0.155200 0.016000
0.488000 0.155200 0.013600
0.685600 0.155200 0.012800
0.772800 0.155200 0.011200
0.145600 0.156000 0.018400
0.249600 0.156000 0.012800
0.331200 0.156000 0.010400
0.347200 0.156000 0.011200
0.367200 0.156000 0.011200
0.384000 0.156000 0.011200
0.397600 0.156000 0.011200
0.468800 0.156000 0.013600
0.655200 0.156000 0.010400
0.668800 0.156000 0.011200
0.705600 0.156000 0.012800
0.783200 0.156000 0.016000
0.804000 0.156000 0.013600
0.159200 0.156800 0.015200
0.313600 0.156800 0.011200
0.583200 0.156800 0.012800
0.622400 0.156800 0.011200
0.727200 0.156800 0.011200
0.743200 0.156800 0.011200
0.760000 0.156800 0.010400
0.825600 0.156800 0.011200
0.844000 0.156800 0.013600
0.852000 0.156800 0.015200
0.872800 0.156800 0.013600
0.168800 0.157600 0.005600
0.180800 0.157600 0.011200
0.290400 0.157600 0.014400
0.296000 0.157600 0.013600
0.603200 0.157600 0.011200
0.640000 0.157600 0.010400
0.196800 0.158400 0.011200
0.211200 0.158400 0.011200
0.230400 0.158400 0.011200
0.268800 0.158400 0.011200
0.469600 0.178400 0.011200
0.480800 0.178400 0.007200
0.497600 0.178400 0.011200
0.583200 0.178400 0.011200
0.512800 0.179200 0.011200
0.550400 0.179200 0.011200
0.566400 0.179200 0.013600
0.645600 0.179200 0.015200
0.678400 0.179200 0.016000
0.321600 0.180000 0.008800
0.532000 0.180000 0.012800
0.608800 0.180000 0.016000
0.697600 0.180000 0.008800
0.789600 0.180000 0.011200
0.414400 0.180800 0.012800
0.432000 0.180800 0.012800
0.451200 0.180800 0.011200
0.711200 0.180800 0.013600
0.811200 0.180800 0.016000
0.331200 0.181600 0.016000
0.348800 0.181600 0.011200
0.382400 0.181600 0.013600
0.396000 0.181600 0.011200
0.821600 0.181600 0.011200
0.141600 0.182400 0.016800
0.308800 0.182400 0.009600
0.364000 0.182400 0.012800
0.733600 0.182400 0.011200
0.838400 0.182400 0.011200
0.152800 0.183200 0.008800
0.168000 0.183200 0.013600
0.209600 0.183200 0.008800
0.276800 0.183200 0.011200
0.759200 0.183200 0.019200
0.773600 0.183200 0.011200
0.877600 0.183200 0.013600
0.237600 0.184000 0.011200
0.293600 0.184000 0.011200
0.750400 0.184000 0.013600
0.857600 0.184000 0.013600
0.256800 0.184800 0.012800
0.188000 0.185600 0.016800
0.220800 0.185600 0.016800
0.622400 0.200800 0.011200
0.601600 0.202400 0.012800
0.504800 0.204000 0.013600
0.545600 0.204000 0.011200
0.560000 0.204000 0.010400
0.577600 0.204000 0.012000
0.641600 0.204000 0.013600
0.462400 0.204800 0.013600
0.486400 0.204800 0.016800
0.527200 0.204800 0.012800
0.671200 0.204800 0.011200
0.689600 0.204800 0.011200
0.652000 0.205600 0.013600
0.708800 0.205600 0.012800
0.321600 0.206400 0.011200
0.340000 0.206400 0.013600
0.472800 0.206400 0.020000
0.308000 0.207200 0.008800
0.345600 0.207200 0.016800
0.377600 0.207200 0.012000
0.423200 0.207200 0.013600
0.737600 0.207200 0.011200
0.826400 0.207200 0.011200
0.360000 0.208000 0.011200
0.396000 0.208000 0.016800
0.405600 0.208000 0.013600
0.722400 0.208000 0.011200
0.771200 0.208000 0.011200
0.808000 0.208000 0.012800
0.843200 0.208000 0.012800
0.755200 0.208800 0.011200
0.868000 0.208800 0.015200
0.278400 0.209600 0.011200
0.295200 0.209600 0.011200
0.444800 0.209600 0.013600
0.788000 0.209600 0.013600
0.259200 0.210400 0.013600
0.236000 0.212000 0.011200
0.163200 0.212800 0.013600
0.216000 0.213600 0.012000
0.141600 0.214400 0.016000
0.178400 0.214400 0.011200
0.196800 0.214400 0.012800
0.624000 0.228000 0.016800
0.575200 0.228800 0.016800
0.584800 0.228800 0.016800
0.552000 0.229600 0.013600
0.601600 0.229600 0.012800
0.532800 0.230400 0.011200
0.646400 0.231200 0.013600
0.660000 0.231200 0.010400
0.323200 0.232800 0.008800
0.350400 0.232800 0.012800
0.405600 0.232800 0.013600
0.482400 0.232800 0.013600
0.514400 0.232800 0.011200
0.697600 0.232800 0.013600
0.722400 0.232800 0.013600
0.741600 0.232800 0.011200
0.498400 0.233600 0.011200
0.675200 0.233600 0.013600
0.762400 0.233600 0.012800
0.823200 0.233600 0.012800
0.245600 0.234400 0.011200
0.334400 0.234400 0.008800
0.387200 0.234400 0.015200
0.418400 0.234400 0.011200
0.456800 0.234400 0.013600
0.462400 0.234400 0.013600
0.806400 0.234400 0.011200
0.309600 0.235200 0.011200
0.367200 0.235200 0.011200
0.436000 0.235200 0.012800
0.784800 0.235200 0.013600
0.837600 0.235200 0.013600
0.259200 0.236000 0.008800
0.856800 0.236000 0.011200
0.228800 0.236800 0.011200
0.870400 0.236800 0.008800
0.144800 0.237600 0.013600
0.273600 0.237600 0.011200
0.292000 0.237600 0.011200
0.215200 0.238400 0.008800
0.200000 0.239200 0.011200
0.165600 0.240000 0.011200
0.183200 0.240000 0.011200
0.632000 0.256000 0.011200
0.612800 0.256800 0.011200
0.644800 0.256800 0.008800
0.550400 0.257600 0.013600
0.873600 0.257600 0.016000
0.511200 0.258400 0.013600
0.532800 0.258400 0.011200
0.743200 0.258400 0.012800
0.593600 0.259200 0.013600
0.688800 0.259200 0.012800
0.723200 0.259200 0.011200
0.761600 0.259200 0.012800
0.784000 0.259200 0.012800
0.448000 0.260000 0.013600
0.573600 0.260000 0.013600
0.656000 0.260000 0.008800
0.671200 0.260000 0.011200
0.471200 0.260800 0.013600
0.491200 0.260800 0.012000
0.708000 0.260800 0.013600
0.804800 0.260800 0.011200
0.823200 0.260800 0.012800
0.348800 0.261600 0.011200
0.409600 0.261600 0.013600
0.429600 0.261600 0.011200
0.836000 0.261600 0.011200
0.853600 0.261600 0.012000
0.306400 0.262400 0.016000
0.314400 0.262400 0.016800
0.332800 0.262400 0.011200
0.365600 0.262400 0.012800
0.385600 0.262400 0.012800
0.249600 0.263200 0.015200
0.281600 0.264000 0.016000
0.219200 0.266400 0.013600
0.147200 0.267200 0.016800
0.174400 0.267200 0.012800
0.194400 0.268000 0.013600
0.616800 0.283200 0.008800
0.438400 0.284000 0.010400
0.481600 0.284000 0.012800
0.540000 0.284000 0.013600
0.503200 0.284800 0.011200
0.520000 0.284800 0.011200
0.545600 0.284800 0.013600
0.627200 0.284800 0.008800
0.644000 0.284800 0.011200
0.732800 0.284800 0.011200
0.752800 0.284800 0.012800
0.411200 0.285600 0.008800
0.423200 0.285600 0.011200
0.451200 0.285600 0.008800
0.561600 0.285600 0.011200
0.580800 0.285600 0.011200
0.602400 0.285600 0.012800
0.672000 0.285600 0.012800
0.696000 0.285600 0.012000
0.772000 0.285600 0.012800
0.792800 0.285600 0.012800
0.316000 0.286400 0.011200
0.354400 0.286400 0.012000
0.396800 0.286400 0.009600
0.464800 0.286400 0.011200
0.658400 0.286400 0.008800
0.812800 0.286400 0.012800
0.836800 0.286400 0.015200
0.852800 0.286400 0.011200
0.242400 0.287200 0.013600
0.260800 0.287200 0.011200
0.715200 0.287200 0.012800
0.868000 0.287200 0.013600
0.277600 0.288000 0.011200
0.296000 0.288000 0.013600
0.380800 0.288000 0.011200
0.333600 0.288800 0.012000
0.182400 0.289600 0.013600
0.212800 0.289600 0.012800
0.192800 0.290400 0.013600
0.152000 0.291200 0.008800
0.165600 0.291200 0.012800
0.140000 0.292000 0.016800
0.406400 0.310400 0.013600
0.596000 0.310400 0.013600
0.630400 0.310400 0.008800
0.320000 0.311200 0.012800
0.356800 0.311200 0.015200
0.365600 0.311200 0.016800
0.422400 0.311200 0.012800
0.692800 0.311200 0.008800
0.706400 0.311200 0.013600
0.268000 0.312000 0.008800
0.294400 0.312000 0.013600
0.303200 0.312000 0.015200
0.336800 0.312000 0.012000
0.440800 0.312000 0.013600
0.572800 0.312000 0.014400
0.615200 0.312000 0.012800
0.641600 0.312000 0.018400
0.728800 0.312000 0.013600
0.746400 0.312000 0.011200
0.254400 0.312800 0.011200
0.387200 0.312800 0.013600
0.461600 0.312800 0.012800
0.480000 0.312800 0.011200
0.496000 0.312800 0.011200
0.510400 0.312800 0.013600
0.808000 0.312800 0.014400
0.830400 0.312800 0.015200
0.280000 0.313600 0.011200
0.530400 0.313600 0.013600
0.657600 0.313600 0.011200
0.783200 0.313600 0.013600
0.864000 0.313600 0.017600
0.550400 0.314400 0.013600
0.680000 0.314400 0.016800
0.763200 0.314400 0.013600
0.216000 0.315200 0.013600
0.235200 0.315200 0.012800
0.196000 0.316000 0.013600
0.156000 0.316800 0.011200
0.140000 0.317600 0.012800
0.173600 0.318400 0.016000
0.489600 0.336000 0.005600
0.710400 0.336000 0.008800
0.367200 0.336800 0.010400
0.408800 0.336800 0.014400
0.322400 0.337600 0.008800
0.478400 0.337600 0.011200
0.505600 0.337600 0.012000
0.600800 0.337600 0.011200
0.739200 0.337600 0.012800
0.386400 0.338400 0.012000
0.432800 0.338400 0.016800
0.556000 0.338400 0.012800
0.581600 0.338400 0.014400
0.881600 0.338400 0.018400
0.275200 0.339200 0.013600
0.336800 0.339200 0.011200
0.352000 0.339200 0.008800
0.462400 0.339200 0.012800
0.521600 0.339200 0.008800
0.542400 0.339200 0.016800
0.628000 0.339200 0.013600
0.647200 0.339200 0.011200
0.662400 0.339200 0.011200
0.695200 0.339200 0.011200
0.849600 0.339200 0.012800
0.255200 0.340000 0.016800
0.310400 0.340000 0.011200
0.532800 0.340000 0.016800
0.615200 0.340000 0.008800
0.678400 0.340000 0.011200
0.720800 0.340000 0.016800
0.291200 0.340800 0.013600
0.757600 0.340800 0.011200
0.772000 0.340800 0.011200
0.790400 0.340800 0.011200
0.144000 0.341600 0.013600
0.228000 0.341600 0.012800
0.810400 0.341600 0.012000
0.830400 0.341600 0.012800
0.205600 0.342400 0.012800
0.184000 0.343200 0.012000
0.163200 0.344000 0.012800
0.802400 0.362400 0.008800
0.644800 0.363200 0.011200
0.848800 0.363200 0.011200
0.604000 0.364000 0.011200
0.625600 0.364000 0.012800
0.667200 0.364000 0.011200
0.741600 0.364000 0.012800
0.764000 0.364000 0.012800
0.784800 0.364000 0.012800
0.814400 0.364000 0.013600
0.869600 0.364000 0.013600
0.486400 0.364800 0.012800
0.508000 0.364800 0.012800
0.551200 0.364800 0.012800
0.569600 0.364800 0.011200
0.587200 0.364800 0.011200
0.724800 0.364800 0.007200
0.832800 0.364800 0.011200
0.296800 0.365600 0.019200
0.308000 0.365600 0.015200
0.407200 0.365600 0.018400
0.467200 0.365600 0.012800
0.528800 0.365600 0.013600
0.690400 0.365600 0.015200
0.392800 0.366400 0.011200
0.432000 0.366400 0.011200
0.449600 0.366400 0.011200
0.682400 0.366400 0.011200
0.697600 0.366400 0.011200
0.712800 0.366400 0.011200
0.263200 0.367200 0.016800
0.417600 0.367200 0.016800
0.284800 0.368000 0.013600
0.326400 0.368000 0.011200
0.145600 0.368800 0.015200
0.233600 0.368800 0.015200
0.343200 0.368800 0.011200
0.358400 0.368800 0.010400
0.376000 0.368800 0.009600
0.171200 0.369600 0.012800
0.210400 0.369600 0.013600
0.192800 0.370400 0.012800
0.676800 0.386400 0.016800
0.473600 0.388800 0.006400
0.519200 0.388800 0.011200
0.534400 0.388800 0.011200
0.554400 0.388800 0.012800
0.572800 0.388800 0.011200
0.592000 0.388800 0.012800
0.700800 0.388800 0.010400
0.491200 0.389600 0.013600
0.612000 0.389600 0.011200
0.686400 0.389600 0.013600
0.716800 0.389600 0.011200
0.732000 0.389600 0.016800
0.870400 0.389600 0.013600
0.340000 0.390400 0.008800
0.629600 0.390400 0.011200
0.647200 0.390400 0.012800
0.664800 0.390400 0.011200
0.791200 0.390400 0.019200
0.326400 0.391200 0.016800
0.380800 0.391200 0.011200
0.407200 0.391200 0.015200
0.461600 0.391200 0.016800
0.756000 0.391200 0.016800
0.396800 0.392000 0.011200
0.447200 0.392000 0.011200
0.740800 0.392000 0.016000
0.776000 0.392000 0.016800
0.832000 0.392000 0.011200
0.848800 0.392000 0.012800
0.142400 0.392800 0.015200
0.163200 0.392800 0.011200
0.317600 0.392800 0.011200
0.350400 0.392800 0.008800
0.364000 0.392800 0.011200
0.429600 0.392800 0.012800
0.816000 0.392800 0.011200
0.178400 0.393600 0.008800
0.191200 0.393600 0.007200
0.278400 0.393600 0.013600
0.256800 0.394400 0.012800
0.301600 0.394400 0.011200
0.200000 0.395200 0.014400
0.216800 0.395200 0.012000
0.236800 0.395200 0.012800
0.800000 0.395200 0.016800
0.588800 0.412800 0.013600
0.616800 0.414400 0.011200
0.648000 0.414400 0.009600
0.549600 0.415200 0.015200
0.598400 0.415200 0.014400
0.668000 0.415200 0.012800
0.700800 0.415200 0.008800
0.433600 0.416000 0.011200
0.502400 0.416000 0.013600
0.527200 0.416000 0.014400
0.573600 0.416000 0.012800
0.632800 0.416000 0.010400
0.686400 0.416000 0.011200
0.396000 0.416800 0.012800
0.413600 0.416800 0.012800
0.453600 0.416800 0.013600
0.479200 0.416800 0.013600
0.555200 0.416800 0.016800
0.710400 0.416800 0.016800
0.143200 0.417600 0.012800
0.160000 0.417600 0.011200
0.242400 0.417600 0.005600
0.272000 0.417600 0.013600
0.369600 0.417600 0.013600
0.230400 0.418400 0.011200
0.253600 0.418400 0.011200
0.354400 0.418400 0.012800
0.728000 0.418400 0.011200
0.770400 0.418400 0.012800
0.864800 0.418400 0.015200
0.184000 0.419200 0.013600
0.327200 0.419200 0.013600
0.792800 0.419200 0.012800
0.840000 0.419200 0.013600
0.200000 0.420000 0.011200
0.292000 0.420000 0.011200
0.309600 0.420000 0.011200
0.747200 0.420000 0.013600
0.813600 0.420000 0.013600
0.214400 0.420800 0.008800
0.611200 0.440800 0.012800
0.630400 0.440800 0.011200
0.650400 0.440800 0.013600
0.356000 0.442400 0.011200
0.386400 0.442400 0.007200
0.459200 0.442400 0.013600
0.592800 0.442400 0.014400
0.671200 0.442400 0.013600
0.325600 0.443200 0.011200
0.340000 0.443200 0.011200
0.482400 0.443200 0.013600
0.496000 0.443200 0.008800
0.523200 0.443200 0.011200
0.141600 0.444000 0.019200
0.155200 0.444000 0.011200
0.174400 0.444000 0.012000
0.374400 0.444000 0.011200
0.509600 0.444000 0.019200
0.534400 0.444000 0.008800
0.570400 0.444000 0.013600
0.691200 0.444000 0.013600
0.189600 0.444800 0.008800
0.246400 0.444800 0.016800
0.306400 0.444800 0.013600
0.398400 0.444800 0.016800
0.417600 0.444800 0.013600
0.436800 0.444800 0.012800
0.550400 0.444800 0.012800
0.760800 0.444800 0.008800
0.778400 0.444800 0.012800
0.231200 0.445600 0.011200
0.708800 0.445600 0.011200
0.724800 0.445600 0.011200
0.797600 0.445600 0.011200
0.814400 0.445600 0.011200
0.200800 0.446400 0.008800
0.216000 0.446400 0.011200
0.268800 0.446400 0.012800
0.289600 0.446400 0.012800
0.746400 0.446400 0.012800
0.831200 0.446400 0.013600
0.252800 0.447200 0.013600
0.843200 0.447200 0.018400
0.875200 0.447200 0.015200
0.152800 0.467200 0.005600
0.489600 0.467200 0.013600
0.381600 0.468000 0.005600
0.392800 0.468000 0.008800
0.140800 0.468800 0.011200
0.184000 0.469600 0.011200
0.369600 0.469600 0.011200
0.425600 0.469600 0.011200
0.443200 0.469600 0.010400
0.504000 0.469600 0.013600
0.640800 0.469600 0.008800
0.163200 0.470400 0.013600
0.200000 0.470400 0.011200
0.214400 0.470400 0.008800
0.300800 0.470400 0.013600
0.314400 0.470400 0.008800
0.324800 0.470400 0.016800
0.352800 0.470400 0.016800
0.406400 0.470400 0.013600
0.459200 0.470400 0.011200
0.630400 0.470400 0.008800
0.653600 0.470400 0.008800
0.225600 0.471200 0.008800
0.237600 0.471200 0.007200
0.248800 0.471200 0.011200
0.264800 0.471200 0.011200
0.277600 0.471200 0.013600
0.344000 0.471200 0.015200
0.474400 0.471200 0.011200
0.525600 0.471200 0.016800
0.594400 0.471200 0.013600
0.616000 0.471200 0.011200
0.552800 0.472000 0.013600
0.572000 0.472000 0.012800
0.664800 0.472800 0.011200
0.864000 0.472800 0.015200
0.720800 0.473600 0.011200
0.736800 0.473600 0.011200
0.756800 0.473600 0.013600
0.803200 0.473600 0.011200
0.704000 0.474400 0.011200
0.777600 0.474400 0.016000
0.819200 0.474400 0.012800
0.839200 0.474400 0.013600
0.684800 0.475200 0.012800
0.139200 0.492000 0.016800
0.230400 0.495200 0.012800
0.453600 0.495200 0.022400
0.468800 0.495200 0.011200
0.486400 0.495200 0.013600
0.507200 0.495200 0.011200
0.178400 0.496000 0.008800
0.192000 0.496000 0.011200
0.369600 0.496000 0.019200
0.386400 0.496000 0.019200
0.397600 0.496000 0.019200
0.446400 0.496000 0.015200
0.524000 0.496000 0.011200
0.640800 0.496000 0.011200
0.659200 0.496000 0.012000
0.162400 0.496800 0.011200
0.208800 0.496800 0.013600
0.258400 0.496800 0.019200
0.288800 0.496800 0.012800
0.312000 0.496800 0.013600
0.414400 0.496800 0.013600
0.428000 0.496800 0.013600
0.540000 0.496800 0.011200
0.608800 0.496800 0.011200
0.625600 0.496800 0.011200
0.248000 0.497600 0.013600
0.272800 0.497600 0.011200
0.328800 0.497600 0.022400
0.340000 0.497600 0.016800
0.358400 0.497600 0.016800
0.555200 0.497600 0.011200
0.592800 0.497600 0.011200
0.748800 0.497600 0.019200
0.886400 0.497600 0.011200
0.683200 0.498400 0.013600
0.699200 0.498400 0.011200
0.716000 0.498400 0.011200
0.733600 0.498400 0.011200
0.757600 0.498400 0.016800
0.799200 0.498400 0.013600
0.821600 0.498400 0.013600
0.574400 0.499200 0.013600
0.776000 0.499200 0.013600
0.843200 0.499200 0.011200
0.872800 0.499200 0.011200
0.856800 0.500000 0.008800
