1046.000000 124.000000 31.000000
246.000000 128.000000 14.000000
1061.000000 128.000000 28.000000
225.000000 129.000000 14.000000
270.000000 129.000000 17.000000
291.000000 129.000000 14.000000
196.000000 130.000000 24.000000
309.000000 131.000000 28.000000
915.000000 165.000000 7.000000
390.000000 166.000000 17.000000
452.000000 166.000000 24.000000
907.000000 166.000000 17.000000
946.000000 166.000000 14.000000
160.000000 167.000000 14.000000
369.000000 167.000000 17.000000
435.000000 167.000000 13.000000
482.000000 167.000000 14.000000
927.000000 167.000000 17.000000
966.000000 167.000000 14.000000
987.000000 167.000000 14.000000
1135.000000 167.000000 14.000000
179.000000 168.000000 11.000000
261.000000 168.000000 14.000000
462.000000 168.000000 19.000000
500.000000 168.000000 10.000000
1110.000000 168.000000 19.000000
196.000000 169.000000 13.000000
220.000000 169.000000 13.000000
239.000000 169.000000 14.000000
282.000000 169.000000 14.000000
299.000000 169.000000 17.000000
309.000000 169.000000 19.000000
320.000000 169.000000 11.000000
416.000000 169.000000 14.000000
537.000000 169.000000 14.000000
611.000000 169.000000 17.000000
656.000000 169.000000 14.000000
891.000000 169.000000 13.000000
1009.000000 169.000000 16.000000
338.000000 170.000000 16.000000
516.000000 170.000000 14.000000
558.000000 170.000000 14.000000
579.000000 170.000000 21.000000
591.000000 170.000000 21.000000
870.000000 170.000000 14.000000
1036.000000 170.000000 16.000000
1060.000000 170.000000 11.000000
638.000000 171.000000 11.000000
829.000000 171.000000 14.000000
848.000000 171.000000 14.000000
1078.000000 171.000000 14.000000
676.000000 172.000000 14.000000
694.000000 173.000000 14.000000
726.000000 174.000000 14.000000
745.000000 174.000000 11.000000
762.000000 175.000000 14.000000
785.000000 175.000000 16.000000
809.000000 175.000000 16.000000
1112.000000 179.000000 21.000000
1137.000000 186.000000 13.000000
163.000000 193.000000 13.000000
389.000000 194.000000 14.000000
180.000000 195.000000 11.000000
287.000000 195.000000 13.000000
370.000000 195.000000 11.000000
496.000000 195.000000 16.000000
968.000000 195.000000 14.000000
993.000000 195.000000 17.000000
1044.000000 195.000000 11.000000
1060.000000 195.000000 14.000000
1114.000000 195.000000 12.000000
200.000000 196.000000 14.000000
307.000000 196.000000 13.000000
327.000000 196.000000 14.000000
346.000000 196.000000 13.000000
415.000000 196.000000 14.000000
524.000000 196.000000 17.000000
899.000000 196.000000 14.000000
943.000000 196.000000 14.000000
1004.000000 196.000000 17.000000
622.000000 197.000000 16.000000
872.000000 197.000000 20.000000
1025.000000 197.000000 15.000000
222.000000 198.000000 16.000000
269.000000 198.000000 14.000000
444.000000 198.000000 17.000000
466.000000 198.000000 17.000000
599.000000 198.000000 14.000000
656.000000 198.000000 14.000000
858.000000 198.000000 14.000000
882.000000 198.000000 14.000000
921.000000 198.000000 14.000000
251.000000 199.000000 17.000000
648.000000 199.000000 17.000000
685.000000 199.000000 15.000000
737.000000 199.000000 14.000000
552.000000 200.000000 14.000000
565.000000 200.000000 9.000000
580.000000 200.000000 11.000000
709.000000 200.000000 14.000000
1084.000000 200.000000 17.000000
840.000000 201.000000 14.000000
1138.000000 201.000000 12.000000
755.000000 202.000000 14.000000
775.000000 203.000000 14.000000
795.000000 203.000000 14.000000
816.000000 203.000000 14.000000
1122.000000 215.000000 11.000000
1139.000000 221.000000 11.000000
174.000000 222.000000 21.000000
342.000000 223.000000 16.000000
372.000000 223.000000 17.000000
190.000000 224.000000 11.000000
395.000000 225.000000 14.000000
704.000000 225.000000 14.000000
231.000000 226.000000 14.000000
254.000000 226.000000 13.000000
274.000000 226.000000 14.000000
415.000000 226.000000 14.000000
654.000000 226.000000 14.000000
316.000000 227.000000 13.000000
436.000000 227.000000 14.000000
460.000000 227.000000 15.000000
629.000000 227.000000 14.000000
675.000000 227.000000 11.000000
687.000000 227.000000 7.000000
208.000000 228.000000 14.000000
296.000000 228.000000 14.000000
494.000000 228.000000 17.000000
608.000000 228.000000 14.000000
860.000000 228.000000 19.000000
522.000000 229.000000 17.000000
561.000000 229.000000 15.000000
732.000000 229.000000 14.000000
916.000000 229.000000 14.000000
960.000000 229.000000 16.000000
987.000000 229.000000 17.000000
586.000000 230.000000 13.000000
780.000000 230.000000 16.000000
869.000000 230.000000 17.000000
893.000000 230.000000 16.000000
938.000000 230.000000 14.000000
1035.000000 230.000000 14.000000
752.000000 231.000000 14.000000
811.000000 231.000000 14.000000
1012.000000 231.000000 16.000000
1060.000000 231.000000 16.000000
834.000000 232.000000 17.000000
1081.000000 232.000000 17.000000
1133.000000 237.000000 14.000000
1110.000000 238.000000 14.000000
1133.000000 247.000000 17.000000
397.000000 252.000000 14.000000
167.000000 253.000000 17.000000
340.000000 253.000000 17.000000
187.000000 254.000000 21.000000
1112.000000 254.000000 9.000000
226.000000 255.000000 17.000000
318.000000 255.000000 14.000000
374.000000 255.000000 15.000000
251.000000 256.000000 16.000000
298.000000 256.000000 11.000000
446.000000 256.000000 14.000000
468.000000 256.000000 14.000000
198.000000 257.000000 19.000000
426.000000 257.000000 13.000000
676.000000 257.000000 9.000000
1132.000000 257.000000 14.000000
274.000000 258.000000 14.000000
502.000000 258.000000 12.000000
522.000000 258.000000 14.000000
547.000000 258.000000 15.000000
716.000000 258.000000 14.000000
486.000000 259.000000 11.000000
573.000000 259.000000 14.000000
597.000000 259.000000 14.000000
620.000000 259.000000 14.000000
663.000000 259.000000 11.000000
696.000000 259.000000 14.000000
968.000000 259.000000 15.000000
643.000000 260.000000 14.000000
992.000000 260.000000 14.000000
745.000000 261.000000 17.000000
843.000000 261.000000 16.000000
862.000000 261.000000 14.000000
883.000000 261.000000 14.000000
925.000000 261.000000 14.000000
947.000000 261.000000 13.000000
1014.000000 261.000000 14.000000
772.000000 262.000000 14.000000
832.000000 262.000000 7.000000
903.000000 262.000000 14.000000
790.000000 263.000000 14.000000
809.000000 263.000000 17.000000
822.000000 263.000000 20.000000
1046.000000 263.000000 17.000000
1074.000000 263.000000 17.000000
1134.000000 270.000000 14.000000
1113.000000 271.000000 10.000000
214.000000 283.000000 14.000000
378.000000 284.000000 14.000000
402.000000 284.000000 14.000000
504.000000 285.000000 17.000000
169.000000 286.000000 14.000000
450.000000 286.000000 14.000000
531.000000 286.000000 17.000000
553.000000 286.000000 11.000000
1136.000000 286.000000 14.000000
190.000000 287.000000 14.000000
231.000000 287.000000 11.000000
248.000000 287.000000 11.000000
359.000000 287.000000 14.000000
430.000000 287.000000 17.000000
474.000000 287.000000 17.000000
570.000000 287.000000 14.000000
1113.000000 287.000000 11.000000
305.000000 288.000000 16.000000
330.000000 288.000000 18.000000
590.000000 288.000000 13.000000
627.000000 288.000000 11.000000
986.000000 288.000000 16.000000
1076.000000 288.000000 17.000000
262.000000 289.000000 7.000000
274.000000 289.000000 18.000000
283.000000 289.000000 17.000000
887.000000 289.000000 16.000000
939.000000 289.000000 14.000000
960.000000 289.000000 14.000000
1083.000000 289.000000 14.000000
612.000000 290.000000 11.000000
686.000000 290.000000 16.000000
713.000000 290.000000 16.000000
854.000000 290.000000 17.000000
1014.000000 290.000000 16.000000
1062.000000 290.000000 11.000000
637.000000 291.000000 17.000000
657.000000 291.000000 16.000000
742.000000 291.000000 15.000000
769.000000 291.000000 15.000000
804.000000 291.000000 10.000000
914.000000 291.000000 14.000000
1042.000000 291.000000 14.000000
792.000000 292.000000 17.000000
828.000000 292.000000 16.000000
1132.000000 303.000000 11.000000
1153.000000 306.000000 14.000000
1113.000000 310.000000 8.000000
168.000000 311.000000 17.000000
185.000000 313.000000 11.000000
201.000000 313.000000 13.000000
236.000000 313.000000 9.000000
220.000000 314.000000 13.000000
384.000000 314.000000 7.000000
261.000000 315.000000 7.000000
288.000000 315.000000 13.000000
511.000000 315.000000 11.000000
247.000000 316.000000 18.000000
307.000000 316.000000 12.000000
340.000000 316.000000 12.000000
1026.000000 316.000000 12.000000
270.000000 317.000000 15.000000
324.000000 317.000000 11.000000
370.000000 317.000000 11.000000
395.000000 317.000000 17.000000
499.000000 317.000000 11.000000
523.000000 317.000000 20.000000
710.000000 317.000000 21.000000
757.000000 317.000000 11.000000
868.000000 317.000000 15.000000
964.000000 317.000000 11.000000
357.000000 318.000000 11.000000
451.000000 318.000000 9.000000
482.000000 318.000000 11.000000
538.000000 318.000000 11.000000
551.000000 318.000000 7.000000
571.000000 318.000000 14.000000
676.000000 318.000000 17.000000
693.000000 318.000000 14.000000
722.000000 318.000000 17.000000
738.000000 318.000000 14.000000
894.000000 318.000000 14.000000
980.000000 318.000000 11.000000
1045.000000 318.000000 11.000000
1060.000000 318.000000 10.000000
1086.000000 318.000000 7.000000
1096.000000 318.000000 15.000000
1135.000000 318.000000 10.000000
413.000000 319.000000 14.000000
435.000000 319.000000 13.000000
466.000000 319.000000 11.000000
592.000000 319.000000 13.000000
611.000000 319.000000 14.000000
641.000000 319.000000 14.000000
815.000000 319.000000 7.000000
841.000000 319.000000 14.000000
910.000000 319.000000 11.000000
948.000000 319.000000 11.000000
1073.000000 319.000000 19.000000
625.000000 320.000000 11.000000
772.000000 320.000000 11.000000
792.000000 320.000000 11.000000
808.000000 320.000000 13.000000
825.000000 320.000000 11.000000
930.000000 320.000000 14.000000
1003.000000 321.000000 14.000000
1154.000000 321.000000 11.000000
655.000000 322.000000 17.000000
1113.000000 324.000000 9.000000
1154.000000 333.000000 14.000000
1132.000000 335.000000 14.000000
1113.000000 337.000000 11.000000
166.000000 341.000000 14.000000
182.000000 342.000000 12.000000
202.000000 343.000000 13.000000
406.000000 343.000000 8.000000
221.000000 344.000000 11.000000
234.000000 344.000000 11.000000
253.000000 344.000000 13.000000
296.000000 344.000000 12.000000
275.000000 345.000000 14.000000
345.000000 345.000000 16.000000
422.000000 345.000000 17.000000
578.000000 345.000000 17.000000
636.000000 345.000000 12.000000
729.000000 345.000000 15.000000
752.000000 345.000000 11.000000
315.000000 346.000000 17.000000
447.000000 346.000000 14.000000
471.000000 346.000000 17.000000
557.000000 346.000000 16.000000
607.000000 346.000000 11.000000
620.000000 346.000000 7.000000
870.000000 346.000000 14.000000
893.000000 346.000000 14.000000
919.000000 346.000000 13.000000
365.000000 347.000000 16.000000
389.000000 347.000000 14.000000
587.000000 347.000000 16.000000
650.000000 347.000000 19.000000
696.000000 347.000000 11.000000
764.000000 347.000000 11.000000
784.000000 347.000000 13.000000
937.000000 347.000000 13.000000
531.000000 348.000000 16.000000
661.000000 348.000000 17.000000
675.000000 348.000000 17.000000
707.000000 348.000000 16.000000
808.000000 348.000000 14.000000
832.000000 348.000000 14.000000
852.000000 348.000000 12.000000
978.000000 348.000000 14.000000
1053.000000 348.000000 14.000000
500.000000 349.000000 17.000000
683.000000 349.000000 16.000000
959.000000 349.000000 14.000000
997.000000 349.000000 12.000000
1033.000000 349.000000 14.000000
1076.000000 349.000000 17.000000
1014.000000 350.000000 11.000000
165.000000 370.000000 16.000000
201.000000 371.000000 21.000000
210.000000 371.000000 16.000000
333.000000 372.000000 14.000000
344.000000 372.000000 7.000000
582.000000 372.000000 16.000000
763.000000 372.000000 7.000000
774.000000 372.000000 16.000000
851.000000 372.000000 9.000000
186.000000 373.000000 11.000000
231.000000 373.000000 14.000000
264.000000 373.000000 17.000000
356.000000 373.000000 7.000000
563.000000 373.000000 14.000000
592.000000 373.000000 17.000000
601.000000 373.000000 14.000000
657.000000 373.000000 14.000000
746.000000 373.000000 14.000000
793.000000 373.000000 13.000000
815.000000 373.000000 13.000000
834.000000 373.000000 12.000000
881.000000 373.000000 11.000000
251.000000 374.000000 11.000000
284.000000 374.000000 14.000000
303.000000 374.000000 17.000000
369.000000 374.000000 14.000000
390.000000 374.000000 12.000000
618.000000 374.000000 14.000000
638.000000 374.000000 13.000000
863.000000 374.000000 14.000000
895.000000 374.000000 10.000000
910.000000 374.000000 11.000000
928.000000 374.000000 13.000000
315.000000 375.000000 11.000000
407.000000 375.000000 11.000000
429.000000 375.000000 14.000000
516.000000 375.000000 14.000000
539.000000 375.000000 13.000000
679.000000 375.000000 14.000000
696.000000 375.000000 13.000000
721.000000 375.000000 14.000000
956.000000 375.000000 16.000000
450.000000 376.000000 14.000000
668.000000 376.000000 19.000000
980.000000 376.000000 14.000000
1020.000000 376.000000 13.000000
1036.000000 376.000000 23.000000
1046.000000 376.000000 17.000000
1072.000000 376.000000 14.000000
468.000000 377.000000 7.000000
477.000000 377.000000 15.000000
487.000000 377.000000 7.000000
498.000000 377.000000 14.000000
1000.000000 377.000000 13.000000
1092.000000 377.000000 14.000000
844.000000 399.000000 11.000000
859.000000 399.000000 11.000000
919.000000 400.000000 7.000000
929.000000 400.000000 7.000000
161.000000 401.000000 17.000000
179.000000 401.000000 17.000000
257.000000 401.000000 15.000000
832.000000 401.000000 7.000000
878.000000 401.000000 15.000000
947.000000 401.000000 14.000000
226.000000 402.000000 20.000000
773.000000 402.000000 14.000000
903.000000 402.000000 13.000000
204.000000 403.000000 16.000000
238.000000 403.000000 11.000000
284.000000 403.000000 17.000000
314.000000 403.000000 17.000000
536.000000 403.000000 14.000000
556.000000 403.000000 11.000000
743.000000 403.000000 19.000000
795.000000 403.000000 14.000000
818.000000 403.000000 17.000000
1054.000000 403.000000 11.000000
1075.000000 403.000000 13.000000
1093.000000 403.000000 11.000000
334.000000 404.000000 14.000000
356.000000 404.000000 15.000000
379.000000 404.000000 16.000000
403.000000 404.000000 14.000000
426.000000 404.000000 16.000000
446.000000 404.000000 14.000000
493.000000 404.000000 14.000000
515.000000 404.000000 14.000000
575.000000 404.000000 14.000000
595.000000 404.000000 11.000000
640.000000 404.000000 7.000000
690.000000 404.000000 11.000000
700.000000 404.000000 17.000000
753.000000 404.000000 20.000000
973.000000 404.000000 17.000000
998.000000 404.000000 17.000000
472.000000 405.000000 17.000000
610.000000 405.000000 14.000000
630.000000 405.000000 17.000000
651.000000 405.000000 17.000000
673.000000 405.000000 14.000000
723.000000 405.000000 15.000000
1026.000000 405.000000 19.000000
1037.000000 405.000000 21.000000
1108.000000 407.000000 24.000000
1108.000000 429.000000 20.000000
1109.000000 440.000000 28.000000
1110.000000 460.000000 17.000000
1111.000000 476.000000 14.000000
1114.000000 496.000000 15.000000
1112.000000 517.000000 13.000000
1112.000000 537.000000 14.000000
1106.000000 551.000000 10.000000
1114.000000 564.000000 14.000000
1115.000000 582.000000 14.000000
1115.000000 591.000000 5.000000
1116.000000 604.000000 17.000000
1117.000000 620.000000 25.000000
258.000000 651.000000 43.000000
1105.000000 661.000000 33.000000
1121.000000 671.000000 40.000000
