0.907200 0.092800 0.021600
0.084000 0.100800 0.004000
0.092000 0.100800 0.019200
0.070400 0.101600 0.016800
0.102400 0.102400 0.016800
0.835200 0.115200 0.015200
0.777600 0.116000 0.013600
0.856000 0.116800 0.016800
0.814400 0.117600 0.012800
0.754400 0.118400 0.015200
0.795200 0.118400 0.011200
0.639200 0.120800 0.016800
0.671200 0.121600 0.011200
0.689600 0.122400 0.013600
0.652800 0.123200 0.027200
0.710400 0.123200 0.013600
0.736800 0.123200 0.016000
0.608800 0.124800 0.008000
0.620000 0.125600 0.008800
0.582400 0.127200 0.013600
0.599200 0.127200 0.008800
0.519200 0.128000 0.013600
0.561600 0.128000 0.013600
0.540800 0.128800 0.013600
0.498400 0.131200 0.013600
0.168000 0.132000 0.015200
0.477600 0.132800 0.013600
0.348800 0.134400 0.019200
0.458400 0.134400 0.011200
0.188800 0.135200 0.011200
0.312000 0.135200 0.011200
0.324800 0.135200 0.011200
0.369600 0.135200 0.013600
0.226400 0.136000 0.011200
0.283200 0.136000 0.019200
0.420800 0.136000 0.013600
0.132000 0.136800 0.024000
0.148000 0.136800 0.011200
0.207200 0.136800 0.012800
0.244800 0.136800 0.011200
0.295200 0.136800 0.011200
0.387200 0.136800 0.011200
0.403200 0.136800 0.011200
0.440800 0.136800 0.013600
0.264000 0.137600 0.013600
0.837600 0.146400 0.016800
0.859200 0.146400 0.016800
0.754400 0.148000 0.013600
0.771200 0.148000 0.013600
0.792800 0.148800 0.013600
0.723200 0.150400 0.011200
0.812800 0.150400 0.016000
0.736800 0.151200 0.008800
0.704800 0.153600 0.011200
0.685600 0.154400 0.013600
0.644800 0.156000 0.012800
0.664000 0.156000 0.013600
0.627200 0.157600 0.016800
0.580000 0.159200 0.013600
0.601600 0.159200 0.011200
0.556800 0.160800 0.015200
0.480000 0.161600 0.016800
0.531200 0.161600 0.016800
0.460800 0.163200 0.013600
0.506400 0.163200 0.016800
0.285600 0.164000 0.015200
0.441600 0.165600 0.012800
0.153600 0.166400 0.012800
0.317600 0.166400 0.016800
0.175200 0.167200 0.015200
0.248000 0.167200 0.008800
0.366400 0.167200 0.015200
0.392000 0.167200 0.013600
0.199200 0.168000 0.015200
0.239200 0.168000 0.016000
0.259200 0.168000 0.015200
0.340800 0.168000 0.015200
0.412800 0.168000 0.016800
0.424000 0.168000 0.016800
0.222400 0.168800 0.013600
0.135200 0.170400 0.015200
0.070400 0.178400 0.040000
0.859200 0.180800 0.016800
0.813600 0.181600 0.016000
0.836800 0.181600 0.013600
0.721600 0.183200 0.019200
0.768000 0.183200 0.013600
0.788800 0.183200 0.013600
0.686400 0.184800 0.019200
0.745600 0.184800 0.016800
0.671200 0.185600 0.011200
0.604800 0.187200 0.013600
0.627200 0.188000 0.016800
0.652800 0.188000 0.016800
0.587200 0.188800 0.012800
0.570400 0.192000 0.013600
0.550400 0.192800 0.013600
0.531200 0.193600 0.012800
0.414400 0.194400 0.020800
0.328000 0.195200 0.019200
0.444800 0.195200 0.013600
0.465600 0.195200 0.013600
0.489600 0.195200 0.013600
0.510400 0.195200 0.013600
0.428000 0.196000 0.008800
0.152000 0.196800 0.008800
0.382400 0.196800 0.016000
0.335200 0.197600 0.019200
0.339200 0.197600 0.022400
0.359200 0.197600 0.013600
0.136000 0.199200 0.019200
0.163200 0.199200 0.019200
0.180800 0.199200 0.011200
0.248800 0.199200 0.016800
0.302400 0.199200 0.016800
0.197600 0.200000 0.013600
0.217600 0.200000 0.016000
0.270400 0.200000 0.013600
0.286400 0.200000 0.011200
0.066400 0.204000 0.016800
0.861600 0.212000 0.016800
0.811200 0.212800 0.018400
0.816800 0.214400 0.018400
0.840800 0.214400 0.013600
0.783200 0.216000 0.013600
0.766400 0.217600 0.011200
0.748000 0.218400 0.013600
0.586400 0.219200 0.016000
0.704000 0.219200 0.013600
0.726400 0.220000 0.015200
0.656800 0.220800 0.015200
0.686400 0.220800 0.019200
0.613600 0.221600 0.016000
0.635200 0.221600 0.013600
0.562400 0.223200 0.013600
0.524000 0.224000 0.013600
0.541600 0.224000 0.013600
0.507200 0.224800 0.013600
0.485600 0.225600 0.015200
0.416000 0.227200 0.015200
0.461600 0.227200 0.015200
0.161600 0.228000 0.007200
0.439200 0.228000 0.015200
0.390400 0.228800 0.013600
0.134400 0.230400 0.016800
0.149600 0.230400 0.008800
0.276800 0.230400 0.016800
0.302400 0.230400 0.012800
0.347200 0.230400 0.016000
0.380800 0.230400 0.016800
0.176000 0.231200 0.013600
0.192000 0.232000 0.011200
0.210400 0.232000 0.013600
0.238400 0.232000 0.016800
0.322400 0.232000 0.013600
0.941600 0.234400 0.005600
0.909600 0.235200 0.008800
0.932000 0.235200 0.011200
0.957600 0.235200 0.009600
0.904000 0.236000 0.004000
0.918400 0.236000 0.005600
0.924800 0.236000 0.012800
0.897600 0.237600 0.010400
0.267200 0.245600 0.005600
0.827200 0.246400 0.013600
0.868800 0.247200 0.016800
0.807200 0.248000 0.018400
0.851200 0.248000 0.013600
0.762400 0.248800 0.020800
0.781600 0.248800 0.013600
0.749600 0.252000 0.008800
0.583200 0.252800 0.011200
0.705600 0.252800 0.016800
0.624000 0.253600 0.016800
0.685600 0.253600 0.013600
0.733600 0.253600 0.013600
0.603200 0.254400 0.013600
0.629600 0.254400 0.019200
0.646400 0.254400 0.011200
0.664000 0.254400 0.013600
0.568000 0.255200 0.016800
0.543200 0.256000 0.016800
0.474400 0.257600 0.013600
0.392800 0.258400 0.016800
0.419200 0.258400 0.016800
0.452800 0.258400 0.016800
0.494400 0.258400 0.013600
0.135200 0.259200 0.016800
0.220800 0.259200 0.011200
0.516000 0.259200 0.016800
0.275200 0.260000 0.011200
0.289600 0.260000 0.011200
0.348800 0.260000 0.015200
0.368800 0.260000 0.013600
0.204000 0.260800 0.011200
0.236000 0.260800 0.013600
0.153600 0.261600 0.011200
0.171200 0.261600 0.013600
0.185600 0.261600 0.013600
0.256000 0.261600 0.013600
0.307200 0.261600 0.013600
0.326400 0.261600 0.013600
0.860800 0.280800 0.016800
0.839200 0.281600 0.016000
0.815200 0.282400 0.013600
0.795200 0.284000 0.013600
0.694400 0.284800 0.013600
0.646400 0.285600 0.016800
0.738400 0.286400 0.019200
0.756800 0.286400 0.012800
0.775200 0.286400 0.012800
0.601600 0.287200 0.013600
0.713600 0.287200 0.011200
0.621600 0.288000 0.013600
0.671200 0.288000 0.015200
0.583200 0.288800 0.021600
0.919200 0.288800 0.008800
0.550400 0.289600 0.017600
0.891200 0.289600 0.009600
0.904800 0.290400 0.011200
0.255200 0.291200 0.016800
0.353600 0.291200 0.018400
0.136800 0.293600 0.016800
0.180800 0.293600 0.016800
0.192000 0.293600 0.008800
0.333600 0.293600 0.013600
0.384800 0.293600 0.016000
0.410400 0.293600 0.016000
0.433600 0.293600 0.013600
0.453600 0.293600 0.013600
0.474400 0.293600 0.013600
0.516800 0.293600 0.016800
0.232800 0.294400 0.013600
0.496800 0.294400 0.013600
0.160800 0.295200 0.015200
0.212800 0.295200 0.016800
0.288000 0.295200 0.018400
0.312000 0.295200 0.015200
0.363200 0.295200 0.019200
0.965600 0.301600 0.013600
0.946400 0.303200 0.013600
0.955200 0.304000 0.018400
0.932000 0.304800 0.011200
0.905600 0.306400 0.008000
0.916000 0.306400 0.007200
0.891200 0.307200 0.008800
0.860800 0.312000 0.016800
0.819200 0.313600 0.013600
0.841600 0.313600 0.013600
0.802400 0.316800 0.011200
0.785600 0.317600 0.011200
0.691200 0.319200 0.013600
0.909600 0.319200 0.008000
0.656000 0.320000 0.019200
0.709600 0.320000 0.013600
0.730400 0.320000 0.016800
0.764800 0.320000 0.013600
0.614400 0.320800 0.016800
0.745600 0.320800 0.013600
0.890400 0.320800 0.011200
0.896800 0.320800 0.008800
0.920800 0.320800 0.008800
0.638400 0.321600 0.013600
0.668000 0.321600 0.019200
0.930400 0.321600 0.005600
0.132800 0.322400 0.019200
0.419200 0.322400 0.019200
0.480800 0.322400 0.019200
0.533600 0.322400 0.015200
0.936800 0.322400 0.010400
0.340000 0.323200 0.016800
0.492000 0.323200 0.016800
0.581600 0.323200 0.016800
0.429600 0.324000 0.018400
0.510400 0.324000 0.012800
0.556800 0.324000 0.015200
0.176800 0.324800 0.013600
0.449600 0.324800 0.016800
0.456800 0.324800 0.018400
0.156000 0.325600 0.012800
0.190400 0.325600 0.013600
0.403200 0.325600 0.013600
0.360800 0.326400 0.013600
0.381600 0.326400 0.013600
0.294400 0.327200 0.013600
0.312800 0.327200 0.013600
0.216000 0.328000 0.016800
0.235200 0.328000 0.013600
0.254400 0.328000 0.013600
0.275200 0.328800 0.013600
0.766400 0.348000 0.016800
0.866400 0.348800 0.018400
0.821600 0.349600 0.014400
0.843200 0.349600 0.013600
0.788000 0.350400 0.011200
0.803200 0.350400 0.011200
0.734400 0.351200 0.015200
0.619200 0.352000 0.016000
0.640000 0.352000 0.016800
0.706400 0.352000 0.016800
0.592000 0.352800 0.016800
0.487200 0.353600 0.017600
0.516000 0.353600 0.013600
0.566400 0.353600 0.016800
0.492800 0.354400 0.016800
0.668800 0.354400 0.016800
0.390400 0.355200 0.016000
0.431200 0.355200 0.013600
0.456000 0.355200 0.016800
0.537600 0.355200 0.016000
0.365600 0.356000 0.013600
0.411200 0.356000 0.013600
0.253600 0.357600 0.015200
0.292800 0.357600 0.013600
0.338400 0.357600 0.016800
0.261600 0.358400 0.016000
0.139200 0.359200 0.016800
0.158400 0.359200 0.012800
0.313600 0.359200 0.014400
0.219200 0.360000 0.011200
0.916800 0.360000 0.026400
0.179200 0.360800 0.013600
0.201600 0.360800 0.013600
0.231200 0.360800 0.016800
0.860000 0.376800 0.012800
0.876000 0.376800 0.013600
0.800000 0.378400 0.015200
0.838400 0.378400 0.013600
0.746400 0.379200 0.016000
0.775200 0.379200 0.016800
0.820800 0.380000 0.011200
0.694400 0.380800 0.019200
0.723200 0.380800 0.016800
0.665600 0.382400 0.016000
0.397600 0.384800 0.018400
0.436000 0.384800 0.019200
0.461600 0.384800 0.016800
0.484800 0.384800 0.015200
0.504800 0.384800 0.013600
0.525600 0.384800 0.016000
0.550400 0.384800 0.013600
0.573600 0.384800 0.015200
0.593600 0.384800 0.013600
0.616800 0.385600 0.016000
0.640000 0.385600 0.016800
0.265600 0.386400 0.013600
0.282400 0.386400 0.024800
0.308000 0.386400 0.017600
0.248800 0.387200 0.011200
0.334400 0.387200 0.016800
0.132800 0.389600 0.040000
0.231200 0.389600 0.013600
0.360000 0.389600 0.016800
0.155200 0.390400 0.016800
0.185600 0.390400 0.019200
0.205600 0.390400 0.016000
