0.093600 0.105600 0.005600
0.100800 0.106400 0.030400
0.080800 0.107200 0.015200
0.112000 0.109600 0.016800
0.925600 0.112800 0.027200
0.917600 0.113600 0.021600
0.224800 0.124000 0.016800
0.248800 0.124800 0.016000
0.201600 0.125600 0.016800
0.272000 0.126400 0.013600
0.311200 0.126400 0.013600
0.807200 0.126400 0.022400
0.815200 0.126400 0.019200
0.856000 0.126400 0.013600
0.170400 0.127200 0.020800
0.292000 0.127200 0.011200
0.458400 0.127200 0.016800
0.480800 0.127200 0.015200
0.581600 0.127200 0.016800
0.715200 0.127200 0.013600
0.787200 0.127200 0.016800
0.838400 0.127200 0.013600
0.876800 0.127200 0.016800
0.160000 0.128000 0.016800
0.183200 0.128000 0.008800
0.500000 0.128000 0.016800
0.669600 0.128000 0.016800
0.692800 0.128000 0.013600
0.138400 0.128800 0.016800
0.560000 0.128800 0.016800
0.332000 0.129600 0.013600
0.441600 0.129600 0.008800
0.600800 0.129600 0.013600
0.624000 0.129600 0.016800
0.647200 0.129600 0.013600
0.734400 0.129600 0.011200
0.748800 0.129600 0.008800
0.763200 0.129600 0.011200
0.391200 0.130400 0.013600
0.395200 0.130400 0.019200
0.406400 0.130400 0.013600
0.426400 0.130400 0.011200
0.532000 0.130400 0.018400
0.349600 0.131200 0.011200
0.372000 0.131200 0.015200
0.736000 0.154400 0.011200
0.808000 0.154400 0.011200
0.716000 0.155200 0.013600
0.820800 0.155200 0.016800
0.227200 0.156000 0.013600
0.246400 0.156000 0.013600
0.788800 0.156000 0.013600
0.138400 0.156800 0.015200
0.265600 0.156800 0.012800
0.284800 0.156800 0.013600
0.354400 0.156800 0.013600
0.702400 0.156800 0.008800
0.765600 0.156800 0.015200
0.841600 0.156800 0.013600
0.856000 0.156800 0.008800
0.872800 0.156800 0.015200
0.161600 0.157600 0.012800
0.180000 0.157600 0.013600
0.196000 0.157600 0.008800
0.208800 0.157600 0.011200
0.682400 0.157600 0.015200
0.302400 0.158400 0.013600
0.317600 0.158400 0.011200
0.334400 0.158400 0.012800
0.439200 0.158400 0.013600
0.374400 0.159200 0.016800
0.420800 0.159200 0.011200
0.459200 0.159200 0.013600
0.384000 0.160000 0.018400
0.401600 0.160000 0.013600
0.480000 0.160000 0.015200
0.525600 0.160000 0.013600
0.551200 0.160000 0.016000
0.568800 0.160000 0.012800
0.624000 0.160000 0.018400
0.588000 0.160800 0.016800
0.657600 0.160800 0.016800
0.506400 0.161600 0.013600
0.152800 0.184800 0.011200
0.766400 0.184800 0.022400
0.201600 0.185600 0.012800
0.732000 0.185600 0.013600
0.184000 0.186400 0.011200
0.707200 0.186400 0.016000
0.749600 0.186400 0.011200
0.776000 0.186400 0.018400
0.080800 0.187200 0.040000
0.138400 0.187200 0.019200
0.164800 0.187200 0.018400
0.223200 0.187200 0.013600
0.242400 0.187200 0.013600
0.832800 0.187200 0.016800
0.865600 0.187200 0.019200
0.685600 0.188000 0.013600
0.807200 0.188000 0.016800
0.264800 0.188800 0.015200
0.289600 0.188800 0.015200
0.317600 0.188800 0.016000
0.343200 0.188800 0.015200
0.544000 0.188800 0.013600
0.560000 0.188800 0.008800
0.631200 0.188800 0.013600
0.660800 0.188800 0.016800
0.377600 0.189600 0.015200
0.586400 0.189600 0.011200
0.399200 0.190400 0.013600
0.483200 0.190400 0.015200
0.503200 0.190400 0.013600
0.570400 0.190400 0.018400
0.603200 0.190400 0.019200
0.612800 0.190400 0.016800
0.524000 0.191200 0.013600
0.458400 0.192000 0.016000
0.421600 0.192800 0.013600
0.439200 0.193600 0.012800
0.198400 0.213600 0.020800
0.183200 0.214400 0.013600
0.080800 0.216000 0.027200
0.142400 0.216000 0.019200
0.164800 0.216000 0.012800
0.208000 0.216000 0.016800
0.225600 0.216000 0.011200
0.244000 0.216000 0.012800
0.262400 0.216000 0.012800
0.878400 0.216000 0.019200
0.850400 0.216800 0.016800
0.281600 0.217600 0.013600
0.304800 0.217600 0.014400
0.777600 0.217600 0.019200
0.790400 0.217600 0.008800
0.804800 0.217600 0.013600
0.326400 0.218400 0.016800
0.353600 0.218400 0.011200
0.370400 0.218400 0.013600
0.381600 0.218400 0.019200
0.827200 0.218400 0.016000
0.340000 0.219200 0.008800
0.397600 0.219200 0.008800
0.408800 0.219200 0.008800
0.632000 0.219200 0.013600
0.669600 0.219200 0.013600
0.728800 0.219200 0.013600
0.761600 0.219200 0.011200
0.440000 0.220000 0.021600
0.542400 0.220000 0.016800
0.649600 0.220000 0.013600
0.709600 0.220000 0.013600
0.746400 0.220000 0.013600
0.424800 0.220800 0.011200
0.453600 0.220800 0.011200
0.471200 0.220800 0.013600
0.494400 0.220800 0.012800
0.509600 0.220800 0.008800
0.524000 0.220800 0.011200
0.589600 0.220800 0.013600
0.609600 0.220800 0.013600
0.552800 0.221600 0.021600
0.569600 0.221600 0.013600
0.690400 0.221600 0.013600
0.176000 0.246400 0.019200
0.187200 0.246400 0.016800
0.377600 0.246400 0.011200
0.391200 0.246400 0.008800
0.218400 0.247200 0.016800
0.261600 0.247200 0.013600
0.240000 0.248000 0.013600
0.283200 0.248000 0.015200
0.306400 0.248000 0.015200
0.349600 0.248000 0.013600
0.364800 0.248000 0.008800
0.480000 0.248000 0.019200
0.613600 0.248000 0.007200
0.144800 0.248800 0.018400
0.327200 0.248800 0.013600
0.623200 0.248800 0.016800
0.444000 0.249600 0.013600
0.462400 0.249600 0.013600
0.490400 0.249600 0.018400
0.531200 0.249600 0.016800
0.407200 0.250400 0.013600
0.560800 0.250400 0.016800
0.639200 0.250400 0.011200
0.652800 0.250400 0.011200
0.668000 0.250400 0.011200
0.510400 0.251200 0.015200
0.573600 0.251200 0.015200
0.601600 0.251200 0.016800
0.756000 0.251200 0.013600
0.424000 0.252000 0.012800
0.712800 0.252000 0.011200
0.777600 0.252000 0.013600
0.798400 0.252000 0.015200
0.822400 0.252000 0.013600
0.842400 0.252000 0.016800
0.853600 0.252000 0.018400
0.878400 0.252000 0.018400
0.684800 0.252800 0.011200
0.697600 0.252800 0.011200
0.732800 0.252800 0.013600
0.864800 0.252800 0.008800
0.448000 0.276800 0.013600
0.237600 0.278400 0.011200
0.253600 0.278400 0.008800
0.264800 0.278400 0.016800
0.800000 0.278400 0.011200
0.816800 0.278400 0.011200
0.139200 0.279200 0.017600
0.220000 0.279200 0.013600
0.283200 0.279200 0.012800
0.301600 0.279200 0.011200
0.336800 0.279200 0.012800
0.356000 0.279200 0.013600
0.395200 0.279200 0.013600
0.414400 0.279200 0.011200
0.427200 0.279200 0.016800
0.856000 0.279200 0.011200
0.164800 0.280000 0.013600
0.181600 0.280000 0.016800
0.203200 0.280000 0.016800
0.376000 0.280000 0.013600
0.632800 0.280000 0.013600
0.764800 0.280000 0.013600
0.836800 0.280000 0.013600
0.874400 0.280000 0.015200
0.319200 0.280800 0.011200
0.464000 0.280800 0.011200
0.525600 0.280800 0.013600
0.544800 0.280800 0.013600
0.662400 0.280800 0.011200
0.681600 0.280800 0.012800
0.700800 0.280800 0.011200
0.782400 0.280800 0.013600
0.484000 0.281600 0.012800
0.504800 0.281600 0.013600
0.564000 0.281600 0.016000
0.590400 0.281600 0.013600
0.612800 0.281600 0.013600
0.646400 0.281600 0.011200
0.720000 0.281600 0.013600
0.746400 0.281600 0.016800
0.142400 0.307200 0.016800
0.276000 0.308000 0.011200
0.468000 0.308000 0.011200
0.480000 0.308000 0.011200
0.258400 0.308800 0.011200
0.496800 0.308800 0.013600
0.516800 0.308800 0.016800
0.526400 0.308800 0.019200
0.686400 0.308800 0.011200
0.704000 0.308800 0.011200
0.192000 0.309600 0.016800
0.240000 0.309600 0.013600
0.543200 0.309600 0.013600
0.583200 0.309600 0.015200
0.615200 0.309600 0.008800
0.670400 0.309600 0.011200
0.719200 0.309600 0.011200
0.736000 0.309600 0.011200
0.753600 0.309600 0.011200
0.877600 0.309600 0.013600
0.167200 0.310400 0.016800
0.196800 0.310400 0.019200
0.217600 0.310400 0.016000
0.292800 0.310400 0.011200
0.305600 0.310400 0.022400
0.325600 0.310400 0.016000
0.408000 0.310400 0.016800
0.564000 0.310400 0.012800
0.603200 0.310400 0.011200
0.777600 0.310400 0.008800
0.791200 0.310400 0.011200
0.810400 0.310400 0.013600
0.832000 0.310400 0.013600
0.855200 0.310400 0.015200
0.432800 0.311200 0.013600
0.451200 0.311200 0.012800
0.651200 0.311200 0.014400
0.352800 0.312000 0.016800
0.367200 0.312000 0.008800
0.386400 0.312000 0.013600
0.629600 0.312000 0.011200
0.765600 0.312000 0.008800
0.349600 0.333600 0.019200
0.356000 0.338400 0.022400
0.450400 0.338400 0.013600
0.456000 0.339200 0.013600
0.413600 0.340000 0.015200
0.752000 0.340000 0.011200
0.770400 0.340000 0.013600
0.521600 0.340800 0.013600
0.663200 0.340800 0.016800
0.698400 0.340800 0.024800
0.716800 0.340800 0.011200
0.788800 0.340800 0.013600
0.810400 0.340800 0.013600
0.849600 0.340800 0.016800
0.856000 0.340800 0.022400
0.873600 0.340800 0.021600
0.500000 0.341600 0.016800
0.541600 0.341600 0.016000
0.611200 0.341600 0.013600
0.647200 0.341600 0.024800
0.652800 0.341600 0.025600
0.734400 0.341600 0.011200
0.828800 0.341600 0.013600
0.574400 0.342400 0.016800
0.634400 0.342400 0.015200
0.592000 0.343200 0.011200
0.388000 0.370400 0.022400
0.413600 0.371200 0.013600
0.433600 0.371200 0.016800
0.458400 0.372000 0.016800
0.626400 0.372000 0.014400
0.496000 0.372800 0.013600
0.632800 0.372800 0.015200
0.477600 0.373600 0.011200
0.516800 0.375200 0.013600
0.587200 0.375200 0.011200
0.537600 0.376000 0.011200
0.570400 0.376000 0.011200
0.552800 0.376800 0.011200
0.602400 0.379200 0.022400
