0.085600 0.102400 0.005600
0.927200 0.102400 0.024800
0.093600 0.103200 0.004800
0.102400 0.103200 0.021600
0.076000 0.104000 0.015200
0.112000 0.105600 0.015200
0.192800 0.117600 0.011200
0.265600 0.118400 0.008800
0.274400 0.118400 0.016800
0.541600 0.118400 0.020000
0.880800 0.118400 0.019200
0.311200 0.119200 0.008800
0.321600 0.119200 0.016800
0.672000 0.119200 0.015200
0.695200 0.119200 0.013600
0.176800 0.120000 0.011200
0.209600 0.120000 0.011200
0.230400 0.120000 0.013600
0.294400 0.120000 0.013600
0.340800 0.120000 0.013600
0.711200 0.120000 0.008800
0.836000 0.120000 0.011200
0.854400 0.120000 0.012800
0.139200 0.120800 0.019200
0.160800 0.120800 0.013600
0.250400 0.120800 0.011200
0.367200 0.120800 0.016800
0.396000 0.120800 0.015200
0.419200 0.120800 0.013600
0.585600 0.120800 0.013600
0.650400 0.120800 0.013600
0.728000 0.120800 0.013600
0.790400 0.120800 0.019200
0.806400 0.120800 0.011200
0.443200 0.121600 0.015200
0.507200 0.121600 0.014400
0.567200 0.121600 0.013600
0.765600 0.121600 0.011200
0.820000 0.121600 0.011200
0.465600 0.122400 0.013600
0.628000 0.122400 0.013600
0.748000 0.122400 0.013600
0.479200 0.123200 0.019200
0.606400 0.123200 0.013600
0.192800 0.146400 0.018400
0.877600 0.146400 0.019200
0.866400 0.147200 0.013600
0.200000 0.148000 0.018400
0.224800 0.148000 0.015200
0.269600 0.148000 0.011200
0.653600 0.148000 0.013600
0.690400 0.148000 0.013600
0.848800 0.148000 0.011200
0.172000 0.148800 0.013600
0.287200 0.148800 0.011200
0.326400 0.148800 0.015200
0.363200 0.148800 0.011200
0.832800 0.148800 0.011200
0.142400 0.149600 0.016800
0.249600 0.149600 0.013600
0.304000 0.149600 0.011200
0.379200 0.149600 0.013600
0.399200 0.149600 0.011200
0.417600 0.149600 0.012800
0.438400 0.149600 0.013600
0.637600 0.149600 0.016800
0.673600 0.149600 0.013600
0.708000 0.149600 0.013600
0.796800 0.149600 0.012800
0.815200 0.149600 0.011200
0.347200 0.150400 0.013600
0.457600 0.150400 0.013600
0.469600 0.150400 0.016800
0.565600 0.150400 0.011200
0.608000 0.150400 0.014400
0.728800 0.150400 0.016000
0.760800 0.150400 0.011200
0.778400 0.150400 0.012800
0.490400 0.151200 0.013600
0.510400 0.151200 0.013600
0.584000 0.151200 0.013600
0.746400 0.151200 0.011200
0.531200 0.152000 0.013600
0.550400 0.152000 0.013600
0.075200 0.171200 0.040000
0.428800 0.173600 0.008800
0.141600 0.176000 0.013600
0.164000 0.176800 0.013600
0.284000 0.176800 0.008800
0.376000 0.176800 0.016800
0.397600 0.176800 0.012800
0.416000 0.176800 0.011200
0.443200 0.176800 0.019200
0.868000 0.176800 0.021600
0.302400 0.177600 0.013600
0.348800 0.177600 0.013600
0.363200 0.177600 0.008800
0.791200 0.177600 0.016800
0.814400 0.177600 0.016000
0.324000 0.178400 0.015200
0.456000 0.178400 0.011200
0.482400 0.178400 0.008800
0.756000 0.178400 0.015200
0.184800 0.179200 0.013600
0.251200 0.179200 0.013600
0.271200 0.179200 0.011200
0.472000 0.179200 0.008800
0.501600 0.179200 0.012800
0.635200 0.179200 0.015200
0.692800 0.179200 0.013600
0.710400 0.179200 0.011200
0.724000 0.179200 0.007200
0.732800 0.179200 0.014400
0.835200 0.179200 0.011200
0.206400 0.180000 0.013600
0.228000 0.180000 0.013600
0.674400 0.180000 0.011200
0.521600 0.180800 0.012800
0.588000 0.180800 0.016000
0.657600 0.180800 0.012800
0.852800 0.180800 0.013600
0.560800 0.181600 0.015200
0.595200 0.181600 0.016800
0.540000 0.182400 0.013600
0.613600 0.183200 0.013600
0.068000 0.194400 0.022400
0.140800 0.205600 0.016800
0.300800 0.205600 0.013600
0.471200 0.205600 0.013600
0.163200 0.206400 0.012800
0.283200 0.206400 0.011200
0.317600 0.206400 0.013600
0.427200 0.206400 0.016000
0.448000 0.206400 0.013600
0.509600 0.206400 0.004800
0.848000 0.206400 0.008800
0.860000 0.206400 0.011200
0.874400 0.206400 0.019200
0.182400 0.207200 0.012800
0.240800 0.207200 0.018400
0.251200 0.207200 0.019200
0.359200 0.207200 0.013600
0.268000 0.208000 0.012800
0.339200 0.208000 0.013600
0.380800 0.208000 0.014400
0.404800 0.208000 0.013600
0.422400 0.208000 0.016800
0.495200 0.208000 0.016800
0.803200 0.208000 0.013600
0.826400 0.208000 0.015200
0.202400 0.208800 0.012800
0.523200 0.208800 0.013600
0.222400 0.209600 0.013600
0.468000 0.209600 0.016000
0.782400 0.209600 0.013600
0.540800 0.210400 0.012800
0.560000 0.210400 0.011200
0.762400 0.210400 0.016000
0.594400 0.211200 0.016000
0.687200 0.211200 0.013600
0.710400 0.211200 0.015200
0.639200 0.212000 0.018400
0.732800 0.212000 0.015200
0.576000 0.212800 0.011200
0.621600 0.212800 0.013600
0.666400 0.212800 0.012800
0.649600 0.213600 0.019200
0.824800 0.235200 0.013600
0.840000 0.235200 0.013600
0.857600 0.236000 0.013600
0.141600 0.236800 0.019200
0.170400 0.236800 0.013600
0.805600 0.236800 0.013600
0.877600 0.236800 0.016800
0.150400 0.237600 0.022400
0.301600 0.237600 0.013600
0.320000 0.237600 0.019200
0.393600 0.237600 0.016800
0.368800 0.238400 0.013600
0.415200 0.238400 0.013600
0.483200 0.238400 0.013600
0.193600 0.239200 0.016800
0.329600 0.239200 0.017600
0.348800 0.239200 0.013600
0.436000 0.239200 0.016000
0.502400 0.239200 0.013600
0.240800 0.240000 0.013600
0.262400 0.240000 0.016800
0.516800 0.240000 0.011200
0.530400 0.240000 0.012800
0.549600 0.240000 0.013600
0.643200 0.240000 0.013600
0.660800 0.240000 0.011200
0.722400 0.240000 0.013600
0.748800 0.240000 0.008800
0.785600 0.240000 0.012800
0.222400 0.240800 0.015200
0.283200 0.240800 0.013600
0.461600 0.240800 0.013600
0.569600 0.240800 0.013600
0.696000 0.240800 0.015200
0.768800 0.240800 0.016000
0.594400 0.241600 0.015200
0.707200 0.241600 0.005600
0.737600 0.241600 0.008800
0.619200 0.242400 0.015200
0.676800 0.242400 0.011200
0.879200 0.265600 0.016800
0.361600 0.266400 0.008800
0.852000 0.266400 0.013600
0.331200 0.267200 0.012800
0.819200 0.267200 0.013600
0.833600 0.267200 0.011200
0.139200 0.268000 0.016800
0.349600 0.268000 0.011200
0.383200 0.268000 0.015200
0.761600 0.268000 0.011200
0.799200 0.268000 0.012800
0.186400 0.268800 0.014400
0.253600 0.268800 0.014400
0.285600 0.268800 0.013600
0.308000 0.268800 0.014400
0.408000 0.268800 0.013600
0.448800 0.268800 0.011200
0.479200 0.268800 0.007200
0.489600 0.268800 0.017600
0.715200 0.268800 0.013600
0.732800 0.268800 0.008800
0.744800 0.268800 0.011200
0.780800 0.268800 0.011200
0.163200 0.269600 0.016000
0.225600 0.269600 0.013600
0.466400 0.269600 0.011200
0.505600 0.269600 0.011200
0.522400 0.269600 0.013600
0.564800 0.269600 0.015200
0.208000 0.270400 0.013600
0.432800 0.270400 0.018400
0.544000 0.270400 0.011200
0.677600 0.270400 0.011200
0.694400 0.270400 0.012800
0.587200 0.271200 0.013600
0.623200 0.271200 0.012800
0.605600 0.272000 0.011200
0.659200 0.272800 0.011200
0.641600 0.273600 0.011200
0.137600 0.293600 0.016000
0.815200 0.294400 0.013600
0.891200 0.295200 0.016000
0.324000 0.296000 0.016000
0.346400 0.296000 0.014400
0.404800 0.296000 0.005600
0.768800 0.296000 0.016800
0.847200 0.296000 0.015200
0.870400 0.296000 0.013600
0.223200 0.296800 0.011200
0.239200 0.296800 0.008800
0.320000 0.296800 0.015200
0.366400 0.296800 0.013600
0.749600 0.296800 0.013600
0.779200 0.296800 0.011200
0.168000 0.297600 0.013600
0.185600 0.298400 0.013600
0.393600 0.298400 0.018400
0.424800 0.298400 0.016800
0.793600 0.298400 0.011200
0.204800 0.299200 0.011200
0.252000 0.299200 0.011200
0.302400 0.299200 0.011200
0.730400 0.300000 0.011200
0.267200 0.300800 0.011200
0.283200 0.300800 0.013600
0.441600 0.300800 0.013600
0.501600 0.300800 0.011200
0.711200 0.300800 0.012800
0.415200 0.301600 0.016800
0.463200 0.301600 0.015200
0.484800 0.301600 0.013600
0.556800 0.301600 0.013600
0.672800 0.301600 0.012800
0.692000 0.301600 0.013600
0.520000 0.302400 0.011200
0.537600 0.302400 0.011200
0.592000 0.303200 0.011200
0.653600 0.303200 0.011200
0.576800 0.304000 0.011200
0.611200 0.304800 0.013600
0.633600 0.304800 0.013600
0.861600 0.324800 0.008800
0.161600 0.326400 0.011200
0.198400 0.326400 0.012800
0.236000 0.326400 0.011200
0.261600 0.326400 0.008800
0.877600 0.326400 0.021600
0.179200 0.327200 0.011200
0.350400 0.327200 0.012800
0.216800 0.328000 0.013600
0.249600 0.328000 0.008800
0.888800 0.328000 0.016800
0.140800 0.328800 0.016000
0.314400 0.328800 0.011200
0.332800 0.328800 0.013600
0.388000 0.328800 0.013600
0.848000 0.328800 0.013600
0.281600 0.329600 0.013600
0.300000 0.329600 0.011200
0.368800 0.329600 0.011200
0.794400 0.329600 0.013600
0.812800 0.329600 0.011200
0.828800 0.329600 0.011200
0.408000 0.330400 0.013600
0.772800 0.330400 0.013600
0.427200 0.331200 0.018400
0.436800 0.331200 0.016800
0.456800 0.331200 0.013600
0.480800 0.331200 0.016000
0.754400 0.331200 0.013600
0.501600 0.332000 0.013600
0.535200 0.332000 0.008800
0.549600 0.332000 0.011200
0.564800 0.332000 0.011200
0.593600 0.332000 0.013600
0.583200 0.332800 0.016800
0.736800 0.332800 0.013600
0.523200 0.333600 0.011200
0.624800 0.333600 0.016800
0.672800 0.333600 0.016800
0.692000 0.333600 0.015200
0.715200 0.333600 0.016000
0.645600 0.334400 0.013600
0.864800 0.355200 0.010400
0.878400 0.355200 0.008800
0.889600 0.355200 0.005600
0.138400 0.356000 0.016800
0.896000 0.356000 0.013600
0.248000 0.356800 0.011200
0.387200 0.356800 0.012800
0.838400 0.356800 0.016800
0.848800 0.356800 0.011200
0.163200 0.357600 0.013600
0.269600 0.357600 0.016800
0.274400 0.357600 0.016800
0.819200 0.357600 0.013600
0.297600 0.358400 0.015200
0.321600 0.358400 0.013600
0.341600 0.358400 0.012800
0.363200 0.358400 0.015200
0.421600 0.358400 0.013600
0.792000 0.358400 0.013600
0.204800 0.359200 0.013600
0.231200 0.359200 0.013600
0.515200 0.359200 0.008800
0.184000 0.360000 0.013600
0.442400 0.360000 0.014400
0.466400 0.360000 0.011200
0.480800 0.360000 0.008800
0.497600 0.360000 0.012000
0.525600 0.360000 0.017600
0.764000 0.360800 0.013600
0.774400 0.360800 0.016800
0.568000 0.361600 0.013600
0.598400 0.361600 0.017600
0.669600 0.361600 0.013600
0.748000 0.361600 0.011200
0.588800 0.362400 0.016800
0.720000 0.362400 0.016800
0.731200 0.362400 0.013600
0.548800 0.363200 0.016000
0.620000 0.363200 0.016000
0.645600 0.363200 0.013600
0.688800 0.363200 0.011200
0.703200 0.363200 0.013600
0.541600 0.364000 0.016800
0.326400 0.386400 0.013600
0.386400 0.386400 0.011200
0.873600 0.386400 0.013600
0.892800 0.386400 0.016800
0.368800 0.387200 0.013600
0.816000 0.387200 0.011200
0.830400 0.387200 0.008800
0.843200 0.387200 0.008800
0.854400 0.387200 0.019200
0.163200 0.388000 0.013600
0.308000 0.388000 0.013600
0.419200 0.388000 0.012800
0.139200 0.388800 0.019200
0.182400 0.388800 0.013600
0.220800 0.388800 0.013600
0.346400 0.388800 0.013600
0.400000 0.388800 0.011200
0.458400 0.388800 0.013600
0.773600 0.388800 0.016800
0.202400 0.389600 0.013600
0.243200 0.389600 0.016000
0.264000 0.389600 0.013600
0.286400 0.389600 0.016000
0.437600 0.389600 0.011200
0.539200 0.389600 0.013600
0.478400 0.390400 0.013600
0.520800 0.390400 0.013600
0.692800 0.390400 0.013600
0.798400 0.390400 0.011200
0.560800 0.391200 0.013600
0.592000 0.391200 0.016800
0.672000 0.391200 0.013600
0.499200 0.392000 0.016000
0.580800 0.392000 0.021600
0.713600 0.392000 0.013600
0.730400 0.392000 0.013600
0.751200 0.392000 0.016800
0.615200 0.392800 0.016800
0.653600 0.393600 0.013600
0.636000 0.394400 0.013600
0.229600 0.424800 0.019200
0.251200 0.427200 0.019200
