107.000000 128.000000 7.000000
1159.000000 128.000000 31.000000
117.000000 129.000000 6.000000
128.000000 129.000000 27.000000
95.000000 130.000000 19.000000
140.000000 132.000000 19.000000
241.000000 147.000000 14.000000
332.000000 148.000000 11.000000
343.000000 148.000000 21.000000
677.000000 148.000000 25.000000
1101.000000 148.000000 24.000000
389.000000 149.000000 11.000000
402.000000 149.000000 21.000000
840.000000 149.000000 19.000000
869.000000 149.000000 17.000000
221.000000 150.000000 14.000000
262.000000 150.000000 14.000000
288.000000 150.000000 17.000000
368.000000 150.000000 17.000000
426.000000 150.000000 17.000000
889.000000 150.000000 11.000000
1045.000000 150.000000 14.000000
1068.000000 150.000000 16.000000
174.000000 151.000000 24.000000
201.000000 151.000000 17.000000
313.000000 151.000000 14.000000
459.000000 151.000000 21.000000
495.000000 151.000000 19.000000
524.000000 151.000000 17.000000
732.000000 151.000000 17.000000
813.000000 151.000000 17.000000
910.000000 151.000000 17.000000
988.000000 151.000000 24.000000
1008.000000 151.000000 14.000000
554.000000 152.000000 19.000000
634.000000 152.000000 18.000000
709.000000 152.000000 17.000000
957.000000 152.000000 14.000000
1025.000000 152.000000 14.000000
582.000000 153.000000 17.000000
785.000000 153.000000 17.000000
935.000000 153.000000 17.000000
599.000000 154.000000 24.000000
758.000000 154.000000 17.000000
241.000000 183.000000 23.000000
1097.000000 183.000000 24.000000
1083.000000 184.000000 17.000000
250.000000 185.000000 23.000000
281.000000 185.000000 19.000000
337.000000 185.000000 14.000000
817.000000 185.000000 17.000000
863.000000 185.000000 17.000000
1061.000000 185.000000 14.000000
215.000000 186.000000 17.000000
359.000000 186.000000 14.000000
408.000000 186.000000 19.000000
454.000000 186.000000 14.000000
1041.000000 186.000000 14.000000
178.000000 187.000000 21.000000
312.000000 187.000000 17.000000
380.000000 187.000000 14.000000
474.000000 187.000000 17.000000
499.000000 187.000000 14.000000
522.000000 187.000000 16.000000
548.000000 187.000000 17.000000
797.000000 187.000000 21.000000
842.000000 187.000000 17.000000
885.000000 187.000000 17.000000
996.000000 187.000000 16.000000
1019.000000 187.000000 14.000000
434.000000 188.000000 17.000000
572.000000 188.000000 17.000000
587.000000 188.000000 21.000000
707.000000 188.000000 14.000000
760.000000 188.000000 18.000000
911.000000 188.000000 20.000000
951.000000 188.000000 14.000000
973.000000 188.000000 16.000000
613.000000 189.000000 17.000000
638.000000 189.000000 17.000000
730.000000 189.000000 17.000000
933.000000 189.000000 14.000000
664.000000 190.000000 17.000000
688.000000 190.000000 17.000000
94.000000 214.000000 50.000000
536.000000 217.000000 11.000000
177.000000 220.000000 17.000000
205.000000 221.000000 17.000000
355.000000 221.000000 11.000000
470.000000 221.000000 21.000000
497.000000 221.000000 16.000000
520.000000 221.000000 14.000000
554.000000 221.000000 24.000000
1085.000000 221.000000 27.000000
378.000000 222.000000 17.000000
436.000000 222.000000 17.000000
454.000000 222.000000 11.000000
989.000000 222.000000 21.000000
1018.000000 222.000000 20.000000
405.000000 223.000000 19.000000
570.000000 223.000000 14.000000
603.000000 223.000000 11.000000
945.000000 223.000000 19.000000
231.000000 224.000000 17.000000
314.000000 224.000000 17.000000
339.000000 224.000000 14.000000
590.000000 224.000000 11.000000
627.000000 224.000000 16.000000
794.000000 224.000000 19.000000
866.000000 224.000000 17.000000
888.000000 224.000000 14.000000
905.000000 224.000000 9.000000
916.000000 224.000000 18.000000
1044.000000 224.000000 14.000000
258.000000 225.000000 17.000000
285.000000 225.000000 17.000000
843.000000 225.000000 14.000000
652.000000 226.000000 16.000000
735.000000 226.000000 20.000000
822.000000 226.000000 16.000000
1066.000000 226.000000 17.000000
701.000000 227.000000 19.000000
744.000000 227.000000 21.000000
675.000000 228.000000 17.000000
767.000000 229.000000 17.000000
85.000000 243.000000 28.000000
176.000000 257.000000 21.000000
376.000000 257.000000 17.000000
589.000000 257.000000 17.000000
204.000000 258.000000 16.000000
354.000000 258.000000 14.000000
397.000000 258.000000 17.000000
534.000000 258.000000 20.000000
560.000000 258.000000 17.000000
637.000000 258.000000 6.000000
1060.000000 258.000000 11.000000
1075.000000 258.000000 14.000000
1093.000000 258.000000 24.000000
228.000000 259.000000 16.000000
301.000000 259.000000 23.000000
314.000000 259.000000 24.000000
449.000000 259.000000 17.000000
335.000000 260.000000 16.000000
424.000000 260.000000 17.000000
476.000000 260.000000 18.000000
506.000000 260.000000 17.000000
528.000000 260.000000 21.000000
619.000000 260.000000 21.000000
1004.000000 260.000000 17.000000
1033.000000 260.000000 19.000000
253.000000 261.000000 16.000000
654.000000 261.000000 17.000000
278.000000 262.000000 17.000000
585.000000 262.000000 20.000000
978.000000 262.000000 17.000000
676.000000 263.000000 16.000000
700.000000 263.000000 14.000000
953.000000 263.000000 20.000000
743.000000 264.000000 20.000000
859.000000 264.000000 17.000000
888.000000 264.000000 19.000000
799.000000 265.000000 23.000000
916.000000 265.000000 19.000000
720.000000 266.000000 14.000000
777.000000 266.000000 17.000000
833.000000 266.000000 16.000000
812.000000 267.000000 24.000000
1031.000000 294.000000 17.000000
1050.000000 294.000000 17.000000
1072.000000 295.000000 17.000000
177.000000 296.000000 24.000000
213.000000 296.000000 17.000000
1007.000000 296.000000 17.000000
1097.000000 296.000000 21.000000
188.000000 297.000000 28.000000
377.000000 297.000000 17.000000
400.000000 297.000000 24.000000
492.000000 297.000000 21.000000
461.000000 298.000000 17.000000
519.000000 298.000000 17.000000
604.000000 298.000000 17.000000
242.000000 299.000000 21.000000
412.000000 299.000000 22.000000
436.000000 299.000000 17.000000
545.000000 299.000000 20.000000
628.000000 299.000000 17.000000
301.000000 300.000000 17.000000
328.000000 300.000000 21.000000
646.000000 300.000000 14.000000
663.000000 300.000000 16.000000
687.000000 300.000000 17.000000
804.000000 300.000000 17.000000
826.000000 300.000000 14.000000
903.000000 300.000000 17.000000
936.000000 300.000000 11.000000
982.000000 300.000000 16.000000
278.000000 301.000000 19.000000
354.000000 301.000000 17.000000
577.000000 301.000000 17.000000
712.000000 301.000000 17.000000
870.000000 301.000000 19.000000
961.000000 301.000000 20.000000
743.000000 302.000000 19.000000
884.000000 302.000000 7.000000
922.000000 302.000000 11.000000
774.000000 303.000000 19.000000
846.000000 303.000000 14.000000
1099.000000 332.000000 21.000000
452.000000 333.000000 11.000000
1065.000000 333.000000 17.000000
414.000000 334.000000 16.000000
1024.000000 334.000000 17.000000
1042.000000 334.000000 14.000000
174.000000 335.000000 21.000000
437.000000 335.000000 14.000000
479.000000 335.000000 19.000000
952.000000 335.000000 14.000000
999.000000 335.000000 16.000000
233.000000 336.000000 18.000000
317.000000 336.000000 18.000000
357.000000 336.000000 17.000000
385.000000 336.000000 18.000000
510.000000 336.000000 17.000000
561.000000 336.000000 14.000000
599.000000 336.000000 9.000000
612.000000 336.000000 22.000000
894.000000 336.000000 17.000000
916.000000 336.000000 11.000000
931.000000 336.000000 14.000000
976.000000 336.000000 14.000000
204.000000 337.000000 20.000000
282.000000 337.000000 17.000000
583.000000 337.000000 14.000000
632.000000 337.000000 14.000000
653.000000 337.000000 17.000000
706.000000 337.000000 19.000000
260.000000 338.000000 17.000000
541.000000 338.000000 23.000000
680.000000 338.000000 14.000000
847.000000 338.000000 14.000000
868.000000 338.000000 16.000000
734.000000 339.000000 17.000000
779.000000 339.000000 16.000000
757.000000 340.000000 14.000000
824.000000 341.000000 14.000000
802.000000 342.000000 14.000000
172.000000 367.000000 20.000000
1019.000000 368.000000 17.000000
1114.000000 369.000000 20.000000
405.000000 370.000000 20.000000
433.000000 370.000000 18.000000
506.000000 370.000000 7.000000
961.000000 370.000000 21.000000
1059.000000 370.000000 19.000000
1088.000000 370.000000 17.000000
279.000000 371.000000 14.000000
299.000000 371.000000 11.000000
400.000000 371.000000 19.000000
458.000000 371.000000 17.000000
937.000000 371.000000 17.000000
974.000000 371.000000 14.000000
210.000000 372.000000 17.000000
232.000000 373.000000 17.000000
492.000000 373.000000 23.000000
531.000000 373.000000 21.000000
992.000000 373.000000 14.000000
256.000000 374.000000 14.000000
315.000000 374.000000 14.000000
378.000000 374.000000 14.000000
913.000000 375.000000 14.000000
334.000000 376.000000 14.000000
354.000000 376.000000 17.000000
552.000000 376.000000 17.000000
627.000000 376.000000 14.000000
889.000000 376.000000 16.000000
519.000000 377.000000 21.000000
579.000000 377.000000 19.000000
606.000000 377.000000 17.000000
696.000000 377.000000 17.000000
841.000000 377.000000 16.000000
865.000000 377.000000 17.000000
650.000000 378.000000 14.000000
672.000000 378.000000 14.000000
740.000000 379.000000 14.000000
817.000000 379.000000 14.000000
721.000000 380.000000 14.000000
764.000000 381.000000 17.000000
792.000000 381.000000 17.000000
1077.000000 406.000000 11.000000
202.000000 408.000000 14.000000
248.000000 408.000000 16.000000
295.000000 408.000000 14.000000
327.000000 408.000000 11.000000
1097.000000 408.000000 27.000000
224.000000 409.000000 14.000000
438.000000 409.000000 16.000000
271.000000 410.000000 17.000000
312.000000 410.000000 11.000000
1111.000000 410.000000 21.000000
176.000000 411.000000 20.000000
393.000000 411.000000 14.000000
416.000000 411.000000 17.000000
485.000000 411.000000 17.000000
1060.000000 411.000000 17.000000
352.000000 412.000000 17.000000
375.000000 412.000000 14.000000
461.000000 412.000000 14.000000
993.000000 412.000000 17.000000
1016.000000 412.000000 14.000000
1036.000000 412.000000 14.000000
510.000000 413.000000 17.000000
966.000000 413.000000 17.000000
534.000000 414.000000 23.000000
546.000000 414.000000 21.000000
571.000000 414.000000 17.000000
601.000000 414.000000 20.000000
943.000000 414.000000 17.000000
627.000000 415.000000 17.000000
669.000000 415.000000 11.000000
687.000000 415.000000 14.000000
706.000000 415.000000 14.000000
742.000000 415.000000 17.000000
729.000000 416.000000 21.000000
921.000000 416.000000 17.000000
654.000000 417.000000 14.000000
781.000000 417.000000 21.000000
841.000000 417.000000 21.000000
865.000000 417.000000 19.000000
894.000000 417.000000 20.000000
807.000000 418.000000 17.000000
1081.000000 444.000000 13.000000
1098.000000 444.000000 11.000000
1112.000000 444.000000 7.000000
173.000000 445.000000 21.000000
1120.000000 445.000000 17.000000
310.000000 446.000000 14.000000
484.000000 446.000000 16.000000
1048.000000 446.000000 21.000000
1061.000000 446.000000 14.000000
204.000000 447.000000 17.000000
337.000000 447.000000 21.000000
343.000000 447.000000 21.000000
1024.000000 447.000000 17.000000
372.000000 448.000000 19.000000
402.000000 448.000000 17.000000
427.000000 448.000000 16.000000
454.000000 448.000000 19.000000
527.000000 448.000000 17.000000
990.000000 448.000000 17.000000
256.000000 449.000000 17.000000
289.000000 449.000000 17.000000
644.000000 449.000000 11.000000
230.000000 450.000000 17.000000
553.000000 450.000000 18.000000
583.000000 450.000000 14.000000
601.000000 450.000000 11.000000
622.000000 450.000000 15.000000
657.000000 450.000000 22.000000
955.000000 451.000000 17.000000
968.000000 451.000000 21.000000
710.000000 452.000000 17.000000
748.000000 452.000000 22.000000
837.000000 452.000000 17.000000
935.000000 452.000000 14.000000
736.000000 453.000000 21.000000
900.000000 453.000000 21.000000
914.000000 453.000000 17.000000
686.000000 454.000000 20.000000
775.000000 454.000000 20.000000
807.000000 454.000000 17.000000
861.000000 454.000000 14.000000
879.000000 454.000000 17.000000
677.000000 455.000000 21.000000
408.000000 483.000000 17.000000
483.000000 483.000000 14.000000
1092.000000 483.000000 17.000000
1116.000000 483.000000 21.000000
461.000000 484.000000 17.000000
1020.000000 484.000000 14.000000
1038.000000 484.000000 11.000000
1054.000000 484.000000 11.000000
1068.000000 484.000000 24.000000
204.000000 485.000000 17.000000
385.000000 485.000000 17.000000
524.000000 485.000000 16.000000
174.000000 486.000000 24.000000
228.000000 486.000000 17.000000
276.000000 486.000000 17.000000
433.000000 486.000000 17.000000
500.000000 486.000000 14.000000
573.000000 486.000000 17.000000
967.000000 486.000000 21.000000
253.000000 487.000000 17.000000
304.000000 487.000000 20.000000
330.000000 487.000000 17.000000
358.000000 487.000000 20.000000
547.000000 487.000000 14.000000
674.000000 487.000000 17.000000
598.000000 488.000000 17.000000
651.000000 488.000000 17.000000
866.000000 488.000000 17.000000
998.000000 488.000000 14.000000
701.000000 489.000000 17.000000
740.000000 489.000000 21.000000
840.000000 489.000000 17.000000
624.000000 490.000000 20.000000
726.000000 490.000000 27.000000
892.000000 490.000000 17.000000
913.000000 490.000000 17.000000
939.000000 490.000000 21.000000
769.000000 491.000000 21.000000
817.000000 492.000000 17.000000
795.000000 493.000000 17.000000
287.000000 531.000000 24.000000
314.000000 534.000000 24.000000
