0.516000 0.092800 0.011200
0.533600 0.092800 0.010400
0.570400 0.092800 0.009600
0.547200 0.093600 0.008800
0.556800 0.093600 0.022400
0.564800 0.093600 0.003200
0.502400 0.094400 0.011200
0.600000 0.096800 0.019200
0.624000 0.097600 0.012800
0.591200 0.098400 0.016000
0.616000 0.098400 0.005600
0.638400 0.098400 0.019200
0.055200 0.106400 0.004800
0.042400 0.107200 0.016800
0.064800 0.107200 0.008800
0.076000 0.109600 0.017600
0.914400 0.115200 0.019200
0.758400 0.136000 0.016800
0.704800 0.136800 0.016800
0.729600 0.136800 0.018400
0.781600 0.136800 0.016800
0.669600 0.137600 0.013600
0.686400 0.137600 0.011200
0.808000 0.138400 0.016800
0.507200 0.139200 0.013600
0.539200 0.139200 0.011200
0.574400 0.139200 0.013600
0.600000 0.139200 0.016800
0.556800 0.140000 0.011200
0.636800 0.140000 0.011200
0.652800 0.140000 0.010400
0.834400 0.140000 0.013600
0.196800 0.140800 0.013600
0.250400 0.140800 0.022400
0.404000 0.140800 0.013600
0.448000 0.140800 0.016800
0.468800 0.140800 0.013600
0.524800 0.140800 0.011200
0.618400 0.140800 0.012800
0.853600 0.140800 0.016800
0.864000 0.140800 0.020000
0.140800 0.141600 0.024800
0.216000 0.141600 0.011200
0.232000 0.141600 0.011200
0.364800 0.141600 0.013600
0.384800 0.141600 0.013600
0.424800 0.141600 0.012800
0.297600 0.142400 0.013600
0.488800 0.142400 0.012800
0.164000 0.143200 0.011200
0.177600 0.143200 0.013600
0.280000 0.143200 0.013600
0.324800 0.143200 0.013600
0.344000 0.143200 0.013600
0.312000 0.144000 0.011200
0.688000 0.169600 0.016000
0.713600 0.169600 0.016800
0.371200 0.170400 0.016000
0.574400 0.170400 0.016800
0.660800 0.170400 0.016000
0.779200 0.170400 0.017600
0.736000 0.171200 0.013600
0.755200 0.171200 0.016800
0.850400 0.171200 0.016800
0.160800 0.172000 0.011200
0.177600 0.172000 0.011200
0.254400 0.172000 0.016000
0.297600 0.172000 0.013600
0.641600 0.172000 0.013600
0.826400 0.172000 0.016800
0.277600 0.172800 0.013600
0.318400 0.172800 0.016000
0.407200 0.172800 0.022400
0.804800 0.172800 0.013600
0.136800 0.173600 0.018400
0.195200 0.173600 0.012800
0.232800 0.173600 0.013600
0.345600 0.173600 0.015200
0.395200 0.173600 0.019200
0.503200 0.173600 0.013600
0.545600 0.173600 0.016800
0.620000 0.173600 0.016000
0.871200 0.173600 0.016800
0.426400 0.174400 0.015200
0.447200 0.174400 0.011200
0.600000 0.174400 0.013600
0.214400 0.175200 0.013600
0.523200 0.175200 0.013600
0.484000 0.176000 0.013600
0.463200 0.176800 0.013600
0.672800 0.202400 0.018400
0.698400 0.203200 0.016800
0.737600 0.203200 0.008800
0.756000 0.204000 0.013600
0.779200 0.204000 0.013600
0.340800 0.204800 0.018400
0.800800 0.204800 0.013600
0.844800 0.204800 0.011200
0.857600 0.204800 0.022400
0.175200 0.205600 0.013600
0.194400 0.205600 0.016800
0.224800 0.205600 0.016800
0.267200 0.205600 0.013600
0.311200 0.205600 0.016000
0.362400 0.205600 0.015200
0.428800 0.205600 0.013600
0.453600 0.205600 0.015200
0.520000 0.205600 0.016000
0.622400 0.205600 0.015200
0.825600 0.205600 0.013600
0.871200 0.205600 0.020800
0.156800 0.206400 0.011200
0.247200 0.206400 0.013600
0.476800 0.206400 0.013600
0.646400 0.206400 0.016000
0.727200 0.206400 0.017600
0.139200 0.207200 0.016800
0.384800 0.207200 0.013600
0.406400 0.207200 0.016000
0.496800 0.207200 0.013600
0.548000 0.207200 0.015200
0.595200 0.207200 0.015200
0.289600 0.208000 0.013600
0.571200 0.208000 0.013600
0.965600 0.219200 0.010400
0.977600 0.219200 0.008800
0.935200 0.221600 0.010400
0.950400 0.222400 0.009600
0.916800 0.223200 0.009600
0.902400 0.225600 0.008800
0.742400 0.229600 0.012800
0.767200 0.232000 0.016000
0.563200 0.234400 0.012800
0.784800 0.234400 0.015200
0.807200 0.234400 0.013600
0.709600 0.235200 0.011200
0.827200 0.235200 0.013600
0.841600 0.235200 0.013600
0.864800 0.235200 0.017600
0.603200 0.236000 0.018400
0.614400 0.236000 0.008800
0.721600 0.236000 0.009600
0.969600 0.236000 0.009600
0.156000 0.236800 0.016800
0.161600 0.236800 0.016800
0.531200 0.236800 0.013600
0.549600 0.236800 0.011200
0.631200 0.236800 0.013600
0.690400 0.236800 0.013600
0.138400 0.237600 0.016800
0.180000 0.237600 0.013600
0.239200 0.237600 0.015200
0.280000 0.237600 0.011200
0.364000 0.237600 0.008800
0.463200 0.237600 0.013600
0.485600 0.237600 0.016800
0.509600 0.237600 0.016000
0.583200 0.237600 0.013600
0.651200 0.237600 0.013600
0.671200 0.237600 0.013600
0.942400 0.237600 0.008800
0.954400 0.237600 0.008800
0.215200 0.238400 0.013600
0.259200 0.238400 0.013600
0.350400 0.238400 0.011200
0.398400 0.238400 0.013600
0.420800 0.238400 0.013600
0.898400 0.238400 0.008800
0.904800 0.238400 0.005600
0.912800 0.238400 0.008800
0.196800 0.239200 0.011200
0.442400 0.239200 0.013600
0.480800 0.239200 0.016800
0.924800 0.239200 0.008000
0.935200 0.239200 0.008800
0.296000 0.240000 0.011200
0.313600 0.240000 0.012800
0.332000 0.240000 0.011200
0.379200 0.240000 0.011200
0.732800 0.246400 0.007200
0.744000 0.248000 0.008000
0.756000 0.249600 0.006400
0.964000 0.252800 0.008000
0.975200 0.252800 0.008800
0.895200 0.253600 0.007200
0.926400 0.253600 0.007200
0.951200 0.253600 0.009600
0.904800 0.254400 0.007200
0.916000 0.254400 0.007200
0.936800 0.254400 0.007200
0.105600 0.264800 0.008800
0.117600 0.264800 0.008800
0.838400 0.264800 0.013600
0.091200 0.265600 0.008800
0.032000 0.266400 0.008800
0.042400 0.266400 0.008800
0.075200 0.266400 0.012000
0.081600 0.266400 0.010400
0.715200 0.266400 0.013600
0.775200 0.266400 0.013600
0.893600 0.266400 0.008000
0.056800 0.267200 0.007200
0.066400 0.267200 0.005600
0.796800 0.268000 0.013600
0.817600 0.268000 0.015200
0.873600 0.268000 0.013600
0.903200 0.268000 0.007200
0.734400 0.268800 0.012800
0.856800 0.268800 0.013600
0.965600 0.268800 0.010400
0.194400 0.269600 0.012800
0.214400 0.269600 0.013600
0.695200 0.269600 0.012800
0.756800 0.269600 0.013600
0.141600 0.270400 0.014400
0.161600 0.270400 0.011200
0.258400 0.270400 0.014400
0.390400 0.270400 0.013600
0.436800 0.270400 0.016000
0.485600 0.270400 0.016800
0.508000 0.270400 0.016800
0.584800 0.270400 0.016800
0.649600 0.270400 0.015200
0.675200 0.270400 0.015200
0.915200 0.270400 0.007200
0.925600 0.270400 0.006400
0.939200 0.270400 0.008800
0.950400 0.270400 0.007200
0.958400 0.270400 0.005600
0.177600 0.271200 0.011200
0.236800 0.271200 0.013600
0.536000 0.271200 0.016800
0.557600 0.271200 0.016800
0.626400 0.271200 0.016000
0.316800 0.272000 0.013600
0.372800 0.272000 0.012800
0.416000 0.272000 0.016800
0.459200 0.272000 0.016800
0.606400 0.272000 0.013600
0.300000 0.272800 0.008800
0.336000 0.272800 0.013600
0.282400 0.273600 0.016800
0.354400 0.273600 0.013600
0.115200 0.280000 0.007200
0.124800 0.280000 0.008000
0.032800 0.280800 0.008800
0.041600 0.281600 0.009600
0.056800 0.281600 0.008800
0.070400 0.281600 0.007200
0.104800 0.281600 0.007200
0.048000 0.282400 0.005600
0.089600 0.282400 0.010400
0.080000 0.283200 0.007200
0.120000 0.294400 0.008800
0.131200 0.294400 0.005600
0.032000 0.296000 0.012800
0.051200 0.296800 0.008000
0.040000 0.297600 0.007200
0.064800 0.297600 0.008800
0.078400 0.297600 0.008000
0.105600 0.297600 0.008800
0.089600 0.298400 0.008800
0.206400 0.298400 0.018400
0.684000 0.299200 0.007200
0.696000 0.299200 0.011200
0.223200 0.300000 0.011200
0.714400 0.300000 0.013600
0.764000 0.300800 0.016800
0.860000 0.300800 0.016000
0.583200 0.301600 0.019200
0.598400 0.301600 0.008800
0.787200 0.301600 0.016800
0.240800 0.302400 0.013600
0.614400 0.302400 0.013600
0.672800 0.302400 0.019200
0.733600 0.302400 0.016800
0.164800 0.303200 0.022400
0.260800 0.303200 0.014400
0.381600 0.303200 0.013600
0.444000 0.303200 0.015200
0.517600 0.303200 0.015200
0.636000 0.303200 0.013600
0.656800 0.303200 0.013600
0.181600 0.304000 0.016800
0.283200 0.304000 0.013600
0.305600 0.304000 0.015200
0.355200 0.304000 0.016800
0.400800 0.304000 0.013600
0.471200 0.304000 0.015200
0.809600 0.304000 0.013600
0.829600 0.304000 0.015200
0.145600 0.304800 0.018400
0.422400 0.304800 0.013600
0.494400 0.304800 0.016000
0.328000 0.305600 0.015200
0.560800 0.305600 0.013600
0.541600 0.306400 0.016800
0.189600 0.332800 0.013600
0.167200 0.333600 0.016800
0.286400 0.333600 0.008800
0.412800 0.333600 0.011200
0.608800 0.333600 0.013600
0.149600 0.334400 0.016800
0.225600 0.335200 0.008800
0.244000 0.335200 0.013600
0.275200 0.335200 0.008800
0.442400 0.335200 0.016800
0.632000 0.335200 0.016800
0.211200 0.336000 0.012000
0.263200 0.336000 0.008800
0.307200 0.336000 0.015200
0.324000 0.336000 0.011200
0.374400 0.336000 0.013600
0.394400 0.336000 0.013600
0.464800 0.336000 0.013600
0.503200 0.336000 0.015200
0.532000 0.336000 0.016800
0.554400 0.336000 0.014400
0.584000 0.336000 0.016800
0.588800 0.336000 0.016800
0.637600 0.336000 0.016800
0.745600 0.336000 0.013600
0.792800 0.336000 0.016800
0.818400 0.336000 0.016800
0.849600 0.336000 0.019200
0.340800 0.336800 0.011200
0.356000 0.336800 0.011200
0.428800 0.336800 0.012800
0.482400 0.336800 0.013600
0.686400 0.336800 0.013600
0.768000 0.336800 0.015200
0.576800 0.337600 0.016800
0.662400 0.337600 0.016000
0.705600 0.337600 0.012800
0.724000 0.337600 0.013600
0.868000 0.337600 0.016800
0.208000 0.361600 0.017600
0.148000 0.362400 0.019200
0.170400 0.363200 0.016800
0.180800 0.364000 0.013600
0.214400 0.364000 0.019200
0.236800 0.364000 0.013600
0.296800 0.364800 0.008800
0.262400 0.365600 0.016000
0.282400 0.365600 0.011200
0.307200 0.365600 0.018400
0.412800 0.365600 0.008800
0.582400 0.365600 0.011200
0.710400 0.365600 0.019200
0.424800 0.366400 0.016800
0.483200 0.366400 0.016800
0.720000 0.366400 0.018400
0.394400 0.367200 0.013600
0.530400 0.367200 0.013600
0.560000 0.367200 0.016800
0.595200 0.367200 0.011200
0.618400 0.367200 0.016800
0.640000 0.367200 0.015200
0.663200 0.367200 0.013600
0.768000 0.367200 0.017600
0.325600 0.368000 0.019200
0.444000 0.368000 0.011200
0.461600 0.368000 0.013600
0.510400 0.368000 0.016800
0.740800 0.368000 0.013600
0.337600 0.368800 0.021600
0.356000 0.368800 0.013600
0.375200 0.368800 0.013600
0.688800 0.368800 0.015200
0.874400 0.368800 0.016800
0.812000 0.370400 0.016000
0.832000 0.370400 0.012800
0.851200 0.370400 0.013600
0.787200 0.372000 0.013600
0.188000 0.394400 0.027200
0.146400 0.395200 0.019200
0.261600 0.396800 0.012800
0.287200 0.396800 0.016000
0.436800 0.396800 0.013600
0.553600 0.396800 0.011200
0.170400 0.397600 0.013600
0.385600 0.397600 0.019200
0.416800 0.397600 0.013600
0.535200 0.397600 0.012800
0.676000 0.397600 0.016800
0.205600 0.398400 0.025600
0.222400 0.398400 0.011200
0.243200 0.398400 0.015200
0.365600 0.398400 0.013600
0.395200 0.398400 0.019200
0.456800 0.398400 0.013600
0.492800 0.398400 0.013600
0.514400 0.398400 0.013600
0.574400 0.398400 0.013600
0.320000 0.399200 0.019200
0.474400 0.399200 0.011200
0.730400 0.399200 0.016800
0.650400 0.400000 0.016800
0.704000 0.400000 0.016800
0.756000 0.400000 0.016800
0.797600 0.400000 0.015200
0.344000 0.400800 0.016800
0.594400 0.400800 0.013600
0.631200 0.401600 0.013600
0.678400 0.401600 0.016800
0.777600 0.401600 0.013600
0.820000 0.401600 0.013600
0.876800 0.401600 0.016800
0.856800 0.402400 0.013600
0.612800 0.403200 0.011200
0.837600 0.403200 0.013600
