0.053600 0.107200 0.017600
0.067200 0.107200 0.004800
0.076800 0.108800 0.019200
0.084800 0.111200 0.016000
0.812000 0.124800 0.016000
0.835200 0.125600 0.013600
0.572000 0.126400 0.019200
0.788000 0.126400 0.016800
0.736800 0.127200 0.016800
0.761600 0.127200 0.016800
0.850400 0.127200 0.008800
0.716000 0.128000 0.013600
0.862400 0.128000 0.020000
0.463200 0.128800 0.022400
0.587200 0.128800 0.013600
0.604000 0.128800 0.013600
0.436800 0.129600 0.019200
0.620800 0.129600 0.011200
0.696800 0.129600 0.016800
0.121600 0.130400 0.024800
0.392800 0.130400 0.015200
0.415200 0.130400 0.016000
0.549600 0.130400 0.019200
0.676800 0.130400 0.011200
0.367200 0.131200 0.016800
0.640800 0.131200 0.013600
0.661600 0.131200 0.011200
0.448000 0.132000 0.021600
0.520800 0.132000 0.013600
0.537600 0.132000 0.011200
0.341600 0.132800 0.016800
0.497600 0.132800 0.014400
0.142400 0.133600 0.022400
0.153600 0.133600 0.021600
0.184800 0.133600 0.022400
0.201600 0.133600 0.011200
0.218400 0.133600 0.011200
0.230400 0.133600 0.011200
0.280800 0.133600 0.016800
0.301600 0.133600 0.016800
0.476000 0.133600 0.020800
0.324000 0.134400 0.019200
0.172800 0.136000 0.019200
0.247200 0.136000 0.011200
0.265600 0.136000 0.011200
0.864800 0.156000 0.022400
0.836000 0.156800 0.019200
0.718400 0.158400 0.016800
0.772800 0.158400 0.013600
0.792000 0.158400 0.013600
0.748000 0.159200 0.016000
0.812800 0.159200 0.013600
0.409600 0.160000 0.013600
0.607200 0.160000 0.011200
0.684000 0.160000 0.016800
0.385600 0.160800 0.015200
0.216800 0.161600 0.008800
0.476000 0.161600 0.011200
0.565600 0.161600 0.008800
0.579200 0.161600 0.011200
0.596000 0.161600 0.020800
0.624000 0.161600 0.011200
0.641600 0.161600 0.011200
0.660000 0.161600 0.013600
0.696800 0.161600 0.010400
0.432000 0.162400 0.016000
0.456000 0.162400 0.013600
0.499200 0.162400 0.016800
0.202400 0.163200 0.019200
0.364000 0.163200 0.011200
0.494400 0.163200 0.019200
0.524800 0.163200 0.015200
0.548000 0.163200 0.013600
0.149600 0.164000 0.014400
0.191200 0.164000 0.019200
0.228800 0.164000 0.018400
0.345600 0.164000 0.011200
0.172000 0.164800 0.013600
0.250400 0.164800 0.014400
0.269600 0.164800 0.013600
0.289600 0.164800 0.013600
0.310400 0.165600 0.011200
0.328800 0.165600 0.013600
0.124800 0.166400 0.016800
0.858400 0.192000 0.020000
0.626400 0.192800 0.019200
0.828000 0.192800 0.013600
0.124800 0.193600 0.018400
0.387200 0.193600 0.016800
0.429600 0.193600 0.011200
0.715200 0.193600 0.018400
0.724000 0.193600 0.019200
0.743200 0.193600 0.013600
0.812800 0.193600 0.013600
0.148000 0.194400 0.013600
0.184800 0.194400 0.019200
0.410400 0.194400 0.013600
0.512800 0.194400 0.011200
0.528000 0.194400 0.011200
0.551200 0.194400 0.016800
0.599200 0.194400 0.016000
0.763200 0.194400 0.015200
0.789600 0.194400 0.016800
0.167200 0.195200 0.013600
0.317600 0.195200 0.008800
0.444800 0.195200 0.011200
0.458400 0.195200 0.019200
0.478400 0.195200 0.013600
0.496000 0.195200 0.011200
0.615200 0.195200 0.008800
0.645600 0.195200 0.013600
0.668000 0.195200 0.016000
0.688800 0.195200 0.016800
0.196000 0.196000 0.008800
0.212000 0.196000 0.019200
0.237600 0.196000 0.013600
0.333600 0.196000 0.011200
0.363200 0.196000 0.011200
0.258400 0.196800 0.013600
0.281600 0.196800 0.015200
0.304000 0.196800 0.011200
0.352000 0.196800 0.016800
0.574400 0.196800 0.016000
0.814400 0.223200 0.022400
0.835200 0.224000 0.018400
0.800000 0.224800 0.013600
0.842400 0.224800 0.019200
0.132000 0.225600 0.016800
0.186400 0.225600 0.016000
0.328800 0.225600 0.015200
0.358400 0.225600 0.016800
0.489600 0.225600 0.020000
0.686400 0.225600 0.022400
0.864800 0.225600 0.015200
0.160000 0.226400 0.016000
0.308800 0.226400 0.012800
0.391200 0.226400 0.011200
0.581600 0.226400 0.019200
0.592000 0.226400 0.019200
0.613600 0.226400 0.016000
0.670400 0.226400 0.011200
0.697600 0.226400 0.019200
0.209600 0.227200 0.013600
0.232000 0.227200 0.016000
0.287200 0.227200 0.013600
0.377600 0.227200 0.011200
0.408800 0.227200 0.013600
0.556000 0.227200 0.015200
0.634400 0.227200 0.012800
0.735200 0.227200 0.013600
0.750400 0.227200 0.011200
0.765600 0.227200 0.011200
0.782400 0.227200 0.013600
0.260800 0.228000 0.015200
0.427200 0.228000 0.011200
0.458400 0.228000 0.013600
0.483200 0.228000 0.016800
0.505600 0.228000 0.019200
0.717600 0.228000 0.013600
0.442400 0.228800 0.011200
0.535200 0.228800 0.013600
0.652800 0.228800 0.011200
0.517600 0.229600 0.021600
0.212800 0.253600 0.016000
0.246400 0.253600 0.015200
0.128000 0.254400 0.018400
0.224000 0.255200 0.013600
0.148800 0.256000 0.013600
0.186400 0.256000 0.014400
0.269600 0.257600 0.013600
0.294400 0.257600 0.015200
0.383200 0.257600 0.013600
0.165600 0.258400 0.013600
0.318400 0.258400 0.013600
0.465600 0.258400 0.015200
0.482400 0.258400 0.019200
0.492800 0.258400 0.018400
0.506400 0.258400 0.008800
0.530400 0.258400 0.007200
0.677600 0.258400 0.013600
0.697600 0.258400 0.011200
0.714400 0.258400 0.011200
0.858400 0.258400 0.008800
0.872000 0.258400 0.018400
0.337600 0.259200 0.012800
0.360000 0.259200 0.015200
0.397600 0.259200 0.013600
0.416800 0.259200 0.015200
0.442400 0.259200 0.013600
0.544000 0.259200 0.011200
0.561600 0.259200 0.012800
0.616000 0.259200 0.013600
0.636800 0.259200 0.012800
0.656000 0.259200 0.012800
0.847200 0.259200 0.016800
0.598400 0.260000 0.012800
0.731200 0.260000 0.011200
0.745600 0.260000 0.011200
0.764000 0.260000 0.013600
0.808800 0.260000 0.013600
0.828000 0.260000 0.013600
0.517600 0.260800 0.017600
0.580800 0.260800 0.011200
0.787200 0.260800 0.015200
0.153600 0.284000 0.008800
0.141600 0.284800 0.008800
0.170400 0.284800 0.011200
0.209600 0.284800 0.019200
0.128000 0.286400 0.019200
0.187200 0.286400 0.011200
0.224800 0.286400 0.011200
0.240000 0.286400 0.011200
0.254400 0.287200 0.013600
0.275200 0.288000 0.013600
0.299200 0.288000 0.016800
0.417600 0.288000 0.013600
0.549600 0.288000 0.016800
0.344000 0.288800 0.013600
0.472000 0.288800 0.017600
0.877600 0.288800 0.019200
0.324800 0.289600 0.013600
0.371200 0.289600 0.016800
0.396000 0.289600 0.013600
0.635200 0.289600 0.013600
0.658400 0.289600 0.016000
0.699200 0.289600 0.013600
0.438400 0.290400 0.015200
0.521600 0.290400 0.016800
0.564000 0.290400 0.008800
0.678400 0.290400 0.013600
0.718400 0.290400 0.016800
0.743200 0.290400 0.013600
0.798400 0.290400 0.013600
0.504000 0.291200 0.019200
0.575200 0.291200 0.019200
0.592800 0.291200 0.013600
0.760800 0.291200 0.011200
0.778400 0.291200 0.013600
0.816000 0.291200 0.011200
0.831200 0.291200 0.013600
0.851200 0.291200 0.011200
0.867200 0.291200 0.008800
0.612800 0.292800 0.013600
0.248000 0.316800 0.011200
0.275200 0.316800 0.016800
0.128800 0.318400 0.016800
0.210400 0.318400 0.015200
0.264000 0.318400 0.011200
0.328000 0.318400 0.007200
0.188000 0.319200 0.008800
0.229600 0.319200 0.011200
0.295200 0.319200 0.013600
0.154400 0.320000 0.013600
0.176000 0.320000 0.019200
0.315200 0.320800 0.011200
0.339200 0.320800 0.018400
0.531200 0.320800 0.020800
0.421600 0.321600 0.016800
0.540800 0.321600 0.016800
0.643200 0.321600 0.013600
0.356000 0.322400 0.011200
0.376800 0.322400 0.015200
0.600000 0.322400 0.015200
0.664000 0.322400 0.015200
0.460000 0.323200 0.011200
0.475200 0.323200 0.022400
0.486400 0.323200 0.019200
0.512000 0.323200 0.019200
0.564800 0.323200 0.018400
0.576800 0.323200 0.016800
0.780800 0.323200 0.018400
0.443200 0.324000 0.013600
0.622400 0.324000 0.014400
0.709600 0.324000 0.016800
0.736000 0.324000 0.012800
0.769600 0.324000 0.008800
0.399200 0.324800 0.013600
0.505600 0.324800 0.019200
0.686400 0.324800 0.013600
0.754400 0.324800 0.011200
0.807200 0.324800 0.019200
0.828800 0.326400 0.013600
0.867200 0.326400 0.019200
0.847200 0.327200 0.012800
0.128800 0.347200 0.019200
0.248800 0.348000 0.016000
0.200000 0.350400 0.016800
0.216800 0.350400 0.018400
0.272000 0.350400 0.013600
0.293600 0.350400 0.016000
0.226400 0.351200 0.018400
0.162400 0.352000 0.016800
0.179200 0.352000 0.011200
0.320800 0.352000 0.016800
0.366400 0.352800 0.013600
0.345600 0.354400 0.014400
0.408000 0.354400 0.016800
0.384000 0.355200 0.011200
0.621600 0.355200 0.016800
0.723200 0.355200 0.016800
0.428000 0.356000 0.013600
0.448000 0.356000 0.013600
0.520800 0.356000 0.016800
0.525600 0.356000 0.016800
0.645600 0.356000 0.016800
0.670400 0.356000 0.015200
0.760000 0.356000 0.011200
0.844000 0.356000 0.016800
0.397600 0.356800 0.008800
0.468800 0.356800 0.013600
0.496800 0.357600 0.016800
0.592800 0.357600 0.013600
0.692800 0.357600 0.016000
0.743200 0.357600 0.013600
0.834400 0.357600 0.008800
0.545600 0.358400 0.013600
0.566400 0.358400 0.016800
0.583200 0.358400 0.020800
0.780000 0.358400 0.013600
0.821600 0.358400 0.011200
0.801600 0.359200 0.013600
0.864800 0.360000 0.016800
0.128800 0.377600 0.030400
0.148800 0.380800 0.013600
0.167200 0.381600 0.013600
0.209600 0.381600 0.019200
0.248000 0.381600 0.019200
0.204800 0.382400 0.016800
0.260800 0.382400 0.011200
0.185600 0.383200 0.013600
0.794400 0.383200 0.019200
0.226400 0.384000 0.013600
0.280000 0.384000 0.013600
0.299200 0.384000 0.013600
0.620800 0.386400 0.016800
0.835200 0.386400 0.013600
0.319200 0.387200 0.016800
0.364000 0.387200 0.013600
0.392800 0.387200 0.020800
0.480800 0.387200 0.022400
0.516000 0.387200 0.015200
0.573600 0.387200 0.022400
0.583200 0.387200 0.019200
0.782400 0.387200 0.011200
0.343200 0.388000 0.013600
0.381600 0.388000 0.024800
0.537600 0.388000 0.011200
0.556000 0.388000 0.013600
0.723200 0.388000 0.016800
0.813600 0.388000 0.013600
0.454400 0.388800 0.013600
0.495200 0.388800 0.011200
0.657600 0.388800 0.021600
0.662400 0.388800 0.020800
0.697600 0.388800 0.016800
0.752000 0.388800 0.022400
0.860800 0.388800 0.021600
0.414400 0.389600 0.016800
0.436000 0.389600 0.013600
0.601600 0.389600 0.013600
0.745600 0.389600 0.016800
0.767200 0.390400 0.011200
