663.000000 65.000000 50.000000
645.000000 69.000000 46.000000
341.000000 104.000000 14.000000
351.000000 104.000000 6.000000
359.000000 104.000000 13.000000
302.000000 106.000000 12.000000
328.000000 106.000000 20.000000
262.000000 107.000000 11.000000
276.000000 107.000000 7.000000
287.000000 107.000000 7.000000
318.000000 107.000000 7.000000
233.000000 108.000000 11.000000
247.000000 109.000000 11.000000
1134.000000 131.000000 21.000000
83.000000 140.000000 11.000000
63.000000 141.000000 28.000000
72.000000 141.000000 5.000000
98.000000 142.000000 11.000000
53.000000 143.000000 17.000000
968.000000 156.000000 31.000000
890.000000 157.000000 17.000000
945.000000 158.000000 17.000000
780.000000 159.000000 21.000000
917.000000 159.000000 17.000000
987.000000 159.000000 17.000000
1009.000000 159.000000 16.000000
1033.000000 159.000000 14.000000
807.000000 161.000000 21.000000
846.000000 161.000000 28.000000
753.000000 162.000000 17.000000
868.000000 162.000000 14.000000
1057.000000 162.000000 21.000000
612.000000 163.000000 8.000000
625.000000 164.000000 21.000000
648.000000 164.000000 16.000000
671.000000 164.000000 14.000000
547.000000 165.000000 17.000000
573.000000 165.000000 17.000000
689.000000 165.000000 11.000000
706.000000 165.000000 17.000000
730.000000 165.000000 16.000000
468.000000 166.000000 17.000000
522.000000 166.000000 17.000000
596.000000 166.000000 14.000000
329.000000 167.000000 12.000000
344.000000 167.000000 24.000000
410.000000 167.000000 19.000000
438.000000 167.000000 21.000000
494.000000 167.000000 18.000000
378.000000 168.000000 21.000000
135.000000 169.000000 31.000000
160.000000 169.000000 14.000000
307.000000 169.000000 14.000000
175.000000 170.000000 28.000000
225.000000 170.000000 17.000000
248.000000 170.000000 27.000000
198.000000 171.000000 17.000000
285.000000 171.000000 14.000000
262.000000 172.000000 24.000000
950.000000 197.000000 17.000000
975.000000 197.000000 17.000000
1010.000000 197.000000 24.000000
846.000000 198.000000 21.000000
921.000000 199.000000 20.000000
684.000000 200.000000 23.000000
864.000000 200.000000 14.000000
889.000000 200.000000 19.000000
1029.000000 200.000000 11.000000
671.000000 201.000000 24.000000
68.000000 202.000000 50.000000
470.000000 202.000000 22.000000
737.000000 202.000000 19.000000
764.000000 202.000000 16.000000
788.000000 202.000000 17.000000
816.000000 202.000000 18.000000
482.000000 203.000000 23.000000
615.000000 203.000000 21.000000
708.000000 203.000000 17.000000
1079.000000 203.000000 28.000000
416.000000 204.000000 17.000000
507.000000 204.000000 18.000000
567.000000 204.000000 17.000000
593.000000 204.000000 14.000000
625.000000 204.000000 23.000000
1058.000000 204.000000 21.000000
298.000000 205.000000 14.000000
441.000000 205.000000 19.000000
542.000000 205.000000 20.000000
244.000000 206.000000 19.000000
277.000000 206.000000 20.000000
319.000000 206.000000 21.000000
359.000000 206.000000 21.000000
386.000000 206.000000 19.000000
649.000000 206.000000 17.000000
217.000000 208.000000 17.000000
137.000000 210.000000 17.000000
160.000000 210.000000 16.000000
191.000000 210.000000 20.000000
946.000000 235.000000 24.000000
1023.000000 235.000000 11.000000
912.000000 236.000000 14.000000
1008.000000 236.000000 24.000000
980.000000 237.000000 19.000000
1044.000000 237.000000 17.000000
68.000000 238.000000 28.000000
933.000000 238.000000 17.000000
890.000000 239.000000 17.000000
731.000000 240.000000 21.000000
759.000000 240.000000 21.000000
781.000000 240.000000 17.000000
833.000000 240.000000 17.000000
861.000000 240.000000 20.000000
1067.000000 240.000000 19.000000
809.000000 241.000000 17.000000
422.000000 242.000000 24.000000
687.000000 242.000000 17.000000
440.000000 243.000000 21.000000
519.000000 243.000000 11.000000
581.000000 243.000000 17.000000
633.000000 243.000000 16.000000
655.000000 243.000000 21.000000
667.000000 243.000000 24.000000
710.000000 243.000000 17.000000
251.000000 244.000000 19.000000
310.000000 244.000000 17.000000
355.000000 244.000000 21.000000
500.000000 244.000000 14.000000
537.000000 244.000000 14.000000
246.000000 245.000000 20.000000
465.000000 245.000000 24.000000
478.000000 245.000000 28.000000
558.000000 245.000000 16.000000
608.000000 245.000000 17.000000
138.000000 246.000000 17.000000
189.000000 246.000000 17.000000
221.000000 246.000000 17.000000
287.000000 246.000000 23.000000
335.000000 246.000000 14.000000
163.000000 247.000000 14.000000
394.000000 248.000000 17.000000
1024.000000 272.000000 21.000000
90.000000 274.000000 21.000000
78.000000 276.000000 21.000000
56.000000 278.000000 14.000000
905.000000 278.000000 19.000000
930.000000 278.000000 17.000000
1057.000000 279.000000 23.000000
42.000000 280.000000 27.000000
485.000000 280.000000 26.000000
955.000000 280.000000 19.000000
998.000000 280.000000 24.000000
385.000000 281.000000 11.000000
605.000000 281.000000 14.000000
666.000000 281.000000 14.000000
763.000000 281.000000 24.000000
840.000000 281.000000 17.000000
864.000000 281.000000 24.000000
878.000000 281.000000 24.000000
452.000000 282.000000 21.000000
470.000000 282.000000 24.000000
500.000000 282.000000 21.000000
531.000000 282.000000 19.000000
644.000000 282.000000 16.000000
741.000000 282.000000 14.000000
795.000000 282.000000 14.000000
818.000000 282.000000 14.000000
173.000000 283.000000 19.000000
336.000000 283.000000 17.000000
581.000000 283.000000 19.000000
688.000000 283.000000 17.000000
715.000000 283.000000 17.000000
772.000000 283.000000 21.000000
140.000000 284.000000 24.000000
200.000000 284.000000 17.000000
224.000000 284.000000 15.000000
288.000000 284.000000 17.000000
364.000000 284.000000 17.000000
400.000000 284.000000 23.000000
424.000000 284.000000 17.000000
561.000000 284.000000 17.000000
243.000000 285.000000 14.000000
314.000000 285.000000 16.000000
622.000000 285.000000 14.000000
263.000000 286.000000 14.000000
925.000000 314.000000 17.000000
950.000000 314.000000 21.000000
1080.000000 315.000000 21.000000
1055.000000 316.000000 16.000000
960.000000 317.000000 24.000000
828.000000 318.000000 14.000000
845.000000 318.000000 11.000000
869.000000 318.000000 17.000000
897.000000 318.000000 17.000000
984.000000 318.000000 17.000000
1008.000000 318.000000 17.000000
1031.000000 318.000000 16.000000
187.000000 320.000000 21.000000
213.000000 320.000000 17.000000
482.000000 320.000000 11.000000
499.000000 320.000000 14.000000
238.000000 321.000000 17.000000
381.000000 321.000000 24.000000
466.000000 321.000000 14.000000
515.000000 321.000000 27.000000
577.000000 321.000000 17.000000
697.000000 321.000000 21.000000
740.000000 321.000000 19.000000
780.000000 321.000000 21.000000
807.000000 321.000000 17.000000
308.000000 322.000000 21.000000
321.000000 322.000000 24.000000
395.000000 322.000000 26.000000
558.000000 322.000000 11.000000
668.000000 322.000000 21.000000
146.000000 323.000000 21.000000
255.000000 323.000000 17.000000
281.000000 323.000000 18.000000
354.000000 323.000000 21.000000
418.000000 323.000000 17.000000
443.000000 323.000000 17.000000
606.000000 323.000000 20.000000
539.000000 324.000000 17.000000
636.000000 324.000000 18.000000
1065.000000 356.000000 19.000000
865.000000 358.000000 21.000000
964.000000 358.000000 19.000000
1089.000000 358.000000 24.000000
176.000000 359.000000 21.000000
899.000000 359.000000 21.000000
928.000000 359.000000 21.000000
992.000000 359.000000 17.000000
1016.000000 359.000000 16.000000
1039.000000 359.000000 17.000000
485.000000 360.000000 21.000000
814.000000 360.000000 24.000000
835.000000 360.000000 17.000000
142.000000 361.000000 24.000000
698.000000 361.000000 16.000000
723.000000 361.000000 17.000000
746.000000 361.000000 17.000000
207.000000 362.000000 21.000000
509.000000 362.000000 17.000000
538.000000 362.000000 19.000000
644.000000 362.000000 21.000000
672.000000 362.000000 19.000000
776.000000 362.000000 20.000000
266.000000 363.000000 21.000000
306.000000 363.000000 23.000000
373.000000 363.000000 20.000000
399.000000 363.000000 24.000000
415.000000 363.000000 28.000000
460.000000 363.000000 11.000000
615.000000 363.000000 17.000000
235.000000 364.000000 20.000000
333.000000 364.000000 24.000000
440.000000 364.000000 17.000000
564.000000 364.000000 19.000000
592.000000 364.000000 17.000000
345.000000 366.000000 22.000000
989.000000 397.000000 17.000000
1016.000000 397.000000 20.000000
965.000000 398.000000 17.000000
1045.000000 398.000000 17.000000
906.000000 399.000000 19.000000
942.000000 399.000000 20.000000
1064.000000 399.000000 14.000000
592.000000 400.000000 11.000000
880.000000 400.000000 19.000000
1087.000000 400.000000 21.000000
154.000000 402.000000 14.000000
201.000000 402.000000 14.000000
274.000000 402.000000 20.000000
607.000000 402.000000 14.000000
702.000000 402.000000 21.000000
791.000000 402.000000 18.000000
136.000000 403.000000 26.000000
177.000000 403.000000 17.000000
223.000000 403.000000 14.000000
246.000000 403.000000 17.000000
426.000000 403.000000 17.000000
525.000000 403.000000 16.000000
574.000000 403.000000 14.000000
629.000000 403.000000 24.000000
728.000000 403.000000 17.000000
756.000000 403.000000 21.000000
854.000000 403.000000 17.000000
312.000000 404.000000 19.000000
338.000000 404.000000 17.000000
395.000000 404.000000 20.000000
454.000000 404.000000 19.000000
481.000000 404.000000 17.000000
503.000000 404.000000 14.000000
550.000000 404.000000 17.000000
669.000000 404.000000 17.000000
828.000000 404.000000 20.000000
367.000000 405.000000 17.000000
1057.000000 437.000000 20.000000
580.000000 440.000000 17.000000
609.000000 440.000000 17.000000
634.000000 440.000000 16.000000
657.000000 440.000000 14.000000
953.000000 440.000000 16.000000
1027.000000 440.000000 17.000000
1086.000000 440.000000 21.000000
881.000000 441.000000 17.000000
907.000000 441.000000 17.000000
931.000000 441.000000 17.000000
975.000000 441.000000 14.000000
445.000000 442.000000 21.000000
502.000000 442.000000 14.000000
527.000000 442.000000 17.000000
554.000000 442.000000 17.000000
681.000000 442.000000 20.000000
687.000000 442.000000 21.000000
756.000000 442.000000 17.000000
788.000000 442.000000 21.000000
814.000000 442.000000 21.000000
225.000000 443.000000 21.000000
278.000000 443.000000 17.000000
383.000000 443.000000 17.000000
742.000000 443.000000 23.000000
999.000000 443.000000 17.000000
137.000000 444.000000 24.000000
162.000000 444.000000 17.000000
191.000000 444.000000 21.000000
304.000000 444.000000 20.000000
356.000000 444.000000 19.000000
847.000000 444.000000 22.000000
410.000000 445.000000 19.000000
476.000000 445.000000 19.000000
713.000000 445.000000 19.000000
251.000000 446.000000 17.000000
331.000000 448.000000 17.000000
1159.000000 454.000000 46.000000
1164.000000 460.000000 50.000000
1070.000000 475.000000 14.000000
1089.000000 475.000000 31.000000
1008.000000 476.000000 14.000000
1026.000000 476.000000 11.000000
1046.000000 476.000000 14.000000
948.000000 478.000000 14.000000
970.000000 478.000000 14.000000
483.000000 479.000000 11.000000
921.000000 479.000000 19.000000
986.000000 479.000000 11.000000
505.000000 480.000000 17.000000
588.000000 480.000000 26.000000
837.000000 480.000000 21.000000
860.000000 480.000000 17.000000
376.000000 481.000000 21.000000
440.000000 481.000000 21.000000
464.000000 481.000000 15.000000
620.000000 481.000000 24.000000
797.000000 481.000000 20.000000
887.000000 481.000000 20.000000
345.000000 482.000000 17.000000
405.000000 482.000000 19.000000
554.000000 482.000000 17.000000
644.000000 482.000000 21.000000
673.000000 482.000000 17.000000
754.000000 482.000000 24.000000
529.000000 483.000000 17.000000
701.000000 483.000000 18.000000
728.000000 483.000000 17.000000
316.000000 485.000000 20.000000
222.000000 486.000000 21.000000
258.000000 486.000000 19.000000
198.000000 487.000000 17.000000
285.000000 487.000000 17.000000
139.000000 488.000000 24.000000
171.000000 488.000000 17.000000
