1154.000000 144.000000 7.000000
94.000000 145.000000 18.000000
118.000000 147.000000 40.000000
1164.000000 148.000000 32.000000
129.000000 151.000000 20.000000
1075.000000 164.000000 22.000000
387.000000 165.000000 26.000000
470.000000 166.000000 21.000000
1017.000000 166.000000 21.000000
1038.000000 166.000000 17.000000
398.000000 167.000000 31.000000
518.000000 167.000000 14.000000
963.000000 168.000000 16.000000
417.000000 169.000000 14.000000
439.000000 169.000000 19.000000
497.000000 169.000000 17.000000
673.000000 169.000000 28.000000
942.000000 169.000000 14.000000
985.000000 169.000000 17.000000
300.000000 170.000000 20.000000
352.000000 170.000000 14.000000
371.000000 170.000000 11.000000
897.000000 170.000000 24.000000
921.000000 170.000000 14.000000
330.000000 171.000000 17.000000
660.000000 171.000000 28.000000
695.000000 171.000000 17.000000
762.000000 171.000000 14.000000
785.000000 171.000000 14.000000
804.000000 171.000000 28.000000
882.000000 171.000000 11.000000
258.000000 172.000000 14.000000
276.000000 172.000000 14.000000
539.000000 172.000000 14.000000
586.000000 172.000000 17.000000
612.000000 172.000000 17.000000
721.000000 172.000000 14.000000
837.000000 172.000000 14.000000
861.000000 172.000000 17.000000
232.000000 173.000000 17.000000
561.000000 173.000000 17.000000
638.000000 173.000000 17.000000
742.000000 173.000000 14.000000
817.000000 173.000000 28.000000
170.000000 174.000000 24.000000
207.000000 174.000000 24.000000
1075.000000 200.000000 27.000000
1040.000000 202.000000 11.000000
1024.000000 205.000000 14.000000
927.000000 207.000000 19.000000
952.000000 207.000000 16.000000
975.000000 207.000000 14.000000
998.000000 207.000000 17.000000
310.000000 209.000000 21.000000
899.000000 209.000000 17.000000
454.000000 210.000000 17.000000
513.000000 210.000000 17.000000
541.000000 210.000000 17.000000
780.000000 210.000000 17.000000
879.000000 210.000000 14.000000
429.000000 211.000000 14.000000
663.000000 211.000000 17.000000
693.000000 211.000000 20.000000
724.000000 211.000000 19.000000
754.000000 211.000000 19.000000
829.000000 211.000000 17.000000
857.000000 211.000000 16.000000
228.000000 212.000000 24.000000
282.000000 212.000000 17.000000
336.000000 212.000000 14.000000
357.000000 212.000000 17.000000
406.000000 212.000000 17.000000
484.000000 212.000000 19.000000
567.000000 212.000000 16.000000
588.000000 212.000000 14.000000
613.000000 212.000000 17.000000
638.000000 212.000000 17.000000
802.000000 212.000000 17.000000
381.000000 213.000000 17.000000
202.000000 214.000000 21.000000
261.000000 215.000000 17.000000
171.000000 216.000000 23.000000
1070.000000 241.000000 24.000000
1036.000000 242.000000 21.000000
929.000000 245.000000 21.000000
996.000000 245.000000 17.000000
1020.000000 245.000000 17.000000
974.000000 246.000000 14.000000
440.000000 247.000000 21.000000
459.000000 247.000000 11.000000
849.000000 247.000000 16.000000
873.000000 247.000000 14.000000
917.000000 247.000000 21.000000
953.000000 247.000000 17.000000
411.000000 248.000000 17.000000
524.000000 248.000000 14.000000
569.000000 248.000000 9.000000
585.000000 248.000000 14.000000
474.000000 249.000000 23.000000
552.000000 249.000000 21.000000
715.000000 249.000000 16.000000
790.000000 249.000000 11.000000
289.000000 250.000000 17.000000
502.000000 250.000000 17.000000
690.000000 250.000000 17.000000
738.000000 250.000000 20.000000
895.000000 250.000000 17.000000
316.000000 251.000000 14.000000
384.000000 251.000000 17.000000
608.000000 251.000000 17.000000
638.000000 251.000000 18.000000
806.000000 251.000000 14.000000
827.000000 251.000000 14.000000
262.000000 252.000000 17.000000
358.000000 252.000000 17.000000
663.000000 252.000000 17.000000
772.000000 252.000000 24.000000
203.000000 253.000000 17.000000
336.000000 253.000000 14.000000
177.000000 254.000000 22.000000
232.000000 254.000000 19.000000
1085.000000 277.000000 24.000000
1031.000000 280.000000 19.000000
1059.000000 280.000000 17.000000
576.000000 282.000000 11.000000
592.000000 282.000000 11.000000
1001.000000 282.000000 14.000000
605.000000 283.000000 9.000000
623.000000 283.000000 14.000000
869.000000 283.000000 24.000000
961.000000 283.000000 16.000000
984.000000 283.000000 14.000000
667.000000 284.000000 16.000000
692.000000 284.000000 17.000000
275.000000 285.000000 11.000000
506.000000 285.000000 17.000000
884.000000 285.000000 23.000000
938.000000 285.000000 17.000000
432.000000 286.000000 17.000000
457.000000 286.000000 14.000000
480.000000 286.000000 17.000000
533.000000 286.000000 17.000000
557.000000 286.000000 14.000000
644.000000 286.000000 17.000000
738.000000 286.000000 14.000000
907.000000 286.000000 19.000000
257.000000 287.000000 17.000000
316.000000 287.000000 17.000000
714.000000 287.000000 14.000000
761.000000 287.000000 17.000000
843.000000 287.000000 21.000000
357.000000 288.000000 14.000000
378.000000 288.000000 19.000000
407.000000 288.000000 16.000000
803.000000 288.000000 17.000000
234.000000 289.000000 14.000000
292.000000 289.000000 26.000000
340.000000 289.000000 14.000000
205.000000 290.000000 20.000000
175.000000 291.000000 24.000000
214.000000 291.000000 17.000000
194.000000 292.000000 17.000000
1000.000000 318.000000 17.000000
1054.000000 318.000000 21.000000
977.000000 319.000000 17.000000
1026.000000 319.000000 19.000000
1063.000000 319.000000 21.000000
932.000000 320.000000 17.000000
1086.000000 320.000000 21.000000
511.000000 321.000000 11.000000
592.000000 321.000000 17.000000
754.000000 321.000000 11.000000
954.000000 321.000000 14.000000
497.000000 322.000000 23.000000
875.000000 322.000000 16.000000
896.000000 322.000000 24.000000
909.000000 322.000000 21.000000
395.000000 323.000000 24.000000
693.000000 323.000000 21.000000
715.000000 323.000000 14.000000
736.000000 323.000000 14.000000
381.000000 324.000000 27.000000
417.000000 324.000000 16.000000
441.000000 324.000000 17.000000
465.000000 324.000000 21.000000
479.000000 324.000000 11.000000
536.000000 324.000000 20.000000
567.000000 324.000000 17.000000
620.000000 324.000000 17.000000
641.000000 324.000000 17.000000
792.000000 324.000000 20.000000
820.000000 324.000000 17.000000
847.000000 324.000000 19.000000
362.000000 325.000000 14.000000
665.000000 325.000000 17.000000
767.000000 325.000000 23.000000
240.000000 326.000000 17.000000
264.000000 326.000000 17.000000
213.000000 327.000000 21.000000
316.000000 327.000000 17.000000
340.000000 327.000000 14.000000
176.000000 328.000000 17.000000
288.000000 328.000000 17.000000
197.000000 329.000000 14.000000
899.000000 357.000000 24.000000
966.000000 357.000000 17.000000
995.000000 357.000000 21.000000
1070.000000 357.000000 20.000000
1015.000000 358.000000 14.000000
1037.000000 358.000000 18.000000
506.000000 359.000000 17.000000
672.000000 359.000000 16.000000
1097.000000 359.000000 24.000000
234.000000 360.000000 21.000000
532.000000 360.000000 18.000000
591.000000 360.000000 17.000000
617.000000 360.000000 16.000000
641.000000 360.000000 17.000000
913.000000 360.000000 21.000000
937.000000 360.000000 18.000000
177.000000 361.000000 21.000000
562.000000 361.000000 19.000000
696.000000 361.000000 15.000000
852.000000 361.000000 17.000000
880.000000 361.000000 17.000000
203.000000 362.000000 17.000000
410.000000 362.000000 14.000000
429.000000 362.000000 11.000000
444.000000 362.000000 17.000000
466.000000 362.000000 14.000000
486.000000 362.000000 14.000000
719.000000 362.000000 14.000000
741.000000 362.000000 14.000000
804.000000 362.000000 14.000000
394.000000 363.000000 11.000000
762.000000 363.000000 16.000000
784.000000 363.000000 14.000000
827.000000 363.000000 17.000000
250.000000 364.000000 14.000000
294.000000 364.000000 14.000000
347.000000 364.000000 14.000000
272.000000 365.000000 14.000000
325.000000 365.000000 21.000000
372.000000 366.000000 17.000000
1070.000000 393.000000 17.000000
657.000000 395.000000 11.000000
992.000000 396.000000 17.000000
643.000000 397.000000 24.000000
758.000000 397.000000 19.000000
1018.000000 397.000000 17.000000
1045.000000 397.000000 17.000000
410.000000 398.000000 9.000000
436.000000 398.000000 20.000000
524.000000 398.000000 20.000000
561.000000 398.000000 17.000000
584.000000 398.000000 17.000000
606.000000 398.000000 14.000000
683.000000 398.000000 21.000000
710.000000 398.000000 14.000000
730.000000 398.000000 14.000000
816.000000 398.000000 16.000000
865.000000 398.000000 17.000000
923.000000 398.000000 20.000000
1098.000000 398.000000 21.000000
461.000000 399.000000 17.000000
486.000000 399.000000 19.000000
784.000000 399.000000 20.000000
842.000000 399.000000 17.000000
893.000000 399.000000 19.000000
949.000000 399.000000 17.000000
970.000000 399.000000 14.000000
624.000000 400.000000 14.000000
391.000000 401.000000 17.000000
227.000000 402.000000 17.000000
271.000000 402.000000 17.000000
298.000000 402.000000 16.000000
178.000000 403.000000 21.000000
203.000000 403.000000 14.000000
250.000000 404.000000 16.000000
361.000000 404.000000 20.000000
328.000000 406.000000 21.000000
1055.000000 432.000000 24.000000
1076.000000 432.000000 21.000000
700.000000 433.000000 11.000000
849.000000 434.000000 17.000000
1021.000000 434.000000 17.000000
1040.000000 434.000000 26.000000
487.000000 436.000000 17.000000
511.000000 436.000000 24.000000
555.000000 436.000000 21.000000
651.000000 436.000000 17.000000
683.000000 436.000000 21.000000
712.000000 436.000000 21.000000
744.000000 436.000000 21.000000
824.000000 436.000000 20.000000
874.000000 436.000000 17.000000
455.000000 437.000000 22.000000
526.000000 437.000000 24.000000
576.000000 437.000000 14.000000
595.000000 437.000000 24.000000
626.000000 437.000000 14.000000
767.000000 437.000000 14.000000
789.000000 437.000000 20.000000
937.000000 437.000000 17.000000
991.000000 437.000000 21.000000
263.000000 438.000000 11.000000
366.000000 438.000000 16.000000
415.000000 438.000000 18.000000
606.000000 438.000000 19.000000
893.000000 438.000000 28.000000
961.000000 438.000000 21.000000
176.000000 439.000000 21.000000
206.000000 439.000000 21.000000
222.000000 439.000000 14.000000
241.000000 439.000000 17.000000
281.000000 439.000000 14.000000
301.000000 439.000000 21.000000
389.000000 439.000000 17.000000
910.000000 439.000000 21.000000
313.000000 440.000000 22.000000
329.000000 440.000000 11.000000
343.000000 440.000000 21.000000
194.000000 441.000000 21.000000
173.000000 471.000000 20.000000
202.000000 471.000000 16.000000
510.000000 471.000000 20.000000
542.000000 471.000000 17.000000
224.000000 472.000000 14.000000
500.000000 472.000000 24.000000
739.000000 472.000000 14.000000
1053.000000 472.000000 11.000000
1096.000000 472.000000 23.000000
245.000000 473.000000 14.000000
322.000000 473.000000 16.000000
572.000000 473.000000 17.000000
1087.000000 473.000000 27.000000
294.000000 474.000000 16.000000
345.000000 474.000000 17.000000
456.000000 474.000000 17.000000
481.000000 474.000000 14.000000
757.000000 474.000000 11.000000
837.000000 474.000000 17.000000
858.000000 474.000000 25.000000
1016.000000 474.000000 16.000000
1038.000000 474.000000 21.000000
1069.000000 474.000000 14.000000
370.000000 475.000000 17.000000
604.000000 475.000000 17.000000
629.000000 475.000000 14.000000
717.000000 475.000000 14.000000
815.000000 475.000000 14.000000
270.000000 476.000000 16.000000
396.000000 476.000000 14.000000
415.000000 476.000000 11.000000
431.000000 476.000000 14.000000
651.000000 476.000000 14.000000
672.000000 476.000000 17.000000
698.000000 476.000000 14.000000
773.000000 476.000000 14.000000
796.000000 476.000000 14.000000
874.000000 476.000000 17.000000
895.000000 476.000000 17.000000
922.000000 476.000000 17.000000
987.000000 476.000000 19.000000
962.000000 477.000000 17.000000
944.000000 478.000000 14.000000
175.000000 507.000000 21.000000
395.000000 507.000000 11.000000
547.000000 507.000000 16.000000
1101.000000 507.000000 21.000000
247.000000 508.000000 19.000000
358.000000 508.000000 14.000000
380.000000 508.000000 14.000000
474.000000 508.000000 14.000000
525.000000 508.000000 16.000000
571.000000 508.000000 17.000000
1073.000000 508.000000 17.000000
200.000000 509.000000 14.000000
219.000000 509.000000 14.000000
274.000000 509.000000 14.000000
296.000000 509.000000 14.000000
320.000000 509.000000 14.000000
339.000000 509.000000 11.000000
413.000000 509.000000 17.000000
438.000000 509.000000 11.000000
455.000000 509.000000 14.000000
615.000000 509.000000 22.000000
796.000000 509.000000 16.000000
1047.000000 509.000000 17.000000
493.000000 510.000000 28.000000
503.000000 510.000000 21.000000
645.000000 510.000000 14.000000
718.000000 510.000000 17.000000
746.000000 510.000000 17.000000
821.000000 510.000000 17.000000
846.000000 510.000000 16.000000
942.000000 510.000000 11.000000
981.000000 510.000000 16.000000
1027.000000 510.000000 14.000000
668.000000 511.000000 17.000000
773.000000 511.000000 17.000000
870.000000 511.000000 14.000000
690.000000 512.000000 17.000000
893.000000 512.000000 17.000000
958.000000 512.000000 17.000000
1009.000000 512.000000 28.000000
926.000000 513.000000 24.000000
914.000000 514.000000 21.000000
996.000000 531.000000 15.000000
