1052.000000 67.000000 11.000000
1065.000000 67.000000 11.000000
1082.000000 68.000000 11.000000
1098.000000 74.000000 25.000000
1070.000000 91.000000 9.000000
1046.000000 105.000000 23.000000
1033.000000 106.000000 33.000000
1014.000000 107.000000 26.000000
1057.000000 107.000000 31.000000
1073.000000 108.000000 11.000000
1090.000000 108.000000 11.000000
1104.000000 108.000000 9.000000
1124.000000 108.000000 17.000000
320.000000 123.000000 24.000000
331.000000 124.000000 14.000000
354.000000 124.000000 28.000000
423.000000 124.000000 10.000000
435.000000 124.000000 21.000000
346.000000 125.000000 21.000000
373.000000 126.000000 24.000000
388.000000 126.000000 11.000000
409.000000 126.000000 23.000000
366.000000 127.000000 17.000000
403.000000 127.000000 14.000000
61.000000 128.000000 21.000000
78.000000 128.000000 6.000000
89.000000 130.000000 21.000000
102.000000 133.000000 22.000000
617.000000 137.000000 11.000000
567.000000 139.000000 23.000000
599.000000 139.000000 11.000000
141.000000 140.000000 21.000000
583.000000 140.000000 14.000000
631.000000 140.000000 23.000000
1146.000000 157.000000 23.000000
148.000000 175.000000 24.000000
546.000000 175.000000 11.000000
998.000000 175.000000 14.000000
718.000000 176.000000 17.000000
754.000000 176.000000 24.000000
398.000000 177.000000 17.000000
524.000000 177.000000 17.000000
823.000000 177.000000 21.000000
861.000000 177.000000 23.000000
885.000000 177.000000 24.000000
168.000000 178.000000 28.000000
179.000000 178.000000 21.000000
370.000000 178.000000 19.000000
446.000000 178.000000 17.000000
692.000000 178.000000 17.000000
1017.000000 178.000000 14.000000
1042.000000 178.000000 21.000000
345.000000 179.000000 14.000000
624.000000 179.000000 24.000000
669.000000 179.000000 14.000000
779.000000 179.000000 14.000000
801.000000 179.000000 14.000000
230.000000 180.000000 14.000000
274.000000 180.000000 16.000000
327.000000 180.000000 17.000000
422.000000 180.000000 17.000000
490.000000 180.000000 24.000000
500.000000 180.000000 22.000000
567.000000 180.000000 21.000000
925.000000 180.000000 24.000000
951.000000 180.000000 17.000000
976.000000 180.000000 14.000000
1068.000000 180.000000 17.000000
1088.000000 180.000000 31.000000
252.000000 181.000000 14.000000
301.000000 181.000000 17.000000
594.000000 181.000000 14.000000
647.000000 181.000000 14.000000
208.000000 182.000000 19.000000
469.000000 182.000000 14.000000
79.000000 207.000000 21.000000
96.000000 209.000000 21.000000
104.000000 210.000000 24.000000
120.000000 210.000000 11.000000
132.000000 212.000000 21.000000
1044.000000 215.000000 14.000000
152.000000 216.000000 14.000000
330.000000 216.000000 17.000000
855.000000 216.000000 20.000000
1029.000000 216.000000 11.000000
194.000000 217.000000 17.000000
219.000000 217.000000 17.000000
302.000000 217.000000 18.000000
713.000000 217.000000 20.000000
1009.000000 217.000000 24.000000
172.000000 218.000000 14.000000
354.000000 218.000000 16.000000
376.000000 218.000000 14.000000
772.000000 218.000000 19.000000
976.000000 218.000000 14.000000
1067.000000 218.000000 14.000000
1088.000000 218.000000 21.000000
397.000000 219.000000 17.000000
423.000000 219.000000 17.000000
524.000000 219.000000 17.000000
686.000000 219.000000 20.000000
824.000000 219.000000 17.000000
907.000000 219.000000 17.000000
933.000000 219.000000 17.000000
955.000000 219.000000 14.000000
248.000000 220.000000 17.000000
473.000000 220.000000 17.000000
498.000000 220.000000 17.000000
552.000000 220.000000 17.000000
644.000000 220.000000 22.000000
743.000000 220.000000 20.000000
881.000000 220.000000 17.000000
275.000000 221.000000 17.000000
448.000000 221.000000 17.000000
577.000000 221.000000 16.000000
658.000000 221.000000 17.000000
799.000000 221.000000 17.000000
602.000000 222.000000 18.000000
855.000000 255.000000 11.000000
331.000000 256.000000 18.000000
583.000000 256.000000 21.000000
658.000000 256.000000 14.000000
921.000000 256.000000 17.000000
161.000000 257.000000 24.000000
276.000000 257.000000 18.000000
611.000000 257.000000 20.000000
640.000000 257.000000 17.000000
831.000000 257.000000 17.000000
197.000000 258.000000 17.000000
221.000000 258.000000 17.000000
245.000000 258.000000 19.000000
305.000000 258.000000 17.000000
363.000000 258.000000 20.000000
389.000000 258.000000 17.000000
438.000000 258.000000 14.000000
462.000000 258.000000 17.000000
487.000000 258.000000 17.000000
517.000000 258.000000 21.000000
551.000000 258.000000 20.000000
691.000000 258.000000 21.000000
869.000000 258.000000 22.000000
894.000000 258.000000 17.000000
946.000000 258.000000 17.000000
1062.000000 258.000000 14.000000
414.000000 259.000000 17.000000
776.000000 259.000000 19.000000
1046.000000 259.000000 14.000000
1084.000000 259.000000 21.000000
720.000000 260.000000 17.000000
806.000000 260.000000 17.000000
969.000000 260.000000 14.000000
991.000000 260.000000 17.000000
1018.000000 260.000000 20.000000
746.000000 261.000000 19.000000
215.000000 294.000000 21.000000
412.000000 295.000000 11.000000
241.000000 296.000000 19.000000
505.000000 296.000000 17.000000
533.000000 296.000000 17.000000
852.000000 296.000000 17.000000
162.000000 297.000000 28.000000
202.000000 297.000000 11.000000
270.000000 297.000000 17.000000
484.000000 297.000000 17.000000
555.000000 297.000000 19.000000
876.000000 297.000000 14.000000
892.000000 297.000000 28.000000
298.000000 298.000000 17.000000
340.000000 298.000000 11.000000
393.000000 298.000000 17.000000
430.000000 298.000000 14.000000
641.000000 298.000000 17.000000
665.000000 298.000000 17.000000
693.000000 298.000000 17.000000
920.000000 298.000000 21.000000
184.000000 299.000000 14.000000
323.000000 299.000000 14.000000
455.000000 299.000000 17.000000
589.000000 299.000000 18.000000
614.000000 299.000000 17.000000
721.000000 299.000000 20.000000
734.000000 299.000000 23.000000
818.000000 299.000000 24.000000
949.000000 299.000000 17.000000
978.000000 299.000000 19.000000
364.000000 300.000000 19.000000
767.000000 300.000000 22.000000
1037.000000 300.000000 18.000000
792.000000 301.000000 21.000000
1006.000000 301.000000 17.000000
1062.000000 301.000000 17.000000
1085.000000 302.000000 21.000000
241.000000 335.000000 17.000000
280.000000 335.000000 11.000000
542.000000 335.000000 24.000000
198.000000 336.000000 14.000000
218.000000 336.000000 14.000000
515.000000 336.000000 14.000000
165.000000 337.000000 24.000000
265.000000 337.000000 14.000000
306.000000 337.000000 21.000000
329.000000 337.000000 19.000000
357.000000 337.000000 17.000000
382.000000 337.000000 19.000000
417.000000 337.000000 22.000000
447.000000 337.000000 21.000000
562.000000 337.000000 11.000000
667.000000 337.000000 23.000000
471.000000 338.000000 17.000000
495.000000 338.000000 17.000000
628.000000 338.000000 20.000000
698.000000 338.000000 21.000000
725.000000 338.000000 22.000000
576.000000 339.000000 24.000000
599.000000 340.000000 17.000000
829.000000 340.000000 19.000000
929.000000 340.000000 21.000000
1026.000000 340.000000 11.000000
1047.000000 340.000000 16.000000
758.000000 341.000000 24.000000
771.000000 341.000000 21.000000
803.000000 341.000000 21.000000
856.000000 341.000000 24.000000
868.000000 341.000000 24.000000
895.000000 341.000000 21.000000
955.000000 341.000000 17.000000
1008.000000 341.000000 14.000000
1069.000000 342.000000 14.000000
1089.000000 343.000000 30.000000
982.000000 344.000000 17.000000
182.000000 375.000000 11.000000
219.000000 375.000000 16.000000
160.000000 376.000000 21.000000
199.000000 376.000000 11.000000
241.000000 376.000000 11.000000
394.000000 377.000000 17.000000
255.000000 378.000000 24.000000
322.000000 378.000000 11.000000
340.000000 378.000000 14.000000
365.000000 379.000000 19.000000
452.000000 379.000000 17.000000
477.000000 379.000000 20.000000
532.000000 379.000000 17.000000
588.000000 379.000000 17.000000
306.000000 380.000000 24.000000
423.000000 380.000000 20.000000
507.000000 380.000000 17.000000
279.000000 381.000000 17.000000
559.000000 381.000000 19.000000
671.000000 381.000000 21.000000
704.000000 381.000000 19.000000
758.000000 381.000000 17.000000
780.000000 381.000000 21.000000
807.000000 381.000000 19.000000
837.000000 381.000000 22.000000
616.000000 382.000000 17.000000
641.000000 382.000000 19.000000
931.000000 382.000000 28.000000
730.000000 383.000000 17.000000
852.000000 383.000000 21.000000
915.000000 383.000000 24.000000
888.000000 384.000000 21.000000
958.000000 384.000000 21.000000
980.000000 385.000000 24.000000
1042.000000 387.000000 17.000000
1067.000000 387.000000 24.000000
1083.000000 387.000000 28.000000
993.000000 388.000000 23.000000
1017.000000 388.000000 20.000000
100.000000 407.000000 28.000000
116.000000 409.000000 28.000000
135.000000 410.000000 11.000000
188.000000 413.000000 14.000000
162.000000 415.000000 21.000000
202.000000 418.000000 27.000000
224.000000 418.000000 14.000000
243.000000 418.000000 17.000000
288.000000 418.000000 11.000000
491.000000 418.000000 17.000000
269.000000 419.000000 17.000000
530.000000 419.000000 27.000000
825.000000 419.000000 17.000000
423.000000 420.000000 11.000000
525.000000 420.000000 23.000000
559.000000 420.000000 20.000000
589.000000 420.000000 17.000000
613.000000 420.000000 14.000000
850.000000 420.000000 17.000000
313.000000 421.000000 20.000000
345.000000 421.000000 19.000000
398.000000 421.000000 19.000000
438.000000 421.000000 24.000000
464.000000 421.000000 20.000000
632.000000 421.000000 14.000000
373.000000 422.000000 17.000000
776.000000 422.000000 22.000000
657.000000 423.000000 19.000000
687.000000 423.000000 17.000000
714.000000 423.000000 17.000000
999.000000 423.000000 17.000000
742.000000 424.000000 20.000000
801.000000 424.000000 17.000000
881.000000 424.000000 21.000000
943.000000 424.000000 19.000000
975.000000 424.000000 17.000000
913.000000 425.000000 17.000000
1025.000000 425.000000 21.000000
1072.000000 425.000000 24.000000
463.000000 457.000000 14.000000
271.000000 458.000000 14.000000
161.000000 459.000000 21.000000
189.000000 459.000000 14.000000
253.000000 459.000000 14.000000
430.000000 459.000000 24.000000
445.000000 459.000000 11.000000
297.000000 460.000000 17.000000
319.000000 460.000000 14.000000
602.000000 460.000000 25.000000
721.000000 460.000000 21.000000
204.000000 461.000000 23.000000
229.000000 461.000000 17.000000
379.000000 461.000000 21.000000
477.000000 461.000000 21.000000
508.000000 461.000000 21.000000
567.000000 461.000000 17.000000
618.000000 461.000000 14.000000
667.000000 461.000000 24.000000
682.000000 461.000000 11.000000
346.000000 462.000000 20.000000
404.000000 462.000000 17.000000
542.000000 462.000000 17.000000
640.000000 462.000000 17.000000
712.000000 462.000000 22.000000
775.000000 462.000000 19.000000
992.000000 462.000000 21.000000
744.000000 463.000000 17.000000
803.000000 464.000000 17.000000
848.000000 464.000000 17.000000
865.000000 464.000000 9.000000
884.000000 464.000000 21.000000
1054.000000 464.000000 17.000000
824.000000 465.000000 14.000000
915.000000 465.000000 17.000000
941.000000 465.000000 17.000000
966.000000 465.000000 17.000000
1030.000000 465.000000 17.000000
1082.000000 465.000000 23.000000
312.000000 496.000000 21.000000
243.000000 497.000000 14.000000
281.000000 497.000000 17.000000
364.000000 497.000000 24.000000
381.000000 498.000000 11.000000
187.000000 499.000000 21.000000
216.000000 499.000000 21.000000
333.000000 499.000000 17.000000
404.000000 499.000000 28.000000
531.000000 499.000000 19.000000
707.000000 499.000000 14.000000
732.000000 499.000000 17.000000
264.000000 500.000000 14.000000
442.000000 500.000000 17.000000
470.000000 500.000000 21.000000
688.000000 500.000000 14.000000
853.000000 500.000000 17.000000
874.000000 500.000000 11.000000
161.000000 501.000000 24.000000
421.000000 501.000000 14.000000
560.000000 501.000000 17.000000
585.000000 501.000000 17.000000
611.000000 501.000000 17.000000
638.000000 501.000000 17.000000
664.000000 501.000000 17.000000
756.000000 501.000000 14.000000
777.000000 501.000000 14.000000
823.000000 501.000000 21.000000
889.000000 501.000000 14.000000
938.000000 501.000000 19.000000
967.000000 501.000000 17.000000
1059.000000 501.000000 21.000000
1088.000000 501.000000 21.000000
502.000000 502.000000 21.000000
799.000000 502.000000 17.000000
912.000000 502.000000 17.000000
994.000000 502.000000 20.000000
1027.000000 502.000000 21.000000
340.000000 539.000000 9.000000
353.000000 539.000000 11.000000
381.000000 539.000000 11.000000
400.000000 539.000000 12.000000
540.000000 539.000000 11.000000
555.000000 539.000000 11.000000
567.000000 539.000000 7.000000
576.000000 539.000000 21.000000
686.000000 539.000000 17.000000
707.000000 539.000000 7.000000
154.000000 540.000000 17.000000
188.000000 540.000000 11.000000
208.000000 540.000000 14.000000
294.000000 540.000000 11.000000
326.000000 540.000000 11.000000
366.000000 540.000000 23.000000
419.000000 540.000000 14.000000
494.000000 540.000000 14.000000
504.000000 540.000000 7.000000
520.000000 540.000000 14.000000
589.000000 540.000000 10.000000
603.000000 540.000000 10.000000
648.000000 540.000000 14.000000
698.000000 540.000000 7.000000
167.000000 541.000000 28.000000
174.000000 541.000000 14.000000
224.000000 541.000000 10.000000
310.000000 541.000000 11.000000
439.000000 541.000000 16.000000
479.000000 541.000000 10.000000
617.000000 541.000000 9.000000
630.000000 541.000000 9.000000
667.000000 541.000000 12.000000
239.000000 542.000000 11.000000
278.000000 542.000000 7.000000
450.000000 542.000000 7.000000
252.000000 543.000000 10.000000
267.000000 543.000000 11.000000
462.000000 543.000000 11.000000
719.000000 543.000000 17.000000
