0.210400 0.059200 0.020800
0.173600 0.060800 0.005600
0.183200 0.060800 0.008800
0.196000 0.060800 0.008800
0.163200 0.062400 0.008800
0.852800 0.062400 0.021600
0.146400 0.063200 0.022400
0.842400 0.064000 0.021600
0.430400 0.092800 0.016800
0.436000 0.092800 0.011200
0.450400 0.092800 0.009600
0.502400 0.092800 0.008800
0.268000 0.093600 0.011200
0.371200 0.093600 0.008800
0.419200 0.093600 0.008000
0.605600 0.093600 0.008800
0.285600 0.094400 0.008800
0.308000 0.094400 0.008000
0.320000 0.094400 0.008800
0.332800 0.094400 0.008000
0.344000 0.094400 0.007200
0.355200 0.094400 0.010400
0.382400 0.094400 0.007200
0.392800 0.094400 0.008800
0.408000 0.094400 0.008800
0.464800 0.094400 0.008000
0.519200 0.094400 0.010400
0.593600 0.094400 0.008800
0.632000 0.094400 0.007200
0.652000 0.094400 0.008800
0.144000 0.095200 0.013600
0.243200 0.095200 0.007200
0.256000 0.095200 0.008800
0.296800 0.095200 0.007200
0.476000 0.095200 0.007200
0.533600 0.095200 0.008800
0.138400 0.096000 0.013600
0.162400 0.096000 0.005600
0.172800 0.096000 0.007200
0.194400 0.096000 0.008000
0.205600 0.096000 0.007200
0.215200 0.096000 0.005600
0.224000 0.096000 0.005600
0.233600 0.096000 0.005600
0.487200 0.096000 0.008800
0.547200 0.096000 0.008800
0.576800 0.096000 0.011200
0.620800 0.096000 0.008800
0.641600 0.096000 0.005600
0.668800 0.096000 0.008800
0.128000 0.096800 0.013600
0.154400 0.096800 0.005600
0.183200 0.096800 0.005600
0.560000 0.096800 0.011200
0.680800 0.096800 0.007200
0.778400 0.096800 0.005600
0.786400 0.096800 0.007200
0.798400 0.096800 0.008800
0.691200 0.097600 0.007200
0.704800 0.097600 0.009600
0.716800 0.097600 0.008000
0.751200 0.097600 0.008800
0.766400 0.097600 0.008800
0.810400 0.097600 0.008800
0.837600 0.097600 0.005600
0.857600 0.097600 0.008800
0.869600 0.097600 0.008800
0.728800 0.098400 0.008000
0.740000 0.098400 0.007200
0.824000 0.098400 0.009600
0.845600 0.098400 0.005600
0.083200 0.100000 0.030400
0.092800 0.100800 0.005600
0.064800 0.101600 0.016800
0.329600 0.112800 0.008800
0.359200 0.112800 0.009600
0.374400 0.112800 0.007200
0.416000 0.112800 0.008800
0.243200 0.113600 0.005600
0.278400 0.113600 0.008800
0.344000 0.113600 0.009600
0.386400 0.113600 0.008800
0.398400 0.113600 0.011200
0.404000 0.113600 0.010400
0.444800 0.113600 0.009600
0.512800 0.113600 0.008000
0.571200 0.113600 0.005600
0.580000 0.113600 0.005600
0.197600 0.114400 0.008800
0.208000 0.114400 0.005600
0.252800 0.114400 0.007200
0.264000 0.114400 0.008800
0.301600 0.114400 0.008000
0.314400 0.114400 0.008800
0.430400 0.114400 0.008800
0.460800 0.114400 0.008800
0.535200 0.114400 0.007200
0.548000 0.114400 0.008000
0.560800 0.114400 0.007200
0.589600 0.114400 0.007200
0.642400 0.114400 0.005600
0.128800 0.115200 0.013600
0.147200 0.115200 0.008800
0.224000 0.115200 0.005600
0.233600 0.115200 0.007200
0.502400 0.115200 0.007200
0.524800 0.115200 0.007200
0.600000 0.115200 0.008000
0.611200 0.115200 0.004800
0.618400 0.115200 0.005600
0.628000 0.115200 0.011200
0.648800 0.115200 0.011200
0.657600 0.115200 0.011200
0.661600 0.115200 0.008800
0.138400 0.116000 0.005600
0.160000 0.116000 0.007200
0.170400 0.116000 0.007200
0.182400 0.116000 0.008000
0.215200 0.116000 0.004800
0.291200 0.116000 0.007200
0.473600 0.116000 0.008800
0.672000 0.116000 0.008800
0.712000 0.116000 0.008000
0.724800 0.116000 0.007200
0.733600 0.116000 0.005600
0.742400 0.116000 0.005600
0.488000 0.116800 0.009600
0.685600 0.116800 0.010400
0.700800 0.116800 0.008800
0.754400 0.116800 0.008800
0.780800 0.116800 0.007200
0.794400 0.116800 0.008000
0.803200 0.116800 0.004800
0.809600 0.116800 0.010400
0.820000 0.116800 0.008000
0.832000 0.116800 0.008800
0.770400 0.117600 0.007200
0.867200 0.117600 0.012800
0.848000 0.118400 0.011200
0.858400 0.118400 0.005600
0.354400 0.129600 0.004800
0.360800 0.130400 0.005600
0.313600 0.131200 0.008000
0.372000 0.131200 0.011200
0.324000 0.132000 0.007200
0.345600 0.132000 0.007200
0.402400 0.132000 0.008800
0.407200 0.132000 0.013600
0.416000 0.132000 0.008800
0.431200 0.132000 0.008800
0.301600 0.132800 0.007200
0.335200 0.132800 0.005600
0.392000 0.132800 0.008800
0.442400 0.132800 0.007200
0.622400 0.132800 0.013600
0.628000 0.132800 0.010400
0.640800 0.132800 0.008000
0.757600 0.132800 0.008800
0.290400 0.133600 0.008800
0.455200 0.133600 0.008000
0.466400 0.133600 0.007200
0.564800 0.133600 0.007200
0.612000 0.133600 0.008000
0.220000 0.134400 0.009600
0.232800 0.134400 0.008000
0.244000 0.134400 0.008800
0.257600 0.134400 0.009600
0.512000 0.134400 0.004800
0.520000 0.134400 0.011200
0.536000 0.134400 0.012000
0.553600 0.134400 0.008000
0.575200 0.134400 0.008000
0.586400 0.134400 0.008000
0.599200 0.134400 0.008000
0.650400 0.134400 0.005600
0.665600 0.134400 0.011200
0.677600 0.134400 0.008800
0.743200 0.134400 0.008800
0.772800 0.134400 0.008800
0.164000 0.135200 0.008800
0.176800 0.135200 0.008800
0.187200 0.135200 0.014400
0.192800 0.135200 0.010400
0.205600 0.135200 0.008800
0.271200 0.135200 0.011200
0.659200 0.135200 0.005600
0.690400 0.135200 0.010400
0.704800 0.135200 0.005600
0.711200 0.135200 0.005600
0.732000 0.135200 0.007200
0.130400 0.136000 0.016000
0.140800 0.136000 0.007200
0.482400 0.136000 0.011200
0.505600 0.136000 0.011200
0.721600 0.136000 0.007200
0.787200 0.136000 0.008800
0.798400 0.136000 0.007200
0.808800 0.136000 0.007200
0.074400 0.136800 0.022400
0.151200 0.136800 0.007200
0.494400 0.136800 0.008800
0.822400 0.136800 0.011200
0.846400 0.136800 0.007200
0.858400 0.136800 0.007200
0.836800 0.137600 0.005600
0.868000 0.138400 0.015200
0.909600 0.189600 0.009600
0.908800 0.201600 0.009600
0.476000 0.205600 0.011200
0.530400 0.205600 0.005600
0.515200 0.206400 0.013600
0.539200 0.206400 0.016800
0.552800 0.206400 0.010400
0.581600 0.206400 0.009600
0.490400 0.207200 0.004800
0.597600 0.207200 0.011200
0.632000 0.207200 0.008800
0.673600 0.207200 0.011200
0.746400 0.207200 0.008800
0.360800 0.208000 0.008800
0.460800 0.208000 0.010400
0.499200 0.208000 0.012800
0.568000 0.208000 0.008800
0.616800 0.208000 0.011200
0.645600 0.208000 0.008800
0.735200 0.208000 0.008800
0.346400 0.208800 0.008800
0.425600 0.208800 0.013600
0.445600 0.208800 0.011200
0.658400 0.208800 0.008800
0.689600 0.208800 0.011200
0.705600 0.208800 0.008800
0.720000 0.208800 0.008800
0.762400 0.208800 0.012000
0.271200 0.209600 0.021600
0.297600 0.209600 0.005600
0.305600 0.209600 0.013600
0.319200 0.209600 0.008800
0.375200 0.209600 0.009600
0.392000 0.209600 0.011200
0.408800 0.209600 0.011200
0.286400 0.210400 0.008800
0.332800 0.210400 0.008800
0.908000 0.213600 0.008000
0.906400 0.224800 0.008800
0.600000 0.228800 0.011200
0.616000 0.230400 0.011200
0.495200 0.231200 0.005600
0.503200 0.231200 0.013600
0.546400 0.231200 0.008800
0.580000 0.231200 0.012000
0.742400 0.231200 0.011200
0.374400 0.232000 0.016000
0.381600 0.232000 0.012800
0.532800 0.232000 0.008800
0.561600 0.232000 0.011200
0.655200 0.232000 0.012800
0.705600 0.232000 0.011200
0.466400 0.232800 0.008800
0.483200 0.232800 0.011200
0.518400 0.232800 0.010400
0.634400 0.232800 0.013600
0.724000 0.232800 0.011200
0.759200 0.232800 0.013600
0.674400 0.233600 0.008800
0.688000 0.233600 0.008800
0.356800 0.234400 0.012800
0.399200 0.234400 0.011200
0.416800 0.234400 0.011200
0.436000 0.234400 0.011200
0.308800 0.235200 0.012800
0.325600 0.235200 0.011200
0.340800 0.235200 0.011200
0.452000 0.235200 0.008800
0.272800 0.236000 0.013600
0.290400 0.236000 0.013600
0.904000 0.238400 0.020000
0.417600 0.254400 0.012800
0.466400 0.256800 0.011200
0.483200 0.256800 0.011200
0.500800 0.256800 0.011200
0.522400 0.256800 0.013600
0.544000 0.256800 0.011200
0.433600 0.257600 0.008800
0.449600 0.257600 0.011200
0.557600 0.257600 0.008000
0.573600 0.257600 0.011200
0.861600 0.308000 0.005600
0.844000 0.308800 0.005600
0.852800 0.308800 0.005600
0.636800 0.309600 0.011200
0.751200 0.309600 0.007200
0.760800 0.309600 0.004800
0.777600 0.309600 0.008000
0.833600 0.309600 0.007200
0.209600 0.310400 0.007200
0.248000 0.310400 0.005600
0.272800 0.310400 0.008800
0.603200 0.310400 0.005600
0.612800 0.310400 0.007200
0.623200 0.310400 0.007200
0.650400 0.310400 0.008800
0.682400 0.310400 0.008000
0.713600 0.310400 0.007200
0.728000 0.310400 0.010400
0.766400 0.310400 0.009600
0.788800 0.310400 0.007200
0.823200 0.310400 0.008800
0.872000 0.310400 0.014400
0.172800 0.311200 0.008800
0.199200 0.311200 0.006400
0.220800 0.311200 0.006400
0.230400 0.311200 0.005600
0.240000 0.311200 0.005600
0.284800 0.311200 0.008800
0.297600 0.311200 0.012000
0.304000 0.311200 0.011200
0.590400 0.311200 0.008800
0.662400 0.311200 0.007200
0.672000 0.311200 0.005600
0.694400 0.311200 0.005600
0.704000 0.311200 0.005600
0.741600 0.311200 0.007200
0.800000 0.311200 0.007200
0.809600 0.311200 0.008800
0.161600 0.312000 0.007200
0.187200 0.312000 0.008800
0.259200 0.312000 0.009600
0.314400 0.312000 0.008800
0.328800 0.312000 0.008800
0.342400 0.312000 0.008000
0.356000 0.312000 0.008800
0.368800 0.312000 0.008000
0.134400 0.312800 0.011200
0.150400 0.312800 0.008800
0.421600 0.312800 0.011200
0.436000 0.312800 0.007200
0.546400 0.312800 0.012000
0.554400 0.312800 0.005600
0.566400 0.312800 0.008800
0.579200 0.312800 0.007200
0.380000 0.313600 0.005600
0.427200 0.313600 0.004800
0.445600 0.313600 0.004000
0.497600 0.313600 0.007200
0.396800 0.314400 0.012800
0.408000 0.314400 0.011200
0.452000 0.314400 0.005600
0.486400 0.314400 0.008000
0.508000 0.314400 0.007200
0.519200 0.314400 0.008000
0.529600 0.314400 0.011200
0.388800 0.315200 0.005600
0.461600 0.315200 0.007200
0.473600 0.316000 0.008800
0.754400 0.328800 0.011200
0.304800 0.329600 0.008000
0.759200 0.329600 0.011200
0.769600 0.329600 0.011200
0.784000 0.329600 0.011200
0.152000 0.330400 0.008800
0.164800 0.330400 0.007200
0.273600 0.330400 0.007200
0.282400 0.330400 0.004800
0.317600 0.330400 0.007200
0.327200 0.330400 0.007200
0.339200 0.330400 0.007200
0.348000 0.330400 0.004800
0.626400 0.330400 0.009600
0.708800 0.330400 0.005600
0.718400 0.330400 0.007200
0.730400 0.330400 0.007200
0.744800 0.330400 0.008000
0.776000 0.330400 0.004000
0.789600 0.330400 0.005600
0.851200 0.330400 0.008800
0.186400 0.331200 0.005600
0.220000 0.331200 0.007200
0.230400 0.331200 0.005600
0.251200 0.331200 0.007200
0.262400 0.331200 0.007200
0.292000 0.331200 0.008000
0.356800 0.331200 0.008000
0.380800 0.331200 0.007200
0.470400 0.331200 0.008000
0.612000 0.331200 0.009600
0.671200 0.331200 0.009600
0.686400 0.331200 0.010400
0.702400 0.331200 0.010400
0.798400 0.331200 0.011200
0.176000 0.332000 0.005600
0.196000 0.332000 0.007200
0.208000 0.332000 0.008800
0.240800 0.332000 0.007200
0.368800 0.332000 0.007200
0.391200 0.332000 0.007200
0.404800 0.332000 0.008800
0.419200 0.332000 0.005600
0.640800 0.332000 0.008800
0.655200 0.332000 0.008800
0.812000 0.332000 0.007200
0.825600 0.332000 0.011200
0.841600 0.332000 0.005600
0.865600 0.332000 0.008800
0.875200 0.332000 0.008800
0.136800 0.332800 0.010400
0.483200 0.332800 0.007200
0.504000 0.332800 0.007200
0.514400 0.332800 0.009600
0.565600 0.332800 0.010400
0.427200 0.333600 0.005600
0.454400 0.333600 0.008800
0.493600 0.333600 0.005600
0.552000 0.333600 0.008000
0.440800 0.334400 0.008800
0.528800 0.334400 0.007200
0.540800 0.336000 0.007200
0.346400 0.348800 0.008000
0.320800 0.349600 0.007200
0.333600 0.349600 0.008800
0.358400 0.349600 0.008000
0.368800 0.349600 0.006400
0.379200 0.349600 0.007200
0.389600 0.349600 0.005600
0.576800 0.349600 0.005600
0.583200 0.349600 0.018400
0.593600 0.349600 0.008000
0.689600 0.349600 0.013600
0.724800 0.349600 0.004800
0.796000 0.349600 0.011200
0.233600 0.350400 0.005600
0.396800 0.350400 0.005600
0.605600 0.350400 0.005600
0.669600 0.350400 0.008000
0.680800 0.350400 0.005600
0.703200 0.350400 0.008800
0.715200 0.350400 0.007200
0.731200 0.350400 0.005600
0.745600 0.350400 0.010400
0.780800 0.350400 0.016000
0.810400 0.350400 0.008000
0.208800 0.351200 0.008000
0.221600 0.351200 0.008800
0.240000 0.351200 0.011200
0.252000 0.351200 0.008800
0.265600 0.351200 0.008000
0.279200 0.351200 0.013600
0.308000 0.351200 0.008800
0.406400 0.351200 0.013600
0.614400 0.351200 0.005600
0.622400 0.351200 0.013600
0.632800 0.351200 0.008800
0.645600 0.351200 0.008000
0.656800 0.351200 0.008800
0.759200 0.351200 0.007200
0.770400 0.351200 0.007200
0.820800 0.351200 0.007200
0.838400 0.351200 0.012000
0.859200 0.351200 0.011200
0.157600 0.352000 0.005600
0.168000 0.352000 0.007200
0.198400 0.352000 0.007200
0.428000 0.352000 0.008000
0.566400 0.352000 0.008000
0.828800 0.352000 0.005600
0.872000 0.352000 0.013600
0.136800 0.352800 0.016800
0.148000 0.352800 0.007200
0.297600 0.352800 0.008800
0.438400 0.352800 0.007200
0.505600 0.352800 0.004800
0.512800 0.352800 0.005600
0.522400 0.352800 0.005600
0.530400 0.352800 0.005600
0.541600 0.352800 0.008000
0.553600 0.352800 0.008000
0.451200 0.353600 0.008000
0.461600 0.353600 0.008000
0.492800 0.353600 0.016000
0.185600 0.354400 0.011200
0.416000 0.354400 0.017600
0.473600 0.354400 0.006400
0.483200 0.354400 0.005600
