0.221600 0.053600 0.021600
0.206400 0.055200 0.008800
0.184000 0.056000 0.007200
0.194400 0.056000 0.008000
0.153600 0.056800 0.016800
0.172000 0.056800 0.008800
0.859200 0.064000 0.019200
0.460800 0.086400 0.008000
0.450400 0.087200 0.005600
0.484000 0.087200 0.005600
0.493600 0.087200 0.008800
0.230400 0.088000 0.008800
0.284800 0.088000 0.011200
0.324800 0.088000 0.008800
0.348000 0.088000 0.005600
0.392000 0.088000 0.011200
0.406400 0.088000 0.011200
0.419200 0.088000 0.008800
0.431200 0.088000 0.007200
0.441600 0.088000 0.005600
0.473600 0.088000 0.007200
0.506400 0.088000 0.008800
0.254400 0.088800 0.008800
0.311200 0.088800 0.008800
0.337600 0.088800 0.007200
0.357600 0.088800 0.007200
0.576000 0.088800 0.005600
0.610400 0.088800 0.008800
0.129600 0.089600 0.015200
0.200800 0.089600 0.008800
0.213600 0.089600 0.008800
0.241600 0.089600 0.007200
0.271200 0.089600 0.010400
0.298400 0.089600 0.008800
0.368800 0.089600 0.007200
0.377600 0.089600 0.005600
0.520000 0.089600 0.010400
0.544000 0.089600 0.005600
0.555200 0.089600 0.008000
0.567200 0.089600 0.007200
0.585600 0.089600 0.007200
0.598400 0.089600 0.008000
0.624800 0.089600 0.008800
0.139200 0.090400 0.007200
0.170400 0.090400 0.007200
0.184000 0.090400 0.010400
0.535200 0.090400 0.005600
0.640000 0.090400 0.008800
0.088000 0.091200 0.032800
0.150400 0.091200 0.007200
0.160800 0.091200 0.007200
0.654400 0.091200 0.010400
0.069600 0.092000 0.026400
0.672000 0.092000 0.008800
0.683200 0.092800 0.005600
0.690400 0.092800 0.005600
0.098400 0.093600 0.020800
0.704800 0.094400 0.012000
0.713600 0.094400 0.005600
0.724000 0.094400 0.008800
0.738400 0.095200 0.009600
0.752800 0.095200 0.008800
0.778400 0.095200 0.008000
0.766400 0.096000 0.008800
0.790400 0.096000 0.008800
0.806400 0.096000 0.011200
0.876000 0.096000 0.011200
0.820800 0.096800 0.008800
0.833600 0.096800 0.008800
0.847200 0.096800 0.008800
0.860800 0.096800 0.008800
0.432000 0.107200 0.010400
0.444000 0.107200 0.008000
0.252000 0.108000 0.007200
0.417600 0.108000 0.005600
0.456000 0.108000 0.009600
0.472000 0.108000 0.008800
0.503200 0.108000 0.008800
0.516000 0.108000 0.008000
0.527200 0.108000 0.008000
0.549600 0.108000 0.007200
0.562400 0.108000 0.008800
0.600800 0.108000 0.008800
0.175200 0.108800 0.011200
0.189600 0.108800 0.008800
0.202400 0.108800 0.008000
0.214400 0.108800 0.007200
0.224800 0.108800 0.013600
0.241600 0.108800 0.005600
0.263200 0.108800 0.007200
0.272800 0.108800 0.005600
0.284000 0.108800 0.007200
0.295200 0.108800 0.012800
0.301600 0.108800 0.011200
0.326400 0.108800 0.008800
0.339200 0.108800 0.008800
0.352000 0.108800 0.008800
0.367200 0.108800 0.008800
0.379200 0.108800 0.010400
0.407200 0.108800 0.007200
0.484000 0.108800 0.007200
0.493600 0.108800 0.005600
0.539200 0.108800 0.007200
0.574400 0.108800 0.008000
0.587200 0.108800 0.008000
0.643200 0.108800 0.008800
0.129600 0.109600 0.011200
0.164800 0.109600 0.007200
0.183200 0.109600 0.003200
0.314400 0.109600 0.008800
0.398400 0.109600 0.012800
0.615200 0.109600 0.008800
0.628800 0.109600 0.008800
0.659200 0.109600 0.008800
0.672800 0.109600 0.008800
0.139200 0.110400 0.007200
0.153600 0.110400 0.008800
0.685600 0.112000 0.005600
0.695200 0.112800 0.005600
0.705600 0.112800 0.008000
0.765600 0.112800 0.008800
0.722400 0.113600 0.010400
0.736000 0.113600 0.008800
0.750400 0.113600 0.008800
0.778400 0.114400 0.007200
0.816000 0.115200 0.010400
0.829600 0.115200 0.007200
0.842400 0.115200 0.008000
0.865600 0.115200 0.008000
0.854400 0.116000 0.007200
0.795200 0.116800 0.011200
0.877600 0.116800 0.011200
0.808000 0.117600 0.005600
0.289600 0.127200 0.008800
0.139200 0.128000 0.008000
0.152800 0.128000 0.008800
0.436800 0.128000 0.005600
0.442400 0.128000 0.010400
0.466400 0.128000 0.011200
0.485600 0.128000 0.011200
0.531200 0.128000 0.008000
0.077600 0.128800 0.018400
0.129600 0.128800 0.008800
0.168800 0.128800 0.008800
0.193600 0.128800 0.008000
0.205600 0.128800 0.011200
0.232000 0.128800 0.008000
0.275200 0.128800 0.008800
0.316800 0.128800 0.007200
0.325600 0.128800 0.005600
0.348000 0.128800 0.008000
0.357600 0.128800 0.004800
0.425600 0.128800 0.008000
0.454400 0.128800 0.008000
0.473600 0.128800 0.005600
0.510400 0.128800 0.012800
0.519200 0.128800 0.008800
0.545600 0.128800 0.009600
0.561600 0.128800 0.008800
0.592800 0.128800 0.008800
0.180800 0.129600 0.008800
0.221600 0.129600 0.007200
0.246400 0.129600 0.008800
0.260800 0.129600 0.009600
0.303200 0.129600 0.008800
0.336000 0.129600 0.007200
0.364800 0.129600 0.008800
0.375200 0.129600 0.008800
0.388800 0.129600 0.008800
0.493600 0.129600 0.007200
0.573600 0.129600 0.011200
0.606400 0.129600 0.008000
0.400800 0.130400 0.010400
0.416000 0.130400 0.005600
0.619200 0.130400 0.007200
0.643200 0.130400 0.008800
0.656000 0.130400 0.005600
0.629600 0.131200 0.008000
0.663200 0.131200 0.005600
0.673600 0.132000 0.008800
0.687200 0.132800 0.008800
0.698400 0.132800 0.007200
0.728000 0.132800 0.007200
0.718400 0.133600 0.005600
0.741600 0.133600 0.008800
0.784800 0.133600 0.007200
0.856000 0.133600 0.008800
0.708800 0.134400 0.005600
0.757600 0.134400 0.008800
0.772000 0.134400 0.008800
0.828800 0.134400 0.008800
0.842400 0.134400 0.008800
0.816800 0.135200 0.007200
0.795200 0.136000 0.007200
0.806400 0.136000 0.007200
0.871200 0.136000 0.010400
0.130400 0.148000 0.011200
0.144800 0.148800 0.010400
0.328800 0.148800 0.007200
0.340000 0.148800 0.008800
0.354400 0.148800 0.008000
0.408800 0.148800 0.009600
0.447200 0.148800 0.007200
0.456800 0.148800 0.008800
0.480000 0.148800 0.007200
0.508800 0.148800 0.008800
0.544000 0.148800 0.008800
0.576800 0.148800 0.007200
0.652800 0.148800 0.003200
0.168800 0.149600 0.008000
0.214400 0.149600 0.008800
0.244000 0.149600 0.008000
0.319200 0.149600 0.005600
0.368000 0.149600 0.008800
0.436800 0.149600 0.007200
0.469600 0.149600 0.005600
0.493600 0.149600 0.011200
0.520800 0.149600 0.008000
0.557600 0.149600 0.008800
0.588800 0.149600 0.007200
0.182400 0.150400 0.010400
0.224000 0.150400 0.005600
0.233600 0.150400 0.007200
0.255200 0.150400 0.005600
0.265600 0.150400 0.008000
0.298400 0.150400 0.011200
0.311200 0.150400 0.013600
0.380800 0.150400 0.008000
0.392000 0.150400 0.008800
0.426400 0.150400 0.013600
0.532000 0.150400 0.005600
0.567200 0.150400 0.005600
0.599200 0.150400 0.006400
0.645600 0.150400 0.005600
0.696000 0.150400 0.008800
0.159200 0.151200 0.008800
0.196800 0.151200 0.011200
0.278400 0.151200 0.011200
0.609600 0.151200 0.007200
0.620800 0.151200 0.008800
0.634400 0.151200 0.008000
0.659200 0.151200 0.011200
0.670400 0.151200 0.008000
0.682400 0.151200 0.008800
0.711200 0.152800 0.010400
0.725600 0.153600 0.008800
0.738400 0.153600 0.010400
0.760000 0.153600 0.013600
0.769600 0.154400 0.007200
0.781600 0.155200 0.008800
0.860800 0.155200 0.010400
0.794400 0.156000 0.007200
0.805600 0.156000 0.007200
0.816800 0.156000 0.007200
0.846400 0.156000 0.008800
0.877600 0.156000 0.011200
0.833600 0.156800 0.013600
0.826400 0.157600 0.005600
0.322400 0.190400 0.005600
0.329600 0.190400 0.013600
0.460800 0.190400 0.013600
0.603200 0.190400 0.013600
0.382400 0.191200 0.011200
0.403200 0.191200 0.013600
0.478400 0.191200 0.011200
0.544800 0.191200 0.013600
0.564800 0.191200 0.013600
0.355200 0.192000 0.019200
0.424800 0.192000 0.011200
0.447200 0.192000 0.016800
0.582400 0.192000 0.012800
0.639200 0.192000 0.011200
0.252800 0.192800 0.022400
0.290400 0.192800 0.013600
0.308000 0.192800 0.011200
0.368800 0.192800 0.008800
0.439200 0.192800 0.016800
0.497600 0.192800 0.015200
0.524000 0.192800 0.016800
0.265600 0.193600 0.013600
0.622400 0.193600 0.011200
0.656000 0.194400 0.012800
0.680000 0.196000 0.013600
0.696800 0.196800 0.011200
0.713600 0.198400 0.011200
0.733600 0.198400 0.012800
0.444800 0.220000 0.008000
0.611200 0.220000 0.012800
0.392800 0.220800 0.011200
0.408800 0.220800 0.015200
0.430400 0.220800 0.008800
0.454400 0.220800 0.015200
0.263200 0.221600 0.016800
0.307200 0.221600 0.008800
0.320000 0.221600 0.008800
0.349600 0.221600 0.011200
0.364000 0.221600 0.019200
0.416800 0.221600 0.016800
0.480000 0.221600 0.015200
0.591200 0.221600 0.012800
0.698400 0.221600 0.011200
0.297600 0.222400 0.016000
0.334400 0.222400 0.011200
0.373600 0.222400 0.015200
0.503200 0.222400 0.013600
0.628000 0.222400 0.008800
0.640800 0.222400 0.008800
0.656800 0.222400 0.012800
0.680800 0.222400 0.013600
0.284000 0.223200 0.011200
0.530400 0.223200 0.015200
0.549600 0.223200 0.011200
0.569600 0.223200 0.013600
0.661600 0.223200 0.013600
0.719200 0.223200 0.013600
0.418400 0.244000 0.011200
0.436000 0.244800 0.012800
0.364000 0.245600 0.016800
0.372800 0.245600 0.016800
0.456800 0.245600 0.013600
0.316800 0.246400 0.011200
0.386400 0.246400 0.008800
0.401600 0.246400 0.011200
0.700000 0.246400 0.011200
0.350400 0.247200 0.011200
0.667200 0.247200 0.012800
0.683200 0.247200 0.010400
0.717600 0.247200 0.013600
0.262400 0.248000 0.013600
0.280000 0.248000 0.011200
0.297600 0.248000 0.011200
0.333600 0.248000 0.011200
0.476000 0.248000 0.011200
0.596800 0.248000 0.016800
0.494400 0.248800 0.011200
0.512000 0.248800 0.015200
0.565600 0.248800 0.011200
0.581600 0.248800 0.011200
0.624800 0.248800 0.013600
0.644000 0.248800 0.013600
0.548800 0.249600 0.011200
0.533600 0.250400 0.011200
0.459200 0.271200 0.016800
0.471200 0.272000 0.013600
0.757600 0.292800 0.016000
0.763200 0.292800 0.013600
0.775200 0.292800 0.015200
0.184000 0.293600 0.008800
0.197600 0.293600 0.008800
0.249600 0.293600 0.011200
0.368000 0.293600 0.004800
0.748000 0.293600 0.013600
0.155200 0.294400 0.008800
0.170400 0.294400 0.008000
0.212000 0.294400 0.008800
0.409600 0.294400 0.011200
0.129600 0.295200 0.010400
0.144000 0.295200 0.007200
0.224800 0.295200 0.008800
0.236800 0.295200 0.007200
0.324000 0.295200 0.008000
0.336000 0.295200 0.005600
0.344800 0.295200 0.005600
0.354400 0.295200 0.013600
0.374400 0.295200 0.011200
0.384800 0.295200 0.008000
0.396000 0.295200 0.008800
0.436000 0.295200 0.007200
0.456800 0.295200 0.008800
0.800800 0.295200 0.014400
0.810400 0.295200 0.007200
0.880800 0.295200 0.011200
0.276000 0.296000 0.010400
0.282400 0.296000 0.004800
0.290400 0.296000 0.005600
0.311200 0.296000 0.008000
0.360800 0.296000 0.011200
0.425600 0.296000 0.008800
0.444800 0.296000 0.005600
0.480000 0.296000 0.008000
0.820000 0.296000 0.008800
0.849600 0.296000 0.008800
0.864000 0.296000 0.011200
0.265600 0.296800 0.007200
0.300000 0.296800 0.005600
0.521600 0.296800 0.011200
0.537600 0.296800 0.007200
0.632800 0.296800 0.008800
0.724800 0.296800 0.011200
0.834400 0.296800 0.009600
0.470400 0.297600 0.007200
0.494400 0.297600 0.010400
0.548000 0.297600 0.007200
0.559200 0.297600 0.007200
0.576800 0.297600 0.013600
0.648000 0.297600 0.009600
0.663200 0.297600 0.008800
0.674400 0.297600 0.007200
0.686400 0.297600 0.008000
0.698400 0.297600 0.008000
0.568800 0.298400 0.005600
0.601600 0.298400 0.012000
0.621600 0.298400 0.008800
0.509600 0.299200 0.008800
0.710400 0.299200 0.011200
0.589600 0.300000 0.008800
0.129600 0.311200 0.011200
0.169600 0.311200 0.008800
0.141600 0.312800 0.007200
0.153600 0.312800 0.009600
0.194400 0.312800 0.008800
0.385600 0.312800 0.008800
0.184800 0.313600 0.008000
0.208000 0.313600 0.010400
0.374400 0.313600 0.008000
0.392800 0.313600 0.011200
0.405600 0.313600 0.008800
0.436000 0.313600 0.008800
0.328000 0.314400 0.010400
0.342400 0.314400 0.007200
0.353600 0.314400 0.007200
0.363200 0.314400 0.007200
0.421600 0.314400 0.008800
0.461600 0.314400 0.007200
0.224800 0.315200 0.008800
0.260000 0.315200 0.007200
0.274400 0.315200 0.010400
0.284000 0.315200 0.007200
0.449600 0.315200 0.008000
0.473600 0.315200 0.007200
0.485600 0.315200 0.008800
0.498400 0.315200 0.005600
0.758400 0.315200 0.008800
0.771200 0.315200 0.008800
0.783200 0.315200 0.013600
0.238400 0.316000 0.007200
0.249600 0.316000 0.007200
0.269600 0.316000 0.011200
0.295200 0.316000 0.007200
0.305600 0.316000 0.007200
0.316800 0.316000 0.007200
0.504800 0.316000 0.005600
0.527200 0.316000 0.008000
0.788000 0.316000 0.011200
0.516000 0.316800 0.008000
0.542400 0.316800 0.011200
0.559200 0.316800 0.008000
0.570400 0.316800 0.008000
0.611200 0.316800 0.008800
0.641600 0.316800 0.008800
0.736800 0.316800 0.007200
0.746400 0.316800 0.007200
0.799200 0.316800 0.011200
0.824000 0.316800 0.005600
0.832000 0.316800 0.012800
0.870400 0.316800 0.008800
0.880800 0.316800 0.011200
0.583200 0.317600 0.007200
0.596800 0.317600 0.008800
0.626400 0.317600 0.008800
0.656000 0.317600 0.008800
0.668800 0.317600 0.008800
0.684800 0.317600 0.011200
0.815200 0.317600 0.007200
0.851200 0.317600 0.011200
0.700000 0.318400 0.007200
0.711200 0.318400 0.008000
0.724800 0.318400 0.008800
0.838400 0.318400 0.011200
0.860000 0.318400 0.005600
0.127200 0.332000 0.016800
0.137600 0.332000 0.008000
0.169600 0.332000 0.008000
0.180800 0.332000 0.007200
0.149600 0.332800 0.008800
0.160000 0.332800 0.005600
0.193600 0.332800 0.008800
0.291200 0.332800 0.009600
0.305600 0.332800 0.008800
0.322400 0.332800 0.008800
0.333600 0.332800 0.008000
0.347200 0.332800 0.008800
0.382400 0.332800 0.007200
0.395200 0.332800 0.008800
0.432000 0.332800 0.007200
0.236000 0.333600 0.008000
0.280800 0.333600 0.008800
0.360800 0.333600 0.007200
0.371200 0.333600 0.005600
0.442400 0.333600 0.006400
0.465600 0.333600 0.008800
0.480800 0.333600 0.008800
0.493600 0.333600 0.008800
0.208800 0.334400 0.009600
0.224000 0.334400 0.008000
0.248800 0.334400 0.008800
0.262400 0.334400 0.011200
0.408000 0.334400 0.008000
0.420800 0.334400 0.007200
0.453600 0.334400 0.007200
0.509600 0.334400 0.008800
0.528800 0.334400 0.004800
0.521600 0.335200 0.010400
0.540000 0.335200 0.008800
0.864000 0.335200 0.007200
0.573600 0.336000 0.010400
0.578400 0.336000 0.008800
0.876000 0.336000 0.016800
0.553600 0.336800 0.008800
0.565600 0.336800 0.005600
0.588000 0.336800 0.007200
0.599200 0.336800 0.008000
0.660800 0.336800 0.009600
0.772000 0.336800 0.008000
0.783200 0.336800 0.008800
0.800800 0.336800 0.008800
0.813600 0.336800 0.008000
0.824800 0.336800 0.008000
0.837600 0.336800 0.012800
0.844000 0.336800 0.008800
0.854400 0.336800 0.005600
0.616000 0.337600 0.010400
0.644800 0.337600 0.008800
0.728800 0.337600 0.008000
0.756800 0.337600 0.010400
0.631200 0.338400 0.010400
0.676800 0.338400 0.008800
0.688800 0.338400 0.008000
0.704800 0.338400 0.010400
0.718400 0.338400 0.007200
0.742400 0.338400 0.008800
0.305600 0.350400 0.008800
0.316000 0.351200 0.007200
0.328000 0.351200 0.011200
0.375200 0.351200 0.008800
0.344800 0.352000 0.008800
0.359200 0.352000 0.009600
0.388000 0.352000 0.008800
0.400000 0.352000 0.007200
0.410400 0.352000 0.008800
0.530400 0.352000 0.011200
0.424000 0.352800 0.010400
0.440000 0.352800 0.008800
0.535200 0.352800 0.011200
0.520000 0.353600 0.007200
0.548000 0.353600 0.008800
0.644800 0.353600 0.011200
0.700800 0.353600 0.010400
0.456000 0.354400 0.008800
0.467200 0.354400 0.007200
0.478400 0.354400 0.008800
0.493600 0.354400 0.011200
0.562400 0.354400 0.008800
0.619200 0.354400 0.008800
0.670400 0.354400 0.012000
0.509600 0.355200 0.008800
0.573600 0.355200 0.010400
0.579200 0.355200 0.011200
0.596800 0.355200 0.008000
0.585600 0.356000 0.005600
0.606400 0.356000 0.005600
0.726400 0.356000 0.011200
0.932000 0.357600 0.016000
