0.221600 0.059200 0.020800
0.195200 0.060000 0.008800
0.207200 0.060000 0.008800
0.151200 0.060800 0.026400
0.184000 0.060800 0.007200
0.171200 0.061600 0.011200
0.850400 0.062400 0.024800
0.864800 0.063200 0.027200
0.602400 0.069600 0.007200
0.592000 0.072800 0.015200
0.123200 0.092800 0.016800
0.133600 0.093600 0.008800
0.152000 0.093600 0.010400
0.168800 0.093600 0.009600
0.192000 0.093600 0.008800
0.205600 0.093600 0.009600
0.239200 0.093600 0.007200
0.180000 0.094400 0.008000
0.218400 0.094400 0.005600
0.227200 0.094400 0.007200
0.250400 0.094400 0.007200
0.263200 0.094400 0.008800
0.275200 0.094400 0.007200
0.640800 0.094400 0.007200
0.716800 0.094400 0.013600
0.067200 0.095200 0.013600
0.086400 0.095200 0.022400
0.285600 0.095200 0.007200
0.300000 0.095200 0.009600
0.704000 0.095200 0.008800
0.328000 0.096000 0.008000
0.352800 0.096000 0.008800
0.379200 0.096000 0.008800
0.392800 0.096000 0.010400
0.602400 0.096000 0.011200
0.616800 0.096000 0.008800
0.629600 0.096000 0.008000
0.733600 0.096000 0.008800
0.313600 0.096800 0.008800
0.340000 0.096800 0.008800
0.365600 0.096800 0.008800
0.586400 0.096800 0.008800
0.648800 0.096800 0.004800
0.657600 0.096800 0.008800
0.670400 0.096800 0.008000
0.692000 0.096800 0.007200
0.722400 0.096800 0.013600
0.749600 0.096800 0.010400
0.763200 0.096800 0.011200
0.849600 0.096800 0.011200
0.504000 0.097600 0.008000
0.541600 0.097600 0.007200
0.554400 0.097600 0.008800
0.565600 0.097600 0.007200
0.576000 0.097600 0.007200
0.682400 0.097600 0.007200
0.776800 0.097600 0.008800
0.800000 0.097600 0.008000
0.836000 0.097600 0.008800
0.864800 0.097600 0.011200
0.408000 0.098400 0.008800
0.420000 0.098400 0.011200
0.434400 0.098400 0.005600
0.466400 0.098400 0.008800
0.480800 0.098400 0.008800
0.492800 0.098400 0.007200
0.516800 0.098400 0.008800
0.532000 0.098400 0.013600
0.788800 0.098400 0.008800
0.812000 0.098400 0.007200
0.821600 0.098400 0.008800
0.856800 0.098400 0.005600
0.441600 0.099200 0.005600
0.451200 0.099200 0.008800
0.136800 0.112800 0.007200
0.146400 0.112800 0.005600
0.166400 0.112800 0.008800
0.153600 0.113600 0.005600
0.179200 0.113600 0.008800
0.125600 0.114400 0.008800
0.193600 0.114400 0.008800
0.256800 0.114400 0.007200
0.268800 0.114400 0.007200
0.204800 0.115200 0.007200
0.214400 0.115200 0.008800
0.227200 0.115200 0.008800
0.246400 0.115200 0.005600
0.280000 0.115200 0.008800
0.296000 0.115200 0.008800
0.305600 0.115200 0.007200
0.237600 0.116000 0.006400
0.395200 0.116000 0.007200
0.628800 0.116000 0.009600
0.654400 0.116000 0.008000
0.667200 0.116000 0.008800
0.830400 0.116000 0.004800
0.836800 0.116000 0.011200
0.870400 0.116000 0.013600
0.317600 0.116800 0.008800
0.332800 0.116800 0.008000
0.356800 0.116800 0.009600
0.382400 0.116800 0.008000
0.417600 0.116800 0.008800
0.567200 0.116800 0.005600
0.582400 0.116800 0.007200
0.623200 0.116800 0.003200
0.642400 0.116800 0.008800
0.818400 0.116800 0.008800
0.847200 0.116800 0.011200
0.863200 0.116800 0.008800
0.343200 0.117600 0.008800
0.405600 0.117600 0.007200
0.432000 0.117600 0.008000
0.473600 0.117600 0.011200
0.496000 0.117600 0.007200
0.548000 0.117600 0.005600
0.557600 0.117600 0.005600
0.592000 0.117600 0.005600
0.602400 0.117600 0.008800
0.615200 0.117600 0.011200
0.680000 0.117600 0.008800
0.718400 0.117600 0.011200
0.729600 0.117600 0.008800
0.743200 0.117600 0.007200
0.754400 0.117600 0.007200
0.763200 0.117600 0.005600
0.775200 0.117600 0.008800
0.792000 0.117600 0.008800
0.806400 0.117600 0.008800
0.371200 0.118400 0.007200
0.444000 0.118400 0.008800
0.467200 0.118400 0.004800
0.485600 0.118400 0.008000
0.536800 0.118400 0.008000
0.573600 0.118400 0.004800
0.692800 0.118400 0.005600
0.700000 0.118400 0.005600
0.457600 0.119200 0.008000
0.508800 0.119200 0.013600
0.526400 0.119200 0.007200
0.075200 0.127200 0.017600
0.125600 0.132800 0.013600
0.269600 0.132800 0.008800
0.135200 0.133600 0.013600
0.151200 0.133600 0.005600
0.160000 0.133600 0.011200
0.164000 0.133600 0.008800
0.256800 0.133600 0.008800
0.173600 0.134400 0.008800
0.188800 0.134400 0.008800
0.225600 0.134400 0.008800
0.240800 0.134400 0.010400
0.203200 0.135200 0.007200
0.213600 0.135200 0.005600
0.283200 0.135200 0.008800
0.295200 0.136000 0.005600
0.307200 0.136000 0.008800
0.322400 0.136800 0.009600
0.335200 0.136800 0.007200
0.380000 0.136800 0.005600
0.389600 0.136800 0.008000
0.413600 0.136800 0.008800
0.428000 0.136800 0.008800
0.441600 0.136800 0.011200
0.731200 0.136800 0.007200
0.744000 0.136800 0.009600
0.792000 0.136800 0.008800
0.838400 0.136800 0.008800
0.853600 0.136800 0.009600
0.867200 0.136800 0.011200
0.346400 0.137600 0.007200
0.356800 0.137600 0.007200
0.401600 0.137600 0.007200
0.547200 0.137600 0.008800
0.709600 0.137600 0.008000
0.720800 0.137600 0.007200
0.758400 0.137600 0.007200
0.816000 0.137600 0.005600
0.825600 0.137600 0.007200
0.368000 0.138400 0.008800
0.457600 0.138400 0.008000
0.468800 0.138400 0.007200
0.479200 0.138400 0.007200
0.535200 0.138400 0.008800
0.560000 0.138400 0.011200
0.628800 0.138400 0.008800
0.643200 0.138400 0.013600
0.684800 0.138400 0.008000
0.696800 0.138400 0.008800
0.768000 0.138400 0.007200
0.778400 0.138400 0.007200
0.802400 0.138400 0.011200
0.489600 0.139200 0.007200
0.588800 0.139200 0.013600
0.605600 0.139200 0.011200
0.616800 0.139200 0.008800
0.500000 0.140000 0.005600
0.660800 0.140000 0.007200
0.672000 0.140000 0.008800
0.510400 0.140800 0.015200
0.160000 0.162400 0.019200
0.200000 0.162400 0.005600
0.288800 0.162400 0.011200
0.172000 0.163200 0.010400
0.189600 0.163200 0.012800
0.208000 0.163200 0.013600
0.224800 0.163200 0.011200
0.256800 0.164000 0.011200
0.272800 0.164000 0.011200
0.326400 0.164000 0.011200
0.853600 0.164000 0.016800
0.241600 0.164800 0.008800
0.308000 0.164800 0.012000
0.342400 0.166400 0.008800
0.442400 0.166400 0.005600
0.449600 0.166400 0.013600
0.508800 0.166400 0.016800
0.359200 0.167200 0.011200
0.378400 0.167200 0.012800
0.430400 0.167200 0.008800
0.464000 0.167200 0.011200
0.700000 0.167200 0.019200
0.720000 0.167200 0.011200
0.395200 0.168000 0.011200
0.421600 0.168000 0.005600
0.481600 0.168000 0.011200
0.496800 0.168000 0.008800
0.515200 0.168000 0.012800
0.528800 0.168000 0.008800
0.539200 0.168000 0.004800
0.548000 0.168000 0.007200
0.566400 0.168000 0.016800
0.611200 0.168000 0.016800
0.686400 0.168000 0.008800
0.740000 0.168000 0.011200
0.761600 0.168000 0.013600
0.788800 0.168000 0.008800
0.802400 0.168000 0.008800
0.818400 0.168000 0.011200
0.412000 0.168800 0.007200
0.596000 0.168800 0.011200
0.620800 0.168800 0.016000
0.776000 0.168800 0.009600
0.580000 0.169600 0.008800
0.650400 0.169600 0.016800
0.657600 0.169600 0.015200
0.832000 0.169600 0.011200
0.636000 0.170400 0.011200
0.674400 0.170400 0.011200
0.856000 0.176800 0.008800
0.857600 0.185600 0.005600
0.098400 0.186400 0.032800
0.161600 0.186400 0.013600
0.179200 0.187200 0.011200
0.210400 0.188000 0.011200
0.228000 0.188800 0.011200
0.192800 0.189600 0.008800
0.243200 0.189600 0.011200
0.297600 0.189600 0.012800
0.259200 0.190400 0.010400
0.276000 0.190400 0.011200
0.322400 0.191200 0.012000
0.344000 0.191200 0.011200
0.360000 0.191200 0.010400
0.376000 0.192000 0.011200
0.393600 0.192000 0.015200
0.111200 0.192800 0.028000
0.416000 0.192800 0.008800
0.430400 0.192800 0.011200
0.522400 0.192800 0.011200
0.447200 0.193600 0.011200
0.475200 0.193600 0.008800
0.488000 0.193600 0.008800
0.540000 0.193600 0.012800
0.588800 0.193600 0.005600
0.460800 0.194400 0.008800
0.505600 0.194400 0.011200
0.717600 0.194400 0.011200
0.801600 0.194400 0.012800
0.822400 0.194400 0.012800
0.563200 0.195200 0.012800
0.577600 0.195200 0.008800
0.596000 0.195200 0.013600
0.768000 0.195200 0.008800
0.785600 0.195200 0.011200
0.636800 0.196000 0.010400
0.703200 0.196000 0.008800
0.736000 0.196000 0.011200
0.752800 0.196000 0.011200
0.836800 0.196000 0.009600
0.609600 0.196800 0.008800
0.653600 0.196800 0.011200
0.668800 0.196800 0.011200
0.684800 0.196800 0.013600
0.857600 0.196800 0.008800
0.623200 0.197600 0.008800
0.854400 0.210400 0.010400
0.180000 0.213600 0.011200
0.144000 0.214400 0.026400
0.290400 0.214400 0.016800
0.296800 0.214400 0.012800
0.162400 0.215200 0.011200
0.195200 0.215200 0.010400
0.225600 0.215200 0.011200
0.313600 0.215200 0.011200
0.329600 0.215200 0.011200
0.209600 0.216000 0.008800
0.240000 0.216000 0.013600
0.247200 0.216000 0.013600
0.260000 0.216000 0.013600
0.278400 0.216000 0.008800
0.348800 0.216000 0.012800
0.365600 0.217600 0.011200
0.384000 0.217600 0.011200
0.400800 0.218400 0.011200
0.422400 0.218400 0.011200
0.436800 0.218400 0.011200
0.456800 0.219200 0.012000
0.474400 0.219200 0.008800
0.833600 0.219200 0.013600
0.490400 0.220000 0.011200
0.823200 0.220000 0.013600
0.595200 0.220800 0.011200
0.548000 0.221600 0.013600
0.560800 0.221600 0.008800
0.576800 0.221600 0.011200
0.716800 0.221600 0.010400
0.768800 0.221600 0.011200
0.804800 0.221600 0.011200
0.508000 0.222400 0.008800
0.541600 0.222400 0.012800
0.611200 0.222400 0.009600
0.662400 0.222400 0.008800
0.686400 0.222400 0.011200
0.732800 0.222400 0.012000
0.752000 0.222400 0.011200
0.787200 0.222400 0.011200
0.628800 0.223200 0.011200
0.648800 0.223200 0.013600
0.672000 0.223200 0.005600
0.700800 0.223200 0.010400
0.857600 0.223200 0.009600
0.523200 0.224000 0.012800
0.679200 0.224000 0.004800
0.854400 0.237600 0.008800
0.222400 0.240000 0.008800
0.238400 0.240000 0.011200
0.254400 0.240000 0.011200
0.272800 0.240800 0.011200
0.194400 0.241600 0.008800
0.209600 0.241600 0.011200
0.312800 0.241600 0.016800
0.357600 0.241600 0.008800
0.416800 0.241600 0.013600
0.160000 0.242400 0.013600
0.288800 0.242400 0.008800
0.371200 0.242400 0.008800
0.386400 0.242400 0.011200
0.422400 0.242400 0.013600
0.300800 0.243200 0.007200
0.332000 0.243200 0.008800
0.345600 0.243200 0.008800
0.403200 0.243200 0.011200
0.436000 0.243200 0.008800
0.180800 0.244000 0.016800
0.452000 0.244000 0.011200
0.468000 0.244000 0.009600
0.483200 0.244000 0.008800
0.545600 0.244800 0.011200
0.797600 0.244800 0.011200
0.498400 0.245600 0.010400
0.566400 0.245600 0.012800
0.603200 0.245600 0.011200
0.512800 0.246400 0.008800
0.522400 0.246400 0.005600
0.584800 0.246400 0.011200
0.717600 0.246400 0.012800
0.782400 0.246400 0.011200
0.832800 0.246400 0.012800
0.764800 0.247200 0.011200
0.530400 0.248000 0.012800
0.699200 0.248000 0.008800
0.732000 0.248000 0.008800
0.748000 0.248000 0.011200
0.815200 0.248000 0.011200
0.620000 0.248800 0.009600
0.633600 0.248800 0.008800
0.648000 0.248800 0.011200
0.663200 0.248800 0.011200
0.680800 0.248800 0.012800
0.856800 0.249600 0.008800
0.856000 0.259200 0.004800
0.281600 0.265600 0.005600
0.855200 0.265600 0.011200
0.288000 0.266400 0.005600
0.301600 0.266400 0.011200
0.268000 0.267200 0.011200
0.164000 0.268000 0.012800
0.257600 0.268000 0.005600
0.180800 0.268800 0.012000
0.248800 0.268800 0.013600
0.324800 0.268800 0.008800
0.336000 0.268800 0.005600
0.368000 0.268800 0.011200
0.383200 0.268800 0.011200
0.437600 0.268800 0.010400
0.215200 0.269600 0.008800
0.350400 0.269600 0.010400
0.422400 0.269600 0.012800
0.468000 0.269600 0.010400
0.198400 0.270400 0.013600
0.232800 0.270400 0.012000
0.403200 0.270400 0.011200
0.416000 0.270400 0.012800
0.449600 0.270400 0.013600
0.500000 0.270400 0.008800
0.455200 0.271200 0.011200
0.484000 0.271200 0.011200
0.612000 0.271200 0.005600
0.701600 0.271200 0.005600
0.513600 0.272000 0.012800
0.532800 0.272000 0.008800
0.596800 0.272000 0.011200
0.618400 0.272000 0.012800
0.521600 0.272800 0.005600
0.546400 0.272800 0.008800
0.582400 0.272800 0.011200
0.603200 0.272800 0.005600
0.709600 0.272800 0.005600
0.760000 0.272800 0.011200
0.793600 0.272800 0.011200
0.668800 0.273600 0.008800
0.680800 0.273600 0.017600
0.687200 0.273600 0.012800
0.717600 0.273600 0.005600
0.744000 0.273600 0.008800
0.779200 0.273600 0.010400
0.809600 0.273600 0.008800
0.827200 0.273600 0.013600
0.562400 0.274400 0.012000
0.628800 0.274400 0.005600
0.635200 0.274400 0.005600
0.694400 0.274400 0.005600
0.731200 0.274400 0.008800
0.643200 0.275200 0.005600
0.652800 0.276000 0.013600
0.853600 0.278400 0.008800
0.854400 0.289600 0.006400
0.306400 0.291200 0.005600
0.320000 0.291200 0.009600
0.161600 0.292000 0.020800
0.175200 0.292000 0.008800
0.234400 0.292000 0.008800
0.271200 0.292000 0.008800
0.284800 0.292000 0.008800
0.297600 0.292000 0.008800
0.189600 0.292800 0.008800
0.202400 0.292800 0.008800
0.247200 0.292800 0.008000
0.259200 0.292800 0.008000
0.333600 0.292800 0.008800
0.347200 0.292800 0.008800
0.360000 0.292800 0.008800
0.416800 0.292800 0.011200
0.432800 0.292800 0.011200
0.224000 0.293600 0.004800
0.373600 0.293600 0.008800
0.387200 0.293600 0.008800
0.400800 0.293600 0.008800
0.215200 0.294400 0.008800
0.447200 0.294400 0.013600
0.454400 0.294400 0.016800
0.466400 0.294400 0.015200
0.624800 0.294400 0.012800
0.779200 0.294400 0.016800
0.474400 0.295200 0.016800
0.485600 0.295200 0.008800
0.500000 0.295200 0.010400
0.589600 0.295200 0.005600
0.630400 0.295200 0.015200
0.819200 0.295200 0.011200
0.832800 0.295200 0.011200
0.515200 0.296000 0.008800
0.526400 0.296000 0.004800
0.533600 0.296000 0.011200
0.767200 0.296000 0.007200
0.797600 0.296000 0.013600
0.597600 0.296800 0.013600
0.612000 0.296800 0.009600
0.650400 0.296800 0.013600
0.664800 0.296800 0.009600
0.698400 0.296800 0.013600
0.707200 0.296800 0.005600
0.716800 0.296800 0.013600
0.756000 0.296800 0.011200
0.804800 0.296800 0.013600
0.549600 0.297600 0.011200
0.565600 0.297600 0.008800
0.578400 0.297600 0.008800
0.641600 0.297600 0.005600
0.681600 0.297600 0.011200
0.732000 0.297600 0.005600
0.740000 0.297600 0.013600
0.751200 0.297600 0.013600
0.724000 0.298400 0.005600
0.854400 0.300000 0.015200
0.534400 0.326400 0.011200
0.547200 0.326400 0.011200
0.172800 0.327200 0.009600
0.185600 0.327200 0.008800
0.427200 0.327200 0.011200
0.131200 0.328000 0.016000
0.141600 0.328000 0.007200
0.160000 0.328000 0.005600
0.195200 0.328000 0.004800
0.214400 0.328000 0.005600
0.220000 0.328000 0.011200
0.236000 0.328000 0.005600
0.246400 0.328000 0.008000
0.343200 0.328000 0.016000
0.363200 0.328000 0.007200
0.412000 0.328000 0.005600
0.419200 0.328000 0.005600
0.440000 0.328000 0.005600
0.454400 0.328000 0.010400
0.507200 0.328000 0.007200
0.518400 0.328000 0.008800
0.831200 0.328000 0.014400
0.854400 0.328000 0.011200
0.872000 0.328000 0.011200
0.151200 0.328800 0.005600
0.204000 0.328800 0.007200
0.228000 0.328800 0.004800
0.259200 0.328800 0.008000
0.332000 0.328800 0.013600
0.350400 0.328800 0.012800
0.373600 0.328800 0.007200
0.384000 0.328800 0.008000
0.395200 0.328800 0.005600
0.402400 0.328800 0.012800
0.446400 0.328800 0.004800
0.480800 0.328800 0.007200
0.490400 0.328800 0.005600
0.497600 0.328800 0.005600
0.565600 0.328800 0.008800
0.577600 0.328800 0.007200
0.705600 0.328800 0.007200
0.724000 0.328800 0.004000
0.784800 0.328800 0.005600
0.791200 0.328800 0.013600
0.840800 0.328800 0.008800
0.271200 0.329600 0.007200
0.281600 0.329600 0.005600
0.469600 0.329600 0.008800
0.587200 0.329600 0.008800
0.604800 0.329600 0.012800
0.614400 0.329600 0.005600
0.622400 0.329600 0.005600
0.634400 0.329600 0.008800
0.657600 0.329600 0.011200
0.694400 0.329600 0.007200
0.716000 0.329600 0.005600
0.732000 0.329600 0.007200
0.754400 0.329600 0.006400
0.764800 0.329600 0.007200
0.775200 0.329600 0.007200
0.800800 0.329600 0.006400
0.810400 0.329600 0.013600
0.292800 0.330400 0.015200
0.644000 0.330400 0.008800
0.682400 0.330400 0.007200
0.743200 0.330400 0.008000
0.672800 0.331200 0.005600
0.323200 0.333600 0.004800
0.131200 0.347200 0.015200
0.141600 0.347200 0.005600
0.184000 0.347200 0.010400
0.571200 0.347200 0.012800
0.150400 0.348000 0.005600
0.172800 0.348000 0.008000
0.198400 0.348000 0.005600
0.234400 0.348000 0.008800
0.370400 0.348000 0.008800
0.416000 0.348000 0.005600
0.160800 0.348800 0.007200
0.220800 0.348800 0.008000
0.396800 0.348800 0.007200
0.451200 0.348800 0.011200
0.551200 0.348800 0.008800
0.563200 0.348800 0.006400
0.576000 0.348800 0.008800
0.585600 0.348800 0.005600
0.764000 0.348800 0.007200
0.208800 0.349600 0.008800
0.322400 0.349600 0.008800
0.358400 0.349600 0.008800
0.383200 0.349600 0.008800
0.424000 0.349600 0.005600
0.435200 0.349600 0.008000
0.445600 0.349600 0.005600
0.460000 0.349600 0.004800
0.538400 0.349600 0.008800
0.592000 0.349600 0.005600
0.603200 0.349600 0.008800
0.616800 0.349600 0.009600
0.628800 0.349600 0.008800
0.705600 0.349600 0.011200
0.728000 0.349600 0.007200
0.246400 0.350400 0.010400
0.271200 0.350400 0.008000
0.296000 0.350400 0.008000
0.310400 0.350400 0.008800
0.335200 0.350400 0.007200
0.344800 0.350400 0.011200
0.407200 0.350400 0.007200
0.466400 0.350400 0.011200
0.509600 0.350400 0.010400
0.515200 0.350400 0.003200
0.522400 0.350400 0.011200
0.641600 0.350400 0.007200
0.652000 0.350400 0.007200
0.711200 0.350400 0.005600
0.719200 0.350400 0.005600
0.740000 0.350400 0.008800
0.753600 0.350400 0.008800
0.260000 0.351200 0.005600
0.284000 0.351200 0.008800
0.480800 0.351200 0.008800
0.494400 0.351200 0.011200
0.528000 0.351200 0.003200
0.664800 0.351200 0.008800
0.688800 0.351200 0.013600
0.776800 0.351200 0.008800
0.788800 0.351200 0.007200
0.816000 0.351200 0.004800
0.824800 0.351200 0.012800
0.678400 0.352000 0.008800
0.796800 0.352000 0.005600
0.807200 0.352000 0.007200
0.893600 0.352000 0.021600
0.904000 0.356800 0.033600
0.919200 0.359200 0.024000
