0.840800 0.060800 0.024000
0.216000 0.062400 0.019200
0.157600 0.064000 0.027200
0.192000 0.064000 0.008800
0.203200 0.064000 0.008800
0.176800 0.064800 0.011200
0.531200 0.097600 0.007200
0.541600 0.097600 0.008800
0.565600 0.097600 0.011200
0.555200 0.098400 0.008800
0.581600 0.098400 0.008800
0.616800 0.098400 0.007200
0.695200 0.098400 0.008000
0.714400 0.098400 0.005600
0.726400 0.098400 0.008800
0.739200 0.098400 0.009600
0.771200 0.098400 0.008000
0.782400 0.098400 0.007200
0.849600 0.098400 0.012800
0.444800 0.099200 0.008800
0.456800 0.099200 0.007200
0.482400 0.099200 0.008800
0.496000 0.099200 0.008800
0.507200 0.099200 0.007200
0.593600 0.099200 0.008000
0.605600 0.099200 0.007200
0.629600 0.099200 0.008000
0.640800 0.099200 0.007200
0.651200 0.099200 0.005600
0.658400 0.099200 0.011200
0.670400 0.099200 0.008800
0.705600 0.099200 0.005600
0.752000 0.099200 0.013600
0.760800 0.099200 0.005600
0.804000 0.099200 0.007200
0.865600 0.099200 0.016800
0.469600 0.100000 0.008800
0.516800 0.100000 0.005600
0.523200 0.100000 0.005600
0.682400 0.100000 0.008800
0.793600 0.100000 0.007200
0.816800 0.100000 0.008800
0.874400 0.100000 0.016800
0.128000 0.100800 0.016000
0.201600 0.100800 0.008800
0.373600 0.100800 0.008800
0.410400 0.100800 0.008800
0.423200 0.100800 0.008000
0.829600 0.100800 0.008800
0.212000 0.101600 0.007200
0.235200 0.101600 0.006400
0.312000 0.101600 0.007200
0.387200 0.101600 0.008800
0.137600 0.102400 0.008800
0.152800 0.102400 0.008800
0.163200 0.102400 0.005600
0.172800 0.102400 0.011200
0.188000 0.102400 0.008800
0.224800 0.102400 0.008000
0.244800 0.102400 0.005600
0.253600 0.102400 0.008800
0.267200 0.102400 0.008800
0.280000 0.102400 0.007200
0.300800 0.102400 0.007200
0.321600 0.102400 0.008800
0.334400 0.102400 0.008800
0.349600 0.102400 0.009600
0.360800 0.102400 0.008800
0.399200 0.102400 0.008000
0.432800 0.102400 0.005600
0.291200 0.103200 0.005600
0.896800 0.104800 0.016800
0.896000 0.113600 0.019200
0.544800 0.116800 0.008800
0.575200 0.116800 0.005600
0.628000 0.116800 0.008800
0.485600 0.117600 0.005600
0.516000 0.117600 0.008000
0.530400 0.117600 0.008800
0.556000 0.117600 0.007200
0.584000 0.117600 0.005600
0.612800 0.117600 0.010400
0.652800 0.117600 0.007200
0.702400 0.117600 0.008000
0.722400 0.117600 0.004800
0.460000 0.118400 0.008800
0.474400 0.118400 0.008000
0.492800 0.118400 0.005600
0.503200 0.118400 0.008000
0.566400 0.118400 0.005600
0.600800 0.118400 0.011200
0.640000 0.118400 0.008800
0.660800 0.118400 0.012000
0.679200 0.118400 0.008800
0.689600 0.118400 0.008800
0.714400 0.118400 0.005600
0.728800 0.118400 0.011200
0.739200 0.118400 0.007200
0.750400 0.118400 0.007200
0.784800 0.118400 0.008800
0.166400 0.119200 0.005600
0.176800 0.119200 0.008800
0.208000 0.119200 0.007200
0.445600 0.119200 0.008800
0.761600 0.119200 0.007200
0.772800 0.119200 0.007200
0.797600 0.119200 0.007200
0.820800 0.119200 0.008800
0.128800 0.120000 0.010400
0.193600 0.120000 0.009600
0.431200 0.120000 0.008800
0.807200 0.120000 0.008000
0.831200 0.120000 0.007200
0.845600 0.120000 0.013600
0.144800 0.120800 0.008800
0.156800 0.120800 0.007200
0.220800 0.120800 0.008800
0.297600 0.120800 0.008800
0.314400 0.120800 0.008800
0.326400 0.120800 0.007200
0.390400 0.120800 0.011200
0.419200 0.120800 0.005600
0.866400 0.120800 0.011200
0.236800 0.121600 0.008800
0.250400 0.121600 0.008800
0.284000 0.121600 0.008800
0.336800 0.121600 0.005600
0.350400 0.121600 0.010400
0.362400 0.121600 0.008000
0.396800 0.121600 0.010400
0.408800 0.121600 0.008000
0.854400 0.121600 0.005600
0.272800 0.122400 0.007200
0.344800 0.122400 0.005600
0.376000 0.122400 0.010400
0.262400 0.123200 0.007200
0.894400 0.128000 0.018400
0.896800 0.136800 0.008800
0.483200 0.137600 0.008800
0.496800 0.137600 0.008800
0.532800 0.137600 0.005600
0.561600 0.137600 0.005600
0.648000 0.137600 0.012000
0.652800 0.137600 0.008800
0.664000 0.137600 0.007200
0.204000 0.138400 0.008800
0.471200 0.138400 0.005600
0.513600 0.138400 0.011200
0.524800 0.138400 0.005600
0.552000 0.138400 0.007200
0.583200 0.138400 0.004800
0.590400 0.138400 0.005600
0.612800 0.138400 0.008800
0.675200 0.138400 0.005600
0.684000 0.138400 0.012800
0.689600 0.138400 0.011200
0.700000 0.138400 0.008000
0.217600 0.139200 0.009600
0.412000 0.139200 0.008800
0.464000 0.139200 0.005600
0.541600 0.139200 0.006400
0.572000 0.139200 0.008800
0.600000 0.139200 0.007200
0.624800 0.139200 0.008000
0.637600 0.139200 0.008000
0.742400 0.139200 0.005600
0.172000 0.140000 0.008800
0.183200 0.140000 0.007200
0.397600 0.140000 0.008800
0.424000 0.140000 0.011200
0.451200 0.140000 0.008800
0.455200 0.140000 0.011200
0.724800 0.140000 0.005600
0.733600 0.140000 0.005600
0.752000 0.140000 0.005600
0.763200 0.140000 0.008000
0.824000 0.140000 0.008000
0.193600 0.140800 0.005600
0.233600 0.140800 0.008800
0.262400 0.140800 0.005600
0.319200 0.140800 0.007200
0.352000 0.140800 0.011200
0.361600 0.140800 0.005600
0.372000 0.140800 0.008000
0.386400 0.140800 0.008000
0.429600 0.140800 0.011200
0.440000 0.140800 0.007200
0.713600 0.140800 0.008000
0.775200 0.140800 0.008000
0.787200 0.140800 0.008800
0.800000 0.140800 0.008800
0.811200 0.140800 0.008800
0.835200 0.140800 0.007200
0.844800 0.140800 0.007200
0.856000 0.140800 0.007200
0.867200 0.140800 0.013600
0.144800 0.141600 0.008800
0.158400 0.141600 0.008800
0.248000 0.141600 0.010400
0.270400 0.141600 0.005600
0.280000 0.141600 0.008800
0.304000 0.141600 0.011200
0.309600 0.141600 0.011200
0.331200 0.141600 0.011200
0.293600 0.142400 0.008000
0.132000 0.143200 0.011200
0.896800 0.151200 0.011200
0.376000 0.158400 0.008800
0.528000 0.158400 0.008800
0.716000 0.158400 0.010400
0.390400 0.159200 0.008800
0.463200 0.159200 0.005600
0.488000 0.159200 0.008800
0.513600 0.159200 0.008800
0.643200 0.159200 0.005600
0.692800 0.159200 0.011200
0.838400 0.159200 0.013600
0.234400 0.160000 0.011200
0.329600 0.160000 0.008000
0.344800 0.160000 0.011200
0.356000 0.160000 0.006400
0.364800 0.160000 0.005600
0.472800 0.160000 0.013600
0.500800 0.160000 0.008800
0.540800 0.160000 0.008800
0.611200 0.160000 0.008800
0.621600 0.160000 0.012800
0.628800 0.160000 0.004800
0.636800 0.160000 0.005600
0.651200 0.160000 0.005600
0.662400 0.160000 0.008800
0.674400 0.160000 0.011200
0.704000 0.160000 0.008800
0.195200 0.160800 0.007200
0.207200 0.160800 0.007200
0.217600 0.160800 0.008800
0.261600 0.160800 0.011200
0.405600 0.160800 0.008800
0.434400 0.160800 0.010400
0.554400 0.160800 0.008800
0.565600 0.160800 0.007200
0.576800 0.160800 0.011200
0.589600 0.160800 0.003200
0.596000 0.160800 0.011200
0.604800 0.160800 0.003200
0.679200 0.160800 0.011200
0.720800 0.160800 0.016800
0.763200 0.160800 0.005600
0.794400 0.160800 0.008000
0.808800 0.160800 0.008800
0.820000 0.160800 0.007200
0.830400 0.160800 0.007200
0.174400 0.161600 0.005600
0.184000 0.161600 0.007200
0.246400 0.161600 0.008000
0.289600 0.161600 0.008000
0.303200 0.161600 0.008800
0.315200 0.161600 0.008800
0.418400 0.161600 0.011200
0.440800 0.161600 0.004800
0.448800 0.161600 0.011200
0.730400 0.161600 0.012800
0.752000 0.161600 0.011200
0.773600 0.161600 0.007200
0.783200 0.161600 0.005600
0.851200 0.161600 0.008800
0.163200 0.162400 0.007200
0.140800 0.163200 0.007200
0.151200 0.163200 0.008000
0.278400 0.163200 0.013600
0.865600 0.163200 0.011200
0.130400 0.164000 0.016000
0.897600 0.164000 0.009600
0.895200 0.176800 0.011200
0.436000 0.186400 0.005600
0.647200 0.186400 0.009600
0.662400 0.187200 0.008800
0.478400 0.188000 0.011200
0.496800 0.188000 0.011200
0.518400 0.188000 0.012800
0.534400 0.188000 0.013600
0.551200 0.188000 0.008800
0.612800 0.188000 0.015200
0.688800 0.188000 0.011200
0.305600 0.188800 0.011200
0.376800 0.188800 0.005600
0.424800 0.188800 0.009600
0.448000 0.188800 0.008800
0.460800 0.188800 0.008800
0.596800 0.188800 0.011200
0.633600 0.188800 0.008800
0.706400 0.188800 0.008800
0.720000 0.188800 0.008800
0.764000 0.188800 0.008800
0.172000 0.189600 0.016800
0.180800 0.189600 0.016800
0.324800 0.189600 0.012800
0.364000 0.189600 0.011200
0.410400 0.189600 0.008800
0.675200 0.189600 0.008800
0.733600 0.189600 0.008800
0.748800 0.189600 0.011200
0.776800 0.189600 0.008800
0.898400 0.189600 0.024000
0.292000 0.190400 0.008800
0.346400 0.190400 0.013600
0.385600 0.190400 0.013600
0.398400 0.190400 0.008800
0.565600 0.190400 0.008800
0.581600 0.190400 0.010400
0.789600 0.190400 0.008800
0.804000 0.190400 0.011200
0.199200 0.191200 0.011200
0.214400 0.191200 0.008800
0.228800 0.191200 0.010400
0.260000 0.191200 0.008800
0.814400 0.191200 0.016800
0.245600 0.192000 0.011200
0.274400 0.192800 0.012000
0.838400 0.195200 0.016800
0.898400 0.200000 0.007200
0.838400 0.206400 0.008800
0.896800 0.209600 0.013600
0.750400 0.210400 0.015200
0.506400 0.211200 0.013600
0.568000 0.211200 0.011200
0.472000 0.212000 0.012800
0.518400 0.212000 0.008800
0.584800 0.212000 0.011200
0.604800 0.212000 0.011200
0.704800 0.212000 0.011200
0.758400 0.212000 0.013600
0.405600 0.212800 0.011200
0.452800 0.212800 0.008800
0.488000 0.212800 0.008800
0.532000 0.212800 0.013600
0.540000 0.212800 0.005600
0.551200 0.212800 0.008800
0.625600 0.212800 0.011200
0.640800 0.212800 0.011200
0.656800 0.212800 0.013600
0.663200 0.212800 0.011200
0.676000 0.212800 0.008800
0.688800 0.212800 0.008800
0.718400 0.212800 0.008800
0.733600 0.212800 0.011200
0.374400 0.213600 0.012800
0.391200 0.213600 0.010400
0.438400 0.213600 0.009600
0.774400 0.213600 0.010400
0.800800 0.213600 0.008800
0.179200 0.214400 0.012800
0.230400 0.214400 0.012800
0.283200 0.214400 0.005600
0.292800 0.214400 0.007200
0.424800 0.214400 0.011200
0.788800 0.214400 0.008800
0.809600 0.214400 0.015200
0.818400 0.214400 0.011200
0.198400 0.215200 0.012800
0.262400 0.215200 0.008800
0.272000 0.215200 0.008800
0.303200 0.215200 0.008000
0.315200 0.215200 0.008800
0.333600 0.215200 0.012000
0.352000 0.216000 0.011200
0.213600 0.216800 0.010400
0.249600 0.216800 0.008800
0.156800 0.217600 0.013600
0.897600 0.217600 0.005600
0.838400 0.220000 0.008800
0.896800 0.230400 0.008800
0.837600 0.233600 0.011200
0.800800 0.234400 0.007200
0.868800 0.234400 0.016800
0.156000 0.235200 0.019200
0.102400 0.236000 0.032800
0.788000 0.236000 0.010400
0.535200 0.236800 0.007200
0.664800 0.236800 0.012800
0.683200 0.236800 0.011200
0.700800 0.236800 0.011200
0.812000 0.236800 0.015200
0.378400 0.237600 0.013600
0.383200 0.237600 0.013600
0.404000 0.237600 0.012800
0.549600 0.237600 0.011200
0.603200 0.237600 0.013600
0.770400 0.237600 0.011200
0.329600 0.238400 0.015200
0.420000 0.238400 0.010400
0.433600 0.238400 0.008800
0.448000 0.238400 0.010400
0.568800 0.238400 0.008800
0.621600 0.238400 0.012800
0.640800 0.238400 0.012800
0.718400 0.238400 0.011200
0.736000 0.238400 0.011200
0.344800 0.239200 0.012800
0.363200 0.239200 0.013600
0.467200 0.239200 0.011200
0.488800 0.239200 0.013600
0.526400 0.239200 0.005600
0.578400 0.239200 0.015200
0.751200 0.239200 0.011200
0.115200 0.240000 0.027200
0.276000 0.240000 0.011200
0.502400 0.240000 0.008800
0.516800 0.240000 0.013600
0.209600 0.240800 0.008800
0.242400 0.240800 0.011200
0.292000 0.240800 0.010400
0.308000 0.240800 0.011200
0.183200 0.241600 0.013600
0.200000 0.241600 0.005600
0.256000 0.241600 0.010400
0.223200 0.243200 0.011200
0.896000 0.244000 0.008800
0.836800 0.252000 0.015200
0.894400 0.253600 0.008800
0.917600 0.259200 0.013600
0.487200 0.260000 0.011200
0.592000 0.260800 0.005600
0.932800 0.260800 0.011200
0.575200 0.261600 0.005600
0.584000 0.261600 0.007200
0.666400 0.261600 0.010400
0.679200 0.261600 0.008800
0.716000 0.261600 0.011200
0.764000 0.261600 0.010400
0.782400 0.261600 0.011200
0.798400 0.261600 0.008800
0.813600 0.261600 0.011200
0.468800 0.262400 0.011200
0.504000 0.262400 0.010400
0.519200 0.262400 0.008800
0.532000 0.262400 0.016800
0.541600 0.262400 0.013600
0.608800 0.262400 0.011200
0.689600 0.262400 0.005600
0.698400 0.262400 0.013600
0.733600 0.262400 0.009600
0.331200 0.263200 0.005600
0.396000 0.263200 0.011200
0.434400 0.263200 0.008800
0.448800 0.263200 0.011200
0.563200 0.263200 0.015200
0.622400 0.263200 0.008800
0.636000 0.263200 0.008800
0.836000 0.263200 0.013600
0.280000 0.264000 0.011200
0.339200 0.264000 0.012800
0.354400 0.264000 0.009600
0.412800 0.264000 0.008800
0.650400 0.264000 0.008800
0.749600 0.264000 0.011200
0.368000 0.264800 0.008800
0.423200 0.264800 0.005600
0.260800 0.265600 0.011200
0.298400 0.265600 0.011200
0.316800 0.265600 0.011200
0.382400 0.265600 0.008800
0.894400 0.265600 0.016000
0.180800 0.266400 0.011200
0.197600 0.266400 0.010400
0.243200 0.266400 0.011200
0.212800 0.267200 0.008800
0.225600 0.267200 0.008800
0.944800 0.268000 0.022400
0.860000 0.271200 0.011200
0.836800 0.272000 0.005600
0.896000 0.274400 0.014400
0.894400 0.283200 0.005600
0.833600 0.284000 0.016000
0.546400 0.284800 0.016800
0.557600 0.284800 0.014400
0.596000 0.284800 0.005600
0.798400 0.284800 0.009600
0.500800 0.285600 0.005600
0.511200 0.285600 0.008800
0.564000 0.285600 0.012800
0.584000 0.285600 0.016800
0.605600 0.285600 0.005600
0.631200 0.285600 0.011200
0.710400 0.285600 0.013600
0.721600 0.285600 0.013600
0.726400 0.285600 0.011200
0.738400 0.285600 0.008800
0.752000 0.285600 0.008800
0.765600 0.285600 0.008800
0.783200 0.285600 0.012800
0.418400 0.286400 0.011200
0.436000 0.286400 0.011200
0.448800 0.286400 0.008800
0.476800 0.286400 0.008800
0.489600 0.286400 0.011200
0.537600 0.286400 0.016800
0.644800 0.286400 0.008800
0.675200 0.286400 0.010400
0.693600 0.286400 0.012800
0.703200 0.286400 0.005600
0.811200 0.286400 0.011200
0.180000 0.287200 0.013600
0.399200 0.287200 0.011200
0.462400 0.287200 0.008800
0.524000 0.287200 0.008800
0.613600 0.287200 0.012800
0.658400 0.287200 0.008800
0.280800 0.288000 0.005600
0.380000 0.288000 0.011200
0.195200 0.288800 0.008800
0.268000 0.288800 0.009600
0.287200 0.288800 0.011200
0.336000 0.288800 0.011200
0.352000 0.288800 0.008800
0.364800 0.288800 0.008800
0.208000 0.289600 0.008800
0.223200 0.289600 0.009600
0.236800 0.289600 0.008800
0.252000 0.289600 0.011200
0.300000 0.289600 0.008800
0.318400 0.289600 0.011200
0.870400 0.290400 0.012000
0.893600 0.292800 0.007200
0.896000 0.304000 0.007200
0.279200 0.312800 0.008800
0.819200 0.312800 0.009600
0.846400 0.312800 0.011200
0.132000 0.313600 0.013600
0.263200 0.313600 0.012800
0.268000 0.313600 0.008800
0.376800 0.313600 0.005600
0.413600 0.313600 0.013600
0.484800 0.313600 0.008800
0.668000 0.313600 0.013600
0.672800 0.313600 0.010400
0.684800 0.313600 0.009600
0.831200 0.313600 0.011200
0.860000 0.313600 0.008800
0.192000 0.314400 0.008800
0.202400 0.314400 0.008800
0.214400 0.314400 0.008800
0.248000 0.314400 0.003200
0.255200 0.314400 0.005600
0.292000 0.314400 0.008800
0.314400 0.314400 0.005600
0.366400 0.314400 0.008000
0.384000 0.314400 0.005600
0.394400 0.314400 0.007200
0.404800 0.314400 0.005600
0.428800 0.314400 0.008800
0.441600 0.314400 0.008000
0.454400 0.314400 0.009600
0.468000 0.314400 0.005600
0.474400 0.314400 0.011200
0.497600 0.314400 0.007200
0.523200 0.314400 0.007200
0.535200 0.314400 0.008800
0.703200 0.314400 0.011200
0.713600 0.314400 0.005600
0.723200 0.314400 0.005600
0.746400 0.314400 0.007200
0.756800 0.314400 0.007200
0.768000 0.314400 0.008000
0.778400 0.314400 0.005600
0.784800 0.314400 0.011200
0.805600 0.314400 0.006400
0.869600 0.314400 0.013600
0.894400 0.314400 0.007200
0.146400 0.315200 0.009600
0.231200 0.315200 0.013600
0.240800 0.315200 0.005600
0.326400 0.315200 0.008800
0.341600 0.315200 0.008800
0.352000 0.315200 0.009600
0.508000 0.315200 0.011200
0.514400 0.315200 0.005600
0.602400 0.315200 0.010400
0.616800 0.315200 0.011200
0.632000 0.315200 0.007200
0.644000 0.315200 0.008000
0.658400 0.315200 0.011200
0.736000 0.315200 0.008800
0.796000 0.315200 0.007200
0.161600 0.316000 0.013600
0.304800 0.316000 0.007200
0.548000 0.316000 0.007200
0.558400 0.316000 0.007200
0.587200 0.316000 0.008800
0.170400 0.316800 0.013600
0.568800 0.316800 0.015200
0.575200 0.318400 0.012000
0.892800 0.324800 0.008000
0.336800 0.332000 0.011200
0.466400 0.332000 0.008800
0.867200 0.332000 0.008800
0.341600 0.332800 0.009600
0.480000 0.332800 0.008800
0.647200 0.332800 0.012800
0.692800 0.332800 0.008000
0.778400 0.332800 0.008800
0.805600 0.332800 0.008000
0.816800 0.332800 0.007200
0.326400 0.333600 0.008000
0.352800 0.333600 0.007200
0.371200 0.333600 0.005600
0.377600 0.333600 0.012000
0.387200 0.333600 0.005600
0.428800 0.333600 0.008800
0.442400 0.333600 0.008800
0.454400 0.333600 0.005600
0.494400 0.333600 0.008800
0.507200 0.333600 0.008800
0.534400 0.333600 0.005600
0.602400 0.333600 0.005600
0.610400 0.333600 0.005600
0.618400 0.333600 0.005600
0.628800 0.333600 0.011200
0.636000 0.333600 0.013600
0.655200 0.333600 0.005600
0.670400 0.333600 0.008800
0.680800 0.333600 0.008000
0.712800 0.333600 0.004800
0.765600 0.333600 0.008000
0.794400 0.333600 0.009600
0.828000 0.333600 0.011200
0.843200 0.333600 0.005600
0.854400 0.333600 0.008800
0.252000 0.334400 0.008800
0.272000 0.334400 0.005600
0.314400 0.334400 0.007200
0.361600 0.334400 0.005600
0.396000 0.334400 0.008800
0.520800 0.334400 0.009600
0.541600 0.334400 0.005600
0.552000 0.334400 0.008000
0.580000 0.334400 0.008000
0.592800 0.334400 0.007200
0.704800 0.334400 0.005600
0.720000 0.334400 0.010400
0.733600 0.334400 0.008000
0.835200 0.334400 0.004000
0.164000 0.335200 0.005600
0.187200 0.335200 0.003200
0.192800 0.335200 0.008800
0.202400 0.335200 0.008800
0.226400 0.335200 0.007200
0.234400 0.335200 0.005600
0.261600 0.335200 0.007200
0.281600 0.335200 0.005600
0.292000 0.335200 0.007200
0.304000 0.335200 0.007200
0.410400 0.335200 0.011200
0.566400 0.335200 0.008000
0.744800 0.335200 0.007200
0.130400 0.336000 0.009600
0.141600 0.336000 0.008000
0.154400 0.336000 0.008000
0.173600 0.336000 0.012000
0.216000 0.336000 0.008000
0.754400 0.336000 0.006400
0.181600 0.336800 0.003200
0.892800 0.336800 0.008000
0.892000 0.347200 0.008800
0.832800 0.351200 0.011200
0.664800 0.352000 0.015200
0.332000 0.352800 0.008800
0.521600 0.352800 0.008800
0.536000 0.352800 0.008800
0.548000 0.352800 0.005600
0.554400 0.352800 0.013600
0.596800 0.352800 0.005600
0.602400 0.352800 0.011200
0.655200 0.352800 0.007200
0.678400 0.352800 0.008800
0.695200 0.352800 0.008800
0.706400 0.352800 0.007200
0.732000 0.352800 0.008800
0.838400 0.352800 0.011200
0.849600 0.352800 0.007200
0.865600 0.352800 0.005600
0.252800 0.353600 0.008800
0.267200 0.353600 0.010400
0.280000 0.353600 0.005600
0.289600 0.353600 0.008000
0.317600 0.353600 0.009600
0.345600 0.353600 0.008800
0.370400 0.353600 0.005600
0.384800 0.353600 0.015200
0.564800 0.353600 0.007200
0.588800 0.353600 0.005600
0.622400 0.353600 0.005600
0.636000 0.353600 0.013600
0.645600 0.353600 0.005600
0.718400 0.353600 0.008800
0.744000 0.353600 0.007200
0.780800 0.353600 0.008000
0.790400 0.353600 0.005600
0.799200 0.353600 0.007200
0.809600 0.353600 0.008000
0.821600 0.353600 0.008000
0.857600 0.353600 0.005600
0.874400 0.353600 0.012800
0.212000 0.354400 0.004800
0.218400 0.354400 0.011200
0.303200 0.354400 0.009600
0.356000 0.354400 0.011200
0.379200 0.354400 0.013600
0.394400 0.354400 0.005600
0.436800 0.354400 0.011200
0.449600 0.354400 0.012800
0.468000 0.354400 0.010400
0.472000 0.354400 0.013600
0.508000 0.354400 0.011200
0.574400 0.354400 0.013600
0.580800 0.354400 0.004000
0.612800 0.354400 0.007200
0.754400 0.354400 0.007200
0.768000 0.354400 0.009600
0.131200 0.355200 0.013600
0.187200 0.355200 0.008800
0.201600 0.355200 0.008000
0.230400 0.355200 0.008000
0.241600 0.355200 0.005600
0.404000 0.355200 0.008800
0.432000 0.355200 0.012800
0.482400 0.355200 0.013600
0.140800 0.356000 0.007200
0.150400 0.356000 0.007200
0.162400 0.356000 0.008800
0.171200 0.356000 0.003200
0.176800 0.356000 0.008800
0.416000 0.356800 0.016800
0.422400 0.357600 0.013600
0.506400 0.371200 0.005600
0.497600 0.375200 0.013600
