0.846400 0.056800 0.021600
0.217600 0.059200 0.019200
0.204800 0.060800 0.008800
0.192800 0.061600 0.008000
0.183200 0.062400 0.008800
0.168000 0.064800 0.011200
0.148800 0.065600 0.019200
0.253600 0.093600 0.006400
0.264800 0.093600 0.008800
0.893600 0.093600 0.013600
0.221600 0.094400 0.008000
0.233600 0.094400 0.007200
0.244000 0.094400 0.007200
0.279200 0.094400 0.008800
0.328800 0.094400 0.007200
0.396800 0.094400 0.010400
0.408000 0.094400 0.008000
0.427200 0.094400 0.004800
0.484800 0.094400 0.004800
0.796000 0.094400 0.008800
0.196000 0.095200 0.006400
0.208800 0.095200 0.008800
0.292000 0.095200 0.007200
0.317600 0.095200 0.008800
0.420000 0.095200 0.005600
0.464800 0.095200 0.003200
0.469600 0.095200 0.012000
0.513600 0.095200 0.016800
0.559200 0.095200 0.007200
0.765600 0.095200 0.008800
0.780800 0.095200 0.008800
0.808000 0.095200 0.008800
0.843200 0.095200 0.008800
0.855200 0.095200 0.007200
0.864800 0.095200 0.007200
0.304000 0.096000 0.008000
0.339200 0.096000 0.005600
0.352000 0.096000 0.008800
0.364800 0.096000 0.008800
0.376800 0.096000 0.011200
0.434400 0.096000 0.005600
0.444000 0.096000 0.005600
0.455200 0.096000 0.007200
0.476800 0.096000 0.005600
0.527200 0.096000 0.008800
0.539200 0.096000 0.008000
0.549600 0.096000 0.005600
0.582400 0.096000 0.008000
0.594400 0.096000 0.008800
0.607200 0.096000 0.008800
0.716800 0.096000 0.008800
0.727200 0.096000 0.007200
0.820800 0.096000 0.007200
0.830400 0.096000 0.005600
0.875200 0.096000 0.008800
0.155200 0.096800 0.003200
0.179200 0.096800 0.006400
0.188000 0.096800 0.004800
0.492000 0.096800 0.011200
0.503200 0.096800 0.007200
0.570400 0.096800 0.005600
0.676000 0.096800 0.008800
0.701600 0.096800 0.008800
0.739200 0.096800 0.008800
0.752800 0.096800 0.008800
0.160800 0.097600 0.016800
0.169600 0.097600 0.005600
0.621600 0.097600 0.008000
0.631200 0.097600 0.005600
0.640800 0.097600 0.014400
0.688800 0.097600 0.008800
0.107200 0.098400 0.016000
0.148000 0.098400 0.005600
0.664800 0.098400 0.008800
0.129600 0.099200 0.013600
0.137600 0.099200 0.005600
0.078400 0.102400 0.021600
0.062400 0.103200 0.013600
0.896000 0.107200 0.011200
0.108000 0.110400 0.008800
0.284800 0.112800 0.007200
0.834400 0.112800 0.005600
0.296800 0.113600 0.008800
0.308000 0.113600 0.007200
0.337600 0.113600 0.011200
0.396800 0.113600 0.005600
0.582400 0.113600 0.008800
0.726400 0.113600 0.008800
0.773600 0.113600 0.005600
0.800800 0.113600 0.010400
0.816000 0.113600 0.007200
0.825600 0.113600 0.005600
0.842400 0.113600 0.012000
0.232800 0.114400 0.005600
0.250400 0.114400 0.007200
0.273600 0.114400 0.007200
0.320000 0.114400 0.007200
0.331200 0.114400 0.011200
0.351200 0.114400 0.011200
0.368800 0.114400 0.007200
0.379200 0.114400 0.007200
0.388800 0.114400 0.005600
0.406400 0.114400 0.005600
0.428000 0.114400 0.007200
0.448000 0.114400 0.003200
0.458400 0.114400 0.008000
0.468800 0.114400 0.009600
0.482400 0.114400 0.005600
0.491200 0.114400 0.011200
0.568800 0.114400 0.008000
0.713600 0.114400 0.007200
0.740000 0.114400 0.007200
0.779200 0.114400 0.009600
0.789600 0.114400 0.007200
0.858400 0.114400 0.008000
0.194400 0.115200 0.004000
0.200800 0.115200 0.010400
0.212800 0.115200 0.008800
0.263200 0.115200 0.008000
0.360000 0.115200 0.004800
0.417600 0.115200 0.007200
0.438400 0.115200 0.008000
0.443200 0.115200 0.003200
0.496000 0.115200 0.008800
0.504800 0.115200 0.011200
0.524000 0.115200 0.008800
0.534400 0.115200 0.007200
0.556800 0.115200 0.008000
0.604000 0.115200 0.011200
0.678400 0.115200 0.008000
0.690400 0.115200 0.005600
0.697600 0.115200 0.003200
0.703200 0.115200 0.008800
0.750400 0.115200 0.011200
0.756000 0.115200 0.011200
0.764800 0.115200 0.007200
0.870400 0.115200 0.008800
0.186400 0.116000 0.005600
0.224000 0.116000 0.005600
0.239200 0.116000 0.011200
0.545600 0.116000 0.007200
0.625600 0.116000 0.007200
0.636000 0.116000 0.008000
0.648000 0.116000 0.011200
0.653600 0.116000 0.011200
0.666400 0.116000 0.008800
0.180000 0.116800 0.011200
0.613600 0.116800 0.007200
0.144800 0.117600 0.008800
0.155200 0.117600 0.007200
0.167200 0.117600 0.008800
0.131200 0.118400 0.008800
0.895200 0.118400 0.008800
0.106400 0.122400 0.008800
0.326400 0.132000 0.008800
0.339200 0.132000 0.007200
0.896000 0.132000 0.009600
0.071200 0.132800 0.017600
0.285600 0.132800 0.008800
0.349600 0.132800 0.005600
0.359200 0.132800 0.005600
0.512800 0.132800 0.008800
0.729600 0.132800 0.008800
0.743200 0.132800 0.008800
0.268800 0.133600 0.008800
0.272800 0.133600 0.009600
0.297600 0.133600 0.008800
0.312800 0.133600 0.008800
0.369600 0.133600 0.007200
0.500000 0.133600 0.008000
0.525600 0.133600 0.007200
0.545600 0.133600 0.007200
0.717600 0.133600 0.008800
0.867200 0.133600 0.011200
0.107200 0.134400 0.008800
0.258400 0.134400 0.008800
0.380800 0.134400 0.007200
0.391200 0.134400 0.011200
0.412800 0.134400 0.008800
0.424000 0.134400 0.008800
0.437600 0.134400 0.008800
0.455200 0.134400 0.011200
0.464800 0.134400 0.007200
0.476000 0.134400 0.005600
0.486400 0.134400 0.008000
0.536000 0.134400 0.005600
0.555200 0.134400 0.008800
0.586400 0.134400 0.008800
0.632800 0.134400 0.012800
0.705600 0.134400 0.005600
0.760000 0.134400 0.008800
0.772000 0.134400 0.008800
0.778400 0.134400 0.003200
0.787200 0.134400 0.008000
0.800000 0.134400 0.011200
0.820000 0.134400 0.008800
0.832000 0.134400 0.008000
0.855200 0.134400 0.008000
0.184800 0.135200 0.007200
0.226400 0.135200 0.012800
0.245600 0.135200 0.005600
0.560800 0.135200 0.009600
0.572000 0.135200 0.007200
0.597600 0.135200 0.007200
0.610400 0.135200 0.008800
0.621600 0.135200 0.007200
0.638400 0.135200 0.011200
0.650400 0.135200 0.007200
0.668800 0.135200 0.005600
0.694400 0.135200 0.008000
0.844000 0.135200 0.007200
0.196000 0.136000 0.008000
0.208800 0.136000 0.008000
0.220800 0.136000 0.009600
0.236000 0.136000 0.007200
0.660000 0.136000 0.005600
0.678400 0.136000 0.012800
0.153600 0.137600 0.008800
0.165600 0.137600 0.007200
0.176000 0.137600 0.005600
0.130400 0.138400 0.016000
0.141600 0.138400 0.008000
0.097600 0.140000 0.004000
0.105600 0.147200 0.008800
0.896800 0.148800 0.014400
0.288800 0.152000 0.007200
0.516800 0.152000 0.003200
0.555200 0.152000 0.008800
0.278400 0.152800 0.008800
0.301600 0.152800 0.008000
0.337600 0.152800 0.008000
0.522400 0.152800 0.008800
0.534400 0.152800 0.007200
0.544000 0.152800 0.005600
0.589600 0.152800 0.004800
0.752000 0.152800 0.011200
0.767200 0.152800 0.007200
0.802400 0.152800 0.005600
0.839200 0.152800 0.008000
0.249600 0.153600 0.011200
0.261600 0.153600 0.008800
0.313600 0.153600 0.008000
0.326400 0.153600 0.007200
0.352000 0.153600 0.008800
0.362400 0.153600 0.007200
0.389600 0.153600 0.008800
0.399200 0.153600 0.007200
0.458400 0.153600 0.005600
0.507200 0.153600 0.008000
0.568800 0.153600 0.008800
0.581600 0.153600 0.005600
0.717600 0.153600 0.007200
0.729600 0.153600 0.008800
0.740800 0.153600 0.008000
0.757600 0.153600 0.011200
0.780800 0.153600 0.008000
0.792000 0.153600 0.007200
0.816000 0.153600 0.008800
0.851200 0.153600 0.007200
0.862400 0.153600 0.007200
0.871200 0.153600 0.013600
0.212000 0.154400 0.008800
0.224000 0.154400 0.007200
0.233600 0.154400 0.005600
0.243200 0.154400 0.005600
0.411200 0.154400 0.010400
0.428000 0.154400 0.008800
0.437600 0.154400 0.007200
0.448000 0.154400 0.007200
0.468800 0.154400 0.008000
0.483200 0.154400 0.008800
0.494400 0.154400 0.008800
0.596800 0.154400 0.005600
0.617600 0.154400 0.008800
0.643200 0.154400 0.008800
0.652800 0.154400 0.005600
0.659200 0.154400 0.005600
0.688000 0.154400 0.008800
0.696800 0.154400 0.005600
0.706400 0.154400 0.007200
0.827200 0.154400 0.007200
0.372800 0.155200 0.008800
0.607200 0.155200 0.007200
0.630400 0.155200 0.008800
0.667200 0.155200 0.005600
0.131200 0.156000 0.010400
0.172000 0.156000 0.008000
0.197600 0.156000 0.008800
0.674400 0.156000 0.005600
0.154400 0.156800 0.005600
0.160800 0.156800 0.010400
0.185600 0.156800 0.008000
0.144000 0.157600 0.008000
0.897600 0.157600 0.005600
0.106400 0.160800 0.013600
0.935200 0.164800 0.005600
0.898400 0.166400 0.005600
0.925600 0.168000 0.016800
0.771200 0.171200 0.008800
0.800000 0.171200 0.008800
0.305600 0.172000 0.008800
0.388800 0.172000 0.011200
0.688800 0.172000 0.008800
0.711200 0.172000 0.004800
0.716800 0.172000 0.009600
0.752000 0.172000 0.005600
0.760000 0.172000 0.005600
0.785600 0.172000 0.008800
0.812800 0.172000 0.007200
0.821600 0.172000 0.005600
0.318400 0.172800 0.009600
0.343200 0.172800 0.008800
0.395200 0.172800 0.013600
0.528000 0.172800 0.005600
0.585600 0.172800 0.007200
0.598400 0.172800 0.008000
0.665600 0.172800 0.008800
0.676000 0.172800 0.007200
0.700800 0.172800 0.008800
0.848000 0.172800 0.007200
0.860000 0.172800 0.008800
0.873600 0.172800 0.009600
0.935200 0.172800 0.022400
0.201600 0.173600 0.008000
0.212000 0.173600 0.007200
0.224000 0.173600 0.010400
0.283200 0.173600 0.005600
0.295200 0.173600 0.008000
0.332000 0.173600 0.008000
0.348000 0.173600 0.009600
0.360800 0.173600 0.011200
0.405600 0.173600 0.011200
0.473600 0.173600 0.008000
0.487200 0.173600 0.007200
0.496000 0.173600 0.005600
0.505600 0.173600 0.005600
0.512000 0.173600 0.004000
0.520000 0.173600 0.005600
0.538400 0.173600 0.008800
0.552000 0.173600 0.008000
0.563200 0.173600 0.005600
0.574400 0.173600 0.007200
0.624800 0.173600 0.007200
0.636000 0.173600 0.008800
0.728000 0.173600 0.007200
0.741600 0.173600 0.008800
0.827200 0.173600 0.010400
0.838400 0.173600 0.005600
0.240000 0.174400 0.007200
0.248000 0.174400 0.005600
0.272800 0.174400 0.008000
0.370400 0.174400 0.008800
0.612800 0.174400 0.008800
0.642400 0.174400 0.004800
0.649600 0.174400 0.009600
0.165600 0.175200 0.007200
0.174400 0.175200 0.004800
0.180800 0.175200 0.005600
0.189600 0.175200 0.005600
0.257600 0.175200 0.012800
0.449600 0.175200 0.008000
0.460800 0.175200 0.008800
0.152800 0.176000 0.008800
0.424800 0.176000 0.008800
0.436800 0.176000 0.008000
0.896800 0.176000 0.006400
0.131200 0.176800 0.012800
0.139200 0.177600 0.013600
0.106400 0.178400 0.016800
0.900800 0.184800 0.007200
0.106400 0.192000 0.009600
0.315200 0.192000 0.012800
0.488800 0.192000 0.008000
0.576800 0.192000 0.007200
0.588800 0.192000 0.008800
0.784000 0.192000 0.010400
0.184800 0.192800 0.008800
0.196800 0.192800 0.007200
0.206400 0.192800 0.005600
0.222400 0.192800 0.012800
0.328000 0.192800 0.008800
0.340000 0.192800 0.007200
0.362400 0.192800 0.008000
0.405600 0.192800 0.005600
0.412800 0.192800 0.004800
0.503200 0.192800 0.008800
0.547200 0.192800 0.008800
0.557600 0.192800 0.007200
0.567200 0.192800 0.005600
0.602400 0.192800 0.008800
0.626400 0.192800 0.008000
0.637600 0.192800 0.005600
0.646400 0.192800 0.005600
0.657600 0.192800 0.008000
0.736000 0.192800 0.013600
0.743200 0.192800 0.012800
0.756800 0.192800 0.008800
0.769600 0.192800 0.010400
0.799200 0.192800 0.008800
0.215200 0.193600 0.005600
0.253600 0.193600 0.005600
0.263200 0.193600 0.006400
0.308800 0.193600 0.015200
0.351200 0.193600 0.007200
0.374400 0.193600 0.007200
0.384000 0.193600 0.005600
0.394400 0.193600 0.007200
0.458400 0.193600 0.007200
0.477600 0.193600 0.008000
0.512000 0.193600 0.005600
0.520800 0.193600 0.005600
0.614400 0.193600 0.008000
0.669600 0.193600 0.008800
0.692000 0.193600 0.005600
0.723200 0.193600 0.008800
0.812000 0.193600 0.008800
0.828000 0.193600 0.010400
0.852800 0.193600 0.008800
0.170400 0.194400 0.008800
0.233600 0.194400 0.008000
0.273600 0.194400 0.007200
0.284000 0.194400 0.011200
0.298400 0.194400 0.007200
0.425600 0.194400 0.010400
0.435200 0.194400 0.005600
0.447200 0.194400 0.008800
0.467200 0.194400 0.005600
0.530400 0.194400 0.013600
0.680800 0.194400 0.008000
0.701600 0.194400 0.006400
0.712000 0.194400 0.007200
0.839200 0.194400 0.007200
0.158400 0.195200 0.008800
0.244800 0.195200 0.005600
0.864000 0.195200 0.008800
0.876000 0.195200 0.008800
0.899200 0.195200 0.007200
0.142400 0.196000 0.010400
0.131200 0.196800 0.011200
0.897600 0.206400 0.008000
0.105600 0.208000 0.011200
0.887200 0.217600 0.004800
0.108000 0.220000 0.008800
0.429600 0.220800 0.008800
0.650400 0.220800 0.011200
0.898400 0.220800 0.011200
0.471200 0.221600 0.010400
0.444000 0.222400 0.009600
0.553600 0.222400 0.011200
0.569600 0.222400 0.011200
0.603200 0.222400 0.008800
0.665600 0.222400 0.011200
0.695200 0.222400 0.008800
0.348800 0.223200 0.013600
0.410400 0.223200 0.015200
0.457600 0.223200 0.008800
0.487200 0.223200 0.008800
0.500800 0.223200 0.008800
0.516000 0.223200 0.011200
0.534400 0.223200 0.012800
0.587200 0.223200 0.011200
0.680000 0.223200 0.011200
0.319200 0.224000 0.011200
0.334400 0.224000 0.011200
0.367200 0.224000 0.008800
0.380800 0.224000 0.011200
0.420000 0.224000 0.005600
0.615200 0.224000 0.008800
0.708000 0.224000 0.008800
0.720800 0.224000 0.007200
0.277600 0.224800 0.008800
0.729600 0.224800 0.005600
0.239200 0.225600 0.018400
0.250400 0.225600 0.008800
0.264000 0.225600 0.008800
0.289600 0.225600 0.007200
0.303200 0.225600 0.011200
0.898400 0.231200 0.008000
0.106400 0.232000 0.008000
0.105600 0.243200 0.008800
0.896000 0.244000 0.008800
0.345600 0.252000 0.008800
0.355200 0.252000 0.012800
0.369600 0.252000 0.003200
0.393600 0.252000 0.008800
0.402400 0.252000 0.005600
0.412000 0.252000 0.005600
0.423200 0.252000 0.008000
0.432800 0.252000 0.005600
0.444800 0.252000 0.008800
0.590400 0.252000 0.011200
0.132000 0.252800 0.011200
0.312800 0.252800 0.005600
0.332800 0.252800 0.007200
0.375200 0.252800 0.011200
0.382400 0.252800 0.005600
0.573600 0.252800 0.008000
0.603200 0.252800 0.008800
0.155200 0.253600 0.011200
0.180000 0.253600 0.005600
0.188000 0.253600 0.004800
0.304800 0.253600 0.004800
0.322400 0.253600 0.006400
0.360000 0.253600 0.009600
0.456800 0.253600 0.008800
0.512000 0.253600 0.011200
0.526400 0.253600 0.010400
0.614400 0.253600 0.009600
0.619200 0.253600 0.011200
0.632800 0.253600 0.009600
0.644800 0.253600 0.005600
0.143200 0.254400 0.008000
0.170400 0.254400 0.007200
0.234400 0.254400 0.008000
0.262400 0.254400 0.008000
0.274400 0.254400 0.008000
0.286400 0.254400 0.008800
0.298400 0.254400 0.010400
0.540000 0.254400 0.008000
0.651200 0.254400 0.004800
0.667200 0.254400 0.005600
0.678400 0.254400 0.008000
0.691200 0.254400 0.008800
0.707200 0.254400 0.008800
0.742400 0.254400 0.007200
0.752800 0.254400 0.005600
0.774400 0.254400 0.007200
0.850400 0.254400 0.011200
0.865600 0.254400 0.008800
0.874400 0.254400 0.013600
0.197600 0.255200 0.011200
0.223200 0.255200 0.007200
0.246400 0.255200 0.010400
0.551200 0.255200 0.007200
0.562400 0.255200 0.007200
0.659200 0.255200 0.004800
0.718400 0.255200 0.007200
0.729600 0.255200 0.007200
0.762400 0.255200 0.007200
0.808800 0.255200 0.011200
0.212000 0.256000 0.008000
0.785600 0.256000 0.007200
0.797600 0.256000 0.008000
0.813600 0.256000 0.011200
0.824800 0.256000 0.008000
0.836800 0.256000 0.008800
0.107200 0.256800 0.008800
0.895200 0.257600 0.011200
0.107200 0.268000 0.007200
0.896000 0.270400 0.008800
0.330400 0.272000 0.008800
0.359200 0.272000 0.011200
0.376000 0.272000 0.009600
0.388000 0.272000 0.005600
0.425600 0.272000 0.009600
0.303200 0.272800 0.008000
0.315200 0.272800 0.009600
0.344800 0.272800 0.008800
0.397600 0.272800 0.007200
0.408800 0.272800 0.011200
0.415200 0.272800 0.012800
0.440000 0.272800 0.005600
0.447200 0.272800 0.004800
0.466400 0.272800 0.008000
0.533600 0.272800 0.008800
0.603200 0.272800 0.003200
0.609600 0.272800 0.009600
0.620800 0.272800 0.011200
0.132000 0.273600 0.011200
0.147200 0.273600 0.008800
0.160000 0.273600 0.007200
0.252800 0.273600 0.005600
0.261600 0.273600 0.012800
0.292000 0.273600 0.005600
0.455200 0.273600 0.005600
0.477600 0.273600 0.007200
0.488000 0.273600 0.007200
0.501600 0.273600 0.008800
0.510400 0.273600 0.004800
0.520800 0.273600 0.008000
0.559200 0.273600 0.007200
0.583200 0.273600 0.008800
0.596000 0.273600 0.009600
0.636800 0.273600 0.007200
0.647200 0.273600 0.007200
0.672000 0.273600 0.004800
0.680000 0.273600 0.005600
0.744000 0.273600 0.008800
0.756000 0.273600 0.011200
0.860000 0.273600 0.008800
0.168800 0.274400 0.011200
0.174400 0.274400 0.005600
0.195200 0.274400 0.007200
0.219200 0.274400 0.009600
0.244000 0.274400 0.005600
0.280000 0.274400 0.008800
0.545600 0.274400 0.008800
0.570400 0.274400 0.007200
0.628000 0.274400 0.005600
0.689600 0.274400 0.007200
0.702400 0.274400 0.008000
0.717600 0.274400 0.008800
0.729600 0.274400 0.008800
0.761600 0.274400 0.011200
0.872000 0.274400 0.011200
0.183200 0.275200 0.007200
0.206400 0.275200 0.007200
0.234400 0.275200 0.007200
0.658400 0.275200 0.011200
0.664800 0.275200 0.005600
0.782400 0.275200 0.007200
0.847200 0.275200 0.009600
0.772000 0.276000 0.007200
0.818400 0.276000 0.007200
0.829600 0.276000 0.008800
0.808000 0.276800 0.007200
0.796800 0.277600 0.009600
0.105600 0.279200 0.008000
0.896800 0.281600 0.008000
0.105600 0.290400 0.008800
0.196800 0.291200 0.008800
0.412800 0.291200 0.010400
0.164000 0.292000 0.007200
0.175200 0.292000 0.006400
0.303200 0.292000 0.007200
0.369600 0.292000 0.004800
0.425600 0.292000 0.008800
0.437600 0.292000 0.010400
0.457600 0.292000 0.008800
0.468000 0.292000 0.006400
0.477600 0.292000 0.005600
0.484800 0.292000 0.003200
0.501600 0.292000 0.008000
0.515200 0.292000 0.008800
0.540800 0.292000 0.008800
0.555200 0.292000 0.008800
0.735200 0.292000 0.008000
0.749600 0.292000 0.008800
0.762400 0.292000 0.008800
0.894400 0.292000 0.008800
0.131200 0.292800 0.011200
0.140800 0.292800 0.008800
0.152800 0.292800 0.005600
0.185600 0.292800 0.005600
0.247200 0.292800 0.005600
0.313600 0.292800 0.007200
0.335200 0.292800 0.007200
0.346400 0.292800 0.008000
0.359200 0.292800 0.008800
0.376800 0.292800 0.011200
0.387200 0.292800 0.007200
0.407200 0.292800 0.005600
0.491200 0.292800 0.005600
0.528000 0.292800 0.008000
0.568000 0.292800 0.008000
0.625600 0.292800 0.007200
0.636800 0.292800 0.007200
0.703200 0.292800 0.011200
0.723200 0.292800 0.007200
0.213600 0.293600 0.009600
0.228000 0.293600 0.007200
0.238400 0.293600 0.007200
0.292800 0.293600 0.005600
0.324800 0.293600 0.007200
0.397600 0.293600 0.005600
0.591200 0.293600 0.007200
0.647200 0.293600 0.008000
0.672000 0.293600 0.011200
0.688000 0.293600 0.008800
0.712800 0.293600 0.007200
0.776000 0.293600 0.008000
0.257600 0.294400 0.009600
0.272800 0.294400 0.007200
0.283200 0.294400 0.006400
0.580000 0.294400 0.007200
0.602400 0.294400 0.007200
0.614400 0.294400 0.008000
0.661600 0.294400 0.008000
0.787200 0.294400 0.005600
0.799200 0.294400 0.008800
0.822400 0.295200 0.008800
0.836800 0.295200 0.008800
0.855200 0.295200 0.010400
0.794400 0.296000 0.011200
0.808800 0.296000 0.006400
0.868800 0.296000 0.011200
0.876800 0.296000 0.011200
0.897600 0.304000 0.007200
0.392800 0.310400 0.005600
0.416800 0.310400 0.008800
0.432000 0.310400 0.008800
0.449600 0.310400 0.010400
0.507200 0.310400 0.012800
0.154400 0.311200 0.008000
0.167200 0.311200 0.007200
0.193600 0.311200 0.005600
0.203200 0.311200 0.005600
0.212000 0.311200 0.005600
0.274400 0.311200 0.008000
0.287200 0.311200 0.007200
0.299200 0.311200 0.007200
0.311200 0.311200 0.010400
0.317600 0.311200 0.011200
0.328800 0.311200 0.008000
0.348000 0.311200 0.005600
0.356800 0.311200 0.010400
0.384000 0.311200 0.005600
0.404800 0.311200 0.008000
0.444000 0.311200 0.010400
0.463200 0.311200 0.011200
0.472800 0.311200 0.007200
0.484000 0.311200 0.008000
0.496800 0.311200 0.007200
0.548800 0.311200 0.010400
0.737600 0.311200 0.008800
0.131200 0.312000 0.008800
0.143200 0.312000 0.007200
0.180800 0.312000 0.008800
0.260000 0.312000 0.008000
0.340800 0.312000 0.010400
0.363200 0.312000 0.005600
0.372800 0.312000 0.008000
0.514400 0.312000 0.005600
0.525600 0.312000 0.007200
0.534400 0.312000 0.005600
0.543200 0.312000 0.005600
0.563200 0.312000 0.009600
0.578400 0.312000 0.008800
0.590400 0.312000 0.007200
0.602400 0.312000 0.008800
0.747200 0.312000 0.007200
0.770400 0.312000 0.007200
0.237600 0.312800 0.008000
0.249600 0.312800 0.007200
0.759200 0.312800 0.008000
0.782400 0.312800 0.008800
0.810400 0.312800 0.008000
0.824800 0.312800 0.008000
0.839200 0.312800 0.008800
0.872800 0.312800 0.008800
0.895200 0.312800 0.005600
0.224000 0.313600 0.008800
0.616800 0.313600 0.008000
0.640800 0.313600 0.008000
0.652000 0.313600 0.006400
0.700000 0.313600 0.008800
0.709600 0.313600 0.007200
0.861600 0.313600 0.005600
0.628000 0.314400 0.008000
0.661600 0.314400 0.005600
0.672800 0.314400 0.008000
0.684000 0.314400 0.010400
0.723200 0.314400 0.009600
0.798400 0.314400 0.008800
0.851200 0.314400 0.007200
0.896000 0.321600 0.005600
0.352000 0.328000 0.008000
0.340000 0.328800 0.008000
0.363200 0.328800 0.005600
0.436800 0.328800 0.004800
0.454400 0.328800 0.008000
0.129600 0.329600 0.011200
0.328800 0.329600 0.007200
0.369600 0.329600 0.005600
0.400000 0.329600 0.008800
0.411200 0.329600 0.007200
0.421600 0.329600 0.007200
0.429600 0.329600 0.005600
0.443200 0.329600 0.009600
0.492800 0.329600 0.008000
0.140800 0.330400 0.007200
0.152800 0.330400 0.008800
0.180800 0.330400 0.011200
0.206400 0.330400 0.005600
0.284800 0.330400 0.005600
0.292800 0.330400 0.004800
0.301600 0.330400 0.012000
0.317600 0.330400 0.008000
0.381600 0.330400 0.008000
0.392000 0.330400 0.005600
0.467200 0.330400 0.007200
0.476800 0.330400 0.005600
0.483200 0.330400 0.003200
0.504000 0.330400 0.010400
0.509600 0.330400 0.011200
0.519200 0.330400 0.005600
0.525600 0.330400 0.011200
0.167200 0.331200 0.008800
0.187200 0.331200 0.012800
0.197600 0.331200 0.008800
0.212800 0.331200 0.011200
0.223200 0.331200 0.007200
0.260000 0.331200 0.011200
0.536000 0.331200 0.007200
0.545600 0.331200 0.005600
0.555200 0.331200 0.005600
0.564800 0.331200 0.006400
0.590400 0.331200 0.010400
0.236800 0.332000 0.008000
0.248800 0.332000 0.007200
0.276000 0.332000 0.005600
0.575200 0.332000 0.007200
0.604000 0.332000 0.008800
0.895200 0.332000 0.008800
0.648800 0.332800 0.007200
0.675200 0.332800 0.008800
0.686400 0.332800 0.011200
0.797600 0.332800 0.005600
0.844000 0.332800 0.008000
0.856800 0.332800 0.008800
0.617600 0.333600 0.011200
0.634400 0.333600 0.009600
0.660800 0.333600 0.008000
0.693600 0.333600 0.005600
0.702400 0.333600 0.007200
0.712000 0.333600 0.011200
0.717600 0.333600 0.005600
0.735200 0.333600 0.004800
0.768800 0.333600 0.013600
0.788000 0.333600 0.005600
0.804800 0.333600 0.012000
0.821600 0.333600 0.008000
0.832800 0.333600 0.005600
0.872000 0.333600 0.011200
0.740800 0.334400 0.011200
0.750400 0.334400 0.007200
0.762400 0.334400 0.011200
0.778400 0.334400 0.005600
0.727200 0.335200 0.005600
0.892800 0.346400 0.016800
0.488000 0.347200 0.008800
0.388800 0.348000 0.008800
0.404000 0.348000 0.008800
0.429600 0.348000 0.008000
0.440800 0.348000 0.005600
0.461600 0.348000 0.008800
0.474400 0.348000 0.008800
0.500000 0.348000 0.005600
0.508800 0.348000 0.004800
0.376000 0.348800 0.008800
0.417600 0.348800 0.008800
0.449600 0.348800 0.007200
0.285600 0.349600 0.008800
0.322400 0.349600 0.007200
0.361600 0.349600 0.008800
0.516000 0.349600 0.005600
0.225600 0.350400 0.004800
0.273600 0.350400 0.008000
0.297600 0.350400 0.008800
0.312800 0.350400 0.008800
0.349600 0.350400 0.008800
0.527200 0.350400 0.007200
0.536800 0.350400 0.005600
0.545600 0.350400 0.004800
0.552000 0.350400 0.003200
0.557600 0.350400 0.003200
0.564800 0.350400 0.005600
0.573600 0.350400 0.005600
0.185600 0.351200 0.008800
0.198400 0.351200 0.007200
0.234400 0.351200 0.012800
0.263200 0.351200 0.007200
0.335200 0.351200 0.010400
0.581600 0.351200 0.013600
0.587200 0.351200 0.003200
0.602400 0.351200 0.008800
0.632800 0.351200 0.010400
0.644000 0.351200 0.008800
0.153600 0.352000 0.007200
0.165600 0.352000 0.007200
0.174400 0.352000 0.005600
0.217600 0.352000 0.007200
0.252800 0.352000 0.008000
0.593600 0.352000 0.005600
0.616000 0.352000 0.008800
0.656000 0.352000 0.005600
0.665600 0.352000 0.005600
0.673600 0.352000 0.005600
0.682400 0.352000 0.012800
0.142400 0.352800 0.007200
0.207200 0.352800 0.015200
0.706400 0.352800 0.007200
0.715200 0.352800 0.005600
0.748800 0.352800 0.011200
0.130400 0.353600 0.018400
0.696000 0.353600 0.007200
0.724000 0.353600 0.005600
0.744000 0.353600 0.011200
0.758400 0.353600 0.007200
0.768000 0.353600 0.013600
0.773600 0.353600 0.011200
0.783200 0.353600 0.012000
0.819200 0.353600 0.016800
0.829600 0.353600 0.008800
0.843200 0.353600 0.008800
0.733600 0.354400 0.007200
0.800800 0.354400 0.011200
0.853600 0.354400 0.011200
0.858400 0.354400 0.011200
0.868800 0.355200 0.012800
0.893600 0.355200 0.015200
0.875200 0.356000 0.012000
0.936000 0.365600 0.015200
0.194400 0.388000 0.018400
0.184800 0.388800 0.018400
0.207200 0.388800 0.008800
0.171200 0.389600 0.018400
0.218400 0.389600 0.018400
0.164800 0.390400 0.016800
