602.000000 173.000000 7.000000
613.000000 174.000000 17.000000
619.000000 174.000000 12.000000
715.000000 174.000000 15.000000
520.000000 175.000000 7.000000
533.000000 175.000000 11.000000
547.000000 175.000000 11.000000
569.000000 175.000000 14.000000
591.000000 175.000000 17.000000
675.000000 175.000000 13.000000
749.000000 175.000000 19.000000
762.000000 175.000000 21.000000
771.000000 175.000000 7.000000
779.000000 175.000000 5.000000
796.000000 175.000000 22.000000
507.000000 176.000000 11.000000
652.000000 176.000000 19.000000
666.000000 176.000000 14.000000
691.000000 176.000000 21.000000
704.000000 176.000000 19.000000
740.000000 176.000000 18.000000
787.000000 176.000000 6.000000
641.000000 177.000000 15.000000
659.000000 177.000000 12.000000
563.000000 201.000000 15.000000
614.000000 201.000000 15.000000
608.000000 202.000000 15.000000
647.000000 202.000000 7.000000
657.000000 202.000000 7.000000
585.000000 203.000000 13.000000
636.000000 203.000000 15.000000
668.000000 203.000000 18.000000
697.000000 203.000000 10.000000
710.000000 203.000000 21.000000
719.000000 203.000000 7.000000
727.000000 203.000000 14.000000
675.000000 204.000000 13.000000
737.000000 204.000000 17.000000
746.000000 204.000000 14.000000
799.000000 234.000000 17.000000
812.000000 234.000000 20.000000
539.000000 235.000000 17.000000
559.000000 235.000000 28.000000
772.000000 235.000000 14.000000
788.000000 235.000000 7.000000
595.000000 236.000000 23.000000
581.000000 237.000000 24.000000
758.000000 238.000000 11.000000
468.000000 244.000000 13.000000
476.000000 244.000000 18.000000
690.000000 244.000000 12.000000
695.000000 244.000000 16.000000
483.000000 245.000000 4.000000
490.000000 245.000000 17.000000
496.000000 245.000000 11.000000
706.000000 245.000000 7.000000
715.000000 245.000000 15.000000
623.000000 270.000000 21.000000
654.000000 271.000000 16.000000
600.000000 272.000000 17.000000
612.000000 272.000000 21.000000
632.000000 272.000000 17.000000
678.000000 272.000000 12.000000
590.000000 273.000000 21.000000
577.000000 274.000000 11.000000
698.000000 274.000000 17.000000
707.000000 274.000000 19.000000
469.000000 279.000000 11.000000
483.000000 279.000000 11.000000
513.000000 279.000000 21.000000
522.000000 279.000000 14.000000
504.000000 280.000000 13.000000
654.000000 302.000000 17.000000
602.000000 304.000000 21.000000
690.000000 304.000000 19.000000
617.000000 306.000000 24.000000
671.000000 306.000000 21.000000
716.000000 306.000000 21.000000
632.000000 307.000000 21.000000
583.000000 308.000000 27.000000
469.000000 312.000000 14.000000
522.000000 312.000000 17.000000
478.000000 313.000000 7.000000
488.000000 313.000000 7.000000
500.000000 313.000000 9.000000
511.000000 313.000000 9.000000
734.000000 326.000000 11.000000
751.000000 326.000000 10.000000
819.000000 327.000000 14.000000
800.000000 328.000000 12.000000
753.000000 343.000000 11.000000
741.000000 344.000000 14.000000
817.000000 345.000000 11.000000
686.000000 346.000000 19.000000
696.000000 346.000000 19.000000
804.000000 346.000000 11.000000
470.000000 347.000000 13.000000
480.000000 347.000000 4.000000
489.000000 347.000000 13.000000
709.000000 347.000000 7.000000
720.000000 347.000000 14.000000
610.000000 372.000000 21.000000
564.000000 375.000000 14.000000
585.000000 375.000000 16.000000
542.000000 376.000000 14.000000
527.000000 377.000000 28.000000
468.000000 379.000000 17.000000
477.000000 379.000000 22.000000
488.000000 379.000000 14.000000
701.000000 379.000000 13.000000
693.000000 380.000000 21.000000
685.000000 381.000000 13.000000
708.000000 381.000000 20.000000
718.000000 381.000000 17.000000
731.000000 381.000000 11.000000
740.000000 381.000000 18.000000
