0.228000 0.046400 0.022400
0.199200 0.048000 0.008800
0.213600 0.048000 0.008800
0.188000 0.048800 0.008000
0.175200 0.050400 0.008800
0.156800 0.051200 0.025600
0.862400 0.071200 0.027200
0.879200 0.072000 0.028800
0.164800 0.090400 0.011200
0.179200 0.090400 0.011200
0.189600 0.090400 0.007200
0.212800 0.090400 0.009600
0.124000 0.091200 0.016800
0.200000 0.091200 0.008800
0.246400 0.091200 0.005600
0.264000 0.091200 0.005600
0.134400 0.092000 0.008800
0.225600 0.092000 0.005600
0.236800 0.092000 0.007200
0.294400 0.092000 0.010400
0.361600 0.092000 0.007200
0.372800 0.092000 0.008000
0.385600 0.092000 0.008800
0.396800 0.092000 0.007200
0.148000 0.092800 0.008800
0.256000 0.092800 0.005600
0.272800 0.092800 0.005600
0.280800 0.092800 0.005600
0.351200 0.092800 0.005600
0.406400 0.092800 0.007200
0.420000 0.092800 0.009600
0.064800 0.093600 0.024800
0.081600 0.093600 0.027200
0.309600 0.093600 0.008000
0.321600 0.093600 0.007200
0.092000 0.094400 0.005600
0.332000 0.094400 0.007200
0.341600 0.094400 0.006400
0.443200 0.094400 0.011200
0.456800 0.094400 0.005600
0.506400 0.094400 0.007200
0.433600 0.095200 0.007200
0.473600 0.095200 0.011200
0.487200 0.096000 0.007200
0.496800 0.096000 0.005600
0.519200 0.096000 0.008800
0.543200 0.096000 0.007200
0.555200 0.096000 0.008800
0.634400 0.096000 0.007200
0.532000 0.096800 0.007200
0.566400 0.096800 0.007200
0.575200 0.096800 0.005600
0.594400 0.096800 0.005600
0.603200 0.096800 0.005600
0.624800 0.096800 0.007200
0.683200 0.096800 0.005600
0.700000 0.096800 0.005600
0.584000 0.097600 0.007200
0.647200 0.097600 0.011200
0.672800 0.097600 0.007200
0.692000 0.097600 0.005600
0.716000 0.097600 0.005600
0.612800 0.098400 0.007200
0.662400 0.098400 0.007200
0.708000 0.098400 0.005600
0.724800 0.098400 0.005600
0.731200 0.100000 0.011200
0.748800 0.100000 0.008000
0.760000 0.100000 0.007200
0.769600 0.101600 0.007200
0.781600 0.101600 0.008000
0.792000 0.102400 0.007200
0.803200 0.103200 0.011200
0.840000 0.104800 0.005600
0.848800 0.104800 0.005600
0.817600 0.105600 0.005600
0.830400 0.105600 0.008800
0.872000 0.105600 0.007200
0.858400 0.106400 0.014400
0.880800 0.106400 0.013600
0.126400 0.110400 0.013600
0.292800 0.110400 0.012000
0.136800 0.111200 0.007200
0.148000 0.111200 0.007200
0.159200 0.111200 0.007200
0.168800 0.111200 0.005600
0.176800 0.111200 0.005600
0.235200 0.111200 0.008800
0.244000 0.111200 0.007200
0.297600 0.111200 0.008800
0.186400 0.112000 0.005600
0.219200 0.112000 0.008800
0.254400 0.112000 0.008000
0.265600 0.112000 0.005600
0.276000 0.112000 0.006400
0.285600 0.112000 0.005600
0.308000 0.112000 0.008800
0.390400 0.112000 0.007200
0.401600 0.112000 0.007200
0.427200 0.112000 0.004800
0.208000 0.112800 0.008000
0.321600 0.112800 0.008800
0.410400 0.112800 0.005600
0.416800 0.112800 0.011200
0.433600 0.112800 0.005600
0.444000 0.112800 0.008000
0.196000 0.113600 0.007200
0.366400 0.113600 0.011200
0.456000 0.113600 0.008800
0.332800 0.114400 0.007200
0.344000 0.114400 0.007200
0.380800 0.114400 0.005600
0.521600 0.114400 0.005600
0.354400 0.115200 0.007200
0.470400 0.115200 0.010400
0.483200 0.115200 0.005600
0.492800 0.115200 0.007200
0.512800 0.115200 0.005600
0.538400 0.115200 0.012000
0.576000 0.115200 0.011200
0.504000 0.116000 0.007200
0.554400 0.116000 0.008800
0.565600 0.116000 0.008000
0.581600 0.116000 0.009600
0.629600 0.116000 0.012800
0.593600 0.116800 0.008800
0.606400 0.116800 0.008800
0.619200 0.116800 0.008000
0.635200 0.116800 0.010400
0.656800 0.116800 0.005600
0.703200 0.116800 0.011200
0.713600 0.116800 0.007200
0.647200 0.117600 0.007200
0.665600 0.117600 0.005600
0.686400 0.117600 0.008800
0.673600 0.118400 0.005600
0.727200 0.119200 0.008800
0.738400 0.119200 0.008000
0.750400 0.120800 0.008800
0.763200 0.120800 0.007200
0.774400 0.121600 0.007200
0.784000 0.121600 0.007200
0.794400 0.122400 0.007200
0.805600 0.124000 0.008800
0.824000 0.124800 0.008800
0.833600 0.124800 0.008800
0.847200 0.125600 0.008000
0.861600 0.125600 0.008800
0.076000 0.127200 0.019200
0.871200 0.127200 0.005600
0.877600 0.127200 0.010400
0.127200 0.131200 0.008800
0.224000 0.131200 0.008000
0.235200 0.131200 0.007200
0.246400 0.131200 0.007200
0.138400 0.132000 0.008800
0.151200 0.132000 0.008800
0.163200 0.132000 0.005600
0.176000 0.132000 0.008800
0.214400 0.132000 0.005600
0.256800 0.132000 0.008000
0.188000 0.132800 0.008000
0.208000 0.132800 0.012000
0.311200 0.132800 0.007200
0.320800 0.132800 0.005600
0.328800 0.132800 0.005600
0.199200 0.133600 0.007200
0.268000 0.133600 0.005600
0.279200 0.133600 0.008000
0.289600 0.133600 0.007200
0.300800 0.133600 0.007200
0.337600 0.133600 0.005600
0.346400 0.133600 0.005600
0.422400 0.133600 0.008800
0.435200 0.133600 0.008800
0.353600 0.134400 0.012000
0.371200 0.134400 0.009600
0.397600 0.134400 0.005600
0.407200 0.134400 0.013600
0.454400 0.134400 0.011200
0.464800 0.134400 0.009600
0.469600 0.134400 0.011200
0.492000 0.134400 0.010400
0.386400 0.135200 0.008800
0.480000 0.135200 0.008800
0.496800 0.135200 0.008800
0.508800 0.135200 0.008800
0.359200 0.136000 0.009600
0.560800 0.136000 0.007200
0.572000 0.136000 0.008800
0.584800 0.136000 0.008800
0.601600 0.136000 0.010400
0.615200 0.136000 0.008800
0.626400 0.136000 0.007200
0.636800 0.136000 0.008800
0.523200 0.136800 0.008800
0.536800 0.136800 0.008000
0.642400 0.136800 0.005600
0.650400 0.136800 0.005600
0.549600 0.137600 0.007200
0.659200 0.137600 0.005600
0.668000 0.138400 0.012800
0.708800 0.138400 0.008000
0.683200 0.139200 0.009600
0.696800 0.139200 0.008800
0.720800 0.139200 0.008800
0.736000 0.139200 0.008800
0.754400 0.140800 0.011200
0.764800 0.140800 0.010400
0.770400 0.141600 0.011200
0.780000 0.142400 0.007200
0.791200 0.142400 0.008000
0.828800 0.144000 0.008800
0.803200 0.144800 0.011200
0.817600 0.144800 0.005600
0.841600 0.144800 0.008800
0.855200 0.144800 0.008800
0.810400 0.145600 0.004000
0.868000 0.146400 0.008000
0.878400 0.147200 0.008800
0.126400 0.151200 0.013600
0.136000 0.152000 0.005600
0.144800 0.152000 0.007200
0.185600 0.152000 0.010400
0.157600 0.152800 0.009600
0.261600 0.152800 0.008800
0.172000 0.153600 0.007200
0.209600 0.153600 0.006400
0.232800 0.153600 0.008800
0.246400 0.153600 0.008800
0.280000 0.153600 0.012000
0.294400 0.153600 0.011200
0.304800 0.153600 0.007200
0.322400 0.153600 0.005600
0.331200 0.153600 0.007200
0.340800 0.153600 0.005600
0.198400 0.154400 0.008800
0.220000 0.154400 0.008800
0.316000 0.154400 0.011200
0.348800 0.154400 0.012800
0.391200 0.155200 0.008000
0.404000 0.155200 0.008800
0.418400 0.155200 0.008800
0.430400 0.155200 0.005600
0.450400 0.155200 0.011200
0.457600 0.155200 0.005600
0.467200 0.155200 0.008800
0.379200 0.156000 0.008800
0.437600 0.156000 0.011200
0.480000 0.156000 0.005600
0.494400 0.156000 0.009600
0.367200 0.156800 0.008000
0.506400 0.156800 0.007200
0.516000 0.156800 0.005600
0.526400 0.157600 0.008000
0.538400 0.157600 0.007200
0.603200 0.157600 0.011200
0.634400 0.157600 0.012000
0.550400 0.158400 0.008800
0.574400 0.158400 0.010400
0.588800 0.158400 0.008800
0.617600 0.158400 0.007200
0.627200 0.158400 0.005600
0.648800 0.158400 0.009600
0.681600 0.158400 0.007200
0.692000 0.158400 0.008800
0.562400 0.159200 0.008000
0.670400 0.159200 0.007200
0.715200 0.159200 0.007200
0.660000 0.160000 0.008800
0.704800 0.160000 0.007200
0.726400 0.160000 0.007200
0.736800 0.160800 0.005600
0.745600 0.160800 0.005600
0.755200 0.160800 0.007200
0.764800 0.160800 0.005600
0.773600 0.163200 0.012800
0.791200 0.163200 0.009600
0.808000 0.164800 0.008800
0.832800 0.164800 0.008800
0.856000 0.164800 0.007200
0.820800 0.165600 0.008000
0.846400 0.165600 0.008800
0.866400 0.167200 0.011200
0.880000 0.167200 0.008800
0.128800 0.172000 0.011200
0.174400 0.172800 0.008800
0.144800 0.173600 0.008800
0.157600 0.173600 0.010400
0.188800 0.174400 0.008800
0.200800 0.174400 0.007200
0.224000 0.174400 0.008000
0.242400 0.174400 0.011200
0.255200 0.174400 0.007200
0.266400 0.174400 0.007200
0.290400 0.174400 0.008800
0.306400 0.174400 0.009600
0.211200 0.175200 0.008000
0.235200 0.175200 0.016000
0.277600 0.175200 0.008000
0.321600 0.175200 0.010400
0.336800 0.176000 0.009600
0.391200 0.176000 0.008800
0.408800 0.176000 0.011200
0.419200 0.176000 0.005600
0.440000 0.176000 0.011200
0.480000 0.176000 0.011200
0.351200 0.176800 0.010400
0.378400 0.176800 0.008800
0.428000 0.176800 0.013600
0.455200 0.176800 0.008800
0.466400 0.176800 0.009600
0.365600 0.177600 0.008800
0.493600 0.177600 0.011200
0.512000 0.178400 0.011200
0.528800 0.178400 0.008800
0.552800 0.178400 0.011200
0.568800 0.178400 0.008800
0.630400 0.178400 0.012800
0.541600 0.179200 0.008800
0.558400 0.179200 0.011200
0.584800 0.179200 0.011200
0.591200 0.179200 0.005600
0.600000 0.179200 0.011200
0.623200 0.179200 0.005600
0.642400 0.179200 0.011200
0.614400 0.180000 0.005600
0.657600 0.180000 0.008000
0.672000 0.180000 0.009600
0.700000 0.180000 0.011200
0.685600 0.180800 0.009600
0.717600 0.180800 0.008800
0.729600 0.180800 0.007200
0.739200 0.180800 0.007200
0.749600 0.181600 0.007200
0.760000 0.181600 0.007200
0.773600 0.182400 0.011200
0.800800 0.184000 0.008800
0.813600 0.184000 0.008000
0.789600 0.184800 0.008800
0.824000 0.184800 0.008000
0.838400 0.185600 0.009600
0.855200 0.186400 0.010400
0.870400 0.187200 0.011200
0.211200 0.217600 0.013600
0.187200 0.218400 0.015200
0.229600 0.218400 0.011200
0.244000 0.219200 0.008800
0.336000 0.219200 0.008800
0.389600 0.219200 0.011200
0.260000 0.220000 0.011200
0.324000 0.220000 0.008000
0.158400 0.220800 0.019200
0.170400 0.220800 0.009600
0.275200 0.220800 0.008800
0.289600 0.220800 0.012800
0.296800 0.220800 0.016800
0.310400 0.220800 0.009600
0.352800 0.220800 0.011200
0.371200 0.220800 0.012000
0.448800 0.220800 0.012800
0.465600 0.220800 0.012800
0.485600 0.220800 0.013600
0.687200 0.220800 0.011200
0.502400 0.221600 0.011200
0.520800 0.221600 0.012000
0.405600 0.222400 0.010400
0.419200 0.222400 0.008800
0.431200 0.222400 0.008800
0.568800 0.222400 0.011200
0.537600 0.223200 0.011200
0.552000 0.223200 0.008800
0.589600 0.223200 0.012000
0.608000 0.223200 0.012000
0.644800 0.223200 0.016000
0.721600 0.223200 0.012800
0.624800 0.224000 0.008800
0.636800 0.224000 0.008800
0.656000 0.224000 0.007200
0.666400 0.224000 0.007200
0.675200 0.224000 0.005600
0.704000 0.224000 0.011200
0.740800 0.225600 0.011200
0.755200 0.225600 0.008800
0.769600 0.225600 0.011200
0.787200 0.226400 0.011200
0.802400 0.227200 0.008800
0.817600 0.227200 0.012000
0.838400 0.227200 0.016000
0.192000 0.243200 0.008800
0.206400 0.244000 0.008800
0.221600 0.244000 0.011200
0.237600 0.244000 0.011200
0.252800 0.244000 0.008800
0.266400 0.244000 0.009600
0.282400 0.244000 0.011200
0.160000 0.244800 0.013600
0.177600 0.244800 0.011200
0.316800 0.244800 0.012000
0.352800 0.244800 0.011200
0.299200 0.245600 0.008800
0.335200 0.245600 0.011200
0.465600 0.245600 0.012800
0.369600 0.246400 0.011200
0.388800 0.246400 0.011200
0.444800 0.246400 0.011200
0.596000 0.246400 0.012000
0.424800 0.247200 0.011200
0.481600 0.247200 0.010400
0.497600 0.247200 0.011200
0.514400 0.247200 0.016000
0.906400 0.247200 0.025600
0.406400 0.248000 0.011200
0.524800 0.248000 0.008800
0.536000 0.248000 0.008800
0.551200 0.248000 0.011200
0.568000 0.248000 0.008800
0.580800 0.248000 0.008800
0.614400 0.248000 0.011200
0.640800 0.248000 0.005600
0.659200 0.248000 0.015200
0.697600 0.248000 0.012800
0.632000 0.248800 0.013600
0.760000 0.248800 0.008800
0.825600 0.248800 0.016000
0.833600 0.248800 0.013600
0.677600 0.249600 0.011200
0.714400 0.249600 0.011200
0.729600 0.249600 0.010400
0.746400 0.249600 0.011200
0.775200 0.249600 0.011200
0.792800 0.249600 0.011200
0.808800 0.249600 0.011200
0.848800 0.250400 0.013600
0.905600 0.251200 0.025600
0.277600 0.266400 0.006400
0.473600 0.267200 0.014400
0.492000 0.270400 0.011200
0.504800 0.270400 0.008800
0.269600 0.271200 0.009600
0.518400 0.271200 0.008800
0.532800 0.272000 0.011200
0.549600 0.272000 0.008800
0.563200 0.273600 0.011200
0.124800 0.286400 0.010400
0.160000 0.286400 0.008000
0.172000 0.286400 0.008000
0.184800 0.286400 0.007200
0.208000 0.286400 0.008800
0.220800 0.286400 0.008800
0.138400 0.287200 0.008800
0.150400 0.287200 0.007200
0.195200 0.287200 0.007200
0.232800 0.287200 0.008000
0.274400 0.288000 0.005600
0.245600 0.288800 0.007200
0.256000 0.288800 0.007200
0.265600 0.288800 0.005600
0.354400 0.288800 0.008800
0.282400 0.289600 0.005600
0.318400 0.289600 0.008800
0.331200 0.289600 0.007200
0.342400 0.289600 0.007200
0.292800 0.290400 0.011200
0.307200 0.290400 0.008800
0.368000 0.290400 0.007200
0.377600 0.291200 0.005600
0.384000 0.291200 0.005600
0.574400 0.291200 0.012800
0.628000 0.291200 0.008000
0.393600 0.292000 0.007200
0.405600 0.292000 0.008800
0.583200 0.292000 0.005600
0.590400 0.292000 0.012800
0.602400 0.292000 0.008800
0.616800 0.292000 0.008800
0.638400 0.292000 0.005600
0.420000 0.292800 0.008800
0.432000 0.292800 0.008800
0.446400 0.292800 0.011200
0.654400 0.292800 0.012800
0.667200 0.292800 0.008800
0.458400 0.293600 0.008000
0.468800 0.293600 0.008800
0.646400 0.294400 0.005600
0.677600 0.294400 0.007200
0.701600 0.294400 0.008000
0.712000 0.294400 0.011200
0.688800 0.295200 0.008000
0.727200 0.296000 0.008800
0.738400 0.296800 0.008000
0.749600 0.297600 0.008800
0.768000 0.297600 0.013600
0.792800 0.297600 0.011200
0.806400 0.297600 0.008000
0.816800 0.297600 0.013600
0.849600 0.297600 0.016000
0.777600 0.298400 0.005600
0.784800 0.298400 0.005600
0.840000 0.298400 0.012800
0.855200 0.298400 0.011200
0.868000 0.299200 0.015200
0.125600 0.304000 0.009600
0.140800 0.304800 0.011200
0.156800 0.305600 0.007200
0.167200 0.305600 0.005600
0.176800 0.305600 0.008000
0.204000 0.305600 0.009600
0.228800 0.305600 0.005600
0.188800 0.306400 0.008800
0.218400 0.306400 0.008800
0.239200 0.306400 0.007200
0.249600 0.306400 0.007200
0.260000 0.306400 0.014400
0.290400 0.308800 0.011200
0.338400 0.308800 0.005600
0.344800 0.308800 0.005600
0.356000 0.308800 0.008000
0.367200 0.308800 0.008800
0.314400 0.309600 0.007200
0.324800 0.309600 0.010400
0.381600 0.309600 0.009600
0.304800 0.310400 0.008000
0.405600 0.310400 0.007200
0.396000 0.311200 0.007200
0.413600 0.311200 0.013600
0.462400 0.312000 0.005600
0.468800 0.312000 0.011200
0.424800 0.312800 0.008800
0.455200 0.312800 0.003200
0.436000 0.313600 0.007200
0.448000 0.313600 0.010400
0.480000 0.313600 0.008800
0.492800 0.313600 0.007200
0.503200 0.313600 0.005600
0.608000 0.313600 0.011200
0.616800 0.313600 0.011200
0.622400 0.313600 0.011200
0.646400 0.313600 0.008000
0.657600 0.313600 0.007200
0.512800 0.314400 0.005600
0.539200 0.314400 0.005600
0.592000 0.314400 0.007200
0.602400 0.314400 0.005600
0.631200 0.314400 0.011200
0.668000 0.314400 0.005600
0.678400 0.314400 0.008800
0.699200 0.314400 0.005600
0.521600 0.315200 0.005600
0.531200 0.315200 0.005600
0.691200 0.315200 0.005600
0.709600 0.315200 0.013600
0.547200 0.316000 0.005600
0.581600 0.316000 0.007200
0.554400 0.316800 0.013600
0.565600 0.316800 0.011200
0.573600 0.316800 0.004800
0.727200 0.316800 0.011200
0.744000 0.316800 0.008800
0.754400 0.316800 0.005600
0.766400 0.316800 0.008800
0.816800 0.316800 0.008800
0.832800 0.316800 0.009600
0.793600 0.317600 0.005600
0.804000 0.317600 0.008000
0.778400 0.318400 0.011200
0.787200 0.319200 0.003200
0.845600 0.319200 0.008000
0.856800 0.320000 0.007200
0.866400 0.320800 0.007200
0.877600 0.323200 0.008800
0.124000 0.325600 0.011200
0.161600 0.325600 0.007200
0.223200 0.325600 0.005600
0.229600 0.325600 0.012000
0.138400 0.326400 0.010400
0.194400 0.326400 0.007200
0.205600 0.326400 0.005600
0.214400 0.326400 0.005600
0.151200 0.327200 0.007200
0.174400 0.327200 0.007200
0.184000 0.327200 0.005600
0.236000 0.328000 0.011200
0.282400 0.328800 0.007200
0.294400 0.328800 0.008800
0.327200 0.328800 0.007200
0.348000 0.328800 0.015200
0.248000 0.329600 0.008800
0.259200 0.329600 0.007200
0.271200 0.329600 0.008000
0.306400 0.329600 0.007200
0.339200 0.329600 0.007200
0.317600 0.330400 0.005600
0.360000 0.330400 0.007200
0.372000 0.331200 0.008800
0.385600 0.331200 0.008800
0.398400 0.332800 0.011200
0.473600 0.332800 0.007200
0.413600 0.333600 0.005600
0.421600 0.333600 0.014400
0.426400 0.333600 0.003200
0.432000 0.333600 0.008800
0.463200 0.333600 0.007200
0.484000 0.333600 0.008800
0.528000 0.333600 0.005600
0.441600 0.334400 0.006400
0.452000 0.334400 0.007200
0.497600 0.334400 0.007200
0.508800 0.334400 0.007200
0.519200 0.334400 0.007200
0.650400 0.334400 0.008800
0.666400 0.334400 0.012800
0.683200 0.334400 0.004800
0.536800 0.335200 0.005600
0.617600 0.335200 0.005600
0.627200 0.335200 0.007200
0.637600 0.335200 0.008800
0.661600 0.335200 0.009600
0.675200 0.335200 0.005600
0.546400 0.336000 0.008800
0.561600 0.336000 0.012800
0.604800 0.336000 0.008800
0.695200 0.336000 0.009600
0.580000 0.336800 0.008800
0.592800 0.336800 0.008800
0.709600 0.336800 0.008000
0.568800 0.337600 0.013600
0.721600 0.337600 0.011200
0.760000 0.338400 0.008800
0.737600 0.339200 0.009600
0.749600 0.339200 0.007200
0.772800 0.339200 0.008000
0.803200 0.339200 0.008800
0.784800 0.340000 0.011200
0.791200 0.340000 0.005600
0.835200 0.340000 0.008800
0.852800 0.340000 0.012800
0.815200 0.340800 0.007200
0.825600 0.340800 0.005600
0.847200 0.340800 0.011200
0.862400 0.340800 0.012000
0.868000 0.340800 0.013600
0.877600 0.340800 0.008800
0.122400 0.346400 0.008800
0.132800 0.346400 0.007200
0.144800 0.347200 0.007200
0.154400 0.347200 0.005600
0.163200 0.347200 0.007200
0.196000 0.347200 0.011200
0.174400 0.348000 0.007200
0.184800 0.348000 0.007200
0.211200 0.348800 0.008000
0.222400 0.348800 0.005600
0.231200 0.348800 0.008800
0.244000 0.348800 0.008000
0.255200 0.349600 0.007200
0.310400 0.349600 0.008000
0.284000 0.350400 0.008800
0.323200 0.350400 0.008000
0.333600 0.350400 0.005600
0.265600 0.351200 0.005600
0.272800 0.351200 0.004000
0.297600 0.351200 0.011200
0.343200 0.351200 0.015200
0.362400 0.352000 0.012800
0.349600 0.352800 0.004800
0.371200 0.352800 0.005600
0.380000 0.352800 0.007200
0.390400 0.352800 0.008800
0.404000 0.353600 0.007200
0.470400 0.353600 0.011200
0.478400 0.353600 0.011200
0.416800 0.354400 0.008800
0.428800 0.354400 0.008800
0.442400 0.354400 0.008800
0.464800 0.354400 0.005600
0.493600 0.354400 0.008800
0.452800 0.355200 0.008800
0.504000 0.355200 0.008800
0.516000 0.355200 0.011200
0.620000 0.355200 0.010400
0.521600 0.356000 0.011200
0.532000 0.356000 0.007200
0.544000 0.356000 0.008800
0.657600 0.356000 0.012800
0.690400 0.356000 0.010400
0.557600 0.356800 0.011200
0.595200 0.356800 0.007200
0.605600 0.356800 0.007200
0.631200 0.356800 0.007200
0.641600 0.356800 0.007200
0.650400 0.356800 0.003200
0.673600 0.356800 0.010400
0.684800 0.356800 0.004800
0.702400 0.356800 0.008000
0.666400 0.357600 0.005600
0.714400 0.357600 0.007200
0.572800 0.358400 0.008000
0.584000 0.358400 0.008000
0.724800 0.358400 0.007200
0.771200 0.358400 0.008000
0.736000 0.359200 0.007200
0.747200 0.359200 0.010400
0.760800 0.359200 0.008800
0.782400 0.359200 0.008800
0.798400 0.360000 0.008800
0.810400 0.360000 0.008800
0.823200 0.361600 0.008000
0.842400 0.362400 0.007200
0.854400 0.362400 0.008800
0.832800 0.363200 0.005600
0.868000 0.363200 0.019200
0.876000 0.364000 0.013600
