177
177
177
177
177
177
190
190
187
178
176
176
176
176
176
176
176
176
176
176
176
176
176
176
176
176
176
176
176
176
176
176
176
176
176
176
176
176
176
176
176
176
176
176
176
176
176
176
176
176
176
176
176
176
176
187
176
176
176
176
176
176
176
176
176
176
176
176
181
181
176
176
176
176
176
176
181
178
178
187
176
176
176
176
176
176
176
176
176
176
176
176
176
176
176
176
176
176
176
176
176
176
176
176
176
176
176
176
176
176
176
176
176
176
176
176
176
176
176
176
176
176
176
176
176
176
176
176
176
176
176
176
176
176
176
176
176
178
187
176
187
180
178
187
176
176
176
176
176
176
176
176
176
176
176
176
176
176
176
176
176
176
176
176
176
176
176
176
176
176
176
176
176
176
176
176
176
176
176
176
176
176
176
176
176
176
176
176
176
176
176
176
176
176
176
176
176
176
176
176
187
178
185
187
185
178
184
178
178
188
186
184
184
184
187
178
184
184
184
184
184
184
184
184
184
184
184
184
184
184
184
184
184
184
184
184
184
184
184
184
184
184
184
184
184
178
184
184
184
184
184
184
184
184
184
184
184
186
178
187
182
178
178
186
187
178
178
184
184
184
184
184
184
184
182
184
184
184
184
184
184
184
184
184
184
184
184
184
184
184
184
184
184
184
184
184
184
184
184
184
184
184
184
184
184
184
184
184
184
184
184
184
184
184
184
187
186
178
178
182
187
178
186
184
184
184
184
184
184
184
184
184
187
184
184
184
184
184
184
184
184
184
184
184
184
184
184
184
184
184
184
184
184
184
184
184
184
184
184
184
184
184
184
184
184
184
184
178
184
184
184
184
184
178
182
187
178
178
186
178
182
187
184
184
184
184
184
184
184
184
184
184
184
184
184
184
184
184
184
184
184
184
184
184
184
184
184
184
184
184
184
184
184
184
184
184
184
184
184
184
184
184
184
184
184
184
186
178
187
178
182
186
178
187
178
182
184
184
184
184
184
184
184
184
184
184
184
184
184
184
184
184
184
184
184
184
184
184
184
184
184
186
184
184
184
184
184
184
184
184
184
184
184
184
184
184
184
184
182
184
184
184
184
184
184
184
187
178
184
178
182
186
187
178
186
179
184
184
184
187
184
184
184
184
184
184
184
184
184
184
184
184
184
184
184
184
184
184
184
184
184
184
184
184
184
184
184
184
184
184
184
184
184
184
178
184
184
184
184
184
184
184
178
186
187
178
178
187
184
184
184
184
184
184
184
184
184
184
184
184
184
184
184
184
184
184
184
184
184
184
184
184
184
184
184
186
184
184
184
184
184
184
184
184
184
184
184
184
184
184
184
184
184
184
184
184
187
178
178
187
178
187
183
183
183
183
183
183
183
183
183
183
183
183
183
183
183
183
183
183
183
183
183
183
183
183
183
183
183
183
183
183
183
183
183
183
183
183
183
187
183
183
183
183
183
183
183
183
183
183
183
183
183
183
183
183
183
183
183
183
178
183
183
183
183
183
183
183
183
183
183
183
183
189