0.237600 0.054400 0.024800
0.206400 0.056800 0.008800
0.221600 0.056800 0.011200
0.195200 0.058400 0.008800
0.155200 0.060000 0.019200
0.177600 0.060000 0.013600
0.841600 0.067200 0.008800
0.854400 0.068800 0.020800
0.351200 0.097600 0.008800
0.685600 0.097600 0.009600
0.164800 0.098400 0.008800
0.179200 0.098400 0.009600
0.194400 0.098400 0.008800
0.269600 0.098400 0.007200
0.292000 0.098400 0.008000
0.304000 0.098400 0.007200
0.334400 0.098400 0.013600
0.618400 0.098400 0.011200
0.631200 0.098400 0.009600
0.647200 0.098400 0.008800
0.672000 0.098400 0.008800
0.701600 0.098400 0.008800
0.828000 0.098400 0.008800
0.207200 0.099200 0.008000
0.219200 0.099200 0.008800
0.232800 0.099200 0.010400
0.247200 0.099200 0.007200
0.258400 0.099200 0.007200
0.280800 0.099200 0.007200
0.315200 0.099200 0.007200
0.325600 0.099200 0.005600
0.338400 0.099200 0.008800
0.363200 0.099200 0.005600
0.392000 0.099200 0.008000
0.404000 0.099200 0.007200
0.415200 0.099200 0.005600
0.473600 0.099200 0.010400
0.512000 0.099200 0.007200
0.525600 0.099200 0.008800
0.540000 0.099200 0.008800
0.552000 0.099200 0.007200
0.564000 0.099200 0.008800
0.576800 0.099200 0.007200
0.587200 0.099200 0.007200
0.600800 0.099200 0.009600
0.660000 0.099200 0.005600
0.716000 0.099200 0.008800
0.728000 0.099200 0.008800
0.770400 0.099200 0.016000
0.842400 0.099200 0.007200
0.153600 0.100000 0.008000
0.369600 0.100000 0.011200
0.380000 0.100000 0.007200
0.424800 0.100000 0.007200
0.436000 0.100000 0.008000
0.448000 0.100000 0.008000
0.460800 0.100000 0.008800
0.490400 0.100000 0.008800
0.501600 0.100000 0.007200
0.744800 0.100000 0.011200
0.759200 0.100000 0.008800
0.808000 0.100000 0.007200
0.818400 0.100000 0.005600
0.787200 0.100800 0.008800
0.797600 0.100800 0.007200
0.852000 0.100800 0.005600
0.860800 0.100800 0.005600
0.129600 0.101600 0.016800
0.866400 0.101600 0.011200
0.140000 0.102400 0.008800
0.254400 0.117600 0.007200
0.276800 0.117600 0.010400
0.311200 0.117600 0.007200
0.360800 0.117600 0.008800
0.265600 0.118400 0.008000
0.280800 0.118400 0.009600
0.292000 0.118400 0.007200
0.301600 0.118400 0.005600
0.336800 0.118400 0.008000
0.348800 0.118400 0.007200
0.372800 0.118400 0.011200
0.482400 0.118400 0.008800
0.496800 0.118400 0.008800
0.560000 0.118400 0.005600
0.572000 0.118400 0.008800
0.583200 0.118400 0.008800
0.596800 0.118400 0.008800
0.154400 0.119200 0.008800
0.232800 0.119200 0.008000
0.244000 0.119200 0.007200
0.323200 0.119200 0.008800
0.388800 0.119200 0.007200
0.400000 0.119200 0.008000
0.412000 0.119200 0.008000
0.470400 0.119200 0.008800
0.510400 0.119200 0.010400
0.528000 0.119200 0.008800
0.540000 0.119200 0.008800
0.551200 0.119200 0.006400
0.610400 0.119200 0.008000
0.635200 0.119200 0.010400
0.660800 0.119200 0.008000
0.722400 0.119200 0.005600
0.780800 0.119200 0.008000
0.794400 0.119200 0.008000
0.164800 0.120000 0.007200
0.185600 0.120000 0.007200
0.196800 0.120000 0.008800
0.424800 0.120000 0.008000
0.436800 0.120000 0.010400
0.452000 0.120000 0.009600
0.621600 0.120000 0.008800
0.649600 0.120000 0.007200
0.673600 0.120000 0.008000
0.695200 0.120000 0.007200
0.768800 0.120000 0.007200
0.807200 0.120000 0.008000
0.818400 0.120000 0.007200
0.832800 0.120000 0.009600
0.141600 0.120800 0.007200
0.176000 0.120800 0.005600
0.210400 0.120800 0.008800
0.221600 0.120800 0.007200
0.684800 0.120800 0.007200
0.704800 0.120800 0.007200
0.714400 0.120800 0.005600
0.746400 0.120800 0.008000
0.758400 0.120800 0.007200
0.845600 0.120800 0.007200
0.855200 0.120800 0.011200
0.863200 0.120800 0.004800
0.869600 0.120800 0.010400
0.131200 0.121600 0.011200
0.732000 0.121600 0.011200
0.276000 0.137600 0.011200
0.196000 0.138400 0.008800
0.269600 0.138400 0.005600
0.417600 0.138400 0.008800
0.224000 0.139200 0.007200
0.237600 0.139200 0.008800
0.299200 0.139200 0.005600
0.308800 0.139200 0.007200
0.319200 0.139200 0.007200
0.331200 0.139200 0.008800
0.344800 0.139200 0.008800
0.359200 0.139200 0.010400
0.373600 0.139200 0.007200
0.384800 0.139200 0.007200
0.396000 0.139200 0.007200
0.406400 0.139200 0.007200
0.424800 0.139200 0.013600
0.435200 0.139200 0.007200
0.444000 0.139200 0.005600
0.480800 0.139200 0.008000
0.492800 0.139200 0.007200
0.504000 0.139200 0.008000
0.516000 0.139200 0.007200
0.626400 0.139200 0.007200
0.639200 0.139200 0.008000
0.743200 0.139200 0.008800
0.772000 0.139200 0.008800
0.184800 0.140000 0.008000
0.213600 0.140000 0.008800
0.250400 0.140000 0.008000
0.261600 0.140000 0.005600
0.454400 0.140000 0.009600
0.469600 0.140000 0.008000
0.530400 0.140000 0.010400
0.570400 0.140000 0.011200
0.578400 0.140000 0.004000
0.616000 0.140000 0.007200
0.651200 0.140000 0.007200
0.672000 0.140000 0.007200
0.757600 0.140000 0.008800
0.784800 0.140000 0.010400
0.808800 0.140000 0.007200
0.822400 0.140000 0.010400
0.848800 0.140000 0.008000
0.860800 0.140000 0.011200
0.173600 0.140800 0.007200
0.288000 0.140800 0.008000
0.556000 0.140800 0.009600
0.588000 0.140800 0.012800
0.604800 0.140800 0.008800
0.660800 0.140800 0.005600
0.683200 0.140800 0.007200
0.695200 0.140800 0.008000
0.709600 0.140800 0.008800
0.720800 0.140800 0.007200
0.731200 0.140800 0.007200
0.799200 0.140800 0.007200
0.837600 0.140800 0.007200
0.139200 0.141600 0.005600
0.148000 0.141600 0.012800
0.163200 0.141600 0.008000
0.544000 0.141600 0.007200
0.130400 0.142400 0.012000
0.398400 0.157600 0.005600
0.274400 0.158400 0.011200
0.333600 0.158400 0.008800
0.389600 0.158400 0.012000
0.404000 0.158400 0.011200
0.414400 0.158400 0.007200
0.507200 0.158400 0.005600
0.759200 0.158400 0.008800
0.223200 0.159200 0.005600
0.230400 0.159200 0.012000
0.305600 0.159200 0.008000
0.320000 0.159200 0.008800
0.345600 0.159200 0.008000
0.383200 0.159200 0.012800
0.429600 0.159200 0.009600
0.443200 0.159200 0.008800
0.499200 0.159200 0.008800
0.514400 0.159200 0.011200
0.636000 0.159200 0.005600
0.198400 0.160000 0.010400
0.214400 0.160000 0.007200
0.248800 0.160000 0.008800
0.261600 0.160000 0.008800
0.280000 0.160000 0.011200
0.290400 0.160000 0.008800
0.357600 0.160000 0.005600
0.365600 0.160000 0.005600
0.374400 0.160000 0.005600
0.454400 0.160000 0.008800
0.472000 0.160000 0.008800
0.481600 0.160000 0.011200
0.526400 0.160000 0.008000
0.660000 0.160000 0.012800
0.699200 0.160000 0.007200
0.713600 0.160000 0.008800
0.736800 0.160000 0.007200
0.747200 0.160000 0.006400
0.772800 0.160000 0.007200
0.782400 0.160000 0.007200
0.539200 0.160800 0.007200
0.563200 0.160800 0.008000
0.620800 0.160800 0.011200
0.650400 0.160800 0.005600
0.688800 0.160800 0.007200
0.726400 0.160800 0.007200
0.795200 0.160800 0.008800
0.807200 0.160800 0.007200
0.816800 0.160800 0.008800
0.128800 0.161600 0.011200
0.171200 0.161600 0.011200
0.579200 0.161600 0.010400
0.595200 0.161600 0.010400
0.607200 0.161600 0.008000
0.628000 0.161600 0.005600
0.641600 0.161600 0.012800
0.676000 0.161600 0.008800
0.832000 0.161600 0.008800
0.843200 0.161600 0.007200
0.145600 0.162400 0.008000
0.187200 0.162400 0.007200
0.551200 0.162400 0.008000
0.135200 0.163200 0.012800
0.157600 0.163200 0.008800
0.857600 0.163200 0.012800
0.298400 0.176800 0.011200
0.288800 0.177600 0.007200
0.304800 0.177600 0.004800
0.311200 0.177600 0.004800
0.319200 0.177600 0.007200
0.329600 0.177600 0.007200
0.753600 0.177600 0.008800
0.278400 0.178400 0.007200
0.339200 0.178400 0.011200
0.353600 0.178400 0.007200
0.265600 0.179200 0.008000
0.363200 0.179200 0.005600
0.393600 0.179200 0.015200
0.404000 0.179200 0.007200
0.442400 0.179200 0.008800
0.464800 0.179200 0.005600
0.473600 0.179200 0.005600
0.726400 0.179200 0.008800
0.740800 0.179200 0.008800
0.202400 0.180000 0.011200
0.240000 0.180000 0.011200
0.372800 0.180000 0.008800
0.414400 0.180000 0.007200
0.424000 0.180000 0.014400
0.455200 0.180000 0.007200
0.483200 0.180000 0.007200
0.494400 0.180000 0.008000
0.508000 0.180000 0.008800
0.618400 0.180000 0.008800
0.768000 0.180000 0.008800
0.176800 0.180800 0.008000
0.188800 0.180800 0.008800
0.216800 0.180800 0.008000
0.228000 0.180800 0.007200
0.256000 0.180800 0.008800
0.429600 0.180800 0.011200
0.520000 0.180800 0.007200
0.530400 0.180800 0.005600
0.539200 0.180800 0.007200
0.572800 0.180800 0.007200
0.605600 0.180800 0.008000
0.631200 0.180800 0.008800
0.698400 0.180800 0.008800
0.713600 0.180800 0.008800
0.780000 0.180800 0.008800
0.793600 0.180800 0.010400
0.831200 0.180800 0.007200
0.133600 0.181600 0.015200
0.166400 0.181600 0.007200
0.550400 0.181600 0.007200
0.562400 0.181600 0.008800
0.593600 0.181600 0.007200
0.643200 0.181600 0.007200
0.673600 0.181600 0.008800
0.685600 0.181600 0.008800
0.841600 0.181600 0.007200
0.144000 0.182400 0.007200
0.154400 0.182400 0.007200
0.583200 0.182400 0.006400
0.820800 0.182400 0.008800
0.081600 0.183200 0.004800
0.653600 0.183200 0.015200
0.660800 0.183200 0.016800
0.808000 0.183200 0.008800
0.851200 0.183200 0.008800
0.861600 0.183200 0.005600
0.868800 0.183200 0.011200
0.074400 0.186400 0.024000
0.084000 0.191200 0.005600
0.324800 0.223200 0.005600
0.366400 0.223200 0.013600
0.796800 0.223200 0.016000
0.711200 0.224000 0.013600
0.761600 0.224000 0.027200
0.312800 0.224800 0.011200
0.349600 0.224800 0.012000
0.412000 0.224800 0.005600
0.461600 0.224800 0.008800
0.635200 0.224800 0.022400
0.692000 0.224800 0.011200
0.266400 0.225600 0.011200
0.371200 0.225600 0.024800
0.400800 0.225600 0.011200
0.607200 0.225600 0.005600
0.743200 0.225600 0.011200
0.773600 0.225600 0.016800
0.240000 0.226400 0.007200
0.281600 0.226400 0.011200
0.332800 0.226400 0.013600
0.420800 0.226400 0.016800
0.433600 0.226400 0.011200
0.567200 0.226400 0.012000
0.583200 0.226400 0.008800
0.674400 0.226400 0.008800
0.175200 0.227200 0.024800
0.192000 0.227200 0.013600
0.211200 0.227200 0.013600
0.250400 0.227200 0.008800
0.296800 0.227200 0.011200
0.384800 0.227200 0.008800
0.448800 0.227200 0.008800
0.476000 0.227200 0.008800
0.488800 0.227200 0.008800
0.520000 0.227200 0.008800
0.596800 0.227200 0.008800
0.648000 0.227200 0.008000
0.660800 0.227200 0.008800
0.728000 0.227200 0.008800
0.184000 0.228000 0.005600
0.228800 0.228000 0.008800
0.504000 0.228000 0.011200
0.533600 0.228000 0.008800
0.550400 0.228000 0.011200
0.617600 0.228800 0.008800
0.322400 0.264800 0.008800
0.358400 0.265600 0.008800
0.250400 0.266400 0.011200
0.309600 0.266400 0.008800
0.333600 0.266400 0.005600
0.344800 0.266400 0.008800
0.372000 0.266400 0.008800
0.132000 0.267200 0.011200
0.157600 0.267200 0.011200
0.181600 0.267200 0.007200
0.192800 0.267200 0.005600
0.236000 0.267200 0.009600
0.273600 0.267200 0.013600
0.297600 0.267200 0.008800
0.143200 0.268000 0.008800
0.172000 0.268000 0.007200
0.201600 0.268000 0.005600
0.211200 0.268000 0.007200
0.222400 0.268000 0.008000
0.284000 0.268000 0.008800
0.384800 0.268000 0.008800
0.847200 0.268000 0.011200
0.860800 0.268000 0.013600
0.397600 0.268800 0.008800
0.753600 0.268800 0.008800
0.820800 0.268800 0.007200
0.832000 0.268800 0.007200
0.840800 0.268800 0.005600
0.411200 0.269600 0.010400
0.438400 0.269600 0.008000
0.451200 0.269600 0.007200
0.461600 0.269600 0.007200
0.472000 0.269600 0.007200
0.481600 0.269600 0.005600
0.489600 0.269600 0.005600
0.499200 0.269600 0.005600
0.556000 0.269600 0.008800
0.605600 0.269600 0.008800
0.705600 0.269600 0.007200
0.740800 0.269600 0.008800
0.767200 0.269600 0.010400
0.783200 0.269600 0.008800
0.794400 0.269600 0.011200
0.810400 0.269600 0.007200
0.426400 0.270400 0.008000
0.542400 0.270400 0.008800
0.622400 0.270400 0.010400
0.636000 0.270400 0.008800
0.648000 0.270400 0.008800
0.664800 0.270400 0.012000
0.716000 0.270400 0.007200
0.729600 0.270400 0.008800
0.800000 0.270400 0.013600
0.511200 0.271200 0.013600
0.528800 0.271200 0.008800
0.576800 0.271200 0.007200
0.592800 0.271200 0.008800
0.692800 0.271200 0.008800
0.567200 0.272000 0.005600
0.584800 0.272000 0.004800
0.681600 0.272000 0.008000
0.132000 0.287200 0.010400
0.288800 0.287200 0.011200
0.312800 0.287200 0.008800
0.246400 0.288000 0.012000
0.268000 0.288000 0.007200
0.277600 0.288000 0.007200
0.303200 0.288000 0.007200
0.324800 0.288000 0.007200
0.336000 0.288000 0.007200
0.356000 0.288000 0.007200
0.364800 0.288000 0.005600
0.414400 0.288000 0.008000
0.639200 0.288000 0.007200
0.801600 0.288000 0.007200
0.812800 0.288000 0.007200
0.833600 0.288000 0.007200
0.144000 0.288800 0.008800
0.161600 0.288800 0.010400
0.189600 0.288800 0.008800
0.240000 0.288800 0.005600
0.257600 0.288800 0.007200
0.346400 0.288800 0.007200
0.372000 0.288800 0.005600
0.428000 0.288800 0.008000
0.440000 0.288800 0.010400
0.619200 0.288800 0.005600
0.628800 0.288800 0.007200
0.648000 0.288800 0.005600
0.739200 0.288800 0.010400
0.752800 0.288800 0.008800
0.786400 0.288800 0.011200
0.823200 0.288800 0.007200
0.844000 0.288800 0.005600
0.854400 0.288800 0.008000
0.178400 0.289600 0.008800
0.202400 0.289600 0.008800
0.392000 0.289600 0.008000
0.403200 0.289600 0.007200
0.456000 0.289600 0.008000
0.483200 0.289600 0.011200
0.596000 0.289600 0.008800
0.608800 0.289600 0.007200
0.724800 0.289600 0.007200
0.764000 0.289600 0.008800
0.774400 0.289600 0.008000
0.215200 0.290400 0.011200
0.231200 0.290400 0.005600
0.379200 0.290400 0.011200
0.468000 0.290400 0.008800
0.540800 0.290400 0.012000
0.658400 0.290400 0.007200
0.709600 0.290400 0.011200
0.868000 0.290400 0.009600
0.497600 0.291200 0.008800
0.508800 0.291200 0.007200
0.532800 0.291200 0.004800
0.558400 0.291200 0.008000
0.569600 0.291200 0.005600
0.578400 0.291200 0.013600
0.668800 0.291200 0.007200
0.695200 0.291200 0.008800
0.517600 0.292000 0.004800
0.524800 0.292000 0.005600
0.584800 0.292000 0.012000
0.680000 0.292000 0.011200
0.331200 0.307200 0.008800
0.274400 0.308000 0.008800
0.320000 0.308000 0.007200
0.799200 0.308000 0.007200
0.859200 0.308000 0.005600
0.288800 0.308800 0.008000
0.300000 0.308800 0.005600
0.309600 0.308800 0.007200
0.369600 0.308800 0.010400
0.834400 0.308800 0.008000
0.846400 0.308800 0.008800
0.209600 0.309600 0.004800
0.260000 0.309600 0.008000
0.356000 0.309600 0.009600
0.374400 0.309600 0.010400
0.384000 0.309600 0.010400
0.397600 0.309600 0.007200
0.639200 0.309600 0.008800
0.776000 0.309600 0.008800
0.788800 0.309600 0.008800
0.808000 0.309600 0.011200
0.822400 0.309600 0.008000
0.868000 0.309600 0.013600
0.136000 0.310400 0.012800
0.175200 0.310400 0.005600
0.187200 0.310400 0.008800
0.216800 0.310400 0.012000
0.236000 0.310400 0.008800
0.247200 0.310400 0.008800
0.344800 0.310400 0.008000
0.408800 0.310400 0.011200
0.428800 0.310400 0.008800
0.455200 0.310400 0.008800
0.467200 0.310400 0.007200
0.486400 0.310400 0.013600
0.615200 0.310400 0.007200
0.626400 0.310400 0.008000
0.764000 0.310400 0.007200
0.200800 0.311200 0.008800
0.439200 0.311200 0.011200
0.445600 0.311200 0.013600
0.476800 0.311200 0.007200
0.508800 0.311200 0.008800
0.519200 0.311200 0.011200
0.603200 0.311200 0.008000
0.652000 0.311200 0.007200
0.662400 0.311200 0.007200
0.672800 0.311200 0.007200
0.152800 0.312000 0.008800
0.492800 0.312000 0.011200
0.524800 0.312000 0.011200
0.535200 0.312000 0.007200
0.547200 0.312000 0.007200
0.560000 0.312000 0.011200
0.576000 0.312000 0.007200
0.591200 0.312000 0.010400
0.682400 0.312000 0.005600
0.692800 0.312000 0.007200
0.703200 0.312000 0.007200
0.712000 0.312000 0.005600
0.740800 0.312000 0.008800
0.752800 0.312000 0.008000
0.165600 0.312800 0.007200
0.720800 0.313600 0.012800
0.854400 0.327200 0.008000
0.297600 0.328000 0.007200
0.308000 0.328000 0.008800
0.321600 0.328000 0.007200
0.844000 0.328000 0.007200
0.264800 0.328800 0.011200
0.276000 0.328800 0.008000
0.287200 0.328800 0.005600
0.332000 0.328800 0.007200
0.352000 0.328800 0.005600
0.800800 0.328800 0.007200
0.833600 0.328800 0.007200
0.867200 0.328800 0.008800
0.342400 0.329600 0.005600
0.360800 0.329600 0.005600
0.370400 0.329600 0.005600
0.379200 0.329600 0.005600
0.428800 0.329600 0.008000
0.444000 0.329600 0.008800
0.812800 0.329600 0.007200
0.823200 0.329600 0.005600
0.130400 0.330400 0.011200
0.162400 0.330400 0.007200
0.173600 0.330400 0.007200
0.184000 0.330400 0.007200
0.195200 0.330400 0.007200
0.207200 0.330400 0.008000
0.260000 0.330400 0.013600
0.388000 0.330400 0.012800
0.404800 0.330400 0.008000
0.454400 0.330400 0.007200
0.464800 0.330400 0.005600
0.473600 0.330400 0.006400
0.143200 0.331200 0.007200
0.152800 0.331200 0.005600
0.219200 0.331200 0.007200
0.232800 0.331200 0.011200
0.249600 0.331200 0.008800
0.418400 0.331200 0.008800
0.483200 0.331200 0.005600
0.494400 0.331200 0.007200
0.545600 0.331200 0.007200
0.556800 0.331200 0.007200
0.669600 0.331200 0.005600
0.680800 0.331200 0.008000
0.709600 0.331200 0.008800
0.721600 0.331200 0.008800
0.737600 0.331200 0.008800
0.776800 0.331200 0.009600
0.790400 0.331200 0.007200
0.528000 0.332000 0.005600
0.536000 0.332000 0.005600
0.570400 0.332000 0.008800
0.602400 0.332000 0.010400
0.608000 0.332000 0.010400
0.616800 0.332000 0.011200
0.654400 0.332000 0.005600
0.662400 0.332000 0.012000
0.695200 0.332000 0.008000
0.763200 0.332000 0.007200
0.505600 0.332800 0.007200
0.516800 0.332800 0.008000
0.582400 0.332800 0.009600
0.594400 0.332800 0.004800
0.623200 0.332800 0.005600
0.644800 0.332800 0.008000
0.752800 0.332800 0.008000
0.632000 0.333600 0.007200
0.333600 0.348800 0.005600
0.432800 0.348800 0.003200
0.131200 0.349600 0.011200
0.144000 0.349600 0.008800
0.312800 0.349600 0.007200
0.324000 0.349600 0.007200
0.340000 0.349600 0.011200
0.389600 0.349600 0.005600
0.612000 0.349600 0.005600
0.708000 0.349600 0.007200
0.719200 0.349600 0.008800
0.288000 0.350400 0.011200
0.303200 0.350400 0.008800
0.352000 0.350400 0.007200
0.362400 0.350400 0.005600
0.380800 0.350400 0.005600
0.458400 0.350400 0.005600
0.536800 0.350400 0.011200
0.624800 0.350400 0.008800
0.696800 0.350400 0.008800
0.802400 0.350400 0.011200
0.840800 0.350400 0.012800
0.867200 0.350400 0.014400
0.157600 0.351200 0.008800
0.168800 0.351200 0.005600
0.178400 0.351200 0.007200
0.189600 0.351200 0.013600
0.216000 0.351200 0.008800
0.243200 0.351200 0.005600
0.249600 0.351200 0.005600
0.260800 0.351200 0.008800
0.272800 0.351200 0.008800
0.371200 0.351200 0.005600
0.403200 0.351200 0.011200
0.425600 0.351200 0.005600
0.439200 0.351200 0.005600
0.468800 0.351200 0.007200
0.478400 0.351200 0.004800
0.484800 0.351200 0.005600
0.519200 0.351200 0.008800
0.529600 0.351200 0.004000
0.596000 0.351200 0.007200
0.605600 0.351200 0.005600
0.671200 0.351200 0.007200
0.682400 0.351200 0.008000
0.733600 0.351200 0.008800
0.764000 0.351200 0.012800
0.772800 0.351200 0.004800
0.816000 0.351200 0.013600
0.821600 0.351200 0.011200
0.232000 0.352000 0.008800
0.396800 0.352000 0.003200
0.415200 0.352000 0.007200
0.449600 0.352000 0.006400
0.494400 0.352000 0.008800
0.508000 0.352000 0.008800
0.548000 0.352000 0.008000
0.559200 0.352000 0.005600
0.567200 0.352000 0.005600
0.576000 0.352000 0.005600
0.586400 0.352000 0.007200
0.636000 0.352000 0.008000
0.660800 0.352000 0.008000
0.748800 0.352000 0.009600
0.784000 0.352000 0.008800
0.205600 0.352800 0.007200
0.648000 0.352800 0.008800
