0.231200 0.051200 0.022400
0.202400 0.052800 0.008800
0.216800 0.052800 0.008800
0.191200 0.054400 0.007200
0.160800 0.056000 0.025600
0.179200 0.056000 0.011200
0.853600 0.067200 0.024800
0.868000 0.068800 0.027200
0.177600 0.096000 0.012800
0.164000 0.096800 0.008000
0.205600 0.096800 0.007200
0.216800 0.096800 0.008800
0.152800 0.097600 0.007200
0.194400 0.097600 0.008800
0.221600 0.097600 0.012000
0.229600 0.097600 0.005600
0.239200 0.097600 0.007200
0.301600 0.097600 0.008000
0.142400 0.098400 0.007200
0.268000 0.098400 0.008800
0.279200 0.098400 0.005600
0.288800 0.098400 0.007200
0.316000 0.098400 0.008000
0.327200 0.098400 0.008800
0.364000 0.098400 0.004800
0.370400 0.098400 0.005600
0.132000 0.099200 0.008800
0.251200 0.099200 0.008800
0.354400 0.099200 0.012800
0.379200 0.099200 0.007200
0.390400 0.099200 0.005600
0.402400 0.099200 0.009600
0.424000 0.099200 0.005600
0.432000 0.099200 0.005600
0.665600 0.099200 0.013600
0.416000 0.100000 0.005600
0.480800 0.100000 0.008800
0.505600 0.100000 0.007200
0.516000 0.100000 0.005600
0.542400 0.100000 0.005600
0.551200 0.100000 0.005600
0.681600 0.100000 0.011200
0.736800 0.100000 0.008800
0.747200 0.100000 0.008800
0.760800 0.100000 0.008800
0.463200 0.100800 0.006400
0.471200 0.100800 0.004800
0.494400 0.100800 0.007200
0.525600 0.100800 0.005600
0.575200 0.100800 0.011200
0.591200 0.100800 0.007200
0.633600 0.100800 0.009600
0.645600 0.100800 0.008800
0.656000 0.100800 0.007200
0.732800 0.100800 0.010400
0.774400 0.100800 0.009600
0.788000 0.100800 0.007200
0.444000 0.101600 0.008800
0.453600 0.101600 0.005600
0.534400 0.101600 0.005600
0.560800 0.101600 0.013600
0.600800 0.101600 0.015200
0.606400 0.101600 0.004800
0.616000 0.101600 0.008800
0.696800 0.101600 0.008800
0.708000 0.101600 0.008000
0.720000 0.101600 0.008800
0.797600 0.101600 0.015200
0.811200 0.101600 0.010400
0.868000 0.101600 0.008800
0.628800 0.102400 0.009600
0.804000 0.102400 0.003200
0.824800 0.102400 0.005600
0.832800 0.102400 0.005600
0.844800 0.102400 0.008800
0.855200 0.102400 0.007200
0.880800 0.104000 0.007200
0.213600 0.117600 0.013600
0.228000 0.117600 0.012000
0.236000 0.117600 0.005600
0.245600 0.117600 0.007200
0.312000 0.117600 0.006400
0.320000 0.117600 0.003200
0.325600 0.117600 0.011200
0.132800 0.118400 0.011200
0.181600 0.118400 0.008800
0.195200 0.118400 0.008800
0.204800 0.118400 0.005600
0.255200 0.118400 0.011200
0.268800 0.118400 0.011200
0.284000 0.118400 0.005600
0.301600 0.118400 0.007200
0.333600 0.118400 0.003200
0.421600 0.118400 0.008000
0.447200 0.118400 0.010400
0.653600 0.118400 0.008000
0.157600 0.119200 0.008000
0.168800 0.119200 0.007200
0.262400 0.119200 0.003200
0.276800 0.119200 0.004800
0.292000 0.119200 0.007200
0.340800 0.119200 0.011200
0.373600 0.119200 0.005600
0.384800 0.119200 0.008800
0.410400 0.119200 0.007200
0.435200 0.119200 0.008800
0.523200 0.119200 0.007200
0.536800 0.119200 0.009600
0.631200 0.119200 0.008800
0.668800 0.119200 0.008800
0.872000 0.119200 0.005600
0.146400 0.120000 0.007200
0.396800 0.120000 0.009600
0.494400 0.120000 0.007200
0.508800 0.120000 0.010400
0.551200 0.120000 0.008000
0.562400 0.120000 0.007200
0.572800 0.120000 0.007200
0.597600 0.120000 0.005600
0.641600 0.120000 0.007200
0.740800 0.120000 0.005600
0.836800 0.120000 0.008800
0.862400 0.120000 0.008800
0.877600 0.120000 0.010400
0.353600 0.120800 0.007200
0.364800 0.120800 0.007200
0.464000 0.120800 0.008000
0.475200 0.120800 0.005600
0.484800 0.120800 0.005600
0.582400 0.120800 0.005600
0.588800 0.120800 0.005600
0.605600 0.120800 0.004800
0.613600 0.120800 0.011200
0.620000 0.120800 0.003200
0.682400 0.120800 0.008000
0.694400 0.120800 0.007200
0.704800 0.120800 0.007200
0.716800 0.120800 0.008800
0.748000 0.120800 0.012000
0.765600 0.120800 0.008800
0.777600 0.120800 0.007200
0.788000 0.120800 0.012800
0.848000 0.120800 0.008000
0.731200 0.121600 0.008800
0.804000 0.121600 0.005600
0.811200 0.121600 0.005600
0.820000 0.121600 0.012000
0.795200 0.122400 0.004800
0.314400 0.136800 0.011200
0.308000 0.137600 0.013600
0.406400 0.137600 0.006400
0.638400 0.137600 0.007200
0.222400 0.138400 0.007200
0.269600 0.138400 0.008800
0.285600 0.138400 0.011200
0.387200 0.138400 0.006400
0.396800 0.138400 0.006400
0.416000 0.138400 0.005600
0.424000 0.138400 0.005600
0.432800 0.138400 0.005600
0.457600 0.138400 0.008000
0.506400 0.138400 0.007200
0.562400 0.138400 0.004800
0.570400 0.138400 0.012000
0.589600 0.138400 0.008000
0.628000 0.138400 0.007200
0.650400 0.138400 0.008000
0.661600 0.138400 0.005600
0.668000 0.138400 0.010400
0.680000 0.138400 0.008800
0.200800 0.139200 0.005600
0.211200 0.139200 0.007200
0.233600 0.139200 0.007200
0.258400 0.139200 0.008800
0.298400 0.139200 0.007200
0.326400 0.139200 0.007200
0.365600 0.139200 0.008000
0.377600 0.139200 0.005600
0.442400 0.139200 0.011200
0.469600 0.139200 0.011200
0.496800 0.139200 0.007200
0.518400 0.139200 0.008000
0.530400 0.139200 0.007200
0.540800 0.139200 0.008800
0.554400 0.139200 0.005600
0.577600 0.139200 0.012000
0.602400 0.139200 0.008800
0.617600 0.139200 0.010400
0.692000 0.139200 0.007200
0.701600 0.139200 0.005600
0.712000 0.139200 0.007200
0.722400 0.139200 0.005600
0.774400 0.139200 0.007200
0.829600 0.139200 0.008000
0.853600 0.139200 0.005600
0.864000 0.139200 0.008000
0.178400 0.140000 0.008800
0.188800 0.140000 0.008800
0.244800 0.140000 0.007200
0.336800 0.140000 0.005600
0.346400 0.140000 0.006400
0.356000 0.140000 0.005600
0.477600 0.140000 0.004800
0.485600 0.140000 0.007200
0.745600 0.140000 0.010400
0.785600 0.140000 0.005600
0.843200 0.140000 0.008000
0.876800 0.140000 0.011200
0.155200 0.140800 0.008000
0.166400 0.140800 0.008800
0.732000 0.140800 0.008800
0.752800 0.140800 0.004800
0.762400 0.140800 0.008000
0.794400 0.140800 0.005600
0.804800 0.140800 0.007200
0.816800 0.140800 0.008800
0.132800 0.141600 0.008800
0.144000 0.141600 0.007200
0.446400 0.157600 0.010400
0.533600 0.157600 0.005600
0.185600 0.158400 0.011200
0.190400 0.158400 0.008800
0.200800 0.158400 0.007200
0.214400 0.158400 0.008800
0.227200 0.158400 0.011200
0.451200 0.158400 0.011200
0.620800 0.158400 0.011200
0.646400 0.158400 0.007200
0.660800 0.158400 0.011200
0.723200 0.158400 0.008800
0.780000 0.158400 0.008800
0.280000 0.159200 0.010400
0.285600 0.159200 0.013600
0.370400 0.159200 0.005600
0.376800 0.159200 0.004800
0.384800 0.159200 0.012000
0.392800 0.159200 0.005600
0.401600 0.159200 0.013600
0.408000 0.159200 0.011200
0.421600 0.159200 0.008800
0.435200 0.159200 0.008800
0.476800 0.159200 0.007200
0.524800 0.159200 0.013600
0.562400 0.159200 0.010400
0.600000 0.159200 0.011200
0.614400 0.159200 0.012800
0.635200 0.159200 0.008800
0.671200 0.159200 0.005600
0.710400 0.159200 0.007200
0.736000 0.159200 0.011200
0.765600 0.159200 0.008800
0.794400 0.159200 0.008800
0.172800 0.160000 0.011200
0.243200 0.160000 0.008800
0.256000 0.160000 0.008000
0.268800 0.160000 0.008800
0.295200 0.160000 0.007200
0.324000 0.160000 0.013600
0.348000 0.160000 0.008800
0.360800 0.160000 0.007200
0.463200 0.160000 0.009600
0.499200 0.160000 0.005600
0.509600 0.160000 0.011200
0.543200 0.160000 0.013600
0.575200 0.160000 0.008000
0.585600 0.160000 0.011200
0.592000 0.160000 0.003200
0.677600 0.160000 0.016800
0.688800 0.160000 0.007200
0.700000 0.160000 0.007200
0.752800 0.160000 0.008800
0.156000 0.160800 0.005600
0.164000 0.160800 0.004800
0.308000 0.160800 0.008800
0.319200 0.160800 0.013600
0.334400 0.160800 0.008800
0.488000 0.160800 0.008000
0.808800 0.160800 0.008800
0.840800 0.160800 0.007200
0.132800 0.161600 0.013600
0.820800 0.161600 0.007200
0.830400 0.161600 0.007200
0.854400 0.161600 0.011200
0.142400 0.162400 0.011200
0.868800 0.162400 0.008800
0.880000 0.162400 0.008800
0.282400 0.204800 0.013600
0.586400 0.205600 0.012800
0.245600 0.206400 0.008800
0.261600 0.206400 0.011200
0.299200 0.206400 0.011200
0.315200 0.206400 0.011200
0.372000 0.206400 0.011200
0.388800 0.206400 0.011200
0.604000 0.206400 0.013600
0.624800 0.206400 0.013600
0.232800 0.207200 0.020000
0.332800 0.207200 0.011200
0.350400 0.207200 0.013600
0.402400 0.207200 0.008800
0.420800 0.207200 0.013600
0.433600 0.207200 0.016800
0.523200 0.207200 0.011200
0.359200 0.208000 0.005600
0.456000 0.208000 0.008800
0.470400 0.208000 0.009600
0.485600 0.208000 0.012800
0.508000 0.208000 0.011200
0.539200 0.208000 0.011200
0.555200 0.208000 0.008800
0.568800 0.208000 0.008800
0.644800 0.208000 0.011200
0.665600 0.208800 0.013600
0.708800 0.208800 0.008800
0.736000 0.208800 0.011200
0.751200 0.208800 0.012800
0.772800 0.208800 0.016000
0.681600 0.209600 0.010400
0.694400 0.209600 0.008800
0.718400 0.209600 0.011200
0.167200 0.216000 0.020000
0.449600 0.231200 0.008800
0.481600 0.232000 0.012800
0.499200 0.232000 0.013600
0.634400 0.232000 0.014400
0.253600 0.232800 0.011200
0.270400 0.232800 0.011200
0.310400 0.232800 0.016800
0.336000 0.232800 0.011200
0.356000 0.232800 0.013600
0.408000 0.232800 0.015200
0.432800 0.232800 0.011200
0.463200 0.232800 0.008800
0.533600 0.232800 0.009600
0.236000 0.233600 0.013600
0.286400 0.233600 0.012800
0.321600 0.233600 0.008800
0.371200 0.233600 0.011200
0.388000 0.233600 0.012800
0.519200 0.233600 0.008800
0.550400 0.233600 0.011200
0.568000 0.233600 0.011200
0.584000 0.233600 0.013600
0.591200 0.233600 0.015200
0.602400 0.233600 0.008800
0.616000 0.233600 0.013600
0.624000 0.233600 0.015200
0.641600 0.233600 0.012000
0.673600 0.233600 0.015200
0.696800 0.233600 0.013600
0.714400 0.233600 0.008800
0.508800 0.234400 0.005600
0.656800 0.234400 0.012000
0.684800 0.234400 0.016800
0.728800 0.234400 0.016800
0.737600 0.235200 0.016000
0.752000 0.235200 0.013600
0.774400 0.236800 0.013600
0.235200 0.256800 0.013600
0.585600 0.256800 0.011200
0.603200 0.256800 0.012800
0.436000 0.257600 0.011200
0.476000 0.257600 0.013600
0.567200 0.257600 0.010400
0.634400 0.257600 0.008800
0.652000 0.257600 0.012800
0.252800 0.258400 0.011200
0.272000 0.258400 0.011200
0.455200 0.258400 0.012000
0.534400 0.258400 0.013600
0.621600 0.258400 0.008800
0.668000 0.258400 0.011200
0.290400 0.259200 0.011200
0.340800 0.259200 0.013600
0.360000 0.259200 0.012800
0.399200 0.259200 0.013600
0.418400 0.259200 0.011200
0.494400 0.259200 0.012800
0.514400 0.259200 0.011200
0.553600 0.259200 0.011200
0.680800 0.259200 0.005600
0.719200 0.259200 0.011200
0.765600 0.259200 0.020800
0.769600 0.259200 0.013600
0.379200 0.260000 0.011200
0.689600 0.260000 0.016800
0.703200 0.260000 0.008800
0.308800 0.260800 0.016800
0.736800 0.260800 0.011200
0.751200 0.260800 0.008800
0.436000 0.280800 0.011200
0.461600 0.280800 0.016800
0.451200 0.281600 0.008800
0.215200 0.314400 0.008800
0.225600 0.314400 0.005600
0.231200 0.314400 0.011200
0.201600 0.315200 0.007200
0.243200 0.315200 0.007200
0.254400 0.315200 0.007200
0.265600 0.315200 0.007200
0.276800 0.315200 0.007200
0.288000 0.315200 0.007200
0.297600 0.315200 0.005600
0.307200 0.315200 0.007200
0.133600 0.316000 0.008800
0.157600 0.316000 0.011200
0.176000 0.316000 0.008800
0.190400 0.316000 0.007200
0.144000 0.316800 0.008800
0.320000 0.316800 0.016800
0.351200 0.316800 0.009600
0.339200 0.317600 0.007200
0.653600 0.317600 0.004000
0.744800 0.317600 0.008800
0.758400 0.317600 0.008800
0.784000 0.317600 0.005600
0.812800 0.317600 0.008800
0.328800 0.318400 0.015200
0.368800 0.318400 0.008800
0.478400 0.318400 0.008000
0.512800 0.318400 0.007200
0.544000 0.318400 0.005600
0.552800 0.318400 0.005600
0.644000 0.318400 0.008800
0.660000 0.318400 0.005600
0.733600 0.318400 0.007200
0.772800 0.318400 0.008800
0.792800 0.318400 0.013600
0.378400 0.319200 0.008800
0.490400 0.319200 0.007200
0.501600 0.319200 0.007200
0.524800 0.319200 0.007200
0.615200 0.319200 0.013600
0.631200 0.319200 0.008800
0.670400 0.319200 0.007200
0.680000 0.319200 0.005600
0.687200 0.319200 0.004800
0.695200 0.319200 0.005600
0.705600 0.319200 0.013600
0.722400 0.319200 0.008800
0.825600 0.319200 0.008000
0.852000 0.319200 0.008800
0.392000 0.320000 0.008800
0.409600 0.320000 0.010400
0.448800 0.320000 0.013600
0.467200 0.320000 0.008800
0.535200 0.320000 0.007200
0.592800 0.320000 0.008800
0.604800 0.320000 0.007200
0.838400 0.320000 0.008800
0.864000 0.320000 0.008000
0.420800 0.320800 0.011200
0.435200 0.320800 0.008800
0.455200 0.320800 0.016000
0.564000 0.320800 0.011200
0.580800 0.320800 0.008800
0.876000 0.321600 0.011200
0.132800 0.332800 0.016800
0.144000 0.332800 0.008800
0.169600 0.332800 0.008000
0.181600 0.332800 0.008000
0.156000 0.333600 0.008800
0.194400 0.333600 0.008800
0.206400 0.334400 0.009600
0.220800 0.334400 0.007200
0.255200 0.334400 0.008800
0.281600 0.335200 0.007200
0.290400 0.335200 0.008800
0.228800 0.336000 0.005600
0.272800 0.336000 0.005600
0.300800 0.336000 0.008000
0.316000 0.336000 0.008800
0.265600 0.336800 0.011200
0.326400 0.336800 0.007200
0.814400 0.336800 0.008800
0.824800 0.336800 0.013600
0.336000 0.337600 0.005600
0.348000 0.337600 0.005600
0.356000 0.337600 0.005600
0.363200 0.337600 0.005600
0.371200 0.337600 0.005600
0.493600 0.337600 0.008000
0.506400 0.337600 0.011200
0.765600 0.337600 0.008800
0.794400 0.337600 0.008000
0.341600 0.338400 0.011200
0.380000 0.338400 0.008800
0.392800 0.338400 0.008800
0.407200 0.338400 0.007200
0.481600 0.338400 0.007200
0.607200 0.338400 0.008800
0.628000 0.338400 0.007200
0.638400 0.338400 0.011200
0.656000 0.338400 0.008800
0.777600 0.338400 0.011200
0.829600 0.338400 0.010400
0.848800 0.338400 0.010400
0.862400 0.338400 0.008800
0.417600 0.339200 0.011200
0.432000 0.339200 0.011200
0.441600 0.339200 0.011200
0.448800 0.339200 0.005600
0.456000 0.339200 0.011200
0.470400 0.339200 0.009600
0.522400 0.339200 0.008800
0.535200 0.339200 0.008000
0.547200 0.339200 0.008800
0.594400 0.339200 0.007200
0.617600 0.339200 0.005600
0.667200 0.339200 0.008800
0.680800 0.339200 0.009600
0.699200 0.339200 0.011200
0.719200 0.339200 0.013600
0.735200 0.339200 0.009600
0.748000 0.339200 0.009600
0.424800 0.340000 0.004000
0.514400 0.340000 0.004800
0.559200 0.340000 0.004800
0.565600 0.340000 0.004800
0.572800 0.340000 0.005600
0.583200 0.340000 0.007200
0.710400 0.340000 0.005600
0.875200 0.340000 0.009600
0.155200 0.354400 0.011200
0.171200 0.354400 0.008800
0.273600 0.354400 0.011200
0.183200 0.355200 0.007200
0.209600 0.355200 0.012000
0.247200 0.355200 0.011200
0.267200 0.355200 0.004800
0.131200 0.356000 0.018400
0.141600 0.356000 0.008800
0.225600 0.356000 0.005600
0.232000 0.356000 0.011200
0.258400 0.356000 0.007200
0.195200 0.356800 0.010400
0.286400 0.356800 0.010400
0.300800 0.356800 0.008800
0.312000 0.357600 0.008800
0.325600 0.357600 0.010400
0.340000 0.357600 0.008800
0.366400 0.357600 0.011200
0.352000 0.358400 0.008800
0.436800 0.358400 0.011200
0.384800 0.359200 0.013600
0.395200 0.359200 0.007200
0.408800 0.359200 0.009600
0.423200 0.359200 0.009600
0.464000 0.359200 0.008000
0.520000 0.359200 0.008800
0.603200 0.359200 0.007200
0.612800 0.359200 0.005600
0.622400 0.359200 0.008800
0.637600 0.359200 0.011200
0.655200 0.359200 0.011200
0.452000 0.360000 0.007200
0.476000 0.360000 0.008800
0.489600 0.360000 0.008800
0.504800 0.360000 0.010400
0.531200 0.360000 0.008800
0.545600 0.360000 0.010400
0.577600 0.360000 0.009600
0.590400 0.360000 0.008800
0.660000 0.360000 0.011200
0.680800 0.360000 0.013600
0.706400 0.360800 0.013600
0.560800 0.361600 0.011200
0.807200 0.361600 0.013600
0.730400 0.362400 0.013600
0.779200 0.362400 0.013600
0.880000 0.362400 0.015200
0.756000 0.363200 0.015200
0.829600 0.363200 0.014400
0.853600 0.364000 0.016000
0.157600 0.395200 0.027200
0.174400 0.396000 0.027200
