0.208000 0.060000 0.020800
0.194400 0.061600 0.008800
0.180800 0.062400 0.008800
0.161600 0.063200 0.008800
0.170400 0.063200 0.005600
0.145600 0.064000 0.020800
0.846400 0.068000 0.018400
0.240800 0.092800 0.008800
0.308000 0.092800 0.008800
0.657600 0.092800 0.008000
0.669600 0.092800 0.007200
0.682400 0.092800 0.008800
0.296000 0.093600 0.007200
0.316800 0.093600 0.005600
0.380800 0.093600 0.008000
0.391200 0.093600 0.016000
0.518400 0.093600 0.008800
0.538400 0.093600 0.005600
0.620000 0.093600 0.013600
0.738400 0.093600 0.004800
0.214400 0.094400 0.007200
0.225600 0.094400 0.008800
0.252800 0.094400 0.007200
0.264000 0.094400 0.005600
0.279200 0.094400 0.005600
0.284800 0.094400 0.010400
0.324000 0.094400 0.011200
0.333600 0.094400 0.008800
0.346400 0.094400 0.008800
0.356000 0.094400 0.007200
0.367200 0.094400 0.008800
0.459200 0.094400 0.004000
0.500800 0.094400 0.013600
0.528000 0.094400 0.007200
0.548000 0.094400 0.008000
0.561600 0.094400 0.007200
0.572000 0.094400 0.007200
0.596800 0.094400 0.008800
0.608800 0.094400 0.008800
0.647200 0.094400 0.005600
0.696000 0.094400 0.010400
0.719200 0.094400 0.011200
0.144800 0.095200 0.007200
0.155200 0.095200 0.005600
0.184000 0.095200 0.007200
0.271200 0.095200 0.005600
0.413600 0.095200 0.010400
0.445600 0.095200 0.005600
0.482400 0.095200 0.005600
0.491200 0.095200 0.005600
0.506400 0.095200 0.009600
0.584000 0.095200 0.008800
0.626400 0.095200 0.011200
0.637600 0.095200 0.007200
0.730400 0.095200 0.007200
0.744800 0.095200 0.005600
0.753600 0.095200 0.005600
0.764800 0.095200 0.008000
0.785600 0.095200 0.013600
0.131200 0.096000 0.008800
0.164000 0.096000 0.005600
0.173600 0.096000 0.007200
0.195200 0.096000 0.005600
0.204000 0.096000 0.005600
0.420800 0.096000 0.004800
0.427200 0.096000 0.011200
0.436800 0.096000 0.005600
0.452000 0.096000 0.005600
0.466400 0.096000 0.005600
0.475200 0.096000 0.005600
0.776000 0.096000 0.005600
0.791200 0.096000 0.011200
0.801600 0.096000 0.012000
0.808000 0.096000 0.012800
0.817600 0.096000 0.005600
0.858400 0.096000 0.007200
0.870400 0.096800 0.016800
0.120000 0.097600 0.008000
0.826400 0.097600 0.008800
0.839200 0.097600 0.007200
0.848800 0.097600 0.005600
0.682400 0.111200 0.006400
0.208000 0.112000 0.008800
0.217600 0.112000 0.008800
0.232000 0.112000 0.008800
0.243200 0.112000 0.007200
0.275200 0.112000 0.008800
0.312800 0.112000 0.010400
0.328800 0.112000 0.008800
0.340000 0.112000 0.008800
0.352800 0.112000 0.010400
0.368000 0.112000 0.007200
0.379200 0.112000 0.007200
0.392000 0.112000 0.008000
0.402400 0.112000 0.008000
0.541600 0.112000 0.007200
0.554400 0.112000 0.008000
0.569600 0.112000 0.008800
0.580800 0.112000 0.008800
0.594400 0.112000 0.008000
0.605600 0.112000 0.008000
0.693600 0.112000 0.008000
0.722400 0.112000 0.005600
0.148000 0.112800 0.008800
0.163200 0.112800 0.008800
0.177600 0.112800 0.007200
0.189600 0.112800 0.008800
0.203200 0.112800 0.009600
0.264800 0.112800 0.005600
0.359200 0.112800 0.005600
0.414400 0.112800 0.008800
0.430400 0.112800 0.008800
0.451200 0.112800 0.008000
0.510400 0.112800 0.005600
0.521600 0.112800 0.007200
0.531200 0.112800 0.005600
0.616800 0.112800 0.007200
0.628000 0.112800 0.007200
0.640000 0.112800 0.008800
0.653600 0.112800 0.008800
0.664000 0.112800 0.006400
0.673600 0.112800 0.005600
0.705600 0.112800 0.005600
0.714400 0.112800 0.005600
0.731200 0.112800 0.005600
0.739200 0.112800 0.005600
0.772800 0.112800 0.008800
0.121600 0.113600 0.010400
0.255200 0.113600 0.007200
0.288000 0.113600 0.007200
0.297600 0.113600 0.007200
0.440000 0.113600 0.007200
0.463200 0.113600 0.007200
0.483200 0.113600 0.005600
0.504000 0.113600 0.004800
0.749600 0.113600 0.007200
0.760800 0.113600 0.008000
0.135200 0.114400 0.008800
0.473600 0.114400 0.006400
0.493600 0.114400 0.007200
0.786400 0.114400 0.007200
0.812800 0.114400 0.008800
0.798400 0.115200 0.008800
0.825600 0.116000 0.007200
0.836000 0.116000 0.008800
0.860800 0.116000 0.008800
0.849600 0.117600 0.007200
0.874400 0.117600 0.008800
0.354400 0.129600 0.005600
0.374400 0.129600 0.007200
0.384800 0.129600 0.008000
0.400000 0.129600 0.008800
0.492000 0.129600 0.007200
0.504000 0.129600 0.007200
0.600800 0.129600 0.007200
0.615200 0.129600 0.009600
0.770400 0.129600 0.011200
0.247200 0.130400 0.008000
0.328000 0.130400 0.005600
0.338400 0.130400 0.007200
0.348800 0.130400 0.005600
0.363200 0.130400 0.007200
0.516000 0.130400 0.008000
0.536800 0.130400 0.008000
0.550400 0.130400 0.008800
0.576800 0.130400 0.008000
0.632000 0.130400 0.008800
0.647200 0.130400 0.010400
0.660800 0.130400 0.008800
0.672000 0.130400 0.007200
0.683200 0.130400 0.007200
0.695200 0.130400 0.008800
0.708000 0.130400 0.007200
0.718400 0.130400 0.007200
0.732000 0.130400 0.008000
0.753600 0.130400 0.007200
0.786400 0.130400 0.007200
0.799200 0.130400 0.008000
0.172800 0.131200 0.008800
0.201600 0.131200 0.008800
0.211200 0.131200 0.007200
0.222400 0.131200 0.008000
0.236000 0.131200 0.008000
0.260800 0.131200 0.008800
0.276000 0.131200 0.008800
0.308000 0.131200 0.007200
0.318400 0.131200 0.005600
0.415200 0.131200 0.008000
0.482400 0.131200 0.005600
0.525600 0.131200 0.005600
0.562400 0.131200 0.008800
0.587200 0.131200 0.008800
0.742400 0.131200 0.007200
0.763200 0.131200 0.005600
0.775200 0.131200 0.008800
0.154400 0.132000 0.005600
0.160000 0.132000 0.009600
0.184000 0.132000 0.010400
0.288000 0.132000 0.007200
0.296800 0.132000 0.007200
0.427200 0.132000 0.008000
0.439200 0.132000 0.007200
0.448800 0.132000 0.008800
0.459200 0.132000 0.007200
0.812000 0.132000 0.008000
0.123200 0.132800 0.010400
0.145600 0.132800 0.007200
0.468800 0.132800 0.008800
0.824000 0.132800 0.007200
0.833600 0.132800 0.006400
0.135200 0.134400 0.007200
0.845600 0.134400 0.010400
0.860000 0.135200 0.005600
0.870400 0.136000 0.008800
0.680000 0.147200 0.008000
0.692800 0.147200 0.008800
0.382400 0.148000 0.008800
0.436000 0.148000 0.004800
0.442400 0.148000 0.009600
0.668800 0.148000 0.007200
0.708000 0.148000 0.008800
0.212000 0.148800 0.008000
0.224800 0.148800 0.008000
0.344000 0.148800 0.008800
0.353600 0.148800 0.011200
0.359200 0.148800 0.011200
0.368800 0.148800 0.008000
0.392800 0.148800 0.007200
0.403200 0.148800 0.007200
0.414400 0.148800 0.007200
0.426400 0.148800 0.007200
0.472800 0.148800 0.007200
0.484000 0.148800 0.008000
0.496000 0.148800 0.010400
0.576000 0.148800 0.007200
0.599200 0.148800 0.012000
0.604000 0.148800 0.009600
0.624800 0.148800 0.007200
0.657600 0.148800 0.008000
0.719200 0.148800 0.008000
0.732800 0.148800 0.008800
0.809600 0.148800 0.008000
0.200800 0.149600 0.009600
0.237600 0.149600 0.007200
0.248800 0.149600 0.008800
0.288000 0.149600 0.005600
0.298400 0.149600 0.008800
0.310400 0.149600 0.007200
0.320800 0.149600 0.005600
0.328000 0.149600 0.005600
0.452800 0.149600 0.007200
0.463200 0.149600 0.005600
0.550400 0.149600 0.011200
0.555200 0.149600 0.010400
0.564800 0.149600 0.007200
0.644000 0.149600 0.011200
0.748000 0.149600 0.008800
0.822400 0.149600 0.008800
0.155200 0.150400 0.011200
0.184000 0.150400 0.008800
0.262400 0.150400 0.007200
0.280800 0.150400 0.004800
0.512800 0.150400 0.008800
0.527200 0.150400 0.008800
0.540800 0.150400 0.008800
0.588800 0.150400 0.008000
0.615200 0.150400 0.007200
0.760000 0.150400 0.009600
0.776000 0.150400 0.009600
0.789600 0.150400 0.005600
0.798400 0.150400 0.005600
0.840000 0.150400 0.008800
0.140000 0.151200 0.006400
0.172000 0.151200 0.008000
0.272800 0.151200 0.005600
0.121600 0.152000 0.008800
0.851200 0.152000 0.008000
0.131200 0.152800 0.005600
0.863200 0.152800 0.007200
0.872800 0.153600 0.008800
0.440000 0.167200 0.007200
0.718400 0.167200 0.007200
0.744800 0.167200 0.008800
0.768800 0.167200 0.004800
0.364800 0.168000 0.008800
0.428800 0.168000 0.008000
0.629600 0.168000 0.008000
0.684000 0.168000 0.008800
0.695200 0.168000 0.008000
0.708000 0.168000 0.008000
0.731200 0.168000 0.008800
0.759200 0.168000 0.008000
0.775200 0.168000 0.011200
0.786400 0.168000 0.007200
0.808800 0.168000 0.009600
0.822400 0.168000 0.008800
0.196000 0.168800 0.007200
0.206400 0.168800 0.007200
0.220000 0.168800 0.008800
0.252800 0.168800 0.005600
0.261600 0.168800 0.005600
0.299200 0.168800 0.008000
0.314400 0.168800 0.010400
0.324800 0.168800 0.008000
0.400800 0.168800 0.011200
0.416000 0.168800 0.010400
0.452800 0.168800 0.008800
0.463200 0.168800 0.007200
0.567200 0.168800 0.007200
0.600000 0.168800 0.008000
0.619200 0.168800 0.005600
0.641600 0.168800 0.007200
0.672000 0.168800 0.008000
0.795200 0.168800 0.008800
0.230400 0.169600 0.005600
0.240000 0.169600 0.008800
0.269600 0.169600 0.011200
0.338400 0.169600 0.008000
0.352000 0.169600 0.008800
0.376800 0.169600 0.007200
0.393600 0.169600 0.004800
0.474400 0.169600 0.008000
0.486400 0.169600 0.007200
0.510400 0.169600 0.011200
0.529600 0.169600 0.008800
0.543200 0.169600 0.008800
0.554400 0.169600 0.008000
0.578400 0.169600 0.007200
0.612000 0.169600 0.011200
0.651200 0.169600 0.007200
0.661600 0.169600 0.007200
0.838400 0.169600 0.010400
0.158400 0.170400 0.006400
0.169600 0.170400 0.007200
0.185600 0.170400 0.010400
0.286400 0.170400 0.007200
0.386400 0.170400 0.005600
0.496800 0.170400 0.008000
0.517600 0.170400 0.013600
0.588800 0.170400 0.006400
0.852800 0.170400 0.008800
0.869600 0.170400 0.009600
0.123200 0.171200 0.009600
0.136000 0.172000 0.009600
0.149600 0.172800 0.005600
0.717600 0.186400 0.008800
0.744800 0.186400 0.005600
0.288800 0.187200 0.008000
0.348800 0.187200 0.008800
0.360000 0.187200 0.010400
0.375200 0.187200 0.008800
0.594400 0.187200 0.008800
0.704800 0.187200 0.008000
0.727200 0.187200 0.005600
0.736000 0.187200 0.005600
0.754400 0.187200 0.007200
0.204800 0.188000 0.007200
0.220800 0.188000 0.011200
0.249600 0.188000 0.007200
0.262400 0.188000 0.008800
0.275200 0.188000 0.008800
0.302400 0.188000 0.008800
0.330400 0.188000 0.009600
0.420800 0.188000 0.010400
0.566400 0.188000 0.008800
0.579200 0.188000 0.008000
0.607200 0.188000 0.008000
0.620000 0.188000 0.008000
0.632800 0.188000 0.009600
0.645600 0.188000 0.005600
0.655200 0.188000 0.007200
0.693600 0.188000 0.007200
0.768000 0.188000 0.011200
0.794400 0.188000 0.007200
0.808000 0.188000 0.008800
0.196000 0.188800 0.005600
0.238400 0.188800 0.008000
0.316800 0.188800 0.008800
0.408800 0.188800 0.008000
0.434400 0.188800 0.005600
0.462400 0.188800 0.007200
0.489600 0.188800 0.008000
0.514400 0.188800 0.009600
0.665600 0.188800 0.005600
0.683200 0.188800 0.005600
0.784800 0.188800 0.007200
0.826400 0.188800 0.008800
0.838400 0.188800 0.008000
0.388000 0.189600 0.008800
0.397600 0.189600 0.007200
0.444000 0.189600 0.005600
0.452800 0.189600 0.005600
0.472000 0.189600 0.005600
0.478400 0.189600 0.011200
0.500800 0.189600 0.008800
0.520800 0.189600 0.004800
0.528000 0.189600 0.005600
0.539200 0.189600 0.008000
0.554400 0.189600 0.008800
0.675200 0.189600 0.005600
0.820000 0.189600 0.004000
0.850400 0.189600 0.008000
0.864000 0.189600 0.011200
0.123200 0.190400 0.008800
0.157600 0.190400 0.008000
0.168800 0.190400 0.008800
0.179200 0.190400 0.013600
0.089600 0.191200 0.013600
0.135200 0.191200 0.008000
0.146400 0.192000 0.007200
0.104800 0.194400 0.013600
0.352800 0.204800 0.009600
0.206400 0.205600 0.005600
0.252800 0.205600 0.005600
0.258400 0.205600 0.008800
0.292800 0.205600 0.008800
0.337600 0.205600 0.008800
0.365600 0.205600 0.007200
0.928800 0.205600 0.008000
0.241600 0.206400 0.008000
0.268800 0.206400 0.007200
0.279200 0.206400 0.008000
0.324000 0.206400 0.008800
0.376000 0.206400 0.005600
0.582400 0.206400 0.008800
0.595200 0.206400 0.009600
0.665600 0.206400 0.008800
0.678400 0.206400 0.011200
0.718400 0.206400 0.004000
0.198400 0.207200 0.005600
0.216000 0.207200 0.012800
0.309600 0.207200 0.009600
0.384800 0.207200 0.005600
0.610400 0.207200 0.008800
0.652800 0.207200 0.011200
0.748800 0.207200 0.008800
0.758400 0.207200 0.006400
0.772000 0.207200 0.008800
0.793600 0.207200 0.005600
0.803200 0.207200 0.005600
0.828000 0.207200 0.008800
0.841600 0.207200 0.008800
0.180000 0.208000 0.012000
0.188800 0.208000 0.005600
0.230400 0.208000 0.008000
0.393600 0.208000 0.005600
0.426400 0.208000 0.007200
0.438400 0.208000 0.007200
0.488000 0.208000 0.010400
0.516800 0.208000 0.011200
0.542400 0.208000 0.007200
0.556000 0.208000 0.009600
0.570400 0.208000 0.007200
0.624000 0.208000 0.008800
0.638400 0.208000 0.010400
0.684800 0.208000 0.011200
0.698400 0.208000 0.009600
0.710400 0.208000 0.011200
0.725600 0.208000 0.005600
0.735200 0.208000 0.008800
0.784800 0.208000 0.007200
0.812800 0.208000 0.013600
0.916000 0.208000 0.029600
0.163200 0.208800 0.008800
0.404800 0.208800 0.008000
0.416000 0.208800 0.007200
0.448800 0.208800 0.007200
0.476800 0.208800 0.008800
0.493600 0.208800 0.005600
0.500800 0.208800 0.005600
0.531200 0.208800 0.009600
0.856000 0.208800 0.008800
0.122400 0.209600 0.015200
0.132000 0.209600 0.007200
0.142400 0.209600 0.007200
0.152800 0.209600 0.007200
0.464000 0.209600 0.009600
0.868000 0.209600 0.008800
0.072000 0.212000 0.023200
0.086400 0.217600 0.024000
0.339200 0.228000 0.005600
0.416000 0.228000 0.012800
0.323200 0.228800 0.012000
0.570400 0.228800 0.011200
0.252800 0.229600 0.004800
0.259200 0.229600 0.013600
0.276800 0.229600 0.012800
0.347200 0.229600 0.016800
0.384800 0.229600 0.008800
0.400800 0.229600 0.011200
0.422400 0.229600 0.012000
0.436800 0.229600 0.009600
0.472800 0.229600 0.012800
0.540000 0.229600 0.009600
0.606400 0.229600 0.011200
0.750400 0.229600 0.008800
0.292800 0.230400 0.011200
0.307200 0.230400 0.008800
0.362400 0.230400 0.010400
0.375200 0.230400 0.005600
0.449600 0.230400 0.005600
0.459200 0.230400 0.008800
0.554400 0.230400 0.008800
0.588000 0.230400 0.011200
0.649600 0.230400 0.009600
0.239200 0.231200 0.011200
0.491200 0.231200 0.008800
0.508000 0.231200 0.013600
0.622400 0.231200 0.011200
0.636800 0.231200 0.008800
0.699200 0.231200 0.008800
0.712800 0.231200 0.008800
0.738400 0.231200 0.008000
0.764000 0.231200 0.019200
0.784800 0.231200 0.011200
0.801600 0.231200 0.011200
0.822400 0.231200 0.011200
0.224000 0.232000 0.011200
0.527200 0.232000 0.008800
0.668800 0.232000 0.012800
0.685600 0.232000 0.008800
0.726400 0.232000 0.008800
0.839200 0.232000 0.012800
0.180000 0.232800 0.010400
0.208800 0.232800 0.008800
0.195200 0.233600 0.008800
0.152800 0.234400 0.013600
0.167200 0.234400 0.008800
0.441600 0.250400 0.011200
0.408000 0.251200 0.009600
0.425600 0.251200 0.011200
0.456000 0.252800 0.008800
0.489600 0.252800 0.008800
0.468000 0.253600 0.008800
0.480000 0.253600 0.008000
0.504800 0.253600 0.011200
0.519200 0.254400 0.005600
0.560000 0.254400 0.009600
0.526400 0.255200 0.012000
0.542400 0.255200 0.011200
0.361600 0.256000 0.006400
0.392800 0.256000 0.008800
0.574400 0.256000 0.011200
0.255200 0.256800 0.005600
0.285600 0.256800 0.007200
0.296000 0.256800 0.005600
0.326400 0.256800 0.007200
0.351200 0.256800 0.008800
0.370400 0.256800 0.005600
0.264800 0.257600 0.007200
0.274400 0.257600 0.007200
0.305600 0.257600 0.006400
0.316000 0.257600 0.006400
0.336800 0.257600 0.008800
0.378400 0.257600 0.011200
0.383200 0.257600 0.008800
0.124000 0.259200 0.010400
0.164000 0.259200 0.005600
0.227200 0.259200 0.005600
0.235200 0.259200 0.005600
0.244000 0.259200 0.007200
0.837600 0.259200 0.005600
0.848000 0.259200 0.014400
0.140800 0.260000 0.010400
0.153600 0.260000 0.007200
0.172800 0.260000 0.005600
0.193600 0.260000 0.008000
0.203200 0.260000 0.007200
0.216800 0.260000 0.008000
0.755200 0.260000 0.007200
0.767200 0.260000 0.007200
0.778400 0.260000 0.007200
0.788000 0.260000 0.005600
0.814400 0.260000 0.007200
0.824000 0.260000 0.011200
0.181600 0.260800 0.007200
0.744000 0.260800 0.006400
0.800800 0.260800 0.009600
0.855200 0.260800 0.011200
0.868000 0.260800 0.008800
0.592000 0.261600 0.008800
0.618400 0.261600 0.007200
0.638400 0.261600 0.005600
0.648800 0.261600 0.007200
0.661600 0.261600 0.008800
0.675200 0.261600 0.008800
0.708000 0.261600 0.007200
0.721600 0.261600 0.009600
0.735200 0.261600 0.005600
0.603200 0.262400 0.008800
0.629600 0.262400 0.005600
0.688000 0.262400 0.008000
0.699200 0.262400 0.005600
0.367200 0.272800 0.007200
0.356000 0.273600 0.007200
0.378400 0.273600 0.007200
0.389600 0.273600 0.007200
0.443200 0.273600 0.008800
0.300000 0.274400 0.007200
0.309600 0.274400 0.005600
0.330400 0.274400 0.008000
0.347200 0.274400 0.011200
0.400800 0.274400 0.007200
0.412800 0.274400 0.008800
0.428800 0.274400 0.008800
0.269600 0.275200 0.005600
0.319200 0.275200 0.005600
0.341600 0.275200 0.008800
0.454400 0.275200 0.005600
0.203200 0.276000 0.003200
0.236000 0.276000 0.008000
0.256800 0.276000 0.008000
0.277600 0.276000 0.005600
0.288000 0.276000 0.007200
0.464000 0.276000 0.007200
0.473600 0.276000 0.008000
0.485600 0.276000 0.009600
0.500800 0.276000 0.007200
0.526400 0.276000 0.007200
0.179200 0.276800 0.007200
0.197600 0.276800 0.004800
0.210400 0.276800 0.005600
0.223200 0.276800 0.008800
0.245600 0.276800 0.005600
0.491200 0.276800 0.005600
0.512800 0.276800 0.008000
0.538400 0.276800 0.007200
0.550400 0.276800 0.007200
0.564000 0.276800 0.008800
0.575200 0.276800 0.007200
0.750400 0.276800 0.008800
0.760800 0.276800 0.007200
0.135200 0.277600 0.007200
0.144800 0.277600 0.007200
0.156000 0.277600 0.007200
0.167200 0.277600 0.007200
0.189600 0.277600 0.005600
0.586400 0.277600 0.007200
0.598400 0.277600 0.008000
0.714400 0.277600 0.008800
0.772000 0.277600 0.010400
0.801600 0.277600 0.007200
0.821600 0.277600 0.008800
0.124000 0.278400 0.008800
0.690400 0.278400 0.007200
0.737600 0.278400 0.005600
0.788000 0.278400 0.008800
0.812800 0.278400 0.005600
0.846400 0.278400 0.008000
0.611200 0.279200 0.007200
0.632800 0.279200 0.007200
0.679200 0.279200 0.008000
0.702400 0.279200 0.007200
0.729600 0.279200 0.008000
0.834400 0.279200 0.008000
0.857600 0.279200 0.005600
0.622400 0.280000 0.007200
0.654400 0.280000 0.005600
0.664800 0.280000 0.008000
0.868000 0.280000 0.008800
0.643200 0.280800 0.008000
0.352000 0.290400 0.006400
0.361600 0.291200 0.005600
0.373600 0.291200 0.008000
0.384000 0.291200 0.007200
0.423200 0.291200 0.007200
0.432000 0.291200 0.004800
0.438400 0.291200 0.005600
0.298400 0.292000 0.005600
0.316800 0.292000 0.007200
0.342400 0.292000 0.005600
0.393600 0.292000 0.005600
0.403200 0.292000 0.005600
0.412800 0.292000 0.005600
0.448000 0.292000 0.007200
0.269600 0.292800 0.006400
0.288800 0.292800 0.006400
0.307200 0.292800 0.005600
0.328800 0.292800 0.009600
0.458400 0.292800 0.005600
0.472800 0.292800 0.009600
0.495200 0.292800 0.006400
0.515200 0.292800 0.005600
0.525600 0.292800 0.007200
0.540800 0.292800 0.010400
0.556800 0.292800 0.007200
0.730400 0.292800 0.006400
0.770400 0.292800 0.005600
0.180000 0.293600 0.008000
0.192800 0.293600 0.007200
0.214400 0.293600 0.005600
0.227200 0.293600 0.008800
0.248800 0.293600 0.006400
0.280000 0.293600 0.005600
0.485600 0.293600 0.005600
0.505600 0.293600 0.006400
0.567200 0.293600 0.007200
0.703200 0.293600 0.005600
0.710400 0.293600 0.005600
0.748000 0.293600 0.005600
0.758400 0.293600 0.008000
0.779200 0.293600 0.005600
0.789600 0.293600 0.007200
0.124800 0.294400 0.008000
0.169600 0.294400 0.008000
0.204800 0.294400 0.007200
0.260000 0.294400 0.007200
0.580000 0.294400 0.008000
0.720000 0.294400 0.006400
0.740000 0.294400 0.005600
0.808800 0.294400 0.011200
0.135200 0.295200 0.005600
0.144800 0.295200 0.007200
0.157600 0.295200 0.008000
0.239200 0.295200 0.005600
0.590400 0.295200 0.005600
0.599200 0.295200 0.005600
0.609600 0.295200 0.007200
0.636000 0.295200 0.007200
0.648800 0.295200 0.007200
0.660000 0.295200 0.007200
0.672800 0.295200 0.008000
0.684800 0.295200 0.007200
0.695200 0.295200 0.005600
0.800000 0.295200 0.005600
0.813600 0.295200 0.008800
0.824000 0.295200 0.007200
0.848000 0.295200 0.009600
0.853600 0.295200 0.011200
0.624000 0.296000 0.008800
0.836000 0.296000 0.008000
0.862400 0.296000 0.005600
0.869600 0.296000 0.011200
0.345600 0.308800 0.008000
0.358400 0.308800 0.008000
0.369600 0.308800 0.010400
0.435200 0.308800 0.007200
0.298400 0.309600 0.008800
0.321600 0.309600 0.007200
0.385600 0.309600 0.007200
0.446400 0.309600 0.007200
0.458400 0.309600 0.008000
0.206400 0.310400 0.007200
0.268800 0.310400 0.008000
0.282400 0.310400 0.009600
0.311200 0.310400 0.007200
0.333600 0.310400 0.008000
0.396800 0.310400 0.008000
0.411200 0.310400 0.009600
0.425600 0.310400 0.005600
0.469600 0.310400 0.007200
0.516800 0.310400 0.007200
0.528800 0.310400 0.008000
0.760800 0.310400 0.004800
0.218400 0.311200 0.008800
0.482400 0.311200 0.007200
0.492800 0.311200 0.007200
0.505600 0.311200 0.008800
0.541600 0.311200 0.008800
0.565600 0.311200 0.007200
0.578400 0.311200 0.008800
0.707200 0.311200 0.005600
0.785600 0.311200 0.007200
0.812800 0.311200 0.011200
0.821600 0.311200 0.005600
0.160000 0.312000 0.007200
0.181600 0.312000 0.008800
0.194400 0.312000 0.007200
0.232800 0.312000 0.007200
0.243200 0.312000 0.005600
0.555200 0.312000 0.007200
0.592000 0.312000 0.008000
0.601600 0.312000 0.005600
0.610400 0.312000 0.005600
0.619200 0.312000 0.005600
0.628000 0.312000 0.006400
0.640000 0.312000 0.009600
0.724800 0.312000 0.007200
0.736000 0.312000 0.005600
0.744000 0.312000 0.005600
0.753600 0.312000 0.005600
0.769600 0.312000 0.011200
0.797600 0.312000 0.007200
0.124000 0.312800 0.008800
0.135200 0.312800 0.008800
0.147200 0.312800 0.008800
0.169600 0.312800 0.007200
0.252800 0.312800 0.011200
0.655200 0.312800 0.007200
0.664000 0.312800 0.007200
0.676000 0.312800 0.007200
0.688000 0.312800 0.007200
0.698400 0.312800 0.005600
0.835200 0.312800 0.008800
0.855200 0.312800 0.005600
0.713600 0.313600 0.011200
0.846400 0.313600 0.006400
0.865600 0.313600 0.007200
0.874400 0.313600 0.008800
0.345600 0.325600 0.007200
0.373600 0.325600 0.008800
0.297600 0.326400 0.008000
0.309600 0.326400 0.007200
0.333600 0.326400 0.008000
0.357600 0.326400 0.008000
0.232800 0.327200 0.008800
0.272800 0.327200 0.007200
0.284800 0.327200 0.007200
0.320800 0.327200 0.007200
0.384800 0.327200 0.007200
0.394400 0.327200 0.005600
0.405600 0.327200 0.007200
0.416800 0.327200 0.008000
0.430400 0.327200 0.008800
0.810400 0.327200 0.007200
0.220000 0.328000 0.006400
0.243200 0.328000 0.005600
0.443200 0.328000 0.007200
0.454400 0.328000 0.005600
0.462400 0.328000 0.005600
0.489600 0.328000 0.005600
0.500000 0.328000 0.007200
0.511200 0.328000 0.007200
0.729600 0.328000 0.008000
0.788800 0.328000 0.007200
0.800000 0.328000 0.007200
0.164000 0.328800 0.007200
0.192000 0.328800 0.004800
0.199200 0.328800 0.008800
0.475200 0.328800 0.009600
0.528000 0.328800 0.011200
0.540000 0.328800 0.008000
0.704800 0.328800 0.007200
0.740800 0.328800 0.006400
0.749600 0.328800 0.005600
0.756800 0.328800 0.004800
0.763200 0.328800 0.005600
0.772800 0.328800 0.011200
0.778400 0.328800 0.008800
0.821600 0.328800 0.007200
0.832000 0.328800 0.005600
0.842400 0.328800 0.006400
0.152000 0.329600 0.007200
0.175200 0.329600 0.006400
0.209600 0.329600 0.006400
0.252800 0.329600 0.005600
0.262400 0.329600 0.005600
0.522400 0.329600 0.008800
0.551200 0.329600 0.007200
0.560800 0.329600 0.007200
0.572000 0.329600 0.009600
0.624000 0.329600 0.005600
0.630400 0.329600 0.003200
0.637600 0.329600 0.010400
0.676000 0.329600 0.010400
0.681600 0.329600 0.009600
0.716800 0.329600 0.008000
0.873600 0.329600 0.012800
0.125600 0.330400 0.009600
0.140800 0.330400 0.007200
0.184800 0.330400 0.005600
0.586400 0.330400 0.005600
0.596800 0.330400 0.007200
0.607200 0.330400 0.005600
0.615200 0.330400 0.005600
0.666400 0.330400 0.007200
0.692000 0.330400 0.008000
0.853600 0.330400 0.007200
0.654400 0.331200 0.007200
0.865600 0.331200 0.011200
0.380800 0.342400 0.007200
0.348800 0.343200 0.008800
0.298400 0.344000 0.007200
0.312000 0.344000 0.008800
0.323200 0.344000 0.008000
0.336000 0.344000 0.008800
0.360800 0.344000 0.007200
0.371200 0.344000 0.005600
0.388000 0.344000 0.005600
0.397600 0.344000 0.007200
0.416000 0.344000 0.008800
0.467200 0.344000 0.005600
0.476000 0.344000 0.007200
0.489600 0.344000 0.008000
0.220800 0.344800 0.008800
0.237600 0.344800 0.011200
0.244800 0.344800 0.004800
0.255200 0.344800 0.007200
0.274400 0.344800 0.005600
0.409600 0.344800 0.008800
0.426400 0.344800 0.008800
0.432800 0.344800 0.008800
0.444000 0.344800 0.007200
0.456000 0.344800 0.008000
0.500000 0.344800 0.006400
0.511200 0.344800 0.007200
0.532800 0.344800 0.007200
0.543200 0.344800 0.007200
0.768800 0.344800 0.007200
0.125600 0.345600 0.008000
0.210400 0.345600 0.008800
0.228800 0.345600 0.005600
0.264800 0.345600 0.006400
0.288000 0.345600 0.008800
0.522400 0.345600 0.007200
0.554400 0.345600 0.008800
0.668000 0.345600 0.008800
0.757600 0.345600 0.005600
0.802400 0.345600 0.008000
0.813600 0.345600 0.007200
0.824000 0.345600 0.008800
0.838400 0.345600 0.009600
0.136800 0.346400 0.005600
0.144800 0.346400 0.005600
0.154400 0.346400 0.008800
0.166400 0.346400 0.007200
0.188000 0.346400 0.005600
0.197600 0.346400 0.007200
0.568000 0.346400 0.008000
0.642400 0.346400 0.007200
0.729600 0.346400 0.006400
0.748800 0.346400 0.005600
0.779200 0.346400 0.005600
0.788000 0.346400 0.008800
0.850400 0.346400 0.007200
0.859200 0.346400 0.007200
0.870400 0.346400 0.008800
0.179200 0.347200 0.008800
0.580000 0.347200 0.008800
0.586400 0.347200 0.005600
0.595200 0.347200 0.009600
0.600800 0.347200 0.011200
0.608800 0.347200 0.005600
0.618400 0.347200 0.007200
0.632000 0.347200 0.008800
0.653600 0.347200 0.008000
0.682400 0.347200 0.008000
0.694400 0.347200 0.007200
0.707200 0.347200 0.008800
0.740000 0.347200 0.006400
0.720000 0.348000 0.007200
0.418400 0.360000 0.008000
0.348000 0.360800 0.008800
0.359200 0.360800 0.007200
0.370400 0.360800 0.008800
0.406400 0.360800 0.007200
0.432000 0.360800 0.008800
0.500000 0.360800 0.008800
0.563200 0.360800 0.008000
0.767200 0.360800 0.008800
0.780000 0.360800 0.008000
0.320800 0.361600 0.007200
0.332000 0.361600 0.008800
0.384000 0.361600 0.009600
0.575200 0.361600 0.008800
0.231200 0.362400 0.008000
0.243200 0.362400 0.008800
0.256800 0.362400 0.008800
0.396800 0.362400 0.005600
0.473600 0.362400 0.008000
0.486400 0.362400 0.008800
0.514400 0.362400 0.008800
0.588800 0.362400 0.008800
0.612000 0.362400 0.010400
0.636800 0.362400 0.010400
0.745600 0.362400 0.011200
0.209600 0.363200 0.014400
0.219200 0.363200 0.008000
0.271200 0.363200 0.008000
0.282400 0.363200 0.007200
0.293600 0.363200 0.013600
0.310400 0.363200 0.007200
0.446400 0.363200 0.008000
0.458400 0.363200 0.008800
0.526400 0.363200 0.008000
0.537600 0.363200 0.005600
0.656000 0.363200 0.010400
0.546400 0.364000 0.012800
0.672800 0.364000 0.009600
0.691200 0.364000 0.009600
0.726400 0.364800 0.011200
0.708000 0.365600 0.011200
