277.000000 67.000000 27.000000
258.000000 69.000000 11.000000
230.000000 70.000000 9.000000
243.000000 70.000000 10.000000
192.000000 71.000000 21.000000
215.000000 71.000000 11.000000
1074.000000 80.000000 24.000000
576.000000 108.000000 10.000000
563.000000 109.000000 7.000000
605.000000 109.000000 7.000000
617.000000 109.000000 11.000000
288.000000 110.000000 11.000000
356.000000 110.000000 14.000000
406.000000 110.000000 11.000000
435.000000 110.000000 7.000000
490.000000 110.000000 14.000000
508.000000 110.000000 14.000000
524.000000 110.000000 11.000000
539.000000 110.000000 9.000000
552.000000 110.000000 7.000000
592.000000 110.000000 9.000000
633.000000 110.000000 11.000000
318.000000 111.000000 11.000000
389.000000 111.000000 11.000000
422.000000 111.000000 9.000000
447.000000 111.000000 9.000000
720.000000 111.000000 7.000000
763.000000 111.000000 11.000000
162.000000 112.000000 19.000000
251.000000 112.000000 11.000000
267.000000 112.000000 11.000000
302.000000 112.000000 9.000000
339.000000 112.000000 13.000000
373.000000 112.000000 11.000000
461.000000 112.000000 9.000000
472.000000 112.000000 7.000000
650.000000 112.000000 13.000000
680.000000 112.000000 7.000000
694.000000 112.000000 10.000000
709.000000 112.000000 9.000000
732.000000 112.000000 9.000000
748.000000 112.000000 10.000000
781.000000 112.000000 11.000000
174.000000 113.000000 9.000000
213.000000 113.000000 9.000000
230.000000 113.000000 13.000000
669.000000 113.000000 7.000000
800.000000 113.000000 11.000000
110.000000 114.000000 41.000000
188.000000 114.000000 9.000000
201.000000 114.000000 9.000000
818.000000 114.000000 13.000000
87.000000 115.000000 33.000000
840.000000 115.000000 11.000000
854.000000 116.000000 7.000000
863.000000 116.000000 7.000000
123.000000 117.000000 26.000000
881.000000 118.000000 15.000000
892.000000 118.000000 7.000000
905.000000 118.000000 11.000000
923.000000 119.000000 12.000000
941.000000 119.000000 11.000000
973.000000 119.000000 10.000000
958.000000 120.000000 11.000000
988.000000 120.000000 11.000000
1008.000000 120.000000 14.000000
1095.000000 120.000000 14.000000
1026.000000 121.000000 11.000000
1042.000000 121.000000 11.000000
1059.000000 121.000000 11.000000
1076.000000 121.000000 11.000000
540.000000 134.000000 13.000000
555.000000 134.000000 10.000000
315.000000 135.000000 9.000000
522.000000 135.000000 7.000000
570.000000 135.000000 12.000000
590.000000 135.000000 11.000000
629.000000 135.000000 11.000000
645.000000 135.000000 10.000000
659.000000 135.000000 10.000000
687.000000 135.000000 9.000000
703.000000 135.000000 11.000000
751.000000 135.000000 11.000000
219.000000 136.000000 14.000000
237.000000 136.000000 11.000000
253.000000 136.000000 10.000000
268.000000 136.000000 9.000000
281.000000 136.000000 17.000000
302.000000 136.000000 7.000000
329.000000 136.000000 9.000000
341.000000 136.000000 7.000000
355.000000 136.000000 9.000000
369.000000 136.000000 16.000000
377.000000 136.000000 14.000000
408.000000 136.000000 11.000000
424.000000 136.000000 11.000000
440.000000 136.000000 11.000000
459.000000 136.000000 11.000000
474.000000 136.000000 13.000000
509.000000 136.000000 9.000000
605.000000 136.000000 9.000000
617.000000 136.000000 7.000000
674.000000 136.000000 9.000000
718.000000 136.000000 10.000000
734.000000 136.000000 10.000000
804.000000 136.000000 11.000000
162.000000 137.000000 14.000000
206.000000 137.000000 9.000000
229.000000 137.000000 4.000000
393.000000 137.000000 11.000000
498.000000 137.000000 16.000000
769.000000 137.000000 11.000000
786.000000 137.000000 11.000000
824.000000 137.000000 11.000000
841.000000 137.000000 11.000000
174.000000 138.000000 9.000000
192.000000 138.000000 11.000000
857.000000 140.000000 7.000000
869.000000 141.000000 7.000000
882.000000 141.000000 10.000000
957.000000 141.000000 11.000000
903.000000 142.000000 13.000000
920.000000 142.000000 11.000000
938.000000 142.000000 11.000000
973.000000 143.000000 9.000000
1020.000000 144.000000 13.000000
1037.000000 144.000000 9.000000
1053.000000 144.000000 10.000000
1082.000000 144.000000 10.000000
1068.000000 145.000000 9.000000
994.000000 146.000000 14.000000
1097.000000 146.000000 14.000000
1010.000000 147.000000 7.000000
362.000000 159.000000 11.000000
174.000000 160.000000 10.000000
191.000000 160.000000 11.000000
546.000000 160.000000 7.000000
553.000000 160.000000 13.000000
583.000000 160.000000 14.000000
607.000000 160.000000 14.000000
664.000000 160.000000 10.000000
97.000000 161.000000 23.000000
162.000000 161.000000 11.000000
211.000000 161.000000 11.000000
242.000000 161.000000 10.000000
257.000000 161.000000 14.000000
290.000000 161.000000 10.000000
344.000000 161.000000 11.000000
396.000000 161.000000 9.000000
407.000000 161.000000 7.000000
435.000000 161.000000 10.000000
447.000000 161.000000 6.000000
532.000000 161.000000 10.000000
568.000000 161.000000 10.000000
592.000000 161.000000 7.000000
638.000000 161.000000 16.000000
649.000000 161.000000 11.000000
682.000000 161.000000 12.000000
702.000000 161.000000 11.000000
741.000000 161.000000 11.000000
226.000000 162.000000 11.000000
277.000000 162.000000 9.000000
308.000000 162.000000 11.000000
326.000000 162.000000 12.000000
379.000000 162.000000 11.000000
420.000000 162.000000 9.000000
456.000000 162.000000 11.000000
469.000000 162.000000 11.000000
486.000000 162.000000 11.000000
617.000000 162.000000 9.000000
717.000000 162.000000 14.000000
758.000000 162.000000 10.000000
501.000000 163.000000 13.000000
520.000000 163.000000 7.000000
774.000000 163.000000 9.000000
804.000000 163.000000 11.000000
820.000000 163.000000 7.000000
787.000000 164.000000 10.000000
829.000000 164.000000 7.000000
842.000000 165.000000 11.000000
859.000000 166.000000 11.000000
873.000000 166.000000 9.000000
910.000000 166.000000 9.000000
898.000000 167.000000 7.000000
927.000000 167.000000 11.000000
981.000000 167.000000 9.000000
1070.000000 167.000000 11.000000
886.000000 168.000000 7.000000
947.000000 168.000000 11.000000
965.000000 168.000000 11.000000
1036.000000 168.000000 11.000000
1053.000000 168.000000 11.000000
1021.000000 169.000000 9.000000
994.000000 170.000000 9.000000
1008.000000 170.000000 9.000000
1089.000000 170.000000 13.000000
163.000000 185.000000 14.000000
181.000000 186.000000 13.000000
411.000000 186.000000 9.000000
425.000000 186.000000 11.000000
443.000000 186.000000 10.000000
511.000000 186.000000 12.000000
559.000000 186.000000 9.000000
571.000000 186.000000 11.000000
600.000000 186.000000 9.000000
636.000000 186.000000 11.000000
680.000000 186.000000 11.000000
721.000000 186.000000 9.000000
816.000000 186.000000 4.000000
211.000000 187.000000 10.000000
268.000000 187.000000 11.000000
305.000000 187.000000 10.000000
399.000000 187.000000 7.000000
460.000000 187.000000 11.000000
546.000000 187.000000 9.000000
587.000000 187.000000 7.000000
617.000000 187.000000 14.000000
651.000000 187.000000 10.000000
697.000000 187.000000 11.000000
736.000000 187.000000 9.000000
228.000000 188.000000 13.000000
280.000000 188.000000 7.000000
292.000000 188.000000 9.000000
319.000000 188.000000 7.000000
332.000000 188.000000 10.000000
373.000000 188.000000 14.000000
389.000000 188.000000 17.000000
476.000000 188.000000 10.000000
490.000000 188.000000 11.000000
533.000000 188.000000 17.000000
665.000000 188.000000 7.000000
709.000000 188.000000 7.000000
749.000000 188.000000 8.000000
807.000000 188.000000 7.000000
870.000000 188.000000 11.000000
199.000000 189.000000 11.000000
246.000000 189.000000 14.000000
348.000000 189.000000 14.000000
762.000000 189.000000 9.000000
776.000000 189.000000 11.000000
793.000000 189.000000 10.000000
824.000000 189.000000 14.000000
838.000000 189.000000 10.000000
853.000000 189.000000 11.000000
889.000000 191.000000 13.000000
907.000000 192.000000 11.000000
923.000000 192.000000 13.000000
950.000000 192.000000 17.000000
962.000000 193.000000 9.000000
977.000000 194.000000 11.000000
1076.000000 194.000000 13.000000
993.000000 195.000000 9.000000
1007.000000 195.000000 9.000000
1021.000000 195.000000 9.000000
1058.000000 195.000000 11.000000
1097.000000 195.000000 14.000000
1042.000000 196.000000 17.000000
1033.000000 197.000000 7.000000
403.000000 238.000000 7.000000
412.000000 238.000000 17.000000
576.000000 238.000000 17.000000
754.000000 238.000000 17.000000
478.000000 239.000000 14.000000
504.000000 239.000000 17.000000
598.000000 239.000000 14.000000
681.000000 239.000000 17.000000
706.000000 239.000000 17.000000
444.000000 240.000000 24.000000
531.000000 240.000000 14.000000
559.000000 240.000000 21.000000
728.000000 240.000000 16.000000
799.000000 240.000000 14.000000
316.000000 241.000000 28.000000
363.000000 241.000000 17.000000
385.000000 241.000000 14.000000
461.000000 241.000000 11.000000
549.000000 241.000000 21.000000
622.000000 241.000000 19.000000
655.000000 241.000000 21.000000
332.000000 242.000000 17.000000
778.000000 242.000000 14.000000
820.000000 243.000000 16.000000
850.000000 245.000000 17.000000
871.000000 246.000000 14.000000
892.000000 248.000000 14.000000
917.000000 248.000000 16.000000
556.000000 275.000000 10.000000
764.000000 275.000000 16.000000
491.000000 276.000000 14.000000
511.000000 276.000000 19.000000
538.000000 276.000000 11.000000
568.000000 276.000000 19.000000
329.000000 277.000000 21.000000
384.000000 277.000000 11.000000
400.000000 277.000000 11.000000
437.000000 277.000000 14.000000
455.000000 277.000000 24.000000
521.000000 277.000000 21.000000
600.000000 277.000000 19.000000
739.000000 277.000000 16.000000
873.000000 277.000000 14.000000
372.000000 278.000000 20.000000
418.000000 278.000000 14.000000
467.000000 278.000000 19.000000
629.000000 278.000000 17.000000
785.000000 278.000000 11.000000
801.000000 278.000000 11.000000
821.000000 278.000000 16.000000
851.000000 278.000000 17.000000
355.000000 279.000000 14.000000
663.000000 279.000000 19.000000
687.000000 279.000000 14.000000
712.000000 279.000000 17.000000
827.000000 279.000000 17.000000
899.000000 279.000000 17.000000
523.000000 305.000000 14.000000
545.000000 306.000000 16.000000
455.000000 307.000000 21.000000
466.000000 307.000000 21.000000
571.000000 307.000000 17.000000
396.000000 308.000000 14.000000
483.000000 308.000000 11.000000
502.000000 308.000000 14.000000
875.000000 308.000000 14.000000
438.000000 309.000000 14.000000
834.000000 309.000000 16.000000
854.000000 309.000000 13.000000
897.000000 309.000000 17.000000
328.000000 310.000000 17.000000
350.000000 310.000000 14.000000
372.000000 310.000000 14.000000
417.000000 310.000000 14.000000
595.000000 310.000000 14.000000
746.000000 310.000000 21.000000
618.000000 311.000000 14.000000
640.000000 311.000000 19.000000
707.000000 311.000000 14.000000
727.000000 311.000000 14.000000
781.000000 311.000000 17.000000
805.000000 311.000000 17.000000
686.000000 312.000000 14.000000
667.000000 313.000000 14.000000
574.000000 339.000000 21.000000
589.000000 340.000000 17.000000
947.000000 366.000000 20.000000
954.000000 366.000000 17.000000
969.000000 366.000000 19.000000
230.000000 367.000000 11.000000
247.000000 367.000000 11.000000
312.000000 367.000000 14.000000
460.000000 367.000000 6.000000
935.000000 367.000000 17.000000
194.000000 368.000000 11.000000
213.000000 368.000000 10.000000
265.000000 368.000000 11.000000
512.000000 368.000000 14.000000
162.000000 369.000000 13.000000
180.000000 369.000000 9.000000
281.000000 369.000000 11.000000
296.000000 369.000000 9.000000
405.000000 369.000000 10.000000
420.000000 369.000000 7.000000
431.000000 369.000000 7.000000
443.000000 369.000000 17.000000
468.000000 369.000000 14.000000
481.000000 369.000000 10.000000
495.000000 369.000000 11.000000
545.000000 369.000000 9.000000
571.000000 369.000000 11.000000
1001.000000 369.000000 18.000000
1013.000000 369.000000 9.000000
1101.000000 369.000000 14.000000
345.000000 370.000000 13.000000
353.000000 370.000000 6.000000
363.000000 370.000000 7.000000
389.000000 370.000000 10.000000
451.000000 370.000000 14.000000
532.000000 370.000000 11.000000
556.000000 370.000000 7.000000
600.000000 370.000000 10.000000
1025.000000 370.000000 11.000000
1062.000000 370.000000 11.000000
1080.000000 370.000000 14.000000
332.000000 371.000000 9.000000
375.000000 371.000000 7.000000
652.000000 371.000000 14.000000
672.000000 371.000000 9.000000
791.000000 371.000000 11.000000
906.000000 371.000000 14.000000
1043.000000 371.000000 12.000000
588.000000 372.000000 9.000000
618.000000 372.000000 13.000000
685.000000 372.000000 9.000000
699.000000 372.000000 9.000000
721.000000 372.000000 17.000000
810.000000 372.000000 12.000000
829.000000 372.000000 11.000000
843.000000 372.000000 9.000000
858.000000 372.000000 10.000000
873.000000 372.000000 10.000000
711.000000 373.000000 7.000000
752.000000 373.000000 15.000000
777.000000 373.000000 11.000000
637.000000 374.000000 11.000000
888.000000 374.000000 14.000000
737.000000 375.000000 11.000000
162.000000 389.000000 14.000000
212.000000 389.000000 11.000000
177.000000 391.000000 9.000000
192.000000 391.000000 12.000000
243.000000 391.000000 11.000000
482.000000 391.000000 11.000000
231.000000 392.000000 10.000000
260.000000 392.000000 13.000000
468.000000 392.000000 10.000000
491.000000 392.000000 14.000000
507.000000 392.000000 11.000000
545.000000 392.000000 11.000000
410.000000 393.000000 13.000000
428.000000 393.000000 9.000000
442.000000 393.000000 9.000000
454.000000 393.000000 9.000000
527.000000 393.000000 11.000000
577.000000 393.000000 9.000000
281.000000 394.000000 11.000000
325.000000 394.000000 9.000000
343.000000 394.000000 13.000000
355.000000 394.000000 9.000000
562.000000 394.000000 10.000000
592.000000 394.000000 9.000000
607.000000 394.000000 11.000000
623.000000 394.000000 7.000000
948.000000 394.000000 11.000000
964.000000 394.000000 11.000000
979.000000 394.000000 17.000000
298.000000 395.000000 9.000000
312.000000 395.000000 9.000000
337.000000 395.000000 14.000000
369.000000 395.000000 9.000000
382.000000 395.000000 9.000000
396.000000 395.000000 9.000000
631.000000 395.000000 7.000000
659.000000 395.000000 10.000000
985.000000 395.000000 14.000000
645.000000 396.000000 10.000000
678.000000 396.000000 14.000000
699.000000 396.000000 10.000000
713.000000 396.000000 10.000000
764.000000 396.000000 11.000000
802.000000 396.000000 11.000000
921.000000 396.000000 9.000000
933.000000 396.000000 9.000000
999.000000 396.000000 14.000000
1030.000000 396.000000 7.000000
1040.000000 396.000000 16.000000
1088.000000 396.000000 11.000000
1101.000000 396.000000 14.000000
729.000000 397.000000 9.000000
746.000000 397.000000 11.000000
783.000000 397.000000 11.000000
820.000000 397.000000 11.000000
836.000000 397.000000 11.000000
856.000000 397.000000 14.000000
1019.000000 397.000000 9.000000
1064.000000 397.000000 14.000000
875.000000 398.000000 9.000000
889.000000 398.000000 10.000000
906.000000 398.000000 11.000000
1048.000000 398.000000 14.000000
1075.000000 398.000000 7.000000
159.000000 415.000000 21.000000
172.000000 415.000000 10.000000
212.000000 415.000000 10.000000
226.000000 415.000000 9.000000
187.000000 416.000000 11.000000
200.000000 416.000000 7.000000
242.000000 416.000000 11.000000
364.000000 416.000000 12.000000
382.000000 416.000000 11.000000
403.000000 416.000000 11.000000
417.000000 416.000000 10.000000
434.000000 416.000000 11.000000
478.000000 416.000000 9.000000
494.000000 416.000000 11.000000
540.000000 416.000000 9.000000
295.000000 417.000000 10.000000
351.000000 417.000000 11.000000
451.000000 417.000000 9.000000
464.000000 417.000000 7.000000
553.000000 417.000000 8.000000
582.000000 417.000000 11.000000
601.000000 417.000000 11.000000
617.000000 417.000000 11.000000
261.000000 418.000000 12.000000
280.000000 418.000000 10.000000
311.000000 418.000000 11.000000
328.000000 418.000000 14.000000
510.000000 418.000000 10.000000
526.000000 418.000000 9.000000
567.000000 418.000000 9.000000
637.000000 418.000000 11.000000
661.000000 418.000000 6.000000
652.000000 419.000000 13.000000
675.000000 419.000000 11.000000
1080.000000 419.000000 9.000000
717.000000 420.000000 13.000000
723.000000 420.000000 11.000000
1095.000000 420.000000 21.000000
692.000000 421.000000 11.000000
707.000000 421.000000 7.000000
735.000000 421.000000 9.000000
749.000000 421.000000 10.000000
826.000000 421.000000 12.000000
965.000000 421.000000 10.000000
979.000000 421.000000 11.000000
1001.000000 421.000000 11.000000
1017.000000 421.000000 10.000000
1031.000000 421.000000 10.000000
1047.000000 421.000000 16.000000
1055.000000 421.000000 11.000000
1068.000000 421.000000 7.000000
770.000000 422.000000 13.000000
806.000000 422.000000 11.000000
911.000000 422.000000 10.000000
946.000000 422.000000 13.000000
789.000000 423.000000 13.000000
846.000000 423.000000 11.000000
861.000000 423.000000 10.000000
881.000000 423.000000 13.000000
898.000000 423.000000 9.000000
928.000000 423.000000 11.000000
382.000000 438.000000 11.000000
395.000000 439.000000 9.000000
410.000000 439.000000 14.000000
469.000000 439.000000 11.000000
431.000000 440.000000 11.000000
449.000000 440.000000 12.000000
485.000000 440.000000 11.000000
500.000000 440.000000 9.000000
513.000000 440.000000 11.000000
663.000000 440.000000 14.000000
530.000000 441.000000 13.000000
550.000000 441.000000 11.000000
669.000000 441.000000 14.000000
650.000000 442.000000 9.000000
685.000000 442.000000 11.000000
806.000000 442.000000 14.000000
876.000000 442.000000 13.000000
570.000000 443.000000 11.000000
584.000000 443.000000 9.000000
598.000000 443.000000 11.000000
617.000000 443.000000 14.000000
703.000000 443.000000 11.000000
774.000000 443.000000 11.000000
838.000000 443.000000 15.000000
637.000000 444.000000 11.000000
717.000000 444.000000 13.000000
724.000000 444.000000 14.000000
746.000000 444.000000 10.000000
732.000000 445.000000 7.000000
758.000000 445.000000 7.000000
908.000000 445.000000 14.000000
1165.000000 447.000000 20.000000
