274.000000 71.000000 26.000000
240.000000 73.000000 11.000000
257.000000 73.000000 11.000000
193.000000 75.000000 29.000000
215.000000 75.000000 11.000000
227.000000 75.000000 7.000000
1053.000000 87.000000 24.000000
280.000000 119.000000 10.000000
182.000000 120.000000 11.000000
225.000000 120.000000 10.000000
167.000000 121.000000 14.000000
197.000000 121.000000 9.000000
210.000000 121.000000 9.000000
239.000000 121.000000 9.000000
295.000000 121.000000 9.000000
252.000000 122.000000 9.000000
267.000000 122.000000 10.000000
324.000000 122.000000 11.000000
386.000000 122.000000 9.000000
558.000000 122.000000 14.000000
308.000000 123.000000 9.000000
340.000000 123.000000 10.000000
355.000000 123.000000 14.000000
361.000000 123.000000 18.000000
374.000000 123.000000 7.000000
417.000000 123.000000 7.000000
430.000000 123.000000 9.000000
444.000000 123.000000 9.000000
573.000000 123.000000 9.000000
598.000000 123.000000 9.000000
667.000000 123.000000 9.000000
694.000000 123.000000 11.000000
403.000000 124.000000 11.000000
456.000000 124.000000 7.000000
468.000000 124.000000 9.000000
489.000000 124.000000 16.000000
509.000000 124.000000 11.000000
538.000000 124.000000 11.000000
586.000000 124.000000 7.000000
612.000000 124.000000 9.000000
625.000000 124.000000 7.000000
636.000000 124.000000 7.000000
643.000000 124.000000 14.000000
655.000000 124.000000 9.000000
680.000000 124.000000 9.000000
755.000000 124.000000 9.000000
832.000000 124.000000 9.000000
845.000000 124.000000 10.000000
861.000000 124.000000 11.000000
877.000000 124.000000 11.000000
711.000000 125.000000 7.000000
738.000000 125.000000 11.000000
768.000000 125.000000 8.000000
780.000000 125.000000 8.000000
794.000000 125.000000 10.000000
808.000000 125.000000 7.000000
819.000000 125.000000 7.000000
892.000000 125.000000 7.000000
524.000000 126.000000 10.000000
724.000000 126.000000 9.000000
956.000000 126.000000 14.000000
899.000000 127.000000 4.000000
945.000000 127.000000 16.000000
906.000000 128.000000 11.000000
920.000000 128.000000 14.000000
973.000000 128.000000 7.000000
1006.000000 128.000000 11.000000
1022.000000 128.000000 11.000000
1042.000000 128.000000 10.000000
986.000000 129.000000 14.000000
1054.000000 129.000000 7.000000
1068.000000 131.000000 10.000000
1081.000000 132.000000 21.000000
193.000000 146.000000 11.000000
585.000000 146.000000 6.000000
166.000000 147.000000 11.000000
180.000000 147.000000 9.000000
212.000000 147.000000 11.000000
254.000000 147.000000 13.000000
284.000000 147.000000 9.000000
299.000000 147.000000 9.000000
378.000000 147.000000 10.000000
393.000000 147.000000 11.000000
839.000000 147.000000 9.000000
853.000000 147.000000 11.000000
227.000000 148.000000 10.000000
240.000000 148.000000 9.000000
273.000000 148.000000 7.000000
311.000000 148.000000 7.000000
323.000000 148.000000 7.000000
337.000000 148.000000 10.000000
365.000000 148.000000 7.000000
411.000000 148.000000 11.000000
501.000000 148.000000 10.000000
566.000000 148.000000 16.000000
605.000000 148.000000 9.000000
624.000000 148.000000 11.000000
636.000000 148.000000 9.000000
651.000000 148.000000 11.000000
752.000000 148.000000 12.000000
782.000000 148.000000 9.000000
797.000000 148.000000 9.000000
810.000000 148.000000 9.000000
824.000000 148.000000 10.000000
881.000000 148.000000 16.000000
353.000000 149.000000 9.000000
428.000000 149.000000 10.000000
442.000000 149.000000 7.000000
453.000000 149.000000 9.000000
468.000000 149.000000 12.000000
486.000000 149.000000 7.000000
515.000000 149.000000 9.000000
527.000000 149.000000 7.000000
554.000000 149.000000 10.000000
576.000000 149.000000 14.000000
593.000000 149.000000 7.000000
618.000000 149.000000 13.000000
668.000000 149.000000 11.000000
690.000000 149.000000 11.000000
719.000000 149.000000 10.000000
734.000000 149.000000 9.000000
769.000000 149.000000 9.000000
894.000000 149.000000 9.000000
539.000000 150.000000 9.000000
703.000000 150.000000 9.000000
908.000000 150.000000 9.000000
922.000000 150.000000 9.000000
1035.000000 150.000000 6.000000
938.000000 151.000000 14.000000
970.000000 151.000000 9.000000
996.000000 151.000000 7.000000
1006.000000 151.000000 6.000000
1024.000000 151.000000 7.000000
958.000000 152.000000 9.000000
984.000000 152.000000 7.000000
1014.000000 152.000000 7.000000
1043.000000 153.000000 13.000000
1062.000000 154.000000 10.000000
1077.000000 155.000000 11.000000
251.000000 170.000000 10.000000
293.000000 171.000000 9.000000
306.000000 171.000000 11.000000
211.000000 172.000000 9.000000
235.000000 172.000000 9.000000
266.000000 172.000000 9.000000
280.000000 172.000000 9.000000
321.000000 172.000000 6.000000
329.000000 172.000000 7.000000
386.000000 172.000000 11.000000
402.000000 172.000000 11.000000
428.000000 172.000000 17.000000
455.000000 172.000000 11.000000
517.000000 172.000000 9.000000
532.000000 172.000000 9.000000
557.000000 172.000000 10.000000
571.000000 172.000000 7.000000
580.000000 172.000000 7.000000
590.000000 172.000000 7.000000
831.000000 172.000000 11.000000
846.000000 172.000000 9.000000
167.000000 173.000000 20.000000
180.000000 173.000000 11.000000
197.000000 173.000000 11.000000
224.000000 173.000000 7.000000
373.000000 173.000000 11.000000
440.000000 173.000000 10.000000
471.000000 173.000000 11.000000
545.000000 173.000000 9.000000
660.000000 173.000000 14.000000
676.000000 173.000000 17.000000
758.000000 173.000000 7.000000
814.000000 173.000000 10.000000
859.000000 173.000000 7.000000
869.000000 173.000000 18.000000
342.000000 174.000000 11.000000
488.000000 174.000000 12.000000
505.000000 174.000000 7.000000
601.000000 174.000000 15.000000
621.000000 174.000000 9.000000
634.000000 174.000000 9.000000
648.000000 174.000000 9.000000
697.000000 174.000000 14.000000
728.000000 174.000000 17.000000
747.000000 174.000000 9.000000
801.000000 174.000000 9.000000
882.000000 174.000000 7.000000
909.000000 174.000000 12.000000
985.000000 174.000000 13.000000
608.000000 175.000000 14.000000
716.000000 175.000000 9.000000
736.000000 175.000000 7.000000
787.000000 175.000000 10.000000
896.000000 175.000000 10.000000
916.000000 175.000000 16.000000
949.000000 175.000000 6.000000
956.000000 175.000000 12.000000
970.000000 175.000000 11.000000
770.000000 176.000000 21.000000
926.000000 176.000000 14.000000
939.000000 176.000000 7.000000
1005.000000 176.000000 10.000000
1030.000000 176.000000 7.000000
1019.000000 177.000000 9.000000
1047.000000 178.000000 11.000000
1075.000000 178.000000 11.000000
1062.000000 179.000000 9.000000
588.000000 260.000000 11.000000
403.000000 261.000000 13.000000
424.000000 261.000000 14.000000
442.000000 261.000000 11.000000
465.000000 261.000000 16.000000
504.000000 261.000000 14.000000
567.000000 261.000000 16.000000
606.000000 261.000000 11.000000
650.000000 261.000000 17.000000
384.000000 262.000000 17.000000
485.000000 262.000000 11.000000
544.000000 262.000000 14.000000
625.000000 262.000000 13.000000
706.000000 262.000000 12.000000
801.000000 262.000000 17.000000
524.000000 263.000000 14.000000
726.000000 263.000000 14.000000
671.000000 264.000000 13.000000
688.000000 264.000000 11.000000
752.000000 265.000000 14.000000
770.000000 266.000000 14.000000
819.000000 266.000000 11.000000
853.000000 266.000000 14.000000
837.000000 267.000000 11.000000
489.000000 292.000000 11.000000
387.000000 293.000000 17.000000
464.000000 293.000000 11.000000
478.000000 293.000000 7.000000
635.000000 293.000000 7.000000
408.000000 294.000000 11.000000
507.000000 294.000000 12.000000
524.000000 294.000000 11.000000
541.000000 294.000000 11.000000
754.000000 294.000000 17.000000
426.000000 295.000000 11.000000
444.000000 295.000000 13.000000
557.000000 295.000000 11.000000
645.000000 295.000000 16.000000
664.000000 295.000000 17.000000
712.000000 295.000000 11.000000
729.000000 295.000000 11.000000
775.000000 295.000000 17.000000
572.000000 296.000000 10.000000
588.000000 296.000000 11.000000
604.000000 296.000000 11.000000
621.000000 296.000000 11.000000
693.000000 296.000000 14.000000
804.000000 296.000000 17.000000
827.000000 296.000000 14.000000
851.000000 297.000000 17.000000
1120.000000 299.000000 12.000000
1122.000000 304.000000 14.000000
574.000000 323.000000 14.000000
610.000000 323.000000 17.000000
619.000000 324.000000 19.000000
640.000000 324.000000 14.000000
1121.000000 324.000000 11.000000
669.000000 325.000000 18.000000
591.000000 326.000000 11.000000
695.000000 326.000000 11.000000
682.000000 327.000000 7.000000
243.000000 343.000000 21.000000
1119.000000 346.000000 16.000000
270.000000 385.000000 9.000000
308.000000 385.000000 7.000000
318.000000 385.000000 6.000000
451.000000 385.000000 11.000000
467.000000 385.000000 10.000000
194.000000 386.000000 4.000000
201.000000 386.000000 18.000000
212.000000 386.000000 9.000000
224.000000 386.000000 9.000000
239.000000 386.000000 14.000000
257.000000 386.000000 7.000000
284.000000 386.000000 7.000000
296.000000 386.000000 7.000000
330.000000 386.000000 17.000000
348.000000 386.000000 11.000000
364.000000 386.000000 11.000000
414.000000 386.000000 13.000000
433.000000 386.000000 11.000000
480.000000 386.000000 7.000000
490.000000 386.000000 7.000000
502.000000 386.000000 7.000000
163.000000 387.000000 15.000000
174.000000 387.000000 17.000000
185.000000 387.000000 17.000000
383.000000 387.000000 14.000000
396.000000 387.000000 14.000000
512.000000 387.000000 17.000000
538.000000 387.000000 11.000000
524.000000 388.000000 21.000000
551.000000 388.000000 7.000000
568.000000 388.000000 11.000000
581.000000 389.000000 9.000000
612.000000 390.000000 11.000000
625.000000 390.000000 9.000000
596.000000 391.000000 11.000000
637.000000 392.000000 10.000000
651.000000 392.000000 9.000000
688.000000 392.000000 17.000000
700.000000 393.000000 9.000000
665.000000 394.000000 11.000000
822.000000 394.000000 7.000000
891.000000 394.000000 11.000000
716.000000 395.000000 11.000000
732.000000 395.000000 9.000000
745.000000 395.000000 10.000000
762.000000 395.000000 11.000000
776.000000 395.000000 11.000000
834.000000 395.000000 9.000000
862.000000 395.000000 11.000000
792.000000 396.000000 14.000000
812.000000 396.000000 7.000000
847.000000 396.000000 10.000000
876.000000 396.000000 9.000000
920.000000 396.000000 9.000000
908.000000 397.000000 9.000000
934.000000 397.000000 9.000000
951.000000 397.000000 11.000000
965.000000 397.000000 9.000000
1020.000000 397.000000 11.000000
1038.000000 397.000000 14.000000
1072.000000 397.000000 12.000000
978.000000 398.000000 9.000000
990.000000 398.000000 11.000000
1006.000000 398.000000 11.000000
1056.000000 398.000000 11.000000
1088.000000 399.000000 14.000000
332.000000 410.000000 11.000000
373.000000 411.000000 10.000000
388.000000 411.000000 9.000000
404.000000 412.000000 11.000000
417.000000 412.000000 7.000000
528.000000 412.000000 9.000000
204.000000 413.000000 9.000000
222.000000 413.000000 11.000000
237.000000 413.000000 11.000000
280.000000 413.000000 11.000000
296.000000 413.000000 11.000000
313.000000 413.000000 11.000000
348.000000 413.000000 10.000000
362.000000 413.000000 7.000000
443.000000 413.000000 9.000000
456.000000 413.000000 9.000000
471.000000 413.000000 11.000000
516.000000 413.000000 9.000000
165.000000 414.000000 19.000000
178.000000 414.000000 9.000000
192.000000 414.000000 9.000000
257.000000 414.000000 15.000000
430.000000 414.000000 9.000000
488.000000 414.000000 11.000000
503.000000 414.000000 9.000000
541.000000 414.000000 9.000000
557.000000 414.000000 11.000000
591.000000 414.000000 9.000000
605.000000 414.000000 8.000000
617.000000 414.000000 11.000000
573.000000 415.000000 12.000000
634.000000 415.000000 9.000000
648.000000 417.000000 9.000000
687.000000 417.000000 11.000000
661.000000 418.000000 7.000000
672.000000 418.000000 7.000000
702.000000 419.000000 9.000000
729.000000 419.000000 9.000000
744.000000 419.000000 11.000000
885.000000 419.000000 7.000000
898.000000 419.000000 10.000000
716.000000 420.000000 7.000000
761.000000 420.000000 12.000000
823.000000 420.000000 9.000000
836.000000 420.000000 10.000000
853.000000 420.000000 11.000000
870.000000 420.000000 11.000000
787.000000 421.000000 11.000000
799.000000 421.000000 7.000000
811.000000 421.000000 7.000000
913.000000 421.000000 14.000000
922.000000 421.000000 17.000000
935.000000 421.000000 13.000000
943.000000 421.000000 7.000000
1007.000000 421.000000 10.000000
954.000000 422.000000 13.000000
994.000000 422.000000 5.000000
1024.000000 422.000000 12.000000
1042.000000 422.000000 11.000000
1060.000000 422.000000 9.000000
1074.000000 422.000000 9.000000
986.000000 423.000000 13.000000
1087.000000 423.000000 11.000000
973.000000 424.000000 9.000000
191.000000 436.000000 10.000000
225.000000 436.000000 11.000000
177.000000 437.000000 9.000000
208.000000 437.000000 11.000000
386.000000 437.000000 11.000000
402.000000 437.000000 12.000000
422.000000 437.000000 11.000000
163.000000 438.000000 20.000000
241.000000 438.000000 11.000000
341.000000 438.000000 7.000000
354.000000 438.000000 11.000000
370.000000 438.000000 10.000000
438.000000 438.000000 11.000000
257.000000 439.000000 9.000000
456.000000 439.000000 9.000000
311.000000 440.000000 11.000000
328.000000 440.000000 10.000000
468.000000 440.000000 9.000000
484.000000 440.000000 17.000000
539.000000 440.000000 11.000000
553.000000 440.000000 7.000000
561.000000 440.000000 16.000000
573.000000 440.000000 16.000000
275.000000 441.000000 17.000000
298.000000 441.000000 11.000000
505.000000 441.000000 11.000000
521.000000 441.000000 11.000000
581.000000 441.000000 7.000000
592.000000 441.000000 11.000000
609.000000 442.000000 14.000000
645.000000 442.000000 11.000000
629.000000 443.000000 11.000000
660.000000 443.000000 9.000000
670.000000 443.000000 4.000000
693.000000 444.000000 9.000000
939.000000 444.000000 14.000000
678.000000 445.000000 13.000000
706.000000 445.000000 7.000000
717.000000 445.000000 7.000000
729.000000 445.000000 7.000000
738.000000 445.000000 6.000000
863.000000 445.000000 7.000000
827.000000 446.000000 7.000000
838.000000 446.000000 6.000000
846.000000 446.000000 5.000000
854.000000 446.000000 5.000000
874.000000 446.000000 7.000000
907.000000 446.000000 14.000000
925.000000 446.000000 11.000000
946.000000 446.000000 14.000000
1040.000000 446.000000 13.000000
1059.000000 446.000000 11.000000
795.000000 447.000000 5.000000
1021.000000 447.000000 11.000000
753.000000 448.000000 14.000000
772.000000 448.000000 11.000000
785.000000 448.000000 7.000000
890.000000 448.000000 12.000000
962.000000 448.000000 17.000000
973.000000 448.000000 7.000000
983.000000 448.000000 7.000000
1076.000000 448.000000 14.000000
804.000000 449.000000 21.000000
818.000000 449.000000 9.000000
994.000000 449.000000 9.000000
1008.000000 449.000000 10.000000
