0.855200 0.035200 0.013600
0.836000 0.036000 0.016800
0.254400 0.038400 0.013600
0.220800 0.039200 0.013600
0.237600 0.039200 0.011200
0.176000 0.040000 0.017600
0.200800 0.040800 0.012800
0.664800 0.060000 0.008800
0.674400 0.060800 0.019200
0.728800 0.060800 0.013600
0.805600 0.060800 0.011200
0.647200 0.061600 0.012800
0.788000 0.061600 0.011200
0.844800 0.061600 0.012000
0.872800 0.061600 0.020000
0.537600 0.062400 0.011200
0.688000 0.062400 0.011200
0.824800 0.062400 0.011200
0.497600 0.063200 0.015200
0.554400 0.063200 0.013600
0.576800 0.063200 0.011200
0.592000 0.063200 0.010400
0.607200 0.063200 0.011200
0.629600 0.063200 0.011200
0.704800 0.063200 0.015200
0.746400 0.063200 0.011200
0.860800 0.063200 0.011200
0.520000 0.064000 0.011200
0.560000 0.064000 0.016000
0.762400 0.064000 0.016800
0.772800 0.064000 0.008800
0.332000 0.064800 0.013600
0.479200 0.064800 0.012800
0.504800 0.064800 0.019200
0.313600 0.065600 0.011200
0.348000 0.065600 0.011200
0.365600 0.065600 0.013600
0.380000 0.065600 0.011200
0.397600 0.065600 0.012800
0.416000 0.065600 0.008800
0.430400 0.065600 0.012000
0.448800 0.065600 0.008800
0.245600 0.066400 0.011200
0.296800 0.066400 0.011200
0.461600 0.066400 0.008800
0.184800 0.067200 0.011200
0.228000 0.067200 0.011200
0.262400 0.068000 0.012800
0.167200 0.068800 0.008800
0.201600 0.068800 0.008800
0.212800 0.068800 0.007200
0.281600 0.069600 0.011200
0.154400 0.070400 0.011200
0.832800 0.084800 0.008800
0.843200 0.087200 0.016800
0.691200 0.088000 0.013600
0.858400 0.088000 0.011200
0.715200 0.088800 0.011200
0.730400 0.088800 0.011200
0.768800 0.088800 0.011200
0.592800 0.089600 0.011200
0.606400 0.089600 0.011200
0.660000 0.089600 0.013600
0.783200 0.089600 0.011200
0.820000 0.089600 0.009600
0.504000 0.090400 0.011200
0.520800 0.090400 0.010400
0.640000 0.090400 0.012800
0.748800 0.090400 0.012800
0.800800 0.090400 0.011200
0.551200 0.091200 0.011200
0.573600 0.091200 0.013600
0.672000 0.091200 0.013600
0.337600 0.092000 0.015200
0.488000 0.092000 0.009600
0.536000 0.092000 0.010400
0.622400 0.092000 0.011200
0.871200 0.092000 0.019200
0.365600 0.092800 0.013600
0.461600 0.092800 0.011200
0.474400 0.092800 0.008800
0.385600 0.093600 0.013600
0.441600 0.093600 0.012000
0.167200 0.094400 0.016800
0.318400 0.094400 0.011200
0.406400 0.094400 0.011200
0.423200 0.094400 0.011200
0.289600 0.095200 0.016800
0.300800 0.095200 0.016800
0.174400 0.096000 0.015200
0.190400 0.096000 0.011200
0.241600 0.096000 0.011200
0.272000 0.096000 0.011200
0.152000 0.096800 0.016800
0.222400 0.096800 0.011200
0.207200 0.097600 0.008800
0.256800 0.097600 0.008800
0.822400 0.111200 0.013600
0.707200 0.112000 0.012000
0.794400 0.112000 0.014400
0.850400 0.112000 0.014400
0.645600 0.112800 0.011200
0.611200 0.113600 0.011200
0.679200 0.113600 0.008000
0.767200 0.113600 0.012800
0.566400 0.114400 0.010400
0.581600 0.114400 0.008800
0.593600 0.114400 0.011200
0.663200 0.114400 0.011200
0.727200 0.114400 0.011200
0.520000 0.115200 0.011200
0.628800 0.115200 0.011200
0.690400 0.115200 0.008800
0.746400 0.115200 0.012800
0.869600 0.116000 0.013600
0.448800 0.116800 0.011200
0.464000 0.116800 0.008800
0.486400 0.116800 0.008800
0.553600 0.116800 0.009600
0.503200 0.117600 0.011200
0.536800 0.117600 0.011200
0.428800 0.118400 0.013600
0.473600 0.118400 0.008800
0.339200 0.120800 0.011200
0.357600 0.120800 0.012000
0.393600 0.120800 0.011200
0.323200 0.121600 0.008800
0.376000 0.121600 0.011200
0.409600 0.121600 0.011200
0.304800 0.122400 0.013600
0.150400 0.123200 0.016800
0.191200 0.123200 0.011200
0.223200 0.123200 0.012800
0.244800 0.123200 0.012000
0.205600 0.124000 0.008800
0.284800 0.124000 0.011200
0.161600 0.124800 0.008800
0.174400 0.124800 0.008800
0.265600 0.125600 0.012800
0.780000 0.136800 0.015200
0.803200 0.137600 0.011200
0.824000 0.137600 0.013600
0.645600 0.138400 0.016800
0.840000 0.138400 0.008800
0.850400 0.138400 0.007200
0.864800 0.138400 0.010400
0.790400 0.139200 0.008000
0.628800 0.140000 0.011200
0.656000 0.140000 0.008800
0.707200 0.140000 0.014400
0.712800 0.140000 0.015200
0.750400 0.140000 0.013600
0.764800 0.140800 0.011200
0.596800 0.141600 0.013600
0.612800 0.141600 0.008800
0.671200 0.141600 0.011200
0.689600 0.141600 0.011200
0.729600 0.141600 0.011200
0.464000 0.144000 0.011200
0.506400 0.144000 0.009600
0.518400 0.144000 0.011200
0.573600 0.144000 0.010400
0.447200 0.144800 0.010400
0.491200 0.144800 0.008000
0.540000 0.144800 0.011200
0.396800 0.145600 0.013600
0.432800 0.145600 0.008000
0.480000 0.145600 0.008800
0.558400 0.145600 0.011200
0.336800 0.146400 0.016800
0.420000 0.146400 0.013600
0.349600 0.148000 0.008800
0.361600 0.148800 0.011200
0.251200 0.149600 0.005600
0.264000 0.149600 0.011200
0.295200 0.149600 0.012800
0.312800 0.149600 0.014400
0.322400 0.149600 0.005600
0.376800 0.149600 0.011200
0.149600 0.150400 0.016800
0.226400 0.150400 0.008800
0.242400 0.150400 0.013600
0.182400 0.151200 0.008800
0.278400 0.151200 0.008800
0.166400 0.152000 0.011200
0.196800 0.152000 0.010400
0.212000 0.152000 0.010400
0.842400 0.162400 0.013600
0.864800 0.162400 0.013600
0.811200 0.163200 0.012800
0.792000 0.164000 0.011200
0.826400 0.164000 0.011200
0.748000 0.164800 0.013600
0.772800 0.164800 0.012800
0.730400 0.165600 0.013600
0.740000 0.166400 0.005600
0.514400 0.168000 0.012800
0.644000 0.168000 0.011200
0.688800 0.168000 0.012000
0.708800 0.168000 0.013600
0.719200 0.168000 0.016800
0.604800 0.168800 0.012800
0.625600 0.168800 0.012000
0.665600 0.168800 0.013600
0.548800 0.169600 0.011200
0.578400 0.169600 0.016800
0.588000 0.169600 0.016800
0.532800 0.170400 0.011200
0.564000 0.170400 0.008800
0.494400 0.171200 0.011200
0.412800 0.172000 0.013600
0.473600 0.172800 0.013600
0.367200 0.173600 0.019200
0.440800 0.173600 0.015200
0.458400 0.173600 0.012800
0.350400 0.174400 0.011200
0.432000 0.174400 0.013600
0.284800 0.175200 0.012800
0.332000 0.175200 0.012800
0.395200 0.175200 0.012000
0.264800 0.176000 0.016800
0.301600 0.176000 0.008800
0.316000 0.176800 0.011200
0.250400 0.177600 0.007200
0.240800 0.178400 0.013600
0.377600 0.178400 0.016800
0.181600 0.179200 0.016000
0.146400 0.180000 0.013600
0.200800 0.180000 0.012800
0.224800 0.180000 0.013600
0.160800 0.181600 0.008800
0.868800 0.183200 0.016800
0.875200 0.184000 0.015200
0.850400 0.186400 0.013600
0.806400 0.188000 0.015200
0.795200 0.189600 0.008800
0.815200 0.189600 0.015200
0.829600 0.189600 0.011200
0.745600 0.191200 0.011200
0.783200 0.191200 0.016800
0.642400 0.192000 0.016800
0.693600 0.192000 0.013600
0.625600 0.192800 0.013600
0.652000 0.192800 0.016000
0.712800 0.192800 0.011200
0.728800 0.192800 0.011200
0.763200 0.192800 0.012800
0.562400 0.193600 0.016800
0.604800 0.193600 0.013600
0.670400 0.193600 0.011200
0.572000 0.195200 0.008800
0.585600 0.195200 0.012800
0.551200 0.196000 0.008800
0.523200 0.196800 0.011200
0.540000 0.196800 0.011200
0.501600 0.197600 0.013600
0.414400 0.198400 0.008800
0.352800 0.200000 0.008800
0.400000 0.200000 0.011200
0.444000 0.200000 0.016800
0.455200 0.200000 0.016000
0.460000 0.200000 0.011200
0.340000 0.200800 0.013600
0.364800 0.200800 0.011200
0.429600 0.200800 0.009600
0.476000 0.200800 0.012800
0.282400 0.201600 0.013600
0.300000 0.201600 0.012000
0.320000 0.201600 0.011200
0.383200 0.201600 0.011200
0.271200 0.203200 0.011200
0.257600 0.204000 0.011200
0.236800 0.204800 0.013600
0.146400 0.205600 0.013600
0.224000 0.205600 0.011200
0.204800 0.206400 0.012000
0.176000 0.207200 0.016800
0.183200 0.207200 0.013600
0.162400 0.208800 0.008800
0.860800 0.213600 0.016000
0.821600 0.215200 0.011200
0.838400 0.216000 0.011200
0.789600 0.216800 0.012800
0.807200 0.216800 0.009600
0.740000 0.219200 0.016000
0.765600 0.219200 0.015200
0.669600 0.220000 0.012800
0.692000 0.220000 0.012800
0.714400 0.220000 0.014400
0.531200 0.221600 0.014400
0.647200 0.221600 0.013600
0.560800 0.222400 0.005600
0.571200 0.222400 0.015200
0.595200 0.222400 0.015200
0.623200 0.222400 0.016000
0.550400 0.223200 0.013600
0.448000 0.224000 0.011200
0.464000 0.224000 0.011200
0.428800 0.224800 0.013600
0.502400 0.224800 0.015200
0.417600 0.225600 0.013600
0.482400 0.225600 0.012800
0.349600 0.226400 0.008800
0.364800 0.226400 0.011200
0.380000 0.226400 0.011200
0.240800 0.227200 0.011200
0.272000 0.227200 0.020800
0.300800 0.227200 0.013600
0.336800 0.227200 0.008800
0.224800 0.228000 0.011200
0.320000 0.228000 0.011200
0.256000 0.228800 0.011200
0.283200 0.228800 0.016800
0.400800 0.228800 0.013600
0.207200 0.229600 0.012000
0.187200 0.230400 0.012800
0.164000 0.232800 0.013600
0.170400 0.235200 0.012800
0.147200 0.236000 0.016800
0.852000 0.240000 0.013600
0.871200 0.240000 0.016800
0.808000 0.241600 0.013600
0.793600 0.242400 0.008800
0.831200 0.242400 0.013600
0.779200 0.243200 0.011200
0.758400 0.244000 0.011200
0.739200 0.244800 0.012000
0.670400 0.245600 0.013600
0.713600 0.245600 0.013600
0.604800 0.246400 0.012800
0.616800 0.246400 0.008800
0.651200 0.246400 0.008800
0.691200 0.246400 0.011200
0.640800 0.247200 0.008800
0.585600 0.248000 0.011200
0.628000 0.248000 0.008800
0.437600 0.248800 0.012800
0.570400 0.248800 0.011200
0.422400 0.249600 0.009600
0.530400 0.249600 0.013600
0.457600 0.250400 0.016800
0.487200 0.250400 0.012800
0.552000 0.250400 0.011200
0.327200 0.251200 0.008800
0.511200 0.251200 0.012800
0.384000 0.252000 0.013600
0.341600 0.252800 0.008800
0.406400 0.252800 0.010400
0.468000 0.252800 0.016800
0.369600 0.253600 0.010400
0.392800 0.253600 0.015200
0.353600 0.254400 0.008800
0.272800 0.256000 0.012000
0.316000 0.256000 0.008800
0.294400 0.256800 0.013600
0.250400 0.257600 0.012000
0.301600 0.257600 0.013600
0.192000 0.258400 0.012800
0.209600 0.258400 0.011200
0.229600 0.258400 0.013600
0.172800 0.260800 0.012800
0.149600 0.263200 0.016800
0.860000 0.264800 0.016800
0.803200 0.265600 0.013600
0.817600 0.265600 0.011200
0.832800 0.265600 0.010400
0.849600 0.265600 0.013600
0.790400 0.266400 0.016800
0.774400 0.268000 0.016800
0.693600 0.270400 0.015200
0.749600 0.270400 0.012000
0.716000 0.271200 0.011200
0.732000 0.272000 0.011200
0.668000 0.272800 0.012800
0.600800 0.273600 0.016800
0.558400 0.274400 0.016800
0.644800 0.274400 0.015200
0.609600 0.275200 0.016800
0.331200 0.276000 0.013600
0.424000 0.276000 0.011200
0.439200 0.276000 0.008800
0.520800 0.276000 0.016000
0.584800 0.276000 0.011200
0.627200 0.276000 0.011200
0.448000 0.276800 0.013600
0.541600 0.276800 0.012800
0.568800 0.276800 0.016800
0.311200 0.277600 0.009600
0.362400 0.277600 0.011200
0.407200 0.277600 0.008800
0.466400 0.277600 0.012800
0.483200 0.277600 0.011200
0.513600 0.277600 0.016800
0.271200 0.278400 0.015200
0.281600 0.278400 0.008800
0.383200 0.278400 0.015200
0.396800 0.278400 0.007200
0.497600 0.278400 0.013600
0.298400 0.279200 0.010400
0.348800 0.279200 0.008800
0.373600 0.279200 0.005600
0.252000 0.280000 0.012800
0.230400 0.280800 0.012000
0.210400 0.281600 0.012800
0.187200 0.283200 0.011200
0.171200 0.284000 0.012000
0.146400 0.288800 0.013600
0.857600 0.291200 0.016800
0.806400 0.292000 0.011200
0.826400 0.292800 0.013600
0.764000 0.295200 0.013600
0.704000 0.296800 0.012800
0.724800 0.296800 0.012000
0.743200 0.296800 0.011200
0.604000 0.297600 0.013600
0.664000 0.297600 0.011200
0.680800 0.297600 0.011200
0.612800 0.298400 0.013600
0.631200 0.298400 0.013600
0.642400 0.298400 0.008800
0.787200 0.298400 0.013600
0.585600 0.299200 0.011200
0.535200 0.300000 0.011200
0.553600 0.300000 0.011200
0.567200 0.300000 0.010400
0.398400 0.300800 0.011200
0.347200 0.301600 0.011200
0.416800 0.301600 0.012800
0.444800 0.301600 0.013600
0.463200 0.301600 0.011200
0.512800 0.301600 0.013600
0.288000 0.302400 0.011200
0.302400 0.302400 0.011200
0.319200 0.302400 0.008800
0.364000 0.302400 0.010400
0.380800 0.302400 0.011200
0.436000 0.302400 0.016000
0.488000 0.302400 0.014400
0.331200 0.303200 0.010400
0.272800 0.304000 0.008800
0.187200 0.306400 0.013600
0.212800 0.306400 0.016000
0.229600 0.307200 0.011200
0.243200 0.307200 0.011200
0.260800 0.307200 0.011200
0.201600 0.308800 0.008000
0.163200 0.309600 0.012800
0.143200 0.312800 0.013600
0.843200 0.317600 0.013600
0.864800 0.317600 0.015200
0.824000 0.319200 0.011200
0.655200 0.320000 0.011200
0.808000 0.320000 0.018400
0.668000 0.321600 0.013600
0.709600 0.321600 0.011200
0.758400 0.321600 0.013600
0.594400 0.322400 0.011200
0.610400 0.322400 0.008800
0.635200 0.322400 0.011200
0.674400 0.322400 0.016800
0.726400 0.322400 0.011200
0.743200 0.322400 0.011200
0.777600 0.322400 0.013600
0.799200 0.322400 0.016800
0.576000 0.323200 0.012800
0.620800 0.323200 0.008800
0.685600 0.323200 0.007200
0.695200 0.323200 0.005600
0.548000 0.324000 0.016000
0.556000 0.325600 0.016000
0.457600 0.326400 0.013600
0.532000 0.326400 0.013600
0.371200 0.327200 0.016800
0.512000 0.327200 0.011200
0.475200 0.328000 0.011200
0.496000 0.328000 0.013600
0.354400 0.328800 0.011200
0.435200 0.328800 0.013600
0.378400 0.329600 0.015200
0.396800 0.329600 0.011200
0.444000 0.329600 0.018400
0.278400 0.330400 0.011200
0.312800 0.330400 0.011200
0.414400 0.330400 0.012800
0.296000 0.331200 0.011200
0.330400 0.331200 0.015200
0.340800 0.331200 0.007200
0.224000 0.332000 0.013600
0.247200 0.332000 0.013600
0.263200 0.332000 0.008800
0.203200 0.333600 0.012800
0.180800 0.334400 0.013600
0.145600 0.335200 0.013600
0.164800 0.336000 0.011200
0.830400 0.344000 0.009600
0.879200 0.344000 0.015200
0.844800 0.344800 0.008800
0.858400 0.344800 0.011200
0.776000 0.345600 0.011200
0.793600 0.345600 0.011200
0.812000 0.345600 0.011200
0.872000 0.345600 0.020800
0.703200 0.346400 0.016800
0.712800 0.346400 0.019200
0.728000 0.346400 0.011200
0.744000 0.346400 0.011200
0.759200 0.346400 0.011200
0.654400 0.347200 0.016800
0.669600 0.347200 0.011200
0.687200 0.347200 0.011200
0.630400 0.348000 0.013600
0.608800 0.348800 0.011200
0.568800 0.350400 0.016800
0.580800 0.350400 0.019200
0.592800 0.351200 0.008800
0.527200 0.352800 0.008800
0.539200 0.353600 0.008800
0.552800 0.353600 0.010400
0.477600 0.354400 0.012000
0.512000 0.354400 0.011200
0.424000 0.355200 0.012000
0.460000 0.355200 0.011200
0.495200 0.355200 0.011200
0.366400 0.356000 0.013600
0.390400 0.356000 0.012800
0.351200 0.356800 0.011200
0.409600 0.356800 0.011200
0.444000 0.356800 0.011200
0.292800 0.357600 0.008800
0.334400 0.357600 0.008800
0.232800 0.358400 0.008800
0.319200 0.358400 0.009600
0.281600 0.359200 0.008800
0.305600 0.359200 0.008800
0.374400 0.359200 0.014400
0.207200 0.360000 0.009600
0.219200 0.360000 0.008800
0.270400 0.360000 0.016800
0.141600 0.360800 0.012800
0.156000 0.360800 0.010400
0.173600 0.360800 0.011200
0.188000 0.360800 0.011200
0.248800 0.360800 0.014400
0.816000 0.367200 0.012800
0.800000 0.369600 0.008800
0.789600 0.370400 0.016800
0.824800 0.370400 0.016800
0.863200 0.370400 0.016800
0.754400 0.371200 0.011200
0.840000 0.371200 0.011200
0.737600 0.372000 0.011200
0.772800 0.372000 0.012800
0.606400 0.376000 0.013600
0.685600 0.376000 0.013600
0.720000 0.376000 0.011200
0.661600 0.376800 0.012800
0.702400 0.376800 0.011200
0.622400 0.377600 0.011200
0.497600 0.379200 0.008800
0.643200 0.379200 0.013600
0.536800 0.380000 0.019200
0.564000 0.380000 0.012800
0.582400 0.380000 0.012800
0.136000 0.380800 0.016800
0.460800 0.380800 0.010400
0.481600 0.380800 0.012000
0.507200 0.380800 0.015200
0.314400 0.381600 0.008800
0.420000 0.381600 0.012000
0.448000 0.381600 0.005600
0.523200 0.381600 0.011200
0.546400 0.381600 0.016000
0.299200 0.382400 0.011200
0.384800 0.382400 0.011200
0.400000 0.382400 0.011200
0.436800 0.382400 0.008800
0.181600 0.383200 0.011200
0.220800 0.383200 0.008800
0.279200 0.383200 0.012000
0.329600 0.383200 0.011200
0.348000 0.383200 0.011200
0.366400 0.383200 0.011200
0.146400 0.384000 0.011200
0.163200 0.384000 0.011200
0.200800 0.384000 0.012800
0.235200 0.384000 0.008800
0.244800 0.384000 0.007200
0.258400 0.384000 0.011200
0.829600 0.397600 0.011200
0.844800 0.398400 0.011200
0.804800 0.399200 0.016800
0.868000 0.399200 0.016800
0.782400 0.400000 0.013600
0.815200 0.400000 0.019200
0.789600 0.401600 0.016000
0.599200 0.402400 0.016800
0.630400 0.402400 0.011200
0.750400 0.402400 0.012800
0.588000 0.403200 0.007200
0.661600 0.403200 0.012800
0.684800 0.403200 0.013600
0.767200 0.403200 0.011200
0.700800 0.404000 0.008800
0.499200 0.404800 0.008800
0.644800 0.404800 0.008800
0.729600 0.404800 0.011200
0.220000 0.405600 0.011200
0.358400 0.405600 0.008800
0.408000 0.405600 0.015200
0.544800 0.405600 0.008800
0.560000 0.405600 0.013600
0.578400 0.405600 0.015200
0.616000 0.405600 0.008800
0.715200 0.405600 0.008800
0.273600 0.406400 0.009600
0.317600 0.406400 0.012800
0.340000 0.406400 0.012000
0.372000 0.406400 0.008800
0.419200 0.406400 0.008000
0.568800 0.406400 0.015200
0.160800 0.407200 0.013600
0.300800 0.407200 0.008800
0.386400 0.407200 0.011200
0.451200 0.407200 0.011200
0.481600 0.407200 0.011200
0.516800 0.407200 0.011200
0.530400 0.407200 0.008800
0.136800 0.408000 0.013600
0.193600 0.408000 0.013600
0.204000 0.408000 0.011200
0.259200 0.408000 0.011200
0.287200 0.408000 0.011200
0.433600 0.408000 0.011200
0.179200 0.408800 0.011200
0.239200 0.408800 0.012800
0.468000 0.408800 0.011200
0.830400 0.425600 0.015200
0.840800 0.426400 0.005600
0.852800 0.426400 0.016000
0.812000 0.427200 0.013600
0.791200 0.428000 0.016800
0.868800 0.428000 0.016800
0.781600 0.428800 0.018400
0.223200 0.429600 0.016000
0.206400 0.430400 0.011200
0.333600 0.430400 0.018400
0.738400 0.430400 0.009600
0.752800 0.430400 0.008800
0.767200 0.430400 0.011200
0.146400 0.431200 0.011200
0.428000 0.431200 0.013600
0.504000 0.431200 0.011200
0.640000 0.431200 0.016800
0.662400 0.431200 0.013600
0.721600 0.431200 0.012800
0.132800 0.432000 0.019200
0.164000 0.432000 0.011200
0.185600 0.432000 0.012000
0.340000 0.432000 0.005600
0.348800 0.432000 0.013600
0.368000 0.432000 0.013600
0.440800 0.432000 0.013600
0.486400 0.432000 0.012000
0.545600 0.432000 0.013600
0.685600 0.432000 0.012800
0.321600 0.432800 0.008000
0.391200 0.432800 0.011200
0.408000 0.432800 0.011200
0.461600 0.432800 0.012800
0.612000 0.432800 0.011200
0.702400 0.432800 0.011200
0.232000 0.433600 0.016000
0.248000 0.433600 0.011200
0.268000 0.433600 0.011200
0.308800 0.433600 0.013600
0.566400 0.433600 0.013600
0.596800 0.433600 0.008800
0.630400 0.433600 0.016800
0.285600 0.434400 0.011200
0.524000 0.434400 0.013600
0.584800 0.434400 0.008800
0.715200 0.453600 0.013600
0.811200 0.454400 0.011200
0.827200 0.454400 0.011200
0.875200 0.454400 0.008800
0.174400 0.455200 0.013600
0.722400 0.455200 0.016000
0.791200 0.455200 0.012800
0.846400 0.455200 0.011200
0.863200 0.455200 0.011200
0.736800 0.456000 0.009600
0.752000 0.456000 0.011200
0.769600 0.456000 0.011200
0.245600 0.456800 0.012800
0.481600 0.456800 0.013600
0.680000 0.456800 0.011200
0.697600 0.456800 0.011200
0.156000 0.457600 0.013600
0.185600 0.457600 0.011200
0.207200 0.457600 0.013600
0.316800 0.457600 0.012800
0.224800 0.458400 0.012800
0.336000 0.458400 0.012000
0.664800 0.458400 0.011200
0.265600 0.459200 0.013600
0.356000 0.459200 0.011200
0.461600 0.459200 0.012000
0.633600 0.459200 0.010400
0.649600 0.459200 0.011200
0.134400 0.460000 0.013600
0.298400 0.460000 0.011200
0.502400 0.460000 0.012800
0.548800 0.460000 0.015200
0.565600 0.460000 0.013600
0.576800 0.460000 0.013600
0.594400 0.460000 0.011200
0.375200 0.460800 0.012800
0.443200 0.460800 0.011200
0.539200 0.460800 0.016000
0.282400 0.461600 0.011200
0.416000 0.461600 0.012800
0.430400 0.461600 0.008800
0.522400 0.461600 0.012000
0.614400 0.461600 0.013600
0.396800 0.462400 0.012800
0.838400 0.480800 0.011200
0.852800 0.480800 0.011200
0.146400 0.481600 0.011200
0.187200 0.481600 0.012800
0.782400 0.481600 0.008800
0.796800 0.481600 0.011200
0.712000 0.482400 0.008800
0.748000 0.482400 0.012800
0.768800 0.482400 0.009600
0.818400 0.482400 0.013600
0.869600 0.482400 0.013600
0.167200 0.483200 0.012800
0.212000 0.483200 0.012800
0.728800 0.483200 0.011200
0.406400 0.484000 0.008800
0.457600 0.484000 0.008800
0.469600 0.484000 0.011200
0.700800 0.484000 0.008800
0.822400 0.484000 0.014400
0.130400 0.484800 0.012000
0.228000 0.484800 0.008800
0.240800 0.484800 0.010400
0.280000 0.484800 0.012800
0.374400 0.484800 0.011200
0.440800 0.484800 0.012000
0.664000 0.484800 0.011200
0.683200 0.484800 0.013600
0.260800 0.485600 0.012800
0.340800 0.485600 0.013600
0.392000 0.485600 0.011200
0.420000 0.485600 0.011200
0.486400 0.485600 0.010400
0.500000 0.485600 0.010400
0.546400 0.485600 0.013600
0.561600 0.485600 0.011200
0.357600 0.486400 0.011200
0.518400 0.486400 0.012800
0.626400 0.486400 0.013600
0.648000 0.486400 0.011200
0.321600 0.487200 0.011200
0.605600 0.487200 0.011200
0.536800 0.488000 0.016800
0.583200 0.488000 0.016800
0.305600 0.488800 0.012800
0.176000 0.504800 0.012800
0.773600 0.504800 0.011200
0.789600 0.504800 0.011200
0.248000 0.505600 0.011200
0.799200 0.505600 0.016000
0.864800 0.505600 0.012800
0.135200 0.506400 0.012800
0.708000 0.506400 0.011200
0.732000 0.506400 0.014400
0.817600 0.506400 0.011200
0.834400 0.506400 0.010400
0.879200 0.506400 0.013600
0.156000 0.507200 0.012800
0.197600 0.507200 0.011200
0.212800 0.507200 0.011200
0.264800 0.507200 0.013600
0.847200 0.507200 0.013600
0.230400 0.508000 0.011200
0.288000 0.508000 0.011200
0.756000 0.508000 0.011200
0.304000 0.508800 0.008800
0.430400 0.509600 0.011200
0.651200 0.509600 0.011200
0.660000 0.509600 0.011200
0.678400 0.509600 0.010400
0.320800 0.510400 0.011200
0.337600 0.510400 0.010400
0.404000 0.510400 0.012800
0.418400 0.510400 0.008800
0.469600 0.510400 0.010400
0.623200 0.510400 0.005600
0.693600 0.510400 0.008800
0.358400 0.511200 0.012000
0.375200 0.511200 0.010400
0.387200 0.511200 0.008800
0.448000 0.511200 0.013600
0.486400 0.511200 0.011200
0.504000 0.511200 0.012000
0.521600 0.511200 0.011200
0.612000 0.511200 0.011200
0.548800 0.512000 0.005600
0.559200 0.512000 0.011200
0.576800 0.512000 0.011200
0.593600 0.512000 0.011200
0.635200 0.512000 0.011200
0.537600 0.512800 0.016000
0.671200 0.531200 0.015200
0.776800 0.531200 0.019200
0.830400 0.531200 0.013600
0.171200 0.532000 0.018400
0.179200 0.532000 0.015200
0.650400 0.532000 0.014400
0.760800 0.532000 0.013600
0.784800 0.532000 0.016800
0.847200 0.532000 0.008800
0.860000 0.532000 0.008800
0.190400 0.532800 0.005600
0.875200 0.532800 0.013600
0.438400 0.533600 0.013600
0.715200 0.533600 0.011200
0.728000 0.533600 0.008800
0.741600 0.533600 0.011200
0.806400 0.533600 0.015200
0.198400 0.534400 0.016800
0.211200 0.534400 0.011200
0.417600 0.534400 0.013600
0.460800 0.534400 0.013600
0.560000 0.534400 0.013600
0.581600 0.534400 0.012800
0.624800 0.534400 0.012800
0.697600 0.534400 0.013600
0.226400 0.535200 0.011200
0.252800 0.535200 0.011200
0.375200 0.535200 0.013600
0.483200 0.535200 0.012800
0.541600 0.535200 0.011200
0.604000 0.535200 0.012800
0.159200 0.536000 0.008800
0.239200 0.536000 0.011200
0.270400 0.536000 0.011200
0.319200 0.536000 0.012000
0.342400 0.536000 0.018400
0.355200 0.536000 0.013600
0.396000 0.536000 0.011200
0.497600 0.536000 0.011200
0.527200 0.536000 0.005600
0.148000 0.536800 0.008800
0.300800 0.536800 0.011200
0.516800 0.536800 0.016000
0.133600 0.537600 0.020000
0.286400 0.537600 0.022400
