0.213600 0.031200 0.019200
0.235200 0.035200 0.011200
0.255200 0.035200 0.013600
0.274400 0.036000 0.011200
0.291200 0.036000 0.026400
0.820800 0.041600 0.013600
0.800800 0.042400 0.027200
0.055200 0.070400 0.016000
0.067200 0.070400 0.004800
0.080800 0.070400 0.012800
0.097600 0.071200 0.008800
0.215200 0.073600 0.017600
0.202400 0.075200 0.008800
0.414400 0.075200 0.019200
0.437600 0.075200 0.019200
0.476000 0.075200 0.013600
0.188000 0.076000 0.011200
0.222400 0.076000 0.022400
0.332000 0.076000 0.016800
0.424800 0.076000 0.018400
0.446400 0.076000 0.016800
0.552000 0.076000 0.019200
0.236000 0.076800 0.008800
0.356800 0.076800 0.012800
0.376800 0.076800 0.012800
0.397600 0.076800 0.013600
0.461600 0.076800 0.008800
0.675200 0.076800 0.013600
0.719200 0.076800 0.021600
0.731200 0.076800 0.021600
0.747200 0.076800 0.008800
0.165600 0.077600 0.013600
0.304000 0.077600 0.016800
0.314400 0.077600 0.011200
0.493600 0.077600 0.011200
0.560000 0.077600 0.019200
0.575200 0.077600 0.011200
0.606400 0.077600 0.008800
0.700000 0.077600 0.013600
0.172800 0.078400 0.019200
0.252000 0.078400 0.011200
0.285600 0.078400 0.008800
0.509600 0.078400 0.011200
0.537600 0.078400 0.008800
0.591200 0.078400 0.011200
0.758400 0.078400 0.008800
0.792800 0.078400 0.008800
0.808000 0.078400 0.011200
0.826400 0.078400 0.013600
0.265600 0.079200 0.016000
0.272800 0.079200 0.016800
0.525600 0.079200 0.008800
0.658400 0.079200 0.011200
0.772800 0.079200 0.013600
0.618400 0.080000 0.011200
0.637600 0.081600 0.014400
0.252000 0.102400 0.012800
0.452800 0.102400 0.016000
0.165600 0.103200 0.015200
0.185600 0.103200 0.011200
0.216000 0.103200 0.011200
0.268800 0.103200 0.005600
0.200000 0.104000 0.008800
0.234400 0.104000 0.011200
0.278400 0.104000 0.008800
0.459200 0.104000 0.012800
0.490400 0.104000 0.016800
0.328000 0.104800 0.013600
0.396800 0.104800 0.014400
0.426400 0.104800 0.020800
0.476000 0.104800 0.010400
0.496800 0.104800 0.016000
0.295200 0.105600 0.011200
0.312000 0.105600 0.011200
0.348000 0.105600 0.013600
0.376800 0.105600 0.016800
0.389600 0.105600 0.013600
0.441600 0.105600 0.021600
0.371200 0.106400 0.012800
0.413600 0.106400 0.013600
0.511200 0.106400 0.008800
0.714400 0.106400 0.016800
0.727200 0.106400 0.008800
0.750400 0.106400 0.008800
0.828000 0.106400 0.016800
0.526400 0.107200 0.011200
0.543200 0.107200 0.011200
0.560000 0.107200 0.008800
0.574400 0.107200 0.010400
0.592000 0.107200 0.013600
0.613600 0.107200 0.011200
0.684000 0.107200 0.018400
0.736800 0.107200 0.016800
0.783200 0.107200 0.012800
0.658400 0.108000 0.005600
0.668800 0.108000 0.016000
0.694400 0.108000 0.018400
0.766400 0.108000 0.011200
0.800800 0.108000 0.008800
0.811200 0.108000 0.008800
0.631200 0.108800 0.012000
0.648800 0.108800 0.008800
0.070400 0.120800 0.031200
0.164000 0.130400 0.013600
0.355200 0.130400 0.007200
0.324800 0.131200 0.016000
0.215200 0.132000 0.011200
0.231200 0.132000 0.013600
0.334400 0.132000 0.008800
0.364800 0.132000 0.015200
0.272800 0.132800 0.011200
0.306400 0.132800 0.011200
0.345600 0.132800 0.015200
0.381600 0.132800 0.011200
0.416000 0.132800 0.012800
0.433600 0.132800 0.011200
0.452800 0.132800 0.012000
0.477600 0.132800 0.013600
0.596000 0.132800 0.005600
0.604000 0.132800 0.013600
0.673600 0.132800 0.016000
0.751200 0.132800 0.008000
0.181600 0.133600 0.011200
0.198400 0.133600 0.011200
0.256800 0.133600 0.012800
0.288800 0.133600 0.011200
0.396800 0.133600 0.011200
0.527200 0.133600 0.008800
0.684800 0.133600 0.005600
0.512800 0.134400 0.011200
0.580000 0.134400 0.013600
0.626400 0.134400 0.015200
0.655200 0.134400 0.013600
0.709600 0.134400 0.008800
0.760800 0.134400 0.016000
0.811200 0.134400 0.011200
0.840800 0.134400 0.011200
0.495200 0.135200 0.011200
0.542400 0.135200 0.011200
0.643200 0.135200 0.011200
0.696000 0.135200 0.008800
0.739200 0.135200 0.008800
0.828000 0.135200 0.011200
0.560000 0.136000 0.013600
0.777600 0.136000 0.011200
0.793600 0.136000 0.010400
0.723200 0.136800 0.011200
0.160800 0.157600 0.016000
0.168000 0.158400 0.016800
0.370400 0.159200 0.011200
0.243200 0.160000 0.013600
0.523200 0.160000 0.016800
0.188800 0.160800 0.013600
0.206400 0.160800 0.011200
0.264800 0.160800 0.013600
0.284800 0.160800 0.012800
0.332000 0.160800 0.007200
0.385600 0.160800 0.011200
0.400000 0.160800 0.008800
0.532000 0.160800 0.016800
0.796000 0.160800 0.009600
0.811200 0.160800 0.009600
0.842400 0.160800 0.013600
0.302400 0.161600 0.011200
0.433600 0.161600 0.011200
0.476000 0.161600 0.012800
0.508800 0.161600 0.008800
0.544800 0.161600 0.008800
0.571200 0.161600 0.011200
0.589600 0.161600 0.011200
0.600000 0.161600 0.013600
0.633600 0.161600 0.012800
0.780000 0.161600 0.011200
0.825600 0.161600 0.010400
0.319200 0.162400 0.011200
0.342400 0.162400 0.008800
0.356000 0.162400 0.008800
0.456800 0.162400 0.015200
0.493600 0.162400 0.011200
0.556000 0.162400 0.011200
0.616000 0.162400 0.011200
0.720000 0.162400 0.011200
0.763200 0.162400 0.011200
0.221600 0.163200 0.011200
0.410400 0.163200 0.008800
0.420800 0.163200 0.007200
0.672000 0.163200 0.011200
0.687200 0.163200 0.011200
0.703200 0.163200 0.011200
0.736800 0.163200 0.009600
0.748000 0.163200 0.005600
0.654400 0.164800 0.012800
0.200000 0.185600 0.016800
0.179200 0.186400 0.013600
0.209600 0.187200 0.016800
0.161600 0.188000 0.013600
0.227200 0.188800 0.011200
0.822400 0.188800 0.013600
0.245600 0.189600 0.011200
0.264000 0.189600 0.012800
0.284800 0.189600 0.011200
0.583200 0.189600 0.013600
0.660000 0.189600 0.012800
0.301600 0.190400 0.011200
0.325600 0.190400 0.005600
0.336000 0.190400 0.008800
0.388000 0.190400 0.008800
0.604000 0.190400 0.013600
0.624800 0.190400 0.013600
0.644000 0.190400 0.013600
0.675200 0.190400 0.005600
0.316800 0.191200 0.008800
0.355200 0.191200 0.013600
0.375200 0.191200 0.011200
0.402400 0.191200 0.010400
0.445600 0.191200 0.016000
0.472000 0.191200 0.011200
0.666400 0.191200 0.014400
0.708800 0.191200 0.008800
0.737600 0.191200 0.011200
0.751200 0.191200 0.011200
0.422400 0.192000 0.013600
0.544000 0.192000 0.011200
0.561600 0.192000 0.012800
0.695200 0.192000 0.016800
0.771200 0.192000 0.015200
0.841600 0.192000 0.016800
0.490400 0.192800 0.011200
0.527200 0.192800 0.011200
0.687200 0.192800 0.015200
0.720800 0.192800 0.011200
0.796800 0.192800 0.016000
0.508000 0.193600 0.011200
0.265600 0.213600 0.012000
0.302400 0.214400 0.011200
0.162400 0.215200 0.016000
0.248000 0.215200 0.016800
0.284800 0.215200 0.011200
0.180000 0.216000 0.011200
0.360800 0.216000 0.011200
0.373600 0.216000 0.010400
0.605600 0.216000 0.011200
0.807200 0.216000 0.013600
0.200000 0.216800 0.013600
0.240000 0.216800 0.016000
0.319200 0.216800 0.011200
0.344000 0.216800 0.007200
0.389600 0.216800 0.010400
0.417600 0.216800 0.008800
0.510400 0.216800 0.011200
0.615200 0.216800 0.016800
0.652000 0.216800 0.013600
0.750400 0.216800 0.011200
0.813600 0.216800 0.013600
0.332800 0.217600 0.008800
0.404800 0.217600 0.011200
0.436800 0.217600 0.012800
0.454400 0.217600 0.011200
0.493600 0.217600 0.009600
0.572000 0.217600 0.013600
0.696800 0.217600 0.008000
0.710400 0.217600 0.011200
0.764000 0.217600 0.008800
0.481600 0.218400 0.005600
0.530400 0.218400 0.012000
0.547200 0.218400 0.008800
0.558400 0.218400 0.005600
0.592000 0.218400 0.008800
0.634400 0.218400 0.013600
0.728000 0.218400 0.013600
0.777600 0.218400 0.008800
0.790400 0.218400 0.008800
0.220800 0.219200 0.011200
0.470400 0.219200 0.008800
0.684800 0.219200 0.009600
0.670400 0.220000 0.011200
0.830400 0.220000 0.013600
0.199200 0.241600 0.011200
0.255200 0.241600 0.008800
0.344800 0.241600 0.011200
0.739200 0.241600 0.012000
0.773600 0.241600 0.012800
0.795200 0.241600 0.011200
0.826400 0.241600 0.016800
0.158400 0.242400 0.016800
0.174400 0.242400 0.013600
0.214400 0.242400 0.008800
0.227200 0.242400 0.008800
0.242400 0.242400 0.008800
0.271200 0.242400 0.011200
0.306400 0.242400 0.011200
0.324000 0.242400 0.013600
0.596800 0.242400 0.013600
0.643200 0.242400 0.008800
0.656000 0.242400 0.011200
0.675200 0.242400 0.010400
0.695200 0.242400 0.012800
0.712800 0.242400 0.008800
0.723200 0.242400 0.011200
0.808000 0.242400 0.011200
0.292000 0.243200 0.011200
0.357600 0.243200 0.007200
0.370400 0.243200 0.009600
0.439200 0.243200 0.011200
0.579200 0.243200 0.012000
0.757600 0.243200 0.010400
0.386400 0.244000 0.013600
0.396000 0.244000 0.008800
0.615200 0.244000 0.008800
0.625600 0.244000 0.008800
0.834400 0.244000 0.016800
0.408000 0.244800 0.008800
0.421600 0.244800 0.008800
0.514400 0.244800 0.012800
0.544800 0.244800 0.016800
0.456800 0.245600 0.011200
0.468000 0.245600 0.011200
0.499200 0.245600 0.008800
0.533600 0.245600 0.008800
0.562400 0.245600 0.013600
0.485600 0.247200 0.011200
0.264000 0.266400 0.016800
0.672800 0.266400 0.017600
0.759200 0.266400 0.015200
0.218400 0.267200 0.013600
0.796800 0.267200 0.012800
0.236800 0.268000 0.013600
0.616000 0.268000 0.011200
0.683200 0.268000 0.008800
0.722400 0.268000 0.012000
0.739200 0.268000 0.013600
0.748000 0.268000 0.005600
0.777600 0.268000 0.013600
0.393600 0.268800 0.011200
0.559200 0.268800 0.012800
0.701600 0.268800 0.012800
0.176000 0.269600 0.013600
0.197600 0.269600 0.012000
0.279200 0.269600 0.011200
0.348800 0.269600 0.019200
0.368800 0.269600 0.016800
0.374400 0.269600 0.016800
0.520000 0.269600 0.011200
0.580800 0.269600 0.013600
0.601600 0.269600 0.010400
0.656800 0.269600 0.011200
0.816000 0.269600 0.011200
0.292000 0.270400 0.007200
0.303200 0.270400 0.008800
0.336800 0.270400 0.013600
0.442400 0.270400 0.013600
0.488000 0.270400 0.012800
0.650400 0.270400 0.013600
0.836800 0.270400 0.012800
0.157600 0.271200 0.013600
0.318400 0.271200 0.011200
0.408000 0.271200 0.008800
0.539200 0.271200 0.011200
0.464000 0.272000 0.015200
0.505600 0.272000 0.008800
0.635200 0.272000 0.013600
0.424000 0.273600 0.011200
0.802400 0.294400 0.008800
0.833600 0.294400 0.016000
0.528800 0.295200 0.016000
0.812000 0.295200 0.016800
0.241600 0.296000 0.011200
0.292000 0.296000 0.016800
0.555200 0.296000 0.012800
0.787200 0.296000 0.013600
0.278400 0.296800 0.008800
0.483200 0.296800 0.016800
0.536800 0.296800 0.014400
0.588800 0.296800 0.011200
0.344000 0.297600 0.013600
0.462400 0.297600 0.013600
0.492800 0.297600 0.016800
0.509600 0.297600 0.013600
0.572800 0.297600 0.008800
0.604800 0.297600 0.011200
0.641600 0.297600 0.012800
0.764800 0.297600 0.015200
0.194400 0.298400 0.014400
0.202400 0.298400 0.015200
0.212800 0.298400 0.008800
0.225600 0.298400 0.011200
0.257600 0.298400 0.016000
0.328800 0.298400 0.008800
0.388000 0.298400 0.008800
0.436800 0.298400 0.015200
0.621600 0.298400 0.011200
0.743200 0.298400 0.018400
0.752800 0.298400 0.016800
0.268000 0.299200 0.007200
0.364000 0.299200 0.008800
0.375200 0.299200 0.008000
0.404800 0.299200 0.011200
0.184800 0.300000 0.004000
0.315200 0.300000 0.011200
0.420000 0.300000 0.010400
0.693600 0.300000 0.011200
0.716800 0.300000 0.016800
0.160800 0.300800 0.013600
0.679200 0.300800 0.011200
0.708800 0.300800 0.016800
0.730400 0.300800 0.008800
0.176000 0.301600 0.013600
0.663200 0.301600 0.011200
0.364800 0.323200 0.008800
0.590400 0.323200 0.011200
0.460000 0.324000 0.012000
0.476000 0.324000 0.008800
0.556800 0.324000 0.011200
0.573600 0.324000 0.011200
0.625600 0.324000 0.008800
0.640000 0.324000 0.011200
0.763200 0.324000 0.012800
0.843200 0.324000 0.016800
0.350400 0.324800 0.011200
0.373600 0.324800 0.016000
0.388800 0.324800 0.011200
0.408800 0.324800 0.011200
0.422400 0.324800 0.005600
0.526400 0.324800 0.011200
0.542400 0.324800 0.008800
0.608000 0.324800 0.013600
0.616800 0.324800 0.016000
0.785600 0.324800 0.011200
0.803200 0.324800 0.011200
0.158400 0.325600 0.014400
0.220800 0.325600 0.012800
0.244000 0.325600 0.013600
0.264000 0.325600 0.012800
0.315200 0.325600 0.012800
0.436800 0.325600 0.013600
0.509600 0.325600 0.012800
0.690400 0.325600 0.013600
0.704800 0.325600 0.013600
0.724000 0.325600 0.008800
0.736800 0.325600 0.008800
0.748000 0.325600 0.008800
0.284000 0.326400 0.011200
0.296800 0.326400 0.008800
0.332800 0.326400 0.011200
0.489600 0.326400 0.011200
0.648800 0.326400 0.016800
0.665600 0.326400 0.011200
0.682400 0.326400 0.013600
0.820000 0.326400 0.013600
0.180800 0.328000 0.013600
0.201600 0.328000 0.011200
0.392800 0.348000 0.016800
0.401600 0.348000 0.015200
0.684000 0.348800 0.012800
0.343200 0.349600 0.010400
0.545600 0.349600 0.014400
0.644000 0.349600 0.011200
0.740000 0.349600 0.015200
0.358400 0.350400 0.011200
0.420800 0.350400 0.012800
0.520800 0.350400 0.013600
0.626400 0.350400 0.011200
0.654400 0.350400 0.005600
0.667200 0.350400 0.010400
0.702400 0.350400 0.008800
0.763200 0.350400 0.015200
0.300800 0.351200 0.015200
0.377600 0.351200 0.011200
0.436800 0.351200 0.008800
0.504000 0.351200 0.011200
0.604000 0.351200 0.014400
0.715200 0.351200 0.016800
0.788000 0.351200 0.013600
0.849600 0.351200 0.015200
0.208000 0.352000 0.011200
0.309600 0.352000 0.016000
0.447200 0.352000 0.011200
0.463200 0.352000 0.011200
0.484000 0.352000 0.013600
0.527200 0.352000 0.013600
0.566400 0.352000 0.011200
0.580000 0.352000 0.011200
0.282400 0.352800 0.012800
0.326400 0.352800 0.011200
0.804000 0.352800 0.011200
0.221600 0.353600 0.008800
0.841600 0.353600 0.016000
0.233600 0.354400 0.007200
0.245600 0.354400 0.008800
0.260800 0.354400 0.011200
0.822400 0.354400 0.013600
0.191200 0.355200 0.011200
0.153600 0.356800 0.015200
0.164000 0.356800 0.005600
0.174400 0.357600 0.015200
0.684000 0.375200 0.012800
0.572800 0.376000 0.016000
0.450400 0.376800 0.011200
0.649600 0.376800 0.013600
0.664800 0.376800 0.011200
0.468000 0.377600 0.011200
0.518400 0.377600 0.011200
0.581600 0.377600 0.016000
0.724800 0.377600 0.014400
0.317600 0.378400 0.011200
0.365600 0.378400 0.012800
0.486400 0.378400 0.011200
0.501600 0.378400 0.011200
0.600800 0.378400 0.012800
0.622400 0.378400 0.015200
0.703200 0.378400 0.011200
0.786400 0.378400 0.015200
0.436800 0.379200 0.008800
0.532800 0.379200 0.008800
0.551200 0.379200 0.013600
0.748800 0.379200 0.011200
0.765600 0.379200 0.011200
0.280800 0.380000 0.012000
0.299200 0.380000 0.013600
0.334400 0.380000 0.011200
0.348800 0.380000 0.008800
0.401600 0.380000 0.011200
0.416000 0.380000 0.016800
0.809600 0.380000 0.013600
0.263200 0.380800 0.011200
0.385600 0.380800 0.011200
0.831200 0.380800 0.011200
0.846400 0.380800 0.021600
0.194400 0.381600 0.008800
0.152800 0.382400 0.016800
0.160800 0.382400 0.016800
0.205600 0.382400 0.008800
0.220000 0.382400 0.009600
0.233600 0.382400 0.008800
0.178400 0.383200 0.011200
0.245600 0.383200 0.011200
0.628000 0.400800 0.011200
0.644800 0.401600 0.012800
0.574400 0.402400 0.013600
0.582400 0.403200 0.016800
0.594400 0.403200 0.008800
0.614400 0.403200 0.013600
0.680000 0.403200 0.012800
0.720000 0.403200 0.013600
0.487200 0.404000 0.014400
0.495200 0.404000 0.016800
0.561600 0.404000 0.010400
0.699200 0.404000 0.012800
0.509600 0.404800 0.011200
0.540000 0.404800 0.012800
0.661600 0.404800 0.011200
0.468000 0.405600 0.011200
0.525600 0.405600 0.011200
0.306400 0.406400 0.016800
0.329600 0.406400 0.012800
0.350400 0.406400 0.011200
0.740800 0.406400 0.011200
0.756000 0.406400 0.011200
0.226400 0.407200 0.008800
0.277600 0.407200 0.011200
0.367200 0.407200 0.011200
0.384000 0.407200 0.010400
0.425600 0.407200 0.013600
0.778400 0.407200 0.013600
0.800000 0.407200 0.013600
0.210400 0.408000 0.010400
0.258400 0.408000 0.012800
0.292000 0.408000 0.008800
0.314400 0.408000 0.016000
0.404000 0.408000 0.012800
0.436800 0.408000 0.005600
0.451200 0.408000 0.011200
0.821600 0.408000 0.011200
0.837600 0.408000 0.012800
0.239200 0.408800 0.011200
0.153600 0.410400 0.016800
0.199200 0.410400 0.016800
0.165600 0.411200 0.008800
0.179200 0.411200 0.011200
0.587200 0.428800 0.013600
0.608000 0.428800 0.013600
0.497600 0.430400 0.008800
0.772800 0.430400 0.012800
0.814400 0.430400 0.011200
0.828800 0.430400 0.011200
0.842400 0.430400 0.008800
0.507200 0.431200 0.018400
0.568000 0.431200 0.012800
0.629600 0.431200 0.015200
0.652000 0.431200 0.011200
0.852800 0.431200 0.016800
0.483200 0.432000 0.011200
0.520800 0.432000 0.008800
0.531200 0.432000 0.005600
0.671200 0.432000 0.013600
0.694400 0.432000 0.013600
0.735200 0.432000 0.012800
0.755200 0.432000 0.011200
0.337600 0.432800 0.012800
0.548000 0.432800 0.012800
0.376000 0.433600 0.011200
0.389600 0.433600 0.008800
0.406400 0.433600 0.012800
0.437600 0.433600 0.008800
0.452000 0.433600 0.009600
0.715200 0.433600 0.013600
0.796800 0.433600 0.012800
0.217600 0.434400 0.011200
0.356800 0.434400 0.011200
0.424800 0.434400 0.011200
0.467200 0.434400 0.011200
0.312800 0.435200 0.014400
0.154400 0.436000 0.016800
0.271200 0.436000 0.012000
0.187200 0.436800 0.013600
0.253600 0.436800 0.008800
0.288800 0.436800 0.011200
0.169600 0.437600 0.011200
0.205600 0.437600 0.008800
0.239200 0.438400 0.013600
0.760800 0.455200 0.013600
0.809600 0.455200 0.011200
0.601600 0.456000 0.012800
0.792800 0.456000 0.008800
0.827200 0.456000 0.010400
0.842400 0.456000 0.008800
0.853600 0.456000 0.005600
0.861600 0.456000 0.016000
0.872000 0.456000 0.016000
0.548800 0.456800 0.015200
0.779200 0.456800 0.010400
0.443200 0.457600 0.013600
0.584000 0.457600 0.008800
0.636800 0.457600 0.012800
0.706400 0.457600 0.011200
0.558400 0.458400 0.019200
0.572800 0.458400 0.008800
0.321600 0.459200 0.013600
0.488000 0.459200 0.012800
0.505600 0.459200 0.013600
0.525600 0.459200 0.013600
0.619200 0.459200 0.011200
0.663200 0.459200 0.015200
0.685600 0.459200 0.012800
0.724800 0.459200 0.010400
0.740000 0.459200 0.013600
0.344000 0.460000 0.013600
0.364000 0.460000 0.011200
0.378400 0.460000 0.008800
0.400800 0.460000 0.013600
0.467200 0.460000 0.013600
0.424000 0.460800 0.012000
0.301600 0.461600 0.011200
0.409600 0.461600 0.005600
0.282400 0.462400 0.012800
0.388000 0.462400 0.008800
0.169600 0.464000 0.018400
0.208000 0.464000 0.008800
0.225600 0.464000 0.011200
0.240800 0.464000 0.011200
0.260000 0.464000 0.012800
0.183200 0.464800 0.007200
0.196800 0.464800 0.008800
0.156800 0.465600 0.019200
0.855200 0.482400 0.008800
0.867200 0.482400 0.017600
0.546400 0.483200 0.005600
0.776000 0.483200 0.013600
0.591200 0.484000 0.013600
0.649600 0.484000 0.011200
0.756800 0.484000 0.011200
0.844000 0.484000 0.008000
0.383200 0.484800 0.012800
0.403200 0.484800 0.013600
0.424800 0.484800 0.011200
0.436000 0.484800 0.005600
0.664000 0.484800 0.008800
0.741600 0.484800 0.011200
0.815200 0.484800 0.010400
0.831200 0.484800 0.010400
0.325600 0.485600 0.011200
0.363200 0.485600 0.011200
0.445600 0.485600 0.007200
0.638400 0.485600 0.005600
0.675200 0.485600 0.007200
0.704800 0.485600 0.011200
0.724000 0.485600 0.012800
0.798400 0.485600 0.011200
0.239200 0.486400 0.011200
0.303200 0.486400 0.015200
0.459200 0.486400 0.010400
0.555200 0.486400 0.016800
0.580000 0.486400 0.005600
0.608800 0.486400 0.011200
0.688000 0.486400 0.009600
0.342400 0.487200 0.011200
0.409600 0.487200 0.015200
0.475200 0.487200 0.011200
0.492800 0.487200 0.012800
0.514400 0.487200 0.011200
0.629600 0.487200 0.013600
0.195200 0.488000 0.013600
0.214400 0.488000 0.011200
0.225600 0.488000 0.005600
0.532800 0.488000 0.011200
0.257600 0.488800 0.011200
0.276000 0.488800 0.011200
0.569600 0.488800 0.008800
0.152800 0.489600 0.011200
0.169600 0.490400 0.011200
0.851200 0.507200 0.016000
0.588000 0.508000 0.012800
0.372000 0.508800 0.011200
0.608000 0.508800 0.013600
0.685600 0.508800 0.013600
0.791200 0.508800 0.008800
0.812000 0.508800 0.013600
0.560000 0.509600 0.016800
0.748800 0.509600 0.011200
0.765600 0.509600 0.011200
0.780000 0.509600 0.008000
0.830400 0.509600 0.012000
0.352800 0.510400 0.012800
0.388800 0.510400 0.010400
0.548800 0.510400 0.007200
0.637600 0.510400 0.016800
0.660000 0.510400 0.014400
0.700000 0.510400 0.008800
0.714400 0.510400 0.011200
0.731200 0.510400 0.011200
0.222400 0.512000 0.008800
0.294400 0.512000 0.012800
0.429600 0.512000 0.013600
0.444800 0.512000 0.008800
0.474400 0.512000 0.011200
0.536000 0.512000 0.009600
0.212800 0.512800 0.008800
0.332000 0.512800 0.014400
0.405600 0.512800 0.011200
0.420000 0.512800 0.008800
0.457600 0.512800 0.011200
0.505600 0.512800 0.010400
0.520000 0.512800 0.011200
0.311200 0.513600 0.011200
0.183200 0.514400 0.011200
0.199200 0.514400 0.010400
0.235200 0.514400 0.008800
0.248000 0.514400 0.008800
0.267200 0.514400 0.016800
0.489600 0.514400 0.011200
0.149600 0.515200 0.023200
0.165600 0.515200 0.011200
0.273600 0.516000 0.018400
0.904000 0.519200 0.031200
