0.228800 0.042400 0.013600
0.181600 0.043200 0.022400
0.206400 0.044000 0.013600
0.246400 0.044000 0.011200
0.263200 0.044000 0.026400
0.804000 0.049600 0.011200
0.818400 0.049600 0.024000
0.208000 0.086400 0.011200
0.288000 0.086400 0.005600
0.241600 0.087200 0.016800
0.296000 0.087200 0.005600
0.225600 0.088000 0.011200
0.190400 0.088800 0.011200
0.250400 0.088800 0.007200
0.262400 0.088800 0.008800
0.277600 0.088800 0.011200
0.320000 0.088800 0.008800
0.347200 0.088800 0.012000
0.573600 0.088800 0.013600
0.730400 0.088800 0.013600
0.305600 0.089600 0.008800
0.331200 0.089600 0.007200
0.518400 0.089600 0.013600
0.537600 0.089600 0.013600
0.593600 0.089600 0.011200
0.620000 0.089600 0.011200
0.638400 0.089600 0.011200
0.656000 0.089600 0.013600
0.687200 0.089600 0.011200
0.776800 0.089600 0.016800
0.156800 0.090400 0.022400
0.172800 0.090400 0.011200
0.606400 0.090400 0.007200
0.699200 0.090400 0.008800
0.796000 0.090400 0.013600
0.364800 0.091200 0.011200
0.715200 0.091200 0.011200
0.750400 0.091200 0.011200
0.763200 0.091200 0.011200
0.837600 0.091200 0.016800
0.443200 0.092000 0.011200
0.498400 0.092000 0.012800
0.813600 0.092000 0.013600
0.380800 0.092800 0.011200
0.400000 0.092800 0.013600
0.421600 0.092800 0.013600
0.457600 0.092800 0.011200
0.476000 0.092800 0.013600
0.555200 0.092800 0.011200
0.671200 0.092800 0.008800
0.591200 0.118400 0.016800
0.693600 0.118400 0.018400
0.739200 0.118400 0.011200
0.599200 0.119200 0.015200
0.656800 0.119200 0.013600
0.618400 0.120000 0.012800
0.638400 0.120000 0.011200
0.703200 0.120000 0.019200
0.790400 0.120000 0.012800
0.172800 0.120800 0.011200
0.249600 0.120800 0.011200
0.267200 0.120800 0.011200
0.487200 0.120800 0.016800
0.513600 0.120800 0.011200
0.674400 0.120800 0.013600
0.720800 0.120800 0.012800
0.756800 0.120800 0.011200
0.283200 0.121600 0.011200
0.303200 0.121600 0.011200
0.320800 0.121600 0.013600
0.443200 0.121600 0.013600
0.569600 0.121600 0.008800
0.580000 0.121600 0.005600
0.772800 0.121600 0.011200
0.828800 0.121600 0.011200
0.156800 0.122400 0.013600
0.188800 0.122400 0.011200
0.205600 0.122400 0.011200
0.232800 0.122400 0.011200
0.464800 0.122400 0.013600
0.544800 0.122400 0.016800
0.555200 0.122400 0.008800
0.809600 0.122400 0.012000
0.844800 0.122400 0.013600
0.219200 0.123200 0.008800
0.339200 0.123200 0.011200
0.381600 0.123200 0.016800
0.424000 0.123200 0.012800
0.358400 0.124000 0.015200
0.405600 0.124000 0.011200
0.528800 0.124000 0.011200
0.750400 0.148000 0.013600
0.664000 0.148800 0.013600
0.731200 0.148800 0.012800
0.222400 0.149600 0.015200
0.297600 0.149600 0.011200
0.582400 0.149600 0.008800
0.597600 0.149600 0.013600
0.617600 0.149600 0.011200
0.630400 0.149600 0.007200
0.643200 0.149600 0.013600
0.796000 0.149600 0.012800
0.243200 0.150400 0.013600
0.280800 0.150400 0.013600
0.444000 0.150400 0.012800
0.526400 0.150400 0.011200
0.537600 0.150400 0.018400
0.550400 0.150400 0.015200
0.557600 0.150400 0.016800
0.712000 0.150400 0.013600
0.776800 0.150400 0.013600
0.199200 0.151200 0.012000
0.261600 0.151200 0.011200
0.316000 0.151200 0.008800
0.382400 0.151200 0.012800
0.404000 0.151200 0.014400
0.569600 0.151200 0.008800
0.688800 0.151200 0.015200
0.816000 0.151200 0.012000
0.328000 0.152000 0.009600
0.424800 0.152000 0.011200
0.464800 0.152000 0.012800
0.484000 0.152000 0.011200
0.512800 0.152000 0.008800
0.155200 0.152800 0.020800
0.500000 0.152800 0.011200
0.834400 0.152800 0.011200
0.168800 0.153600 0.008800
0.183200 0.153600 0.008800
0.344000 0.153600 0.012800
0.852000 0.153600 0.013600
0.364000 0.155200 0.011200
0.537600 0.176800 0.013600
0.624000 0.176800 0.013600
0.661600 0.176800 0.011200
0.762400 0.176800 0.012000
0.782400 0.176800 0.013600
0.407200 0.177600 0.012800
0.445600 0.177600 0.013600
0.563200 0.177600 0.011200
0.577600 0.177600 0.008800
0.588000 0.177600 0.008800
0.604000 0.177600 0.011200
0.644800 0.177600 0.011200
0.678400 0.177600 0.011200
0.742400 0.177600 0.012800
0.698400 0.178400 0.013600
0.720000 0.178400 0.012800
0.822400 0.178400 0.012000
0.844000 0.178400 0.014400
0.212000 0.179200 0.014400
0.427200 0.179200 0.011200
0.463200 0.179200 0.011200
0.550400 0.179200 0.008800
0.233600 0.180000 0.013600
0.480800 0.180000 0.012800
0.503200 0.180000 0.012000
0.520800 0.180000 0.011200
0.803200 0.180000 0.012800
0.269600 0.180800 0.011200
0.292000 0.180800 0.015200
0.389600 0.180800 0.011200
0.189600 0.181600 0.012000
0.253600 0.181600 0.011200
0.351200 0.181600 0.011200
0.369600 0.181600 0.012000
0.333600 0.182400 0.013600
0.310400 0.183200 0.013600
0.172800 0.185600 0.011200
0.156000 0.186400 0.013600
0.744000 0.203200 0.008800
0.632800 0.204000 0.013600
0.652800 0.204000 0.015200
0.756000 0.204000 0.011200
0.690400 0.204800 0.011200
0.706400 0.204800 0.011200
0.801600 0.204800 0.011200
0.599200 0.205600 0.009600
0.613600 0.205600 0.008800
0.662400 0.205600 0.007200
0.676000 0.205600 0.011200
0.728800 0.205600 0.015200
0.772000 0.205600 0.011200
0.784000 0.205600 0.008800
0.816800 0.205600 0.008800
0.456000 0.206400 0.011200
0.471200 0.206400 0.011200
0.491200 0.206400 0.013600
0.508800 0.206400 0.012800
0.564800 0.206400 0.015200
0.526400 0.207200 0.011200
0.583200 0.207200 0.011200
0.835200 0.207200 0.015200
0.317600 0.208000 0.005600
0.370400 0.208000 0.005600
0.438400 0.208000 0.013600
0.539200 0.208000 0.013600
0.358400 0.208800 0.011200
0.420800 0.208800 0.008800
0.207200 0.209600 0.008800
0.308000 0.209600 0.013600
0.326400 0.209600 0.013600
0.380000 0.209600 0.008800
0.393600 0.209600 0.011200
0.408800 0.209600 0.008800
0.248800 0.210400 0.012800
0.300800 0.210400 0.013600
0.342400 0.210400 0.011200
0.191200 0.211200 0.011200
0.232000 0.211200 0.011200
0.275200 0.211200 0.016800
0.288800 0.211200 0.008800
0.217600 0.212000 0.008800
0.175200 0.213600 0.011200
0.159200 0.214400 0.012800
0.643200 0.232000 0.011200
0.604000 0.232800 0.016800
0.610400 0.233600 0.016800
0.788000 0.233600 0.013600
0.372800 0.234400 0.015200
0.843200 0.234400 0.013600
0.589600 0.235200 0.011200
0.626400 0.235200 0.011200
0.689600 0.235200 0.012000
0.805600 0.235200 0.011200
0.824800 0.235200 0.011200
0.400000 0.236000 0.015200
0.568800 0.236000 0.012800
0.660000 0.236000 0.011200
0.676000 0.236000 0.011200
0.696000 0.236000 0.015200
0.705600 0.236000 0.007200
0.718400 0.236000 0.011200
0.740800 0.236000 0.015200
0.764800 0.236000 0.015200
0.461600 0.236800 0.013600
0.481600 0.236800 0.008800
0.542400 0.236800 0.015200
0.312800 0.237600 0.015200
0.352000 0.237600 0.012800
0.422400 0.237600 0.011200
0.440800 0.237600 0.012800
0.524000 0.237600 0.011200
0.334400 0.238400 0.011200
0.492800 0.238400 0.011200
0.508800 0.238400 0.011200
0.257600 0.239200 0.008800
0.275200 0.240000 0.011200
0.292000 0.240000 0.011200
0.229600 0.240800 0.011200
0.244800 0.240800 0.008800
0.160000 0.241600 0.013600
0.212000 0.241600 0.012800
0.177600 0.242400 0.011200
0.192800 0.242400 0.011200
0.801600 0.258400 0.012800
0.824000 0.259200 0.013600
0.842400 0.259200 0.012800
0.534400 0.260000 0.012800
0.567200 0.261600 0.011200
0.584800 0.261600 0.012800
0.724000 0.261600 0.013600
0.783200 0.261600 0.011200
0.551200 0.262400 0.011200
0.494400 0.263200 0.011200
0.512800 0.263200 0.012800
0.747200 0.263200 0.013600
0.765600 0.263200 0.011200
0.389600 0.264000 0.016800
0.442400 0.264000 0.012800
0.461600 0.264000 0.011200
0.476800 0.264000 0.011200
0.620000 0.264000 0.011200
0.639200 0.264000 0.011200
0.686400 0.264000 0.011200
0.704000 0.264000 0.011200
0.321600 0.264800 0.012000
0.362400 0.264800 0.013600
0.423200 0.264800 0.011200
0.604000 0.264800 0.011200
0.653600 0.264800 0.011200
0.340800 0.265600 0.011200
0.380800 0.265600 0.015200
0.407200 0.265600 0.012800
0.670400 0.265600 0.011200
0.306400 0.266400 0.008800
0.296000 0.267200 0.015200
0.232800 0.268000 0.016800
0.258400 0.268000 0.011200
0.278400 0.268000 0.012800
0.158400 0.268800 0.017600
0.215200 0.268800 0.011200
0.241600 0.268800 0.016800
0.169600 0.269600 0.008800
0.199200 0.269600 0.011200
0.182400 0.270400 0.008800
0.832000 0.288800 0.017600
0.396800 0.290400 0.012800
0.452800 0.290400 0.013600
0.708800 0.290400 0.012800
0.753600 0.290400 0.015200
0.776800 0.290400 0.016800
0.672800 0.291200 0.011200
0.804000 0.291200 0.013600
0.371200 0.292000 0.016800
0.415200 0.292000 0.011200
0.432000 0.292000 0.013600
0.500800 0.292000 0.005600
0.538400 0.292000 0.013600
0.727200 0.292000 0.013600
0.356000 0.292800 0.011200
0.379200 0.292800 0.016800
0.487200 0.292800 0.011200
0.518400 0.292800 0.015200
0.615200 0.292800 0.016800
0.252000 0.293600 0.013600
0.302400 0.293600 0.008800
0.326400 0.293600 0.010400
0.340000 0.293600 0.008800
0.472000 0.293600 0.011200
0.559200 0.293600 0.016800
0.583200 0.293600 0.011200
0.623200 0.293600 0.016000
0.640800 0.293600 0.011200
0.655200 0.293600 0.011200
0.691200 0.293600 0.011200
0.288000 0.294400 0.011200
0.312000 0.294400 0.018400
0.570400 0.294400 0.008800
0.599200 0.294400 0.011200
0.231200 0.296000 0.013600
0.271200 0.296000 0.008800
0.213600 0.297600 0.008800
0.203200 0.298400 0.005600
0.171200 0.299200 0.007200
0.192800 0.299200 0.008800
0.180000 0.300000 0.008800
0.158400 0.300800 0.018400
0.764000 0.316000 0.010400
0.784000 0.316000 0.013600
0.712000 0.316800 0.012800
0.732800 0.316800 0.011200
0.749600 0.316800 0.010400
0.804800 0.316800 0.011200
0.834400 0.316800 0.018400
0.660800 0.317600 0.008800
0.683200 0.317600 0.016000
0.820800 0.317600 0.011200
0.648000 0.318400 0.008800
0.576800 0.319200 0.012800
0.610400 0.319200 0.010400
0.624000 0.319200 0.008800
0.636800 0.319200 0.008800
0.594400 0.320000 0.011200
0.556000 0.320800 0.011200
0.481600 0.321600 0.011200
0.496800 0.321600 0.011200
0.395200 0.322400 0.011200
0.452800 0.322400 0.013600
0.469600 0.322400 0.019200
0.516800 0.322400 0.013600
0.537600 0.322400 0.012800
0.412800 0.323200 0.012000
0.432000 0.323200 0.011200
0.300800 0.324000 0.008800
0.372000 0.324000 0.015200
0.196000 0.324800 0.008800
0.208000 0.324800 0.008800
0.313600 0.324800 0.011200
0.332800 0.324800 0.013600
0.222400 0.325600 0.010400
0.238400 0.325600 0.010400
0.252000 0.325600 0.008800
0.265600 0.325600 0.013600
0.284800 0.325600 0.011200
0.337600 0.325600 0.013600
0.352000 0.325600 0.013600
0.273600 0.326400 0.005600
0.183200 0.328000 0.011200
0.161600 0.328800 0.013600
0.780800 0.341600 0.012800
0.761600 0.343200 0.011200
0.820800 0.343200 0.012800
0.710400 0.344000 0.011200
0.727200 0.344000 0.011200
0.800800 0.344000 0.011200
0.839200 0.344000 0.013600
0.665600 0.344800 0.010400
0.693600 0.344800 0.011200
0.744000 0.344800 0.011200
0.546400 0.345600 0.014400
0.614400 0.345600 0.013600
0.648800 0.345600 0.011200
0.498400 0.346400 0.010400
0.569600 0.346400 0.013600
0.592000 0.346400 0.012800
0.632000 0.346400 0.011200
0.678400 0.346400 0.008800
0.523200 0.347200 0.014400
0.422400 0.348000 0.015200
0.475200 0.348800 0.008800
0.486400 0.348800 0.005600
0.289600 0.349600 0.014400
0.324800 0.349600 0.011200
0.440800 0.349600 0.010400
0.457600 0.349600 0.011200
0.244000 0.350400 0.016800
0.310400 0.350400 0.008800
0.344800 0.350400 0.012800
0.364800 0.350400 0.011200
0.270400 0.351200 0.011200
0.381600 0.351200 0.011200
0.254400 0.352000 0.019200
0.158400 0.352800 0.019200
0.398400 0.352800 0.013600
0.208000 0.353600 0.012800
0.227200 0.353600 0.012800
0.168800 0.354400 0.018400
0.188000 0.355200 0.012800
0.785600 0.373600 0.016800
0.806400 0.373600 0.011200
0.823200 0.373600 0.011200
0.760000 0.374400 0.011200
0.684000 0.376000 0.013600
0.707200 0.376000 0.013600
0.725600 0.376000 0.011200
0.742400 0.376000 0.011200
0.837600 0.376000 0.022400
0.846400 0.376000 0.017600
0.636800 0.376800 0.016000
0.663200 0.376800 0.013600
0.490400 0.377600 0.011200
0.508800 0.377600 0.011200
0.578400 0.377600 0.012800
0.594400 0.377600 0.011200
0.470400 0.378400 0.013600
0.611200 0.378400 0.016800
0.528000 0.379200 0.012800
0.272800 0.380000 0.016000
0.450400 0.380000 0.011200
0.545600 0.380000 0.011200
0.560000 0.380000 0.008800
0.308000 0.380800 0.011200
0.184800 0.381600 0.013600
0.385600 0.381600 0.016800
0.404800 0.381600 0.016800
0.164000 0.382400 0.013600
0.250400 0.382400 0.011200
0.291200 0.382400 0.011200
0.432800 0.382400 0.013600
0.208000 0.383200 0.013600
0.225600 0.383200 0.016800
0.324800 0.383200 0.011200
0.337600 0.383200 0.005600
0.235200 0.384000 0.008800
0.347200 0.384000 0.016800
0.363200 0.384000 0.011200
0.800000 0.403200 0.016000
0.757600 0.404000 0.011200
0.776000 0.404000 0.013600
0.824000 0.404000 0.015200
0.741600 0.404800 0.011200
0.713600 0.405600 0.019200
0.728800 0.405600 0.011200
0.646400 0.406400 0.011200
0.666400 0.407200 0.013600
0.688800 0.407200 0.013600
0.628800 0.408000 0.016800
0.599200 0.408800 0.016800
0.558400 0.409600 0.013600
0.158400 0.410400 0.018400
0.192000 0.410400 0.005600
0.183200 0.411200 0.008800
0.266400 0.411200 0.011200
0.309600 0.411200 0.013600
0.475200 0.411200 0.012800
0.492800 0.411200 0.011200
0.577600 0.411200 0.013600
0.168800 0.412000 0.020000
0.279200 0.412000 0.005600
0.349600 0.412000 0.013600
0.511200 0.412000 0.015200
0.208000 0.412800 0.012800
0.225600 0.412800 0.011200
0.245600 0.412800 0.013600
0.290400 0.412800 0.011200
0.370400 0.412800 0.011200
0.424800 0.412800 0.008800
0.536800 0.412800 0.013600
0.328000 0.413600 0.013600
0.386400 0.413600 0.011200
0.401600 0.413600 0.011200
0.414400 0.413600 0.008800
0.437600 0.413600 0.011200
0.455200 0.413600 0.011200
0.178400 0.437600 0.016800
0.186400 0.437600 0.017600
0.212000 0.437600 0.009600
0.164000 0.438400 0.016800
0.199200 0.438400 0.008800
0.415200 0.438400 0.011200
0.815200 0.438400 0.011200
0.836800 0.438400 0.016000
0.226400 0.439200 0.007200
0.240000 0.439200 0.011200
0.334400 0.439200 0.008800
0.345600 0.439200 0.008800
0.478400 0.439200 0.016800
0.691200 0.439200 0.015200
0.801600 0.439200 0.008800
0.284800 0.440000 0.008800
0.358400 0.440000 0.008800
0.452000 0.440000 0.012800
0.732800 0.440000 0.013600
0.768000 0.440000 0.011200
0.787200 0.440000 0.012800
0.274400 0.440800 0.007200
0.301600 0.440800 0.011200
0.398400 0.440800 0.011200
0.431200 0.440800 0.011200
0.500000 0.440800 0.013600
0.519200 0.440800 0.011200
0.571200 0.440800 0.005600
0.636000 0.440800 0.011200
0.652000 0.440800 0.013600
0.670400 0.440800 0.011200
0.710400 0.440800 0.013600
0.752000 0.440800 0.011200
0.256000 0.441600 0.008800
0.265600 0.441600 0.004800
0.320800 0.441600 0.011200
0.381600 0.441600 0.016000
0.535200 0.441600 0.008800
0.545600 0.441600 0.005600
0.621600 0.442400 0.019200
0.560000 0.443200 0.018400
0.579200 0.444000 0.016800
0.591200 0.444000 0.016800
0.613600 0.444000 0.016800
0.598400 0.444800 0.016800
0.283200 0.467200 0.011200
0.319200 0.467200 0.013600
0.832800 0.467200 0.024800
0.197600 0.468000 0.008000
0.300000 0.468000 0.011200
0.342400 0.468000 0.012800
0.377600 0.468000 0.015200
0.387200 0.468000 0.008800
0.814400 0.468000 0.012800
0.184800 0.468800 0.008000
0.264000 0.468800 0.011200
0.359200 0.468800 0.011200
0.402400 0.468800 0.012000
0.424000 0.468800 0.012800
0.841600 0.468800 0.019200
0.172800 0.469600 0.008800
0.211200 0.469600 0.011200
0.249600 0.469600 0.011200
0.440000 0.469600 0.008800
0.468000 0.469600 0.012800
0.540000 0.469600 0.011200
0.796800 0.469600 0.019200
0.232000 0.470400 0.013600
0.450400 0.470400 0.008800
0.487200 0.470400 0.011200
0.500800 0.470400 0.008800
0.514400 0.470400 0.011200
0.528000 0.470400 0.007200
0.787200 0.470400 0.019200
0.158400 0.471200 0.022400
0.771200 0.471200 0.011200
0.758400 0.472000 0.011200
0.577600 0.472800 0.011200
0.628000 0.472800 0.011200
0.731200 0.472800 0.007200
0.744000 0.472800 0.011200
0.561600 0.473600 0.013600
0.592000 0.473600 0.011200
0.647200 0.473600 0.016000
0.674400 0.473600 0.016800
0.720800 0.473600 0.008800
0.610400 0.474400 0.013600
0.702400 0.475200 0.013600
0.281600 0.496000 0.011200
0.300000 0.496800 0.013600
0.239200 0.497600 0.011200
0.252800 0.497600 0.005600
0.264800 0.497600 0.011200
0.319200 0.497600 0.011200
0.404000 0.498400 0.013600
0.422400 0.499200 0.008800
0.158400 0.500000 0.018400
0.222400 0.500000 0.008800
0.356000 0.500000 0.013600
0.376800 0.500000 0.016800
0.386400 0.500000 0.022400
0.436800 0.500000 0.011200
0.194400 0.500800 0.006400
0.208000 0.500800 0.009600
0.337600 0.500800 0.013600
0.455200 0.500800 0.012800
0.495200 0.500800 0.011200
0.509600 0.500800 0.008800
0.168000 0.501600 0.022400
0.183200 0.501600 0.008800
0.524800 0.501600 0.012000
0.544000 0.502400 0.011200
0.565600 0.502400 0.013600
0.596000 0.502400 0.008800
0.612800 0.502400 0.011200
0.830400 0.502400 0.015200
0.477600 0.503200 0.019200
0.558400 0.503200 0.016800
0.581600 0.503200 0.011200
0.629600 0.503200 0.011200
0.665600 0.503200 0.011200
0.646400 0.504000 0.011200
0.678400 0.504000 0.008800
0.693600 0.504000 0.011200
0.708800 0.504000 0.016800
0.716000 0.504000 0.016800
0.732000 0.504800 0.011200
0.810400 0.505600 0.011200
0.748000 0.507200 0.011200
0.763200 0.507200 0.008800
0.776000 0.507200 0.011200
0.793600 0.507200 0.011200
0.091200 0.511200 0.012000
0.072000 0.512000 0.016800
0.083200 0.512000 0.022400
