485.000000 305.000000 14.000000
495.000000 305.000000 19.000000
519.000000 305.000000 11.000000
506.000000 306.000000 9.000000
531.000000 306.000000 17.000000
538.000000 306.000000 12.000000
558.000000 306.000000 14.000000
567.000000 306.000000 7.000000
576.000000 306.000000 14.000000
582.000000 306.000000 10.000000
611.000000 309.000000 16.000000
617.000000 309.000000 4.000000
623.000000 309.000000 11.000000
630.000000 309.000000 11.000000
644.000000 309.000000 7.000000
665.000000 309.000000 17.000000
601.000000 310.000000 13.000000
655.000000 310.000000 9.000000
688.000000 310.000000 16.000000
696.000000 310.000000 17.000000
706.000000 310.000000 16.000000
715.000000 310.000000 18.000000
727.000000 311.000000 7.000000
736.000000 312.000000 19.000000
532.000000 329.000000 13.000000
576.000000 329.000000 13.000000
552.000000 331.000000 11.000000
596.000000 331.000000 13.000000
606.000000 331.000000 4.000000
615.000000 331.000000 7.000000
623.000000 332.000000 15.000000
630.000000 333.000000 11.000000
650.000000 333.000000 9.000000
669.000000 333.000000 14.000000
661.000000 334.000000 7.000000
685.000000 334.000000 14.000000
692.000000 335.000000 11.000000
449.000000 364.000000 11.000000
456.000000 364.000000 4.000000
513.000000 364.000000 14.000000
536.000000 364.000000 11.000000
551.000000 364.000000 11.000000
473.000000 365.000000 10.000000
690.000000 367.000000 19.000000
698.000000 368.000000 14.000000
749.000000 368.000000 22.000000
645.000000 369.000000 16.000000
717.000000 369.000000 11.000000
755.000000 369.000000 21.000000
657.000000 370.000000 7.000000
732.000000 370.000000 24.000000
664.000000 371.000000 13.000000
550.000000 393.000000 14.000000
567.000000 394.000000 17.000000
631.000000 394.000000 10.000000
449.000000 395.000000 10.000000
461.000000 395.000000 9.000000
578.000000 395.000000 7.000000
587.000000 395.000000 7.000000
599.000000 395.000000 9.000000
642.000000 395.000000 7.000000
479.000000 396.000000 11.000000
487.000000 396.000000 4.000000
495.000000 396.000000 12.000000
613.000000 396.000000 14.000000
661.000000 396.000000 7.000000
693.000000 396.000000 11.000000
706.000000 396.000000 21.000000
653.000000 397.000000 14.000000
674.000000 397.000000 16.000000
714.000000 397.000000 16.000000
448.000000 423.000000 12.000000
456.000000 424.000000 7.000000
463.000000 424.000000 11.000000
495.000000 424.000000 15.000000
475.000000 425.000000 7.000000
485.000000 425.000000 7.000000
688.000000 443.000000 9.000000
701.000000 444.000000 9.000000
751.000000 444.000000 7.000000
760.000000 444.000000 14.000000
738.000000 445.000000 11.000000
541.000000 448.000000 24.000000
494.000000 451.000000 14.000000
528.000000 451.000000 11.000000
560.000000 451.000000 11.000000
718.000000 451.000000 14.000000
503.000000 452.000000 7.000000
572.000000 452.000000 20.000000
511.000000 453.000000 11.000000
449.000000 454.000000 11.000000
457.000000 455.000000 4.000000
465.000000 455.000000 7.000000
691.000000 457.000000 11.000000
702.000000 457.000000 9.000000
636.000000 458.000000 14.000000
646.000000 459.000000 17.000000
657.000000 459.000000 17.000000
666.000000 460.000000 13.000000
751.000000 460.000000 11.000000
760.000000 460.000000 7.000000
447.000000 482.000000 13.000000
463.000000 482.000000 12.000000
500.000000 482.000000 16.000000
526.000000 482.000000 23.000000
603.000000 482.000000 14.000000
541.000000 483.000000 11.000000
559.000000 483.000000 13.000000
577.000000 483.000000 14.000000
586.000000 483.000000 7.000000
597.000000 484.000000 16.000000
737.000000 486.000000 17.000000
724.000000 487.000000 14.000000
754.000000 487.000000 21.000000
649.000000 488.000000 12.000000
717.000000 488.000000 17.000000
636.000000 489.000000 11.000000
656.000000 489.000000 14.000000
664.000000 490.000000 14.000000
672.000000 490.000000 20.000000
683.000000 490.000000 11.000000
706.000000 490.000000 16.000000
942.000000 697.000000 39.000000
956.000000 697.000000 11.000000
945.000000 710.000000 7.000000
