0.168000 0.036000 0.016800
0.242400 0.036000 0.013600
0.206400 0.036800 0.012800
0.224800 0.036800 0.011200
0.188800 0.037600 0.011200
0.816800 0.042400 0.027200
0.836000 0.042400 0.016800
0.272000 0.063200 0.012800
0.291200 0.064000 0.012800
0.142400 0.065600 0.013600
0.158400 0.065600 0.011200
0.309600 0.066400 0.011200
0.326400 0.066400 0.011200
0.538400 0.066400 0.011200
0.345600 0.067200 0.011200
0.175200 0.068000 0.011200
0.243200 0.068000 0.008800
0.256000 0.068000 0.011200
0.361600 0.068000 0.011200
0.445600 0.068000 0.011200
0.462400 0.068000 0.008800
0.476000 0.068000 0.008800
0.489600 0.068000 0.008800
0.517600 0.068000 0.014400
0.562400 0.068000 0.008800
0.574400 0.068000 0.018400
0.186400 0.068800 0.008000
0.228000 0.068800 0.010400
0.386400 0.068800 0.008800
0.400000 0.068800 0.008800
0.551200 0.068800 0.008000
0.584800 0.068800 0.016800
0.658400 0.068800 0.011200
0.671200 0.068800 0.021600
0.375200 0.069600 0.007200
0.429600 0.069600 0.011200
0.500000 0.069600 0.008800
0.213600 0.070400 0.008800
0.414400 0.070400 0.008800
0.600000 0.070400 0.009600
0.613600 0.070400 0.008800
0.628000 0.070400 0.011200
0.199200 0.071200 0.008800
0.644800 0.071200 0.008800
0.686400 0.071200 0.009600
0.708000 0.071200 0.008800
0.697600 0.072000 0.005600
0.720000 0.072800 0.008800
0.732800 0.073600 0.008800
0.742400 0.074400 0.008800
0.756000 0.074400 0.011200
0.767200 0.074400 0.020000
0.782400 0.075200 0.011200
0.802400 0.076800 0.012000
0.817600 0.076800 0.008800
0.832000 0.076800 0.011200
0.848800 0.076800 0.022400
0.858400 0.078400 0.016800
0.316800 0.092800 0.013600
0.321600 0.094400 0.013600
0.190400 0.095200 0.008800
0.220800 0.095200 0.011200
0.236800 0.095200 0.016000
0.261600 0.095200 0.011200
0.279200 0.095200 0.012800
0.302400 0.095200 0.016000
0.177600 0.096000 0.011200
0.202400 0.096000 0.011200
0.296000 0.096000 0.015200
0.387200 0.096000 0.013600
0.418400 0.096000 0.012800
0.454400 0.096000 0.009600
0.245600 0.096800 0.016800
0.336000 0.096800 0.008800
0.349600 0.096800 0.008800
0.364800 0.096800 0.011200
0.377600 0.096800 0.004800
0.402400 0.096800 0.010400
0.438400 0.096800 0.011200
0.468000 0.096800 0.008800
0.501600 0.096800 0.012800
0.598400 0.096800 0.012800
0.144800 0.097600 0.013600
0.161600 0.097600 0.011200
0.480000 0.097600 0.018400
0.580000 0.097600 0.008800
0.519200 0.098400 0.011200
0.534400 0.098400 0.011200
0.551200 0.098400 0.011200
0.616000 0.098400 0.008800
0.668800 0.098400 0.008800
0.685600 0.098400 0.011200
0.567200 0.099200 0.008800
0.630400 0.099200 0.008800
0.656000 0.100000 0.008800
0.706400 0.100000 0.013600
0.644000 0.100800 0.008800
0.727200 0.100800 0.013600
0.788800 0.100800 0.008800
0.746400 0.101600 0.008800
0.760800 0.101600 0.008800
0.803200 0.101600 0.008800
0.774400 0.102400 0.008800
0.819200 0.102400 0.011200
0.838400 0.102400 0.012000
0.853600 0.103200 0.008800
0.242400 0.120800 0.016800
0.252800 0.121600 0.008800
0.272000 0.121600 0.015200
0.212000 0.123200 0.008800
0.226400 0.123200 0.008800
0.448000 0.123200 0.011200
0.198400 0.124000 0.011200
0.404800 0.124000 0.011200
0.461600 0.124000 0.008800
0.471200 0.124000 0.011200
0.485600 0.124000 0.008800
0.513600 0.124000 0.011200
0.292800 0.124800 0.011200
0.310400 0.124800 0.011200
0.372800 0.124800 0.011200
0.498400 0.124800 0.010400
0.549600 0.124800 0.013600
0.858400 0.124800 0.016800
0.182400 0.125600 0.008800
0.326400 0.125600 0.008800
0.342400 0.125600 0.010400
0.356000 0.125600 0.008800
0.389600 0.125600 0.011200
0.420800 0.125600 0.008800
0.432800 0.125600 0.008800
0.529600 0.125600 0.011200
0.145600 0.126400 0.017600
0.169600 0.126400 0.008800
0.566400 0.126400 0.011200
0.583200 0.126400 0.011200
0.603200 0.127200 0.012800
0.789600 0.127200 0.012000
0.805600 0.127200 0.013600
0.815200 0.127200 0.016800
0.827200 0.127200 0.019200
0.840800 0.127200 0.011200
0.156000 0.128000 0.008800
0.671200 0.128000 0.012800
0.714400 0.128000 0.008800
0.767200 0.128000 0.013600
0.771200 0.128000 0.013600
0.621600 0.128800 0.011200
0.702400 0.128800 0.011200
0.639200 0.129600 0.011200
0.687200 0.129600 0.011200
0.729600 0.129600 0.011200
0.748000 0.129600 0.012000
0.653600 0.130400 0.011200
0.755200 0.130400 0.016800
0.481600 0.147200 0.015200
0.465600 0.149600 0.011200
0.488800 0.150400 0.016000
0.504800 0.150400 0.012000
0.236000 0.151200 0.013600
0.284800 0.151200 0.012000
0.302400 0.151200 0.008800
0.435200 0.151200 0.011200
0.449600 0.151200 0.008800
0.526400 0.151200 0.011200
0.176000 0.152000 0.013600
0.264000 0.152000 0.013600
0.315200 0.152000 0.011200
0.406400 0.152000 0.008800
0.542400 0.152000 0.011200
0.248800 0.152800 0.011200
0.348000 0.152800 0.008800
0.389600 0.152800 0.011200
0.419200 0.152800 0.008800
0.560000 0.152800 0.011200
0.588800 0.152800 0.011200
0.194400 0.153600 0.011200
0.333600 0.153600 0.011200
0.361600 0.153600 0.008800
0.374400 0.153600 0.008800
0.573600 0.153600 0.008800
0.207200 0.154400 0.008800
0.220800 0.154400 0.008800
0.607200 0.154400 0.012800
0.628000 0.155200 0.011200
0.653600 0.155200 0.008800
0.142400 0.156000 0.016800
0.160000 0.156800 0.011200
0.641600 0.156800 0.008800
0.669600 0.156800 0.012000
0.687200 0.156800 0.011200
0.700800 0.156800 0.008800
0.713600 0.156800 0.008800
0.728000 0.156800 0.011200
0.742400 0.157600 0.012800
0.817600 0.157600 0.011200
0.852000 0.157600 0.011200
0.801600 0.158400 0.011200
0.835200 0.158400 0.011200
0.865600 0.158400 0.011200
0.763200 0.159200 0.013600
0.784000 0.160800 0.013600
0.508000 0.176000 0.008800
0.328000 0.176800 0.010400
0.312000 0.177600 0.011200
0.341600 0.177600 0.008800
0.518400 0.177600 0.016800
0.298400 0.178400 0.019200
0.448800 0.178400 0.016800
0.496800 0.178400 0.005600
0.556000 0.178400 0.011200
0.351200 0.179200 0.016000
0.401600 0.179200 0.016800
0.486400 0.179200 0.016000
0.536000 0.179200 0.012000
0.288800 0.180000 0.008800
0.443200 0.180000 0.016800
0.573600 0.180000 0.011200
0.364800 0.180800 0.016800
0.370400 0.180800 0.013600
0.468800 0.180800 0.012800
0.595200 0.180800 0.013600
0.696800 0.180800 0.015200
0.266400 0.181600 0.008800
0.276000 0.181600 0.017600
0.386400 0.181600 0.011200
0.617600 0.181600 0.012000
0.742400 0.181600 0.014400
0.232800 0.182400 0.013600
0.252800 0.182400 0.011200
0.425600 0.182400 0.011200
0.640000 0.182400 0.013600
0.652800 0.182400 0.011200
0.212800 0.183200 0.011200
0.408800 0.183200 0.015200
0.665600 0.183200 0.011200
0.676000 0.183200 0.013600
0.840000 0.183200 0.013600
0.197600 0.184000 0.011200
0.858400 0.184000 0.013600
0.717600 0.184800 0.011200
0.762400 0.184800 0.011200
0.786400 0.185600 0.012800
0.804000 0.185600 0.011200
0.820000 0.185600 0.011200
0.148000 0.186400 0.016800
0.180800 0.186400 0.011200
0.168800 0.190400 0.018400
0.520000 0.204000 0.016000
0.537600 0.204000 0.011200
0.660000 0.205600 0.012800
0.391200 0.206400 0.007200
0.461600 0.206400 0.011200
0.478400 0.206400 0.011200
0.496000 0.206400 0.011200
0.553600 0.206400 0.013600
0.584800 0.206400 0.008800
0.378400 0.207200 0.011200
0.570400 0.207200 0.008800
0.620800 0.207200 0.012800
0.640800 0.207200 0.011200
0.416800 0.208000 0.016000
0.276800 0.208800 0.005600
0.364800 0.208800 0.005600
0.400000 0.208800 0.008800
0.440000 0.208800 0.008800
0.449600 0.208800 0.005600
0.599200 0.208800 0.012800
0.681600 0.208800 0.012800
0.740000 0.208800 0.012800
0.213600 0.209600 0.013600
0.285600 0.209600 0.016000
0.300000 0.209600 0.009600
0.341600 0.209600 0.008800
0.354400 0.209600 0.008000
0.428000 0.209600 0.018400
0.698400 0.209600 0.012800
0.720800 0.209600 0.012000
0.744800 0.209600 0.013600
0.314400 0.210400 0.008800
0.328800 0.210400 0.008800
0.761600 0.210400 0.011200
0.776800 0.210400 0.015200
0.229600 0.211200 0.008800
0.246400 0.211200 0.012000
0.264000 0.211200 0.011200
0.784000 0.211200 0.013600
0.798400 0.211200 0.008800
0.839200 0.211200 0.011200
0.825600 0.212000 0.008800
0.176800 0.212800 0.012800
0.194400 0.212800 0.011200
0.811200 0.212800 0.011200
0.858400 0.214400 0.016000
0.159200 0.217600 0.009600
0.148000 0.221600 0.018400
0.729600 0.233600 0.008800
0.516000 0.234400 0.013600
0.570400 0.234400 0.013600
0.622400 0.234400 0.007200
0.788800 0.234400 0.011200
0.610400 0.235200 0.008800
0.635200 0.235200 0.011200
0.651200 0.235200 0.011200
0.534400 0.236000 0.011200
0.594400 0.236000 0.012800
0.669600 0.236000 0.011200
0.803200 0.236000 0.008000
0.296800 0.236800 0.013600
0.386400 0.236800 0.013600
0.460800 0.236800 0.011200
0.476000 0.236800 0.011200
0.495200 0.236800 0.012800
0.740800 0.236800 0.016800
0.760000 0.236800 0.011200
0.773600 0.236800 0.008000
0.280800 0.237600 0.012000
0.314400 0.237600 0.011200
0.445600 0.237600 0.008800
0.720000 0.237600 0.005600
0.828000 0.237600 0.011200
0.347200 0.238400 0.011200
0.432800 0.238400 0.008800
0.552800 0.238400 0.013600
0.699200 0.238400 0.008800
0.845600 0.238400 0.011200
0.244800 0.239200 0.012000
0.261600 0.239200 0.013600
0.331200 0.239200 0.011200
0.365600 0.239200 0.012800
0.406400 0.239200 0.008800
0.420000 0.239200 0.008800
0.712000 0.239200 0.016800
0.813600 0.239200 0.008800
0.865600 0.239200 0.012800
0.684800 0.240000 0.011200
0.176000 0.241600 0.008800
0.226400 0.241600 0.013600
0.193600 0.244000 0.011200
0.208000 0.244000 0.008800
0.164000 0.244800 0.008000
0.145600 0.247200 0.014400
0.154400 0.247200 0.005600
0.464000 0.261600 0.013600
0.635200 0.261600 0.011200
0.651200 0.261600 0.013600
0.426400 0.262400 0.012800
0.448000 0.262400 0.011200
0.485600 0.262400 0.011200
0.619200 0.262400 0.011200
0.310400 0.263200 0.016800
0.387200 0.263200 0.012800
0.499200 0.263200 0.008800
0.781600 0.263200 0.011200
0.510400 0.264000 0.008800
0.604800 0.264000 0.008800
0.291200 0.264800 0.013600
0.318400 0.264800 0.015200
0.404000 0.264800 0.012800
0.525600 0.264800 0.011200
0.541600 0.264800 0.010400
0.672800 0.264800 0.013600
0.692000 0.264800 0.012000
0.762400 0.264800 0.011200
0.336000 0.265600 0.011200
0.368800 0.265600 0.012800
0.558400 0.265600 0.011200
0.726400 0.265600 0.011200
0.800000 0.265600 0.012800
0.851200 0.265600 0.011200
0.259200 0.266400 0.013600
0.276000 0.266400 0.011200
0.300000 0.266400 0.007200
0.352000 0.266400 0.011200
0.590400 0.266400 0.011200
0.710400 0.266400 0.011200
0.744800 0.266400 0.012800
0.816800 0.266400 0.011200
0.834400 0.267200 0.011200
0.868000 0.267200 0.013600
0.576000 0.268000 0.010400
0.237600 0.269600 0.013600
0.216800 0.272000 0.012800
0.199200 0.273600 0.011200
0.186400 0.274400 0.008800
0.174400 0.275200 0.005600
0.144800 0.276800 0.016000
0.164800 0.277600 0.015200
0.400800 0.288000 0.013600
0.857600 0.288800 0.007200
0.372800 0.289600 0.013600
0.422400 0.289600 0.010400
0.382400 0.290400 0.013600
0.521600 0.290400 0.013600
0.532800 0.290400 0.019200
0.773600 0.290400 0.013600
0.823200 0.290400 0.008800
0.836000 0.290400 0.008000
0.847200 0.290400 0.007200
0.869600 0.290400 0.016800
0.344000 0.291200 0.016800
0.437600 0.291200 0.011200
0.453600 0.291200 0.011200
0.504800 0.291200 0.013600
0.630400 0.291200 0.011200
0.352000 0.292000 0.015200
0.469600 0.292000 0.008800
0.547200 0.292000 0.011200
0.563200 0.292000 0.011200
0.580000 0.292000 0.011200
0.595200 0.292000 0.011200
0.614400 0.292000 0.011200
0.650400 0.292000 0.012800
0.686400 0.292000 0.011200
0.755200 0.292000 0.012000
0.792800 0.292000 0.010400
0.806400 0.292000 0.011200
0.484800 0.292800 0.011200
0.702400 0.292800 0.011200
0.736000 0.292800 0.011200
0.312000 0.293600 0.012800
0.669600 0.293600 0.012800
0.720000 0.293600 0.013600
0.328000 0.294400 0.011200
0.291200 0.295200 0.013600
0.272000 0.296000 0.008800
0.259200 0.297600 0.011200
0.227200 0.298400 0.008800
0.242400 0.299200 0.011200
0.215200 0.301600 0.011200
0.172800 0.302400 0.013600
0.195200 0.302400 0.012800
0.150400 0.304000 0.013600
0.859200 0.316000 0.012000
0.853600 0.316800 0.015200
0.562400 0.319200 0.016800
0.584000 0.319200 0.011200
0.684800 0.319200 0.013600
0.745600 0.319200 0.013600
0.797600 0.319200 0.012800
0.832000 0.319200 0.016800
0.842400 0.319200 0.008000
0.400000 0.320000 0.005600
0.438400 0.320000 0.011200
0.470400 0.320000 0.008800
0.520800 0.320000 0.008800
0.598400 0.320000 0.011200
0.725600 0.320000 0.011200
0.764000 0.320000 0.010400
0.816800 0.320000 0.011200
0.371200 0.320800 0.011200
0.388000 0.320800 0.011200
0.423200 0.320800 0.008800
0.506400 0.320800 0.011200
0.534400 0.320800 0.008800
0.548000 0.320800 0.011200
0.570400 0.320800 0.016800
0.616000 0.320800 0.012800
0.649600 0.320800 0.012000
0.667200 0.320800 0.011200
0.707200 0.320800 0.011200
0.409600 0.321600 0.016800
0.455200 0.321600 0.011200
0.778400 0.321600 0.011200
0.490400 0.322400 0.013600
0.335200 0.323200 0.008800
0.632800 0.323200 0.011200
0.304800 0.324000 0.008800
0.352000 0.324000 0.012800
0.290400 0.324800 0.008800
0.320000 0.324800 0.010400
0.252000 0.325600 0.008800
0.264000 0.325600 0.008800
0.276800 0.325600 0.008800
0.207200 0.327200 0.011200
0.222400 0.327200 0.008800
0.237600 0.327200 0.011200
0.179200 0.329600 0.008800
0.192000 0.329600 0.008800
0.146400 0.330400 0.016800
0.164800 0.330400 0.013600
0.841600 0.345600 0.012800
0.863200 0.345600 0.016000
0.736800 0.346400 0.013600
0.781600 0.346400 0.013600
0.712000 0.347200 0.015200
0.512800 0.348000 0.013600
0.640000 0.348000 0.005600
0.676000 0.348000 0.008800
0.760000 0.348000 0.013600
0.804000 0.348000 0.011200
0.821600 0.348000 0.011200
0.485600 0.348800 0.015200
0.532800 0.348800 0.011200
0.649600 0.348800 0.008800
0.692000 0.348800 0.012800
0.464800 0.349600 0.011200
0.574400 0.349600 0.011200
0.610400 0.349600 0.011200
0.627200 0.349600 0.011200
0.421600 0.350400 0.010400
0.551200 0.350400 0.013600
0.590400 0.350400 0.011200
0.662400 0.350400 0.008800
0.396800 0.351200 0.019200
0.406400 0.351200 0.019200
0.435200 0.351200 0.008800
0.449600 0.351200 0.008800
0.364800 0.352800 0.011200
0.381600 0.352800 0.011200
0.242400 0.354400 0.011200
0.260000 0.354400 0.013600
0.276800 0.354400 0.012000
0.306400 0.354400 0.008800
0.323200 0.354400 0.011200
0.336000 0.354400 0.008800
0.348800 0.355200 0.011200
0.211200 0.356000 0.012800
0.293600 0.356800 0.008800
0.227200 0.357600 0.008800
0.171200 0.358400 0.011200
0.185600 0.358400 0.016800
0.147200 0.359200 0.016800
0.195200 0.359200 0.015200
0.158400 0.360000 0.020800
0.780800 0.372000 0.013600
0.836800 0.372800 0.011200
0.862400 0.372800 0.016800
0.763200 0.373600 0.011200
0.574400 0.374400 0.016800
0.665600 0.374400 0.012000
0.692800 0.374400 0.008800
0.744800 0.374400 0.011200
0.821600 0.374400 0.011200
0.681600 0.375200 0.007200
0.708800 0.375200 0.011200
0.727200 0.375200 0.012000
0.553600 0.376000 0.015200
0.648000 0.376000 0.011200
0.804000 0.376000 0.011200
0.531200 0.376800 0.013600
0.587200 0.376800 0.013600
0.605600 0.376800 0.012800
0.625600 0.376800 0.015200
0.399200 0.378400 0.012800
0.474400 0.378400 0.013600
0.492000 0.378400 0.008800
0.508000 0.378400 0.012800
0.357600 0.379200 0.012000
0.418400 0.379200 0.011200
0.436000 0.379200 0.011200
0.454400 0.379200 0.011200
0.332800 0.380000 0.013600
0.377600 0.380000 0.012800
0.238400 0.380800 0.019200
0.291200 0.380800 0.013600
0.254400 0.381600 0.011200
0.312800 0.381600 0.011200
0.272800 0.383200 0.011200
0.228000 0.384000 0.017600
0.193600 0.385600 0.011200
0.204800 0.385600 0.016800
0.176800 0.387200 0.012800
0.155200 0.391200 0.015200
0.802400 0.399200 0.012800
0.840800 0.399200 0.011200
0.860800 0.399200 0.015200
0.780800 0.400000 0.013600
0.735200 0.400800 0.016000
0.822400 0.400800 0.011200
0.717600 0.401600 0.015200
0.758400 0.401600 0.012800
0.665600 0.402400 0.011200
0.680800 0.403200 0.011200
0.696000 0.403200 0.011200
0.533600 0.404000 0.013600
0.626400 0.404000 0.012800
0.646400 0.404800 0.011200
0.400800 0.405600 0.012800
0.592000 0.405600 0.010400
0.605600 0.405600 0.011200
0.384800 0.407200 0.011200
0.419200 0.407200 0.011200
0.433600 0.407200 0.016800
0.555200 0.407200 0.016800
0.576800 0.407200 0.011200
0.486400 0.408000 0.011200
0.517600 0.408000 0.011200
0.441600 0.408800 0.016800
0.456800 0.408800 0.008800
0.501600 0.408800 0.011200
0.367200 0.409600 0.012800
0.470400 0.409600 0.008800
0.312800 0.411200 0.013600
0.331200 0.411200 0.011200
0.348800 0.411200 0.012800
0.198400 0.412000 0.012800
0.249600 0.412000 0.013600
0.289600 0.412000 0.013600
0.269600 0.412800 0.012800
0.217600 0.413600 0.011200
0.232800 0.414400 0.011200
0.180800 0.415200 0.011200
0.149600 0.417600 0.013600
0.164000 0.417600 0.011200
0.856800 0.426400 0.015200
0.833600 0.427200 0.011200
0.846400 0.427200 0.008800
0.794400 0.428000 0.013600
0.816800 0.428800 0.011200
0.649600 0.429600 0.012800
0.762400 0.429600 0.011200
0.776800 0.429600 0.010400
0.621600 0.430400 0.008800
0.725600 0.430400 0.012800
0.744800 0.430400 0.011200
0.632000 0.431200 0.016800
0.684800 0.431200 0.014400
0.705600 0.431200 0.014400
0.605600 0.432000 0.011200
0.695200 0.432000 0.005600
0.588800 0.432800 0.010400
0.668000 0.432800 0.011200
0.536000 0.435200 0.010400
0.574400 0.435200 0.008800
0.521600 0.436000 0.011200
0.556000 0.436000 0.012800
0.426400 0.436800 0.013600
0.468800 0.436800 0.016800
0.360800 0.437600 0.011200
0.449600 0.437600 0.013600
0.327200 0.438400 0.011200
0.395200 0.438400 0.011200
0.476800 0.438400 0.016800
0.312800 0.439200 0.007200
0.344800 0.439200 0.011200
0.496800 0.439200 0.016000
0.288000 0.440000 0.011200
0.303200 0.440000 0.016000
0.409600 0.440000 0.008800
0.273600 0.440800 0.008800
0.260000 0.441600 0.011200
0.377600 0.441600 0.011200
0.244000 0.443200 0.011200
0.171200 0.444000 0.013600
0.212800 0.444000 0.013600
0.228800 0.444000 0.009600
0.192000 0.444800 0.012800
0.151200 0.445600 0.013600
0.780000 0.455200 0.011200
0.850400 0.455200 0.019200
0.739200 0.456000 0.016800
0.807200 0.456000 0.010400
0.833600 0.456000 0.008800
0.794400 0.456800 0.008800
0.820800 0.456800 0.008800
0.761600 0.457600 0.011200
0.768800 0.458400 0.016800
0.748000 0.459200 0.016800
0.724800 0.460000 0.008800
0.648000 0.460800 0.012800
0.697600 0.460800 0.012800
0.712800 0.460800 0.008800
0.595200 0.461600 0.011200
0.612800 0.462400 0.011200
0.663200 0.462400 0.008800
0.678400 0.462400 0.011200
0.535200 0.463200 0.015200
0.574400 0.463200 0.014400
0.629600 0.463200 0.011200
0.556000 0.464000 0.011200
0.516000 0.464800 0.011200
0.332000 0.465600 0.015200
0.496000 0.465600 0.011200
0.480800 0.466400 0.012800
0.316800 0.467200 0.011200
0.415200 0.467200 0.011200
0.431200 0.467200 0.008800
0.444800 0.467200 0.008800
0.459200 0.467200 0.011200
0.264000 0.468000 0.011200
0.275200 0.468000 0.007200
0.300800 0.468000 0.008800
0.341600 0.468000 0.005600
0.225600 0.468800 0.011200
0.244800 0.468800 0.011200
0.287200 0.468800 0.011200
0.381600 0.468800 0.011200
0.353600 0.469600 0.011200
0.210400 0.470400 0.008800
0.367200 0.470400 0.008800
0.399200 0.470400 0.011200
0.196800 0.471200 0.008800
0.154400 0.472800 0.011200
0.182400 0.472800 0.008800
0.169600 0.473600 0.008800
0.830400 0.484000 0.013600
0.748800 0.484800 0.008800
0.759200 0.485600 0.022400
0.775200 0.485600 0.011200
0.791200 0.485600 0.013600
0.809600 0.485600 0.011200
0.849600 0.485600 0.013600
0.725600 0.489600 0.019200
0.736800 0.489600 0.019200
0.686400 0.490400 0.013600
0.711200 0.490400 0.018400
0.648800 0.491200 0.014400
0.316800 0.492000 0.008800
0.605600 0.492000 0.012000
0.669600 0.492000 0.013600
0.304800 0.492800 0.008000
0.494400 0.492800 0.013600
0.536000 0.492800 0.013600
0.588000 0.492800 0.011200
0.624800 0.492800 0.013600
0.219200 0.493600 0.016800
0.242400 0.493600 0.008800
0.426400 0.493600 0.010400
0.440000 0.493600 0.007200
0.452800 0.493600 0.011200
0.516000 0.493600 0.013600
0.228800 0.494400 0.018400
0.332800 0.494400 0.010400
0.369600 0.494400 0.011200
0.409600 0.494400 0.011200
0.469600 0.494400 0.013600
0.575200 0.494400 0.008800
0.187200 0.495200 0.011200
0.259200 0.495200 0.011200
0.276000 0.495200 0.011200
0.349600 0.495200 0.011200
0.389600 0.495200 0.012800
0.560800 0.495200 0.019200
0.204800 0.496000 0.011200
0.290400 0.496000 0.011200
0.172800 0.499200 0.008800
0.156800 0.500000 0.016800
0.844800 0.511200 0.021600
0.811200 0.516000 0.013600
0.784000 0.518400 0.017600
0.790400 0.518400 0.013600
0.773600 0.519200 0.013600
0.758400 0.520000 0.011200
0.287200 0.520800 0.013600
0.719200 0.520800 0.013600
0.738400 0.520800 0.013600
0.268000 0.521600 0.008800
0.592800 0.521600 0.010400
0.253600 0.522400 0.010400
0.308000 0.522400 0.011200
0.483200 0.522400 0.013600
0.528800 0.522400 0.011200
0.544800 0.522400 0.011200
0.562400 0.522400 0.011200
0.700800 0.522400 0.022400
0.330400 0.523200 0.016800
0.402400 0.523200 0.011200
0.432000 0.523200 0.011200
0.507200 0.523200 0.016000
0.606400 0.523200 0.008800
0.690400 0.523200 0.016800
0.186400 0.524000 0.011200
0.216800 0.524000 0.013600
0.237600 0.524000 0.011200
0.384800 0.524000 0.012800
0.417600 0.524000 0.011200
0.444000 0.524000 0.019200
0.577600 0.524000 0.011200
0.626400 0.524000 0.016800
0.202400 0.524800 0.008800
0.348000 0.524800 0.011200
0.366400 0.524800 0.011200
0.464000 0.524800 0.013600
0.669600 0.524800 0.013600
0.652000 0.525600 0.011200
0.154400 0.527200 0.013600
0.171200 0.528000 0.011200
