0.140000 0.044800 0.016800
0.857600 0.044800 0.016800
0.180000 0.045600 0.013600
0.877600 0.045600 0.016800
0.196000 0.046400 0.011200
0.212800 0.047200 0.013600
0.159200 0.048000 0.011200
0.060000 0.065600 0.016000
0.084800 0.072000 0.017600
0.096800 0.073600 0.008000
0.176800 0.080800 0.008800
0.123200 0.081600 0.016800
0.162400 0.081600 0.013600
0.243200 0.081600 0.013600
0.274400 0.081600 0.024000
0.310400 0.081600 0.011200
0.472800 0.081600 0.016000
0.615200 0.081600 0.013600
0.141600 0.082400 0.011200
0.260000 0.082400 0.011200
0.294400 0.082400 0.007200
0.324800 0.082400 0.009600
0.343200 0.082400 0.013600
0.596000 0.082400 0.013600
0.683200 0.082400 0.016800
0.195200 0.083200 0.013600
0.212800 0.083200 0.008800
0.284000 0.083200 0.008800
0.362400 0.083200 0.008800
0.447200 0.083200 0.013600
0.461600 0.083200 0.008800
0.494400 0.084000 0.013600
0.649600 0.084000 0.011200
0.746400 0.084000 0.015200
0.224800 0.084800 0.008800
0.428000 0.084800 0.012800
0.516800 0.084800 0.013600
0.633600 0.084800 0.011200
0.664800 0.084800 0.011200
0.700800 0.084800 0.008800
0.769600 0.084800 0.011200
0.374400 0.085600 0.008800
0.388800 0.085600 0.011200
0.404000 0.085600 0.019200
0.412800 0.085600 0.019200
0.556800 0.085600 0.013600
0.712800 0.085600 0.011200
0.728000 0.085600 0.011200
0.786400 0.085600 0.015200
0.808000 0.085600 0.010400
0.822400 0.086400 0.011200
0.536800 0.087200 0.013600
0.576000 0.087200 0.013600
0.841600 0.088800 0.013600
0.863200 0.088800 0.013600
0.882400 0.088800 0.013600
0.049600 0.089600 0.019200
0.060000 0.091200 0.018400
0.274400 0.109600 0.016800
0.138400 0.110400 0.015200
0.628800 0.110400 0.013600
0.212000 0.111200 0.012800
0.252000 0.111200 0.008800
0.450400 0.111200 0.011200
0.466400 0.111200 0.008800
0.120000 0.112000 0.013600
0.232800 0.112000 0.013600
0.291200 0.112000 0.011200
0.307200 0.112000 0.008800
0.335200 0.112000 0.011200
0.592000 0.112000 0.012800
0.761600 0.112000 0.016800
0.161600 0.112800 0.013600
0.196000 0.112800 0.011200
0.380800 0.112800 0.008800
0.396800 0.112800 0.011200
0.412800 0.112800 0.008800
0.426400 0.112800 0.011200
0.477600 0.112800 0.008800
0.499200 0.112800 0.016800
0.744000 0.112800 0.011200
0.178400 0.113600 0.013600
0.320000 0.113600 0.008800
0.348800 0.113600 0.010400
0.366400 0.113600 0.011200
0.438400 0.113600 0.007200
0.488800 0.113600 0.008800
0.529600 0.113600 0.013600
0.572800 0.113600 0.011200
0.609600 0.113600 0.011200
0.648000 0.113600 0.011200
0.667200 0.113600 0.013600
0.698400 0.113600 0.011200
0.728800 0.113600 0.008800
0.785600 0.113600 0.011200
0.516800 0.114400 0.016800
0.557600 0.114400 0.008800
0.684800 0.114400 0.008800
0.772000 0.114400 0.008800
0.800000 0.114400 0.008800
0.811200 0.114400 0.007200
0.849600 0.114400 0.013600
0.865600 0.114400 0.008800
0.546400 0.115200 0.011200
0.714400 0.115200 0.011200
0.880800 0.116000 0.013600
0.825600 0.117600 0.013600
0.684800 0.135200 0.011200
0.668000 0.136000 0.011200
0.265600 0.136800 0.008800
0.435200 0.136800 0.012000
0.480000 0.136800 0.013600
0.646400 0.136800 0.012800
0.465600 0.137600 0.008800
0.566400 0.137600 0.008800
0.592800 0.137600 0.011200
0.698400 0.137600 0.008800
0.252800 0.138400 0.008000
0.284000 0.138400 0.013600
0.453600 0.138400 0.008800
0.500000 0.138400 0.011200
0.552800 0.138400 0.008800
0.707200 0.138400 0.013600
0.749600 0.138400 0.013600
0.856000 0.138400 0.013600
0.120800 0.139200 0.013600
0.237600 0.139200 0.011200
0.392800 0.139200 0.011200
0.517600 0.139200 0.013600
0.540000 0.139200 0.008800
0.580800 0.139200 0.008800
0.610400 0.139200 0.011200
0.627200 0.139200 0.011200
0.722400 0.139200 0.011200
0.772000 0.139200 0.013600
0.140000 0.140000 0.015200
0.220000 0.140000 0.011200
0.319200 0.140000 0.011200
0.339200 0.140000 0.012800
0.527200 0.140000 0.016800
0.796800 0.140000 0.013600
0.879200 0.140000 0.015200
0.305600 0.140800 0.008800
0.358400 0.140800 0.011200
0.376800 0.140800 0.012800
0.407200 0.140800 0.008800
0.420800 0.140800 0.008800
0.832800 0.140800 0.012800
0.205600 0.141600 0.019200
0.164000 0.142400 0.011200
0.179200 0.142400 0.011200
0.813600 0.142400 0.011200
0.195200 0.143200 0.019200
0.663200 0.161600 0.011200
0.523200 0.163200 0.013600
0.628000 0.163200 0.011200
0.569600 0.164000 0.013600
0.610400 0.164000 0.011200
0.641600 0.164000 0.013600
0.650400 0.164000 0.005600
0.304800 0.164800 0.013600
0.452000 0.164800 0.011200
0.473600 0.164800 0.012800
0.499200 0.164800 0.013600
0.547200 0.164800 0.012800
0.698400 0.164800 0.016800
0.838400 0.164800 0.010400
0.850400 0.164800 0.007200
0.125600 0.165600 0.013600
0.326400 0.165600 0.013600
0.405600 0.165600 0.013600
0.677600 0.165600 0.016800
0.728800 0.165600 0.016800
0.861600 0.165600 0.013600
0.218400 0.166400 0.010400
0.282400 0.166400 0.013600
0.424000 0.166400 0.011200
0.439200 0.166400 0.008800
0.588800 0.166400 0.013600
0.597600 0.166400 0.005600
0.713600 0.166400 0.011200
0.814400 0.166400 0.016000
0.823200 0.166400 0.016000
0.880800 0.166400 0.013600
0.175200 0.167200 0.014400
0.232000 0.167200 0.007200
0.344800 0.167200 0.008800
0.738400 0.167200 0.016800
0.781600 0.167200 0.013600
0.798400 0.167200 0.011200
0.146400 0.168000 0.013600
0.244000 0.168000 0.011200
0.259200 0.168000 0.013600
0.360800 0.168000 0.011200
0.381600 0.168000 0.012000
0.753600 0.168000 0.013600
0.773600 0.168000 0.015200
0.200000 0.168800 0.012000
0.161600 0.171200 0.008800
0.546400 0.186400 0.011200
0.560000 0.187200 0.012800
0.618400 0.187200 0.013600
0.568800 0.188000 0.005600
0.576800 0.188000 0.012800
0.591200 0.188000 0.009600
0.520800 0.188800 0.016000
0.532800 0.188800 0.011200
0.604800 0.188800 0.008800
0.626400 0.188800 0.016000
0.656000 0.188800 0.011200
0.420800 0.189600 0.010400
0.640800 0.189600 0.010400
0.691200 0.189600 0.011200
0.316800 0.190400 0.011200
0.348800 0.190400 0.011200
0.386400 0.190400 0.011200
0.434400 0.190400 0.008000
0.446400 0.190400 0.008800
0.672000 0.190400 0.011200
0.848800 0.190400 0.008800
0.188000 0.191200 0.013600
0.286400 0.191200 0.012800
0.304000 0.191200 0.008800
0.323200 0.191200 0.013600
0.368000 0.191200 0.012800
0.404800 0.191200 0.011200
0.502400 0.191200 0.013600
0.709600 0.191200 0.011200
0.335200 0.192000 0.008800
0.460000 0.192000 0.008800
0.864800 0.192000 0.011200
0.880800 0.192000 0.013600
0.228000 0.192800 0.013600
0.473600 0.192800 0.008800
0.728800 0.192800 0.012800
0.789600 0.192800 0.015200
0.151200 0.193600 0.011200
0.208000 0.193600 0.011200
0.257600 0.193600 0.011200
0.272000 0.193600 0.008800
0.489600 0.193600 0.011200
0.746400 0.193600 0.011200
0.129600 0.194400 0.016800
0.766400 0.194400 0.012800
0.811200 0.194400 0.011200
0.244800 0.195200 0.013600
0.756800 0.195200 0.004800
0.825600 0.195200 0.007200
0.836800 0.195200 0.007200
0.164800 0.196000 0.011200
0.172000 0.196000 0.012000
0.604800 0.212000 0.013600
0.385600 0.212800 0.013600
0.428000 0.213600 0.012800
0.409600 0.214400 0.011200
0.560800 0.214400 0.013600
0.124000 0.215200 0.013600
0.208800 0.215200 0.008800
0.368800 0.215200 0.013600
0.579200 0.215200 0.016800
0.587200 0.215200 0.016800
0.624800 0.215200 0.011200
0.142400 0.216000 0.012800
0.319200 0.216000 0.012000
0.443200 0.216000 0.008800
0.642400 0.216000 0.011200
0.680000 0.216000 0.011200
0.198400 0.216800 0.008800
0.337600 0.216800 0.015200
0.456000 0.216800 0.008800
0.476800 0.216800 0.013600
0.538400 0.216800 0.014400
0.667200 0.216800 0.008800
0.698400 0.216800 0.012000
0.166400 0.217600 0.012800
0.184000 0.217600 0.010400
0.245600 0.217600 0.012800
0.301600 0.217600 0.011200
0.469600 0.217600 0.019200
0.495200 0.217600 0.012800
0.789600 0.217600 0.011200
0.803200 0.217600 0.011200
0.820800 0.217600 0.010400
0.224800 0.218400 0.013600
0.264000 0.218400 0.011200
0.283200 0.218400 0.012800
0.517600 0.218400 0.016000
0.654400 0.218400 0.008800
0.717600 0.218400 0.011200
0.734400 0.218400 0.011200
0.772800 0.218400 0.011200
0.753600 0.219200 0.012800
0.839200 0.219200 0.010400
0.856000 0.220000 0.012000
0.880000 0.220000 0.015200
0.155200 0.240000 0.011200
0.136800 0.242400 0.011200
0.175200 0.242400 0.014400
0.195200 0.242400 0.010400
0.408000 0.242400 0.011200
0.460800 0.242400 0.015200
0.538400 0.242400 0.010400
0.552800 0.242400 0.008800
0.567200 0.242400 0.009600
0.828800 0.242400 0.008800
0.212800 0.243200 0.011200
0.304000 0.243200 0.012800
0.343200 0.243200 0.012000
0.360800 0.243200 0.011200
0.424000 0.243200 0.011200
0.440000 0.243200 0.011200
0.522400 0.243200 0.008800
0.582400 0.243200 0.010400
0.599200 0.243200 0.012800
0.618400 0.243200 0.012800
0.657600 0.243200 0.011200
0.753600 0.243200 0.005600
0.804800 0.243200 0.007200
0.816000 0.243200 0.008800
0.872800 0.243200 0.011200
0.120800 0.244000 0.013600
0.180800 0.244000 0.016800
0.376000 0.244000 0.008800
0.390400 0.244000 0.010400
0.510400 0.244000 0.008800
0.639200 0.244000 0.013600
0.675200 0.244000 0.011200
0.796000 0.244000 0.005600
0.838400 0.244000 0.016000
0.245600 0.244800 0.016800
0.284800 0.244800 0.011200
0.327200 0.244800 0.013600
0.470400 0.244800 0.008800
0.500000 0.244800 0.011200
0.708800 0.244800 0.011200
0.726400 0.244800 0.012800
0.743200 0.244800 0.016000
0.762400 0.244800 0.013600
0.781600 0.244800 0.013600
0.232000 0.245600 0.011200
0.257600 0.245600 0.017600
0.692000 0.245600 0.011200
0.771200 0.245600 0.005600
0.852000 0.245600 0.013600
0.888800 0.245600 0.012800
0.265600 0.246400 0.013600
0.485600 0.246400 0.010400
0.385600 0.265600 0.008800
0.365600 0.267200 0.013600
0.413600 0.267200 0.011200
0.193600 0.268000 0.013600
0.396800 0.268000 0.011200
0.587200 0.268000 0.012000
0.850400 0.268000 0.013600
0.350400 0.268800 0.008800
0.468800 0.268800 0.015200
0.494400 0.268800 0.011200
0.890400 0.268800 0.016000
0.142400 0.269600 0.005600
0.214400 0.269600 0.013600
0.299200 0.269600 0.016800
0.308800 0.269600 0.005600
0.336000 0.269600 0.009600
0.450400 0.269600 0.011200
0.512800 0.269600 0.011200
0.546400 0.269600 0.011200
0.561600 0.269600 0.016800
0.604800 0.269600 0.011200
0.764800 0.269600 0.011200
0.867200 0.269600 0.011200
0.153600 0.270400 0.008800
0.321600 0.270400 0.009600
0.429600 0.270400 0.013600
0.529600 0.270400 0.008800
0.571200 0.270400 0.016800
0.620800 0.270400 0.011200
0.798400 0.270400 0.013600
0.124000 0.271200 0.015200
0.180000 0.271200 0.008800
0.234400 0.271200 0.013600
0.272800 0.271200 0.013600
0.284800 0.271200 0.008800
0.636800 0.271200 0.010400
0.652000 0.271200 0.011200
0.670400 0.271200 0.012800
0.691200 0.271200 0.013600
0.743200 0.271200 0.015200
0.751200 0.271200 0.015200
0.780000 0.271200 0.011200
0.812800 0.271200 0.013600
0.825600 0.271200 0.015200
0.135200 0.272000 0.004800
0.167200 0.272000 0.008800
0.254400 0.272000 0.011200
0.703200 0.272000 0.008800
0.714400 0.272000 0.011200
0.729600 0.272000 0.011200
0.835200 0.274400 0.011200
0.448000 0.287200 0.007200
0.899200 0.291200 0.017600
0.888000 0.292000 0.008800
0.392000 0.293600 0.011200
0.324800 0.294400 0.011200
0.872800 0.294400 0.016800
0.410400 0.295200 0.012800
0.820000 0.295200 0.008800
0.126400 0.296000 0.013600
0.266400 0.296000 0.018400
0.311200 0.296000 0.013600
0.376800 0.296000 0.011200
0.648000 0.296000 0.008800
0.832000 0.296000 0.016000
0.341600 0.296800 0.013600
0.358400 0.296800 0.012000
0.429600 0.296800 0.012800
0.473600 0.296800 0.012800
0.577600 0.296800 0.016800
0.587200 0.296800 0.013600
0.749600 0.296800 0.014400
0.777600 0.296800 0.013600
0.799200 0.296800 0.014400
0.140800 0.297600 0.011200
0.153600 0.297600 0.008800
0.166400 0.297600 0.009600
0.180800 0.297600 0.008800
0.194400 0.297600 0.011200
0.278400 0.297600 0.008800
0.493600 0.297600 0.013600
0.602400 0.297600 0.011200
0.616800 0.297600 0.011200
0.852000 0.297600 0.008800
0.210400 0.298400 0.011200
0.229600 0.298400 0.013600
0.255200 0.298400 0.016800
0.334400 0.298400 0.004800
0.633600 0.298400 0.011200
0.659200 0.298400 0.008800
0.671200 0.298400 0.016800
0.688800 0.298400 0.013600
0.292000 0.299200 0.011200
0.447200 0.299200 0.013600
0.456000 0.299200 0.011200
0.551200 0.299200 0.011200
0.565600 0.300000 0.016800
0.728000 0.300000 0.013600
0.516000 0.300800 0.012800
0.680800 0.300800 0.004800
0.708000 0.300800 0.014400
0.536000 0.301600 0.011200
0.795200 0.319200 0.013600
0.851200 0.320000 0.011200
0.867200 0.320000 0.010400
0.140800 0.320800 0.008800
0.152000 0.320800 0.011200
0.431200 0.320800 0.016000
0.812800 0.320800 0.010400
0.828800 0.320800 0.011200
0.884800 0.320800 0.013600
0.128000 0.321600 0.016800
0.188800 0.321600 0.008800
0.285600 0.321600 0.008800
0.348000 0.321600 0.011200
0.368000 0.321600 0.013600
0.382400 0.321600 0.008800
0.441600 0.321600 0.008800
0.577600 0.321600 0.009600
0.759200 0.321600 0.011200
0.168000 0.322400 0.013600
0.176800 0.322400 0.016800
0.329600 0.322400 0.011200
0.394400 0.322400 0.009600
0.410400 0.322400 0.013600
0.472000 0.322400 0.011200
0.592800 0.322400 0.011200
0.774400 0.322400 0.009600
0.203200 0.323200 0.008800
0.216800 0.323200 0.010400
0.233600 0.323200 0.011200
0.251200 0.323200 0.011200
0.270400 0.323200 0.011200
0.296000 0.323200 0.008800
0.312800 0.323200 0.011200
0.452800 0.323200 0.013600
0.564000 0.323200 0.008800
0.609600 0.323200 0.011200
0.644000 0.323200 0.011200
0.680800 0.323200 0.011200
0.742400 0.323200 0.011200
0.488000 0.324000 0.010400
0.501600 0.324000 0.008800
0.512000 0.324000 0.008800
0.663200 0.324000 0.011200
0.550400 0.324800 0.010400
0.627200 0.324800 0.011200
0.700000 0.324800 0.011200
0.524000 0.325600 0.010400
0.536800 0.325600 0.008800
0.720800 0.325600 0.012800
0.896800 0.340800 0.013600
0.840800 0.341600 0.010400
0.857600 0.341600 0.011200
0.143200 0.343200 0.013600
0.877600 0.343200 0.011200
0.185600 0.344000 0.008800
0.737600 0.344000 0.011200
0.826400 0.344000 0.011200
0.128000 0.344800 0.013600
0.169600 0.344800 0.011200
0.204000 0.344800 0.013600
0.215200 0.344800 0.008800
0.780800 0.344800 0.013600
0.807200 0.344800 0.015200
0.750400 0.345600 0.011200
0.244800 0.346400 0.010400
0.262400 0.346400 0.012800
0.346400 0.346400 0.016000
0.388000 0.346400 0.016000
0.226400 0.347200 0.013600
0.297600 0.347200 0.012800
0.396800 0.347200 0.016000
0.448000 0.347200 0.011200
0.720800 0.347200 0.008800
0.763200 0.347200 0.013600
0.369600 0.348000 0.012800
0.569600 0.348000 0.011200
0.676000 0.348000 0.012800
0.708000 0.348000 0.008800
0.729600 0.348000 0.004800
0.281600 0.348800 0.008800
0.432800 0.348800 0.011200
0.495200 0.348800 0.013600
0.555200 0.348800 0.010400
0.637600 0.348800 0.011200
0.656000 0.348800 0.011200
0.693600 0.348800 0.011200
0.540000 0.349600 0.011200
0.582400 0.349600 0.013600
0.604800 0.349600 0.012800
0.621600 0.349600 0.011200
0.319200 0.350400 0.013600
0.474400 0.350400 0.016800
0.521600 0.350400 0.013600
0.416000 0.352000 0.014400
0.740000 0.357600 0.006400
0.732000 0.358400 0.005600
0.856000 0.369600 0.013600
0.159200 0.370400 0.011200
0.240000 0.370400 0.013600
0.127200 0.371200 0.012800
0.143200 0.371200 0.011200
0.175200 0.372000 0.012800
0.193600 0.372000 0.012800
0.254400 0.372000 0.008800
0.707200 0.372000 0.016800
0.822400 0.372000 0.011200
0.839200 0.372000 0.011200
0.688800 0.372800 0.013600
0.753600 0.372800 0.012800
0.772000 0.372800 0.009600
0.786400 0.372800 0.008800
0.803200 0.372800 0.012800
0.286400 0.373600 0.011200
0.368000 0.373600 0.008800
0.384000 0.373600 0.011200
0.394400 0.373600 0.008800
0.407200 0.373600 0.008000
0.451200 0.373600 0.013600
0.557600 0.373600 0.005600
0.582400 0.373600 0.013600
0.603200 0.373600 0.012800
0.877600 0.373600 0.018400
0.215200 0.374400 0.014400
0.306400 0.374400 0.012800
0.354400 0.374400 0.009600
0.538400 0.374400 0.008800
0.549600 0.374400 0.017600
0.564800 0.374400 0.005600
0.623200 0.374400 0.011200
0.671200 0.374400 0.012000
0.732000 0.374400 0.011200
0.337600 0.375200 0.011200
0.471200 0.375200 0.008800
0.717600 0.375200 0.018400
0.270400 0.376000 0.011200
0.325600 0.376000 0.011200
0.420800 0.376000 0.008800
0.639200 0.376000 0.008800
0.652000 0.376000 0.011200
0.436000 0.376800 0.010400
0.504000 0.376800 0.011200
0.518400 0.376800 0.008800
0.486400 0.377600 0.011200
0.528800 0.377600 0.005600
0.167200 0.393600 0.011200
0.188000 0.395200 0.012800
0.127200 0.396000 0.013600
0.148000 0.396000 0.011200
0.214400 0.396000 0.008800
0.368800 0.396000 0.008800
0.204000 0.396800 0.008800
0.381600 0.396800 0.008800
0.338400 0.397600 0.013600
0.355200 0.397600 0.011200
0.228800 0.398400 0.011200
0.247200 0.398400 0.011200
0.287200 0.398400 0.013600
0.313600 0.398400 0.012800
0.332000 0.398400 0.013600
0.755200 0.399200 0.008800
0.267200 0.400000 0.011200
0.400000 0.400000 0.016800
0.738400 0.400000 0.011200
0.800800 0.400000 0.007200
0.813600 0.400000 0.011200
0.841600 0.400000 0.018400
0.410400 0.400800 0.020000
0.768000 0.400800 0.005600
0.777600 0.400800 0.008800
0.791200 0.400800 0.008800
0.829600 0.400800 0.011200
0.849600 0.400800 0.013600
0.870400 0.401600 0.012800
0.889600 0.401600 0.013600
0.438400 0.402400 0.011200
0.476800 0.402400 0.012800
0.522400 0.402400 0.005600
0.534400 0.402400 0.008800
0.669600 0.402400 0.008800
0.713600 0.402400 0.017600
0.512000 0.403200 0.008800
0.592800 0.403200 0.008800
0.616000 0.403200 0.008800
0.424000 0.404000 0.008800
0.456000 0.404000 0.011200
0.548800 0.404000 0.008800
0.582400 0.404000 0.008000
0.628000 0.404000 0.016800
0.646400 0.404000 0.008800
0.660000 0.404000 0.008800
0.700800 0.404000 0.008800
0.496000 0.404800 0.010400
0.565600 0.405600 0.012000
0.606400 0.405600 0.007200
0.692000 0.405600 0.005600
0.683200 0.406400 0.015200
0.252000 0.418400 0.010400
0.163200 0.419200 0.011200
0.240000 0.419200 0.011200
0.147200 0.420000 0.010400
0.130400 0.420800 0.013600
0.218400 0.420800 0.012800
0.198400 0.421600 0.012800
0.268800 0.421600 0.010400
0.180800 0.422400 0.011200
0.346400 0.422400 0.012000
0.308800 0.424000 0.011200
0.366400 0.424000 0.013600
0.385600 0.424000 0.011200
0.325600 0.424800 0.012800
0.432000 0.425600 0.009600
0.542400 0.425600 0.012800
0.805600 0.425600 0.014400
0.287200 0.426400 0.015200
0.399200 0.426400 0.008800
0.464000 0.426400 0.011200
0.484800 0.426400 0.008800
0.499200 0.426400 0.008800
0.528000 0.426400 0.008800
0.583200 0.426400 0.012800
0.845600 0.426400 0.011200
0.449600 0.427200 0.010400
0.514400 0.427200 0.008800
0.781600 0.427200 0.012000
0.828000 0.427200 0.011200
0.604000 0.428000 0.011200
0.634400 0.428000 0.009600
0.764000 0.428000 0.011200
0.867200 0.428000 0.015200
0.548800 0.428800 0.013600
0.619200 0.428800 0.010400
0.651200 0.428800 0.011200
0.667200 0.428800 0.011200
0.687200 0.428800 0.012800
0.724800 0.428800 0.011200
0.738400 0.428800 0.016800
0.749600 0.428800 0.018400
0.412800 0.429600 0.012800
0.566400 0.430400 0.011200
0.704000 0.430400 0.012800
0.138400 0.432800 0.006400
0.114400 0.443200 0.016800
0.182400 0.444800 0.011200
0.199200 0.444800 0.012800
0.222400 0.444800 0.011200
0.130400 0.445600 0.011200
0.240800 0.445600 0.011200
0.164800 0.446400 0.009600
0.148800 0.447200 0.011200
0.276000 0.447200 0.013600
0.257600 0.448000 0.011200
0.271200 0.448000 0.013600
0.290400 0.449600 0.011200
0.338400 0.449600 0.013600
0.828000 0.449600 0.012800
0.305600 0.450400 0.011200
0.321600 0.450400 0.011200
0.359200 0.450400 0.012800
0.848000 0.450400 0.012800
0.397600 0.451200 0.008800
0.409600 0.451200 0.008800
0.485600 0.451200 0.011200
0.778400 0.451200 0.013600
0.807200 0.451200 0.012800
0.379200 0.452000 0.012000
0.499200 0.452000 0.011200
0.431200 0.452800 0.012800
0.458400 0.452800 0.007200
0.513600 0.452800 0.011200
0.540000 0.452800 0.008800
0.555200 0.452800 0.011200
0.616000 0.452800 0.011200
0.636800 0.452800 0.013600
0.762400 0.452800 0.016800
0.873600 0.452800 0.015200
0.470400 0.453600 0.011200
0.528800 0.453600 0.008800
0.735200 0.453600 0.011200
0.752800 0.453600 0.015200
0.574400 0.454400 0.013600
0.655200 0.454400 0.011200
0.676000 0.454400 0.012800
0.696000 0.454400 0.013600
0.718400 0.454400 0.012000
0.597600 0.455200 0.012800
0.445600 0.456800 0.011200
0.203200 0.472000 0.008800
0.174400 0.472800 0.012000
0.216000 0.472800 0.017600
0.244000 0.472800 0.012800
0.128800 0.473600 0.016800
0.155200 0.473600 0.011200
0.191200 0.473600 0.011200
0.228000 0.473600 0.007200
0.298400 0.473600 0.012000
0.261600 0.474400 0.011200
0.140800 0.475200 0.011200
0.277600 0.475200 0.013600
0.335200 0.475200 0.011200
0.318400 0.476000 0.011200
0.356000 0.476000 0.012000
0.851200 0.476000 0.008800
0.865600 0.476000 0.008800
0.395200 0.476800 0.011200
0.376000 0.477600 0.011200
0.430400 0.477600 0.013600
0.458400 0.477600 0.011200
0.475200 0.477600 0.013600
0.833600 0.477600 0.012800
0.881600 0.477600 0.013600
0.412800 0.478400 0.011200
0.486400 0.478400 0.016800
0.536800 0.478400 0.011200
0.666400 0.478400 0.011200
0.681600 0.478400 0.011200
0.816800 0.478400 0.008800
0.441600 0.479200 0.011200
0.505600 0.479200 0.013600
0.522400 0.479200 0.011200
0.556800 0.479200 0.012800
0.647200 0.479200 0.013600
0.769600 0.479200 0.012800
0.805600 0.479200 0.011200
0.579200 0.480000 0.012800
0.601600 0.480000 0.012800
0.623200 0.480000 0.012800
0.788800 0.480000 0.011200
0.752000 0.480800 0.011200
0.700000 0.481600 0.012800
0.736000 0.481600 0.011200
0.720000 0.482400 0.011200
0.241600 0.496000 0.012800
0.180000 0.496800 0.008800
0.196000 0.496800 0.011200
0.216800 0.496800 0.012800
0.257600 0.496800 0.008800
0.269600 0.496800 0.008800
0.148800 0.497600 0.012000
0.166400 0.497600 0.011200
0.173600 0.497600 0.012800
0.286400 0.498400 0.010400
0.302400 0.498400 0.011200
0.128000 0.499200 0.014400
0.332000 0.500000 0.010400
0.347200 0.500000 0.011200
0.361600 0.500000 0.011200
0.376000 0.500000 0.008800
0.317600 0.502400 0.008800
0.389600 0.502400 0.013600
0.428800 0.502400 0.011200
0.446400 0.502400 0.011200
0.463200 0.502400 0.013600
0.469600 0.502400 0.013600
0.555200 0.502400 0.013600
0.732800 0.502400 0.012800
0.777600 0.502400 0.011200
0.840800 0.502400 0.013600
0.410400 0.503200 0.011200
0.514400 0.503200 0.012000
0.536800 0.503200 0.011200
0.564800 0.503200 0.011200
0.760000 0.503200 0.011200
0.848800 0.503200 0.015200
0.874400 0.503200 0.016800
0.492800 0.504000 0.013600
0.742400 0.504000 0.011200
0.793600 0.504000 0.010400
0.810400 0.504000 0.011200
0.827200 0.504000 0.011200
0.860000 0.504000 0.008800
0.580800 0.504800 0.012800
0.715200 0.504800 0.010400
0.603200 0.505600 0.011200
0.634400 0.505600 0.012000
0.616000 0.506400 0.011200
0.653600 0.506400 0.011200
0.701600 0.506400 0.008800
0.688000 0.507200 0.012800
0.669600 0.508800 0.011200
0.180000 0.521600 0.013600
0.278400 0.521600 0.011200
0.319200 0.521600 0.014400
0.345600 0.521600 0.009600
0.161600 0.522400 0.016800
0.202400 0.522400 0.012800
0.219200 0.522400 0.011200
0.296800 0.522400 0.011200
0.153600 0.523200 0.015200
0.235200 0.523200 0.011200
0.362400 0.523200 0.011200
0.255200 0.524000 0.016000
0.404800 0.524000 0.015200
0.136800 0.524800 0.019200
0.384000 0.524800 0.013600
0.458400 0.524800 0.011200
0.473600 0.524800 0.011200
0.508800 0.525600 0.011200
0.544800 0.525600 0.012800
0.709600 0.525600 0.016800
0.862400 0.525600 0.011200
0.429600 0.526400 0.011200
0.447200 0.526400 0.009600
0.490400 0.526400 0.010400
0.525600 0.527200 0.011200
0.848800 0.527200 0.008800
0.570400 0.528000 0.015200
0.620800 0.528000 0.008800
0.718400 0.528800 0.016800
0.756000 0.528800 0.014400
0.778400 0.528800 0.011200
0.799200 0.528800 0.013600
0.835200 0.528800 0.010400
0.880800 0.528800 0.013600
0.592000 0.529600 0.011200
0.608800 0.529600 0.011200
0.640000 0.529600 0.013600
0.658400 0.529600 0.012800
0.685600 0.529600 0.016000
0.736800 0.529600 0.011200
0.820000 0.529600 0.011200
