0.150400 0.025600 0.019200
0.173600 0.028000 0.011200
0.192800 0.028000 0.012800
0.210400 0.028800 0.011200
0.228000 0.028800 0.024800
0.850400 0.029600 0.008800
0.860800 0.029600 0.020000
0.174400 0.060000 0.013600
0.136800 0.061600 0.013600
0.156000 0.061600 0.011200
0.190400 0.061600 0.016000
0.252000 0.061600 0.011200
0.268000 0.061600 0.008800
0.200800 0.062400 0.016800
0.220800 0.062400 0.008800
0.320800 0.062400 0.011200
0.367200 0.062400 0.008800
0.210400 0.063200 0.005600
0.236800 0.063200 0.011200
0.306400 0.063200 0.008800
0.385600 0.063200 0.012800
0.280800 0.064000 0.008800
0.294400 0.064000 0.008800
0.332800 0.064000 0.005600
0.340800 0.064000 0.012800
0.355200 0.064000 0.008800
0.404800 0.064000 0.011200
0.424000 0.064000 0.011200
0.447200 0.064000 0.016800
0.459200 0.064000 0.005600
0.471200 0.064800 0.016800
0.492000 0.064800 0.012800
0.512000 0.064800 0.011200
0.565600 0.064800 0.011200
0.609600 0.064800 0.008800
0.531200 0.065600 0.012800
0.583200 0.065600 0.011200
0.597600 0.065600 0.009600
0.685600 0.065600 0.011200
0.704800 0.065600 0.011200
0.738400 0.065600 0.008800
0.550400 0.066400 0.011200
0.636000 0.066400 0.008800
0.650400 0.066400 0.011200
0.723200 0.066400 0.011200
0.752800 0.066400 0.010400
0.819200 0.066400 0.014400
0.840000 0.066400 0.015200
0.667200 0.067200 0.011200
0.799200 0.067200 0.011200
0.626400 0.068000 0.016000
0.768000 0.068000 0.011200
0.784000 0.068000 0.011200
0.859200 0.068000 0.016800
0.877600 0.068000 0.016800
0.228000 0.088000 0.011200
0.398400 0.088000 0.010400
0.212000 0.088800 0.013600
0.275200 0.088800 0.013600
0.429600 0.088800 0.011200
0.244000 0.089600 0.011200
0.293600 0.089600 0.011200
0.193600 0.090400 0.013600
0.258400 0.090400 0.011200
0.310400 0.090400 0.011200
0.325600 0.090400 0.011200
0.343200 0.090400 0.013600
0.364000 0.090400 0.013600
0.383200 0.090400 0.011200
0.413600 0.090400 0.010400
0.549600 0.090400 0.011200
0.674400 0.090400 0.011200
0.718400 0.090400 0.010400
0.768800 0.090400 0.008800
0.778400 0.090400 0.005600
0.832800 0.090400 0.011200
0.136000 0.091200 0.016000
0.153600 0.091200 0.011200
0.444000 0.091200 0.008800
0.478400 0.091200 0.013600
0.507200 0.091200 0.013600
0.527200 0.091200 0.015200
0.536000 0.091200 0.016800
0.578400 0.091200 0.011200
0.599200 0.091200 0.011200
0.616000 0.091200 0.012000
0.653600 0.091200 0.011200
0.736000 0.091200 0.011200
0.753600 0.091200 0.008800
0.795200 0.091200 0.012800
0.816800 0.091200 0.011200
0.171200 0.092000 0.013600
0.458400 0.092000 0.011200
0.489600 0.092000 0.008800
0.564800 0.092000 0.011200
0.692000 0.092000 0.008800
0.704000 0.092000 0.008800
0.860800 0.092000 0.016000
0.635200 0.092800 0.011200
0.658400 0.113600 0.013600
0.176800 0.114400 0.011200
0.192800 0.114400 0.011200
0.244000 0.114400 0.010400
0.260000 0.114400 0.011200
0.580000 0.114400 0.011200
0.681600 0.114400 0.008800
0.780800 0.114400 0.013600
0.856800 0.114400 0.013600
0.425600 0.115200 0.005600
0.436000 0.115200 0.008800
0.544800 0.115200 0.013600
0.598400 0.115200 0.011200
0.640000 0.115200 0.011200
0.728800 0.115200 0.010400
0.815200 0.115200 0.010400
0.832000 0.115200 0.012800
0.134400 0.116000 0.012000
0.226400 0.116000 0.011200
0.275200 0.116000 0.008800
0.290400 0.116000 0.011200
0.312000 0.116000 0.013600
0.343200 0.116000 0.007200
0.379200 0.116000 0.013600
0.501600 0.116000 0.011200
0.522400 0.116000 0.013600
0.613600 0.116000 0.011200
0.622400 0.116000 0.013600
0.695200 0.116000 0.008800
0.711200 0.116000 0.011200
0.760800 0.116000 0.011200
0.799200 0.116000 0.011200
0.160000 0.116800 0.005600
0.210400 0.116800 0.011200
0.329600 0.116800 0.011200
0.356000 0.116800 0.008800
0.400000 0.116800 0.010400
0.415200 0.116800 0.008800
0.449600 0.116800 0.011200
0.562400 0.116800 0.009600
0.744800 0.116800 0.010400
0.150400 0.117600 0.008800
0.303200 0.117600 0.017600
0.365600 0.117600 0.016800
0.468800 0.117600 0.012800
0.486400 0.118400 0.011200
0.827200 0.138400 0.013600
0.559200 0.139200 0.012800
0.580800 0.139200 0.011200
0.872800 0.139200 0.013600
0.728000 0.140000 0.011200
0.788000 0.140000 0.012800
0.808000 0.140000 0.012000
0.851200 0.140000 0.013600
0.158400 0.140800 0.013600
0.765600 0.140800 0.013600
0.137600 0.141600 0.013600
0.200000 0.141600 0.011200
0.244800 0.141600 0.013600
0.261600 0.141600 0.011200
0.306400 0.141600 0.011200
0.746400 0.141600 0.011200
0.182400 0.142400 0.012000
0.220800 0.142400 0.013600
0.282400 0.142400 0.015200
0.324000 0.142400 0.011200
0.455200 0.142400 0.013600
0.540800 0.142400 0.008800
0.601600 0.142400 0.013600
0.619200 0.142400 0.011200
0.632800 0.142400 0.008800
0.660000 0.142400 0.011200
0.676800 0.142400 0.011200
0.708000 0.142400 0.012800
0.388000 0.143200 0.012800
0.410400 0.143200 0.013600
0.434400 0.143200 0.015200
0.503200 0.143200 0.012000
0.518400 0.143200 0.007200
0.531200 0.143200 0.008800
0.642400 0.143200 0.015200
0.692000 0.143200 0.011200
0.478400 0.144000 0.013600
0.341600 0.144800 0.011200
0.371200 0.144800 0.011200
0.356000 0.145600 0.008800
0.877600 0.162400 0.016800
0.130400 0.163200 0.017600
0.857600 0.164800 0.011200
0.821600 0.165600 0.011200
0.315200 0.166400 0.008800
0.840000 0.166400 0.011200
0.246400 0.167200 0.013600
0.269600 0.167200 0.013600
0.287200 0.167200 0.012800
0.304800 0.167200 0.008800
0.648000 0.167200 0.016800
0.139200 0.168000 0.020800
0.155200 0.168000 0.011200
0.232800 0.168000 0.010400
0.777600 0.168000 0.008800
0.805600 0.168000 0.009600
0.202400 0.168800 0.008800
0.226400 0.168800 0.004000
0.329600 0.168800 0.010400
0.345600 0.168800 0.016800
0.482400 0.168800 0.013600
0.568000 0.168800 0.013600
0.655200 0.168800 0.013600
0.710400 0.168800 0.011200
0.792800 0.168800 0.011200
0.187200 0.169600 0.011200
0.216800 0.169600 0.013600
0.371200 0.169600 0.011200
0.393600 0.169600 0.013600
0.416000 0.169600 0.011200
0.499200 0.169600 0.011200
0.538400 0.169600 0.016800
0.551200 0.169600 0.019200
0.590400 0.169600 0.011200
0.605600 0.169600 0.011200
0.636000 0.169600 0.008800
0.672800 0.169600 0.012800
0.692800 0.169600 0.011200
0.726400 0.169600 0.011200
0.757600 0.169600 0.013600
0.764800 0.169600 0.016000
0.771200 0.169600 0.005600
0.354400 0.170400 0.013600
0.518400 0.170400 0.012800
0.622400 0.170400 0.011200
0.744000 0.170400 0.011200
0.171200 0.171200 0.011200
0.448000 0.171200 0.010400
0.462400 0.171200 0.008800
0.432000 0.172000 0.011200
0.844000 0.191200 0.012000
0.736800 0.192000 0.012800
0.807200 0.192000 0.012800
0.862400 0.192000 0.012800
0.319200 0.192800 0.011200
0.484000 0.192800 0.012800
0.718400 0.192800 0.011200
0.740800 0.192800 0.012800
0.825600 0.192800 0.011200
0.286400 0.193600 0.011200
0.303200 0.193600 0.011200
0.761600 0.193600 0.012800
0.778400 0.193600 0.008800
0.791200 0.193600 0.011200
0.271200 0.194400 0.011200
0.334400 0.194400 0.012800
0.343200 0.194400 0.005600
0.505600 0.194400 0.011200
0.536800 0.194400 0.011200
0.572800 0.194400 0.013600
0.633600 0.194400 0.011200
0.651200 0.194400 0.011200
0.688000 0.194400 0.013600
0.700800 0.194400 0.011200
0.219200 0.195200 0.012000
0.356800 0.195200 0.010400
0.372000 0.195200 0.010400
0.388800 0.195200 0.011200
0.521600 0.195200 0.011200
0.546400 0.195200 0.013600
0.598400 0.195200 0.015200
0.616000 0.195200 0.011200
0.668000 0.195200 0.011200
0.679200 0.195200 0.005600
0.131200 0.196000 0.013600
0.146400 0.196000 0.011200
0.162400 0.196000 0.010400
0.182400 0.196000 0.012800
0.200800 0.196000 0.011200
0.242400 0.196000 0.016000
0.260000 0.196000 0.013600
0.458400 0.196000 0.013600
0.568800 0.196000 0.014400
0.407200 0.196800 0.011200
0.438400 0.196800 0.011200
0.423200 0.197600 0.010400
0.848000 0.217600 0.011200
0.460800 0.220000 0.011200
0.480000 0.220000 0.013600
0.727200 0.220000 0.012800
0.782400 0.220000 0.012800
0.800000 0.220000 0.011200
0.866400 0.220000 0.013600
0.224800 0.220800 0.016800
0.278400 0.220800 0.008800
0.288800 0.220800 0.016800
0.412000 0.220800 0.012800
0.447200 0.220800 0.008800
0.541600 0.220800 0.015200
0.596800 0.220800 0.008800
0.608000 0.220800 0.008800
0.710400 0.220800 0.011200
0.745600 0.220800 0.011200
0.815200 0.220800 0.011200
0.832000 0.220800 0.011200
0.264800 0.221600 0.011200
0.329600 0.221600 0.016000
0.348800 0.221600 0.011200
0.376000 0.221600 0.018400
0.495200 0.221600 0.008800
0.579200 0.221600 0.012800
0.623200 0.221600 0.012800
0.673600 0.221600 0.011200
0.693600 0.221600 0.012000
0.764000 0.221600 0.011200
0.209600 0.222400 0.010400
0.305600 0.222400 0.012800
0.506400 0.222400 0.008800
0.525600 0.222400 0.012800
0.192000 0.223200 0.016000
0.248000 0.223200 0.010400
0.395200 0.223200 0.011200
0.432800 0.223200 0.011200
0.549600 0.223200 0.016800
0.564000 0.223200 0.011200
0.657600 0.223200 0.011200
0.232800 0.224000 0.016800
0.417600 0.224000 0.013600
0.644800 0.224000 0.011200
0.132000 0.225600 0.019200
0.145600 0.225600 0.011200
0.162400 0.225600 0.015200
0.601600 0.246400 0.011200
0.404800 0.247200 0.011200
0.548000 0.247200 0.008800
0.740000 0.247200 0.012800
0.760800 0.247200 0.011200
0.778400 0.247200 0.011200
0.863200 0.247200 0.012800
0.297600 0.248000 0.012800
0.617600 0.248000 0.013600
0.669600 0.248000 0.012800
0.690400 0.248000 0.011200
0.795200 0.248000 0.011200
0.812000 0.248000 0.011200
0.827200 0.248000 0.010400
0.277600 0.248800 0.011200
0.319200 0.248800 0.012800
0.339200 0.248800 0.012800
0.421600 0.248800 0.011200
0.436800 0.248800 0.008800
0.568000 0.248800 0.013600
0.584800 0.248800 0.011200
0.637600 0.248800 0.013600
0.707200 0.248800 0.010400
0.722400 0.248800 0.010400
0.263200 0.249600 0.011200
0.359200 0.249600 0.011200
0.448800 0.249600 0.016800
0.456800 0.249600 0.015200
0.488800 0.249600 0.011200
0.504000 0.249600 0.009600
0.538400 0.249600 0.016000
0.844000 0.249600 0.011200
0.128800 0.250400 0.016800
0.144000 0.250400 0.016000
0.196000 0.250400 0.005600
0.243200 0.250400 0.012800
0.390400 0.250400 0.008800
0.472000 0.250400 0.011200
0.519200 0.250400 0.011200
0.652000 0.250400 0.013600
0.377600 0.251200 0.011200
0.168000 0.252000 0.011200
0.184800 0.252000 0.011200
0.210400 0.252000 0.011200
0.225600 0.252000 0.008800
0.876800 0.271200 0.016000
0.841600 0.272000 0.011200
0.857600 0.272000 0.013600
0.866400 0.272000 0.018400
0.753600 0.272800 0.008000
0.636800 0.273600 0.012800
0.717600 0.273600 0.013600
0.740000 0.274400 0.013600
0.818400 0.274400 0.013600
0.824800 0.274400 0.015200
0.618400 0.275200 0.016800
0.694400 0.275200 0.013600
0.772800 0.275200 0.013600
0.608000 0.276000 0.008800
0.655200 0.276000 0.011200
0.674400 0.276000 0.013600
0.788000 0.276000 0.008800
0.801600 0.276000 0.011200
0.153600 0.276800 0.013600
0.232800 0.276800 0.008800
0.175200 0.277600 0.011200
0.202400 0.277600 0.011200
0.220000 0.277600 0.011200
0.257600 0.277600 0.011200
0.419200 0.277600 0.013600
0.460800 0.277600 0.011200
0.497600 0.277600 0.016000
0.190400 0.278400 0.008800
0.243200 0.278400 0.016800
0.320000 0.278400 0.016800
0.392000 0.278400 0.010400
0.404800 0.278400 0.008000
0.443200 0.278400 0.015200
0.480800 0.278400 0.012800
0.504000 0.278400 0.016800
0.540000 0.278400 0.015200
0.583200 0.278400 0.016800
0.594400 0.278400 0.019200
0.294400 0.279200 0.015200
0.310400 0.279200 0.018400
0.336000 0.279200 0.011200
0.368800 0.279200 0.016000
0.377600 0.279200 0.016800
0.564000 0.279200 0.014400
0.138400 0.280000 0.008800
0.274400 0.280000 0.013600
0.354400 0.280000 0.011200
0.518400 0.280000 0.011200
0.126400 0.280800 0.019200
0.284000 0.280800 0.005600
0.745600 0.301600 0.018400
0.205600 0.302400 0.011200
0.223200 0.302400 0.013600
0.820800 0.302400 0.008800
0.836000 0.302400 0.009600
0.848800 0.302400 0.007200
0.860000 0.302400 0.016000
0.278400 0.303200 0.016000
0.287200 0.303200 0.016000
0.352000 0.303200 0.008800
0.753600 0.303200 0.016800
0.808000 0.303200 0.008800
0.188800 0.304000 0.008800
0.243200 0.304000 0.008800
0.256000 0.304000 0.008800
0.424000 0.304000 0.011200
0.458400 0.304000 0.016800
0.612000 0.304000 0.011200
0.713600 0.304000 0.012800
0.730400 0.304000 0.011200
0.771200 0.304000 0.012800
0.790400 0.304000 0.012800
0.145600 0.304800 0.008800
0.266400 0.304800 0.005600
0.301600 0.304800 0.008800
0.316000 0.304800 0.008800
0.631200 0.304800 0.016800
0.680000 0.304800 0.007200
0.694400 0.304800 0.011200
0.160000 0.305600 0.009600
0.174400 0.305600 0.010400
0.340000 0.305600 0.009600
0.367200 0.305600 0.011200
0.405600 0.305600 0.012800
0.440800 0.305600 0.012000
0.467200 0.305600 0.015200
0.507200 0.305600 0.013600
0.554400 0.305600 0.013600
0.578400 0.305600 0.013600
0.596000 0.305600 0.009600
0.649600 0.305600 0.012800
0.667200 0.305600 0.010400
0.128800 0.306400 0.012800
0.325600 0.306400 0.007200
0.384800 0.306400 0.011200
0.485600 0.306400 0.011200
0.532000 0.306400 0.013600
0.820000 0.324800 0.013600
0.841600 0.325600 0.012800
0.869600 0.325600 0.016800
0.796800 0.326400 0.012800
0.860800 0.326400 0.013600
0.773600 0.327200 0.011200
0.593600 0.328000 0.011200
0.669600 0.328800 0.013600
0.752000 0.328800 0.012000
0.216000 0.329600 0.015200
0.231200 0.329600 0.013600
0.712800 0.329600 0.012800
0.127200 0.330400 0.016000
0.573600 0.330400 0.013600
0.690400 0.330400 0.013600
0.734400 0.330400 0.011200
0.182400 0.331200 0.008800
0.208800 0.331200 0.016800
0.256000 0.331200 0.013600
0.269600 0.331200 0.008000
0.348000 0.331200 0.011200
0.494400 0.331200 0.013600
0.610400 0.331200 0.011200
0.625600 0.331200 0.012800
0.648800 0.331200 0.013600
0.148800 0.332000 0.015200
0.279200 0.332000 0.006400
0.304800 0.332000 0.008800
0.333600 0.332000 0.010400
0.365600 0.332000 0.011200
0.385600 0.332000 0.013600
0.508800 0.332000 0.008800
0.518400 0.332000 0.015200
0.535200 0.332000 0.011200
0.156000 0.332800 0.013600
0.169600 0.332800 0.008800
0.195200 0.332800 0.011200
0.292800 0.332800 0.009600
0.318400 0.332800 0.010400
0.405600 0.332800 0.011200
0.421600 0.332800 0.008800
0.432800 0.332800 0.007200
0.444800 0.332800 0.011200
0.464000 0.332800 0.011200
0.476000 0.332800 0.005600
0.552000 0.332800 0.011200
0.780000 0.350400 0.016800
0.842400 0.351200 0.011200
0.860800 0.351200 0.013600
0.789600 0.352800 0.018400
0.807200 0.352800 0.012800
0.824800 0.352800 0.011200
0.720800 0.353600 0.013600
0.764000 0.353600 0.012800
0.742400 0.354400 0.013600
0.260000 0.355200 0.011200
0.327200 0.355200 0.008800
0.337600 0.355200 0.011200
0.216000 0.356800 0.012000
0.286400 0.356800 0.013600
0.376000 0.356800 0.012800
0.697600 0.356800 0.012800
0.200000 0.357600 0.013600
0.245600 0.357600 0.008800
0.270400 0.357600 0.016800
0.312800 0.357600 0.012800
0.356000 0.357600 0.011200
0.456800 0.357600 0.013600
0.476000 0.357600 0.013600
0.495200 0.357600 0.011200
0.548800 0.357600 0.010400
0.580800 0.357600 0.011200
0.677600 0.357600 0.011200
0.177600 0.358400 0.011200
0.235200 0.358400 0.011200
0.396000 0.358400 0.011200
0.563200 0.358400 0.015200
0.573600 0.358400 0.005600
0.596000 0.358400 0.012800
0.129600 0.359200 0.012000
0.145600 0.359200 0.008800
0.412000 0.359200 0.012800
0.437600 0.359200 0.014400
0.511200 0.359200 0.011200
0.528000 0.359200 0.013600
0.638400 0.359200 0.011200
0.656000 0.359200 0.013600
0.160800 0.360000 0.011200
0.616800 0.360000 0.013600
0.870400 0.380000 0.015200
0.852000 0.380800 0.013600
0.236000 0.382400 0.012800
0.370400 0.382400 0.013600
0.813600 0.382400 0.011200
0.828800 0.382400 0.013600
0.536000 0.383200 0.016800
0.723200 0.383200 0.013600
0.744800 0.383200 0.012000
0.780000 0.383200 0.011200
0.797600 0.383200 0.011200
0.128000 0.384000 0.016800
0.214400 0.384000 0.013600
0.256000 0.384000 0.012000
0.274400 0.384000 0.012800
0.324000 0.384000 0.008800
0.527200 0.384000 0.016800
0.552000 0.384000 0.011200
0.683200 0.384000 0.011200
0.698400 0.384000 0.016800
0.708800 0.384000 0.016800
0.763200 0.384000 0.011200
0.162400 0.384800 0.012000
0.180000 0.384800 0.008800
0.192000 0.384800 0.016800
0.310400 0.384800 0.008800
0.392000 0.384800 0.011200
0.427200 0.384800 0.013600
0.446400 0.384800 0.011200
0.483200 0.384800 0.011200
0.512000 0.384800 0.008800
0.573600 0.384800 0.013600
0.665600 0.384800 0.015200
0.146400 0.385600 0.011200
0.295200 0.385600 0.011200
0.462400 0.385600 0.013600
0.499200 0.385600 0.008800
0.608000 0.385600 0.011200
0.622400 0.385600 0.011200
0.340000 0.386400 0.011200
0.355200 0.386400 0.010400
0.408000 0.386400 0.011200
0.591200 0.386400 0.012800
0.640800 0.386400 0.012800
0.867200 0.405600 0.011200
0.851200 0.406400 0.011200
0.881600 0.406400 0.016800
0.723200 0.408800 0.011200
0.779200 0.408800 0.013600
0.787200 0.408800 0.016800
0.834400 0.408800 0.008800
0.741600 0.409600 0.012800
0.820800 0.409600 0.008800
0.704800 0.410400 0.012000
0.761600 0.410400 0.011200
0.804800 0.410400 0.011200
0.584800 0.412000 0.008800
0.684800 0.412000 0.012800
0.300800 0.412800 0.011200
0.436800 0.412800 0.016800
0.602400 0.412800 0.012800
0.628000 0.412800 0.013600
0.647200 0.412800 0.012000
0.665600 0.412800 0.011200
0.256000 0.413600 0.007200
0.285600 0.413600 0.013600
0.382400 0.413600 0.011200
0.402400 0.413600 0.012800
0.569600 0.413600 0.012800
0.319200 0.414400 0.011200
0.422400 0.414400 0.011200
0.460000 0.414400 0.013600
0.123200 0.415200 0.019200
0.173600 0.415200 0.012800
0.244800 0.415200 0.007200
0.267200 0.415200 0.016800
0.335200 0.415200 0.011200
0.351200 0.415200 0.010400
0.515200 0.415200 0.019200
0.524000 0.415200 0.016000
0.548000 0.415200 0.016000
0.193600 0.416000 0.011200
0.212000 0.416000 0.012800
0.367200 0.416000 0.011200
0.444000 0.416000 0.016000
0.483200 0.416000 0.011200
0.500000 0.416000 0.011200
0.135200 0.416800 0.019200
0.154400 0.417600 0.012800
0.231200 0.417600 0.012000
0.878400 0.433600 0.016800
0.788800 0.436000 0.011200
0.858400 0.436000 0.013600
0.743200 0.436800 0.013600
0.769600 0.436800 0.013600
0.824000 0.436800 0.011200
0.806400 0.437600 0.012800
0.839200 0.437600 0.011200
0.721600 0.438400 0.013600
0.672800 0.439200 0.016800
0.700000 0.440000 0.011200
0.340800 0.440800 0.013600
0.384800 0.440800 0.010400
0.400000 0.440800 0.010400
0.414400 0.440800 0.013600
0.435200 0.440800 0.011200
0.458400 0.440800 0.013600
0.479200 0.440800 0.011200
0.494400 0.440800 0.008800
0.507200 0.440800 0.013600
0.548800 0.440800 0.011200
0.565600 0.440800 0.012800
0.584800 0.440800 0.012800
0.603200 0.440800 0.011200
0.653600 0.440800 0.011200
0.212000 0.441600 0.012800
0.271200 0.441600 0.015200
0.280800 0.441600 0.016800
0.293600 0.441600 0.013600
0.313600 0.441600 0.016000
0.366400 0.441600 0.013600
0.530400 0.441600 0.012800
0.622400 0.441600 0.012000
0.679200 0.441600 0.016800
0.324000 0.442400 0.008800
0.637600 0.442400 0.010400
0.232000 0.443200 0.013600
0.255200 0.443200 0.011200
0.156800 0.444000 0.008800
0.193600 0.444000 0.012000
0.127200 0.444800 0.013600
0.145600 0.444800 0.008800
0.172800 0.444800 0.012800
0.835200 0.463200 0.011200
0.817600 0.464000 0.011200
0.850400 0.464000 0.011200
0.772800 0.464800 0.011200
0.872000 0.464800 0.016000
0.788800 0.465600 0.008800
0.800800 0.465600 0.008800
0.334400 0.467200 0.016000
0.404800 0.467200 0.011200
0.747200 0.467200 0.016800
0.212000 0.468000 0.013600
0.341600 0.468000 0.013600
0.264800 0.468800 0.009600
0.376800 0.468800 0.009600
0.391200 0.468800 0.008800
0.419200 0.468800 0.008800
0.730400 0.468800 0.010400
0.235200 0.469600 0.011200
0.279200 0.469600 0.016800
0.290400 0.469600 0.008800
0.321600 0.469600 0.010400
0.353600 0.469600 0.008000
0.363200 0.469600 0.005600
0.428800 0.469600 0.008800
0.714400 0.469600 0.011200
0.160000 0.470400 0.010400
0.178400 0.470400 0.012000
0.305600 0.470400 0.011200
0.474400 0.470400 0.011200
0.252800 0.471200 0.008800
0.492000 0.471200 0.011200
0.508800 0.471200 0.008800
0.620000 0.471200 0.010400
0.634400 0.471200 0.010400
0.648800 0.471200 0.008800
0.664800 0.471200 0.011200
0.682400 0.471200 0.011200
0.127200 0.472000 0.013600
0.144800 0.472000 0.011200
0.195200 0.472000 0.011200
0.440800 0.472000 0.008800
0.456000 0.472000 0.010400
0.518400 0.472000 0.005600
0.532000 0.472000 0.011200
0.572800 0.472000 0.012000
0.591200 0.472000 0.008800
0.604000 0.472000 0.008800
0.697600 0.472800 0.011200
0.549600 0.473600 0.015200
0.557600 0.473600 0.016800
0.820000 0.491200 0.010400
0.833600 0.492000 0.011200
0.860800 0.492000 0.016800
0.372000 0.492800 0.013600
0.724800 0.492800 0.016000
0.851200 0.492800 0.021600
0.276000 0.493600 0.005600
0.313600 0.493600 0.013600
0.770400 0.493600 0.016800
0.780800 0.493600 0.005600
0.791200 0.493600 0.008800
0.167200 0.494400 0.008800
0.288800 0.494400 0.013600
0.332000 0.494400 0.011200
0.349600 0.494400 0.012800
0.805600 0.494400 0.011200
0.179200 0.495200 0.007200
0.211200 0.495200 0.011200
0.264800 0.495200 0.011200
0.390400 0.495200 0.011200
0.460800 0.495200 0.016000
0.492000 0.495200 0.013600
0.707200 0.495200 0.011200
0.752000 0.495200 0.012800
0.150400 0.496000 0.011200
0.225600 0.496000 0.008800
0.235200 0.496000 0.005600
0.248800 0.496000 0.011200
0.432800 0.496000 0.012800
0.480800 0.496000 0.013600
0.192800 0.496800 0.012800
0.410400 0.496800 0.013600
0.510400 0.496800 0.011200
0.552800 0.496800 0.011200
0.641600 0.496800 0.019200
0.677600 0.496800 0.012800
0.124800 0.497600 0.016800
0.543200 0.497600 0.019200
0.592000 0.497600 0.011200
0.612000 0.497600 0.012800
0.631200 0.497600 0.016800
0.656000 0.497600 0.013600
0.695200 0.497600 0.011200
0.131200 0.498400 0.016800
0.528000 0.498400 0.011200
0.572000 0.498400 0.012800
0.576000 0.498400 0.016800
0.198400 0.537600 0.027200
0.209600 0.538400 0.027200
