0.237600 0.034400 0.013600
0.205600 0.036800 0.012800
0.221600 0.036800 0.008800
0.164000 0.037600 0.019200
0.185600 0.038400 0.011200
0.836800 0.039200 0.013600
0.852000 0.039200 0.022400
0.399200 0.070400 0.013600
0.431200 0.071200 0.021600
0.265600 0.072000 0.018400
0.416800 0.072000 0.008800
0.500800 0.072000 0.012800
0.145600 0.072800 0.016800
0.158400 0.072800 0.008800
0.168000 0.072800 0.015200
0.364000 0.072800 0.011200
0.380000 0.072800 0.011200
0.451200 0.072800 0.013600
0.517600 0.072800 0.011200
0.532800 0.072800 0.011200
0.554400 0.072800 0.013600
0.187200 0.073600 0.011200
0.198400 0.073600 0.008800
0.274400 0.073600 0.022400
0.296800 0.073600 0.013600
0.440800 0.073600 0.005600
0.597600 0.073600 0.005600
0.619200 0.073600 0.008000
0.646400 0.073600 0.012800
0.667200 0.073600 0.012800
0.831200 0.073600 0.013600
0.212000 0.074400 0.011200
0.338400 0.074400 0.016800
0.350400 0.074400 0.008800
0.586400 0.074400 0.008800
0.630400 0.074400 0.008800
0.312800 0.075200 0.013600
0.469600 0.075200 0.008800
0.482400 0.075200 0.011200
0.572000 0.075200 0.011200
0.607200 0.075200 0.007200
0.700000 0.075200 0.013600
0.706400 0.075200 0.013600
0.229600 0.076000 0.011200
0.245600 0.076000 0.011200
0.684800 0.076000 0.011200
0.720000 0.076000 0.011200
0.808000 0.076000 0.013600
0.850400 0.076000 0.012800
0.869600 0.076000 0.013600
0.735200 0.077600 0.008800
0.749600 0.078400 0.008800
0.790400 0.078400 0.011200
0.768000 0.079200 0.015200
0.639200 0.096800 0.008800
0.487200 0.098400 0.012800
0.212800 0.099200 0.013600
0.359200 0.099200 0.013600
0.544800 0.099200 0.011200
0.557600 0.099200 0.008800
0.648800 0.099200 0.016000
0.148800 0.100000 0.016800
0.223200 0.100000 0.008800
0.507200 0.100000 0.012800
0.576800 0.100000 0.012800
0.599200 0.100000 0.012800
0.624800 0.100000 0.013600
0.665600 0.100000 0.011200
0.686400 0.100000 0.012800
0.378400 0.100800 0.011200
0.404800 0.100800 0.011200
0.445600 0.100800 0.013600
0.466400 0.100800 0.012800
0.524800 0.100800 0.012800
0.168800 0.101600 0.012800
0.236800 0.101600 0.008800
0.391200 0.101600 0.007200
0.427200 0.101600 0.013600
0.186400 0.102400 0.016800
0.197600 0.102400 0.008800
0.250400 0.102400 0.011200
0.309600 0.102400 0.005600
0.337600 0.102400 0.011200
0.705600 0.102400 0.011200
0.722400 0.102400 0.011200
0.780800 0.102400 0.013600
0.844800 0.102400 0.012800
0.284000 0.103200 0.011200
0.300000 0.103200 0.013600
0.320000 0.103200 0.013600
0.759200 0.103200 0.011200
0.802400 0.103200 0.016800
0.268000 0.104000 0.011200
0.742400 0.104000 0.011200
0.813600 0.104000 0.008800
0.826400 0.104000 0.008800
0.888000 0.104000 0.007200
0.864000 0.104800 0.011200
0.879200 0.104800 0.022400
0.608000 0.127200 0.016800
0.314400 0.128000 0.018400
0.631200 0.128000 0.014400
0.652000 0.128000 0.011200
0.340000 0.128800 0.011200
0.563200 0.128800 0.011200
0.583200 0.128800 0.013600
0.670400 0.128800 0.011200
0.687200 0.128800 0.011200
0.323200 0.129600 0.016800
0.355200 0.129600 0.019200
0.509600 0.129600 0.016800
0.701600 0.129600 0.010400
0.784000 0.129600 0.012800
0.267200 0.130400 0.008800
0.279200 0.130400 0.016800
0.498400 0.130400 0.021600
0.530400 0.130400 0.012000
0.747200 0.130400 0.010400
0.165600 0.131200 0.011200
0.247200 0.131200 0.015200
0.298400 0.131200 0.011200
0.412000 0.131200 0.018400
0.420800 0.131200 0.015200
0.436800 0.131200 0.011200
0.456000 0.131200 0.011200
0.547200 0.131200 0.011200
0.719200 0.131200 0.011200
0.765600 0.131200 0.012800
0.804000 0.131200 0.011200
0.868000 0.131200 0.013600
0.195200 0.132000 0.011200
0.378400 0.132000 0.011200
0.396800 0.132000 0.011200
0.470400 0.132000 0.008800
0.484000 0.132000 0.011200
0.817600 0.132000 0.011200
0.832800 0.132000 0.011200
0.140000 0.132800 0.017600
0.148800 0.132800 0.019200
0.180800 0.132800 0.008800
0.212800 0.132800 0.011200
0.228800 0.132800 0.011200
0.732800 0.132800 0.008800
0.850400 0.132800 0.011200
0.697600 0.156800 0.013600
0.767200 0.156800 0.011200
0.848000 0.156800 0.012800
0.533600 0.157600 0.011200
0.876800 0.157600 0.020000
0.516800 0.158400 0.011200
0.641600 0.158400 0.011200
0.658400 0.158400 0.012800
0.729600 0.158400 0.010400
0.747200 0.158400 0.014400
0.804000 0.158400 0.012800
0.423200 0.159200 0.015200
0.446400 0.159200 0.011200
0.479200 0.159200 0.012000
0.562400 0.159200 0.005600
0.621600 0.159200 0.013600
0.680800 0.159200 0.012800
0.716000 0.159200 0.008800
0.784800 0.159200 0.012800
0.824800 0.159200 0.013600
0.404000 0.160000 0.011200
0.498400 0.160000 0.011200
0.550400 0.160000 0.011200
0.571200 0.160000 0.016800
0.585600 0.160000 0.011200
0.283200 0.160800 0.007200
0.292800 0.160800 0.016800
0.312800 0.160800 0.013600
0.387200 0.160800 0.011200
0.462400 0.160800 0.011200
0.247200 0.161600 0.015200
0.333600 0.161600 0.013600
0.603200 0.161600 0.011200
0.270400 0.162400 0.011200
0.353600 0.162400 0.011200
0.220000 0.163200 0.005600
0.368800 0.163200 0.011200
0.146400 0.164000 0.013600
0.164000 0.164000 0.012800
0.195200 0.164000 0.008800
0.209600 0.164000 0.008800
0.231200 0.164000 0.008800
0.180800 0.164800 0.011200
0.844000 0.186400 0.011200
0.865600 0.186400 0.013600
0.460000 0.187200 0.016800
0.822400 0.187200 0.013600
0.408000 0.188000 0.013600
0.430400 0.188000 0.013600
0.477600 0.188000 0.012800
0.692000 0.188000 0.012800
0.715200 0.188000 0.016800
0.449600 0.188800 0.008800
0.620800 0.188800 0.016000
0.740800 0.188800 0.012800
0.760800 0.188800 0.013600
0.777600 0.188800 0.011200
0.795200 0.188800 0.013600
0.573600 0.189600 0.012800
0.594400 0.189600 0.011200
0.612000 0.189600 0.015200
0.644800 0.189600 0.013600
0.232000 0.190400 0.011200
0.388000 0.190400 0.011200
0.496800 0.190400 0.011200
0.537600 0.190400 0.012000
0.668000 0.190400 0.015200
0.206400 0.191200 0.019200
0.517600 0.191200 0.013600
0.191200 0.192000 0.016800
0.288800 0.192000 0.019200
0.360000 0.192000 0.011200
0.374400 0.192000 0.008800
0.555200 0.192000 0.011200
0.182400 0.192800 0.016800
0.249600 0.192800 0.011200
0.275200 0.192800 0.009600
0.262400 0.193600 0.008000
0.309600 0.193600 0.013600
0.343200 0.193600 0.011200
0.162400 0.194400 0.013600
0.327200 0.194400 0.011200
0.147200 0.196800 0.019200
0.823200 0.214400 0.013600
0.858400 0.214400 0.011200
0.875200 0.214400 0.013600
0.804800 0.215200 0.016000
0.843200 0.215200 0.011200
0.712000 0.216000 0.013600
0.496800 0.216800 0.012800
0.643200 0.216800 0.008800
0.672000 0.216800 0.011200
0.691200 0.216800 0.011200
0.782400 0.216800 0.011200
0.449600 0.217600 0.013600
0.549600 0.217600 0.011200
0.628800 0.217600 0.011200
0.653600 0.217600 0.016800
0.467200 0.218400 0.019200
0.477600 0.218400 0.016800
0.516000 0.218400 0.011200
0.596800 0.218400 0.008800
0.733600 0.218400 0.013600
0.766400 0.218400 0.013600
0.403200 0.219200 0.011200
0.427200 0.219200 0.013600
0.532000 0.219200 0.011200
0.565600 0.219200 0.011200
0.752000 0.219200 0.016800
0.390400 0.220000 0.008800
0.610400 0.220000 0.011200
0.354400 0.220800 0.008800
0.363200 0.220800 0.016800
0.378400 0.220800 0.011200
0.580000 0.220800 0.011200
0.216000 0.222400 0.016800
0.264800 0.222400 0.011200
0.282400 0.222400 0.013600
0.294400 0.222400 0.011200
0.194400 0.223200 0.011200
0.249600 0.223200 0.011200
0.313600 0.223200 0.016800
0.339200 0.223200 0.012000
0.232800 0.224000 0.011200
0.145600 0.225600 0.013600
0.179200 0.225600 0.011200
0.160800 0.226400 0.011200
0.820800 0.242400 0.014400
0.811200 0.243200 0.020800
0.781600 0.244000 0.012800
0.828000 0.244000 0.005600
0.849600 0.244000 0.008800
0.838400 0.244800 0.007200
0.863200 0.244800 0.008800
0.876800 0.244800 0.011200
0.692800 0.245600 0.008800
0.798400 0.245600 0.010400
0.412800 0.246400 0.011200
0.425600 0.246400 0.008800
0.650400 0.246400 0.012800
0.757600 0.246400 0.013600
0.892000 0.246400 0.021600
0.442400 0.247200 0.013600
0.632000 0.247200 0.008800
0.664800 0.247200 0.008800
0.722400 0.247200 0.012000
0.396800 0.248000 0.011200
0.597600 0.248000 0.011200
0.679200 0.248000 0.011200
0.704000 0.248000 0.011200
0.740000 0.248000 0.011200
0.377600 0.248800 0.011200
0.486400 0.248800 0.008800
0.504000 0.248800 0.015200
0.527200 0.248800 0.013600
0.552000 0.248800 0.014400
0.613600 0.248800 0.012800
0.313600 0.249600 0.011200
0.350400 0.249600 0.013600
0.365600 0.249600 0.011200
0.576000 0.249600 0.014400
0.331200 0.250400 0.012800
0.461600 0.250400 0.008800
0.473600 0.250400 0.008800
0.276000 0.251200 0.012800
0.295200 0.251200 0.012000
0.170400 0.252000 0.012800
0.221600 0.252000 0.011200
0.188800 0.252800 0.010400
0.255200 0.252800 0.011200
0.149600 0.253600 0.013600
0.204000 0.253600 0.011200
0.240000 0.254400 0.011200
0.176800 0.267200 0.005600
0.809600 0.269600 0.013600
0.833600 0.269600 0.008800
0.789600 0.271200 0.011200
0.819200 0.271200 0.019200
0.862400 0.271200 0.009600
0.847200 0.272000 0.008800
0.878400 0.272800 0.012800
0.773600 0.273600 0.011200
0.373600 0.274400 0.008800
0.584800 0.274400 0.012800
0.600000 0.274400 0.008800
0.739200 0.274400 0.011200
0.756000 0.274400 0.011200
0.428000 0.275200 0.012000
0.363200 0.276000 0.008800
0.410400 0.276000 0.013600
0.533600 0.276000 0.011200
0.566400 0.276000 0.011200
0.609600 0.276000 0.016800
0.715200 0.276000 0.016000
0.388000 0.276800 0.017600
0.450400 0.276800 0.012000
0.500800 0.276800 0.011200
0.516800 0.276800 0.011200
0.551200 0.276800 0.011200
0.643200 0.276800 0.012800
0.680000 0.276800 0.011200
0.697600 0.276800 0.011200
0.280000 0.277600 0.011200
0.333600 0.277600 0.011200
0.348800 0.277600 0.011200
0.484000 0.277600 0.011200
0.662400 0.277600 0.011200
0.259200 0.278400 0.013600
0.296000 0.278400 0.011200
0.314400 0.278400 0.012800
0.467200 0.278400 0.011200
0.624800 0.278400 0.011200
0.224000 0.279200 0.011200
0.239200 0.279200 0.011200
0.204000 0.280000 0.013600
0.182400 0.282400 0.013600
0.147200 0.284800 0.019200
0.160800 0.284800 0.013600
0.076000 0.285600 0.011200
0.089600 0.285600 0.007200
0.099200 0.285600 0.007200
0.112000 0.286400 0.018400
0.029600 0.287200 0.020800
0.041600 0.288000 0.008800
0.057600 0.288000 0.011200
0.813600 0.294400 0.008800
0.800000 0.296000 0.010400
0.860000 0.296000 0.011200
0.825600 0.296800 0.011200
0.842400 0.296800 0.010400
0.878400 0.296800 0.013600
0.779200 0.297600 0.014400
0.745600 0.298400 0.012800
0.763200 0.300000 0.011200
0.618400 0.300800 0.011200
0.430400 0.301600 0.015200
0.669600 0.301600 0.013600
0.724800 0.301600 0.010400
0.709600 0.302400 0.011200
0.532800 0.303200 0.013600
0.597600 0.303200 0.012800
0.636000 0.303200 0.011200
0.687200 0.303200 0.013600
0.656000 0.304000 0.013600
0.408800 0.304800 0.012800
0.468800 0.304800 0.011200
0.516000 0.304800 0.005600
0.555200 0.304800 0.012800
0.576000 0.304800 0.013600
0.265600 0.305600 0.011200
0.327200 0.305600 0.005600
0.389600 0.305600 0.012800
0.282400 0.306400 0.011200
0.296800 0.306400 0.011200
0.336800 0.306400 0.007200
0.349600 0.306400 0.008800
0.452000 0.306400 0.012800
0.487200 0.306400 0.013600
0.314400 0.307200 0.011200
0.364800 0.307200 0.013600
0.505600 0.307200 0.016800
0.216800 0.308000 0.007200
0.228800 0.308000 0.011200
0.247200 0.308000 0.012000
0.205600 0.308800 0.016000
0.165600 0.310400 0.011200
0.185600 0.310400 0.011200
0.148800 0.311200 0.011200
0.838400 0.325600 0.012800
0.860000 0.325600 0.012800
0.818400 0.326400 0.012800
0.880800 0.326400 0.015200
0.800800 0.327200 0.011200
0.784800 0.328000 0.012800
0.712000 0.328800 0.011200
0.744800 0.328800 0.011200
0.768800 0.328800 0.005600
0.693600 0.329600 0.011200
0.729600 0.329600 0.011200
0.760000 0.329600 0.013600
0.602400 0.330400 0.011200
0.636000 0.331200 0.011200
0.678400 0.331200 0.011200
0.622400 0.332000 0.011200
0.659200 0.332000 0.013600
0.385600 0.332800 0.015200
0.407200 0.332800 0.016800
0.553600 0.332800 0.010400
0.579200 0.332800 0.007200
0.590400 0.332800 0.008800
0.519200 0.333600 0.008800
0.540000 0.333600 0.007200
0.567200 0.333600 0.008800
0.296800 0.334400 0.013600
0.338400 0.334400 0.016800
0.346400 0.334400 0.016800
0.366400 0.334400 0.012800
0.432000 0.334400 0.011200
0.452000 0.334400 0.013600
0.504800 0.334400 0.011200
0.529600 0.334400 0.008800
0.209600 0.335200 0.012800
0.256000 0.335200 0.011200
0.319200 0.335200 0.012800
0.392800 0.335200 0.016800
0.416000 0.335200 0.019200
0.168000 0.336000 0.011200
0.273600 0.336000 0.012800
0.487200 0.336000 0.011200
0.241600 0.336800 0.008800
0.150400 0.337600 0.012800
0.188000 0.337600 0.012800
0.469600 0.337600 0.011200
0.227200 0.338400 0.011200
0.834400 0.355200 0.008800
0.863200 0.356800 0.011200
0.880800 0.356800 0.011200
0.903200 0.356800 0.014400
0.845600 0.357600 0.011200
0.894400 0.357600 0.007200
0.582400 0.358400 0.008800
0.786400 0.358400 0.011200
0.821600 0.359200 0.013600
0.801600 0.360000 0.008800
0.656000 0.360800 0.011200
0.673600 0.360800 0.016800
0.596000 0.361600 0.010400
0.611200 0.361600 0.008800
0.698400 0.361600 0.019200
0.768800 0.361600 0.013600
0.682400 0.362400 0.017600
0.712000 0.362400 0.013600
0.728800 0.362400 0.011200
0.523200 0.363200 0.011200
0.569600 0.363200 0.010400
0.625600 0.363200 0.010400
0.641600 0.363200 0.010400
0.748000 0.363200 0.012800
0.554400 0.364000 0.011200
0.213600 0.364800 0.008800
0.361600 0.364800 0.011200
0.538400 0.364800 0.011200
0.200800 0.365600 0.008800
0.341600 0.365600 0.012800
0.379200 0.365600 0.011200
0.398400 0.365600 0.013600
0.415200 0.365600 0.016000
0.424000 0.365600 0.016800
0.436800 0.365600 0.011200
0.496800 0.365600 0.008800
0.507200 0.365600 0.016800
0.154400 0.366400 0.021600
0.170400 0.366400 0.011200
0.185600 0.366400 0.008800
0.225600 0.366400 0.008800
0.284000 0.366400 0.013600
0.259200 0.367200 0.013600
0.300000 0.367200 0.011200
0.317600 0.367200 0.012800
0.453600 0.367200 0.011200
0.469600 0.367200 0.008800
0.240800 0.368000 0.011200
0.484000 0.368000 0.008800
0.876800 0.381600 0.013600
0.847200 0.382400 0.008800
0.861600 0.382400 0.009600
0.833600 0.383200 0.008800
0.820800 0.384000 0.008800
0.792000 0.384800 0.011200
0.806400 0.385600 0.011200
0.347200 0.387200 0.011200
0.742400 0.387200 0.012800
0.765600 0.387200 0.010400
0.777600 0.387200 0.008800
0.329600 0.388000 0.010400
0.379200 0.388000 0.010400
0.530400 0.388000 0.013600
0.554400 0.388000 0.011200
0.569600 0.388000 0.008800
0.584000 0.388000 0.008800
0.594400 0.388000 0.011200
0.668800 0.388000 0.012800
0.723200 0.388000 0.011200
0.364000 0.388800 0.008800
0.448000 0.388800 0.005600
0.458400 0.388800 0.008000
0.536800 0.388800 0.012000
0.615200 0.388800 0.011200
0.312800 0.389600 0.009600
0.397600 0.389600 0.011200
0.428800 0.389600 0.013600
0.277600 0.390400 0.010400
0.412800 0.390400 0.008800
0.424000 0.390400 0.009600
0.438400 0.390400 0.007200
0.517600 0.390400 0.011200
0.634400 0.390400 0.011200
0.649600 0.390400 0.008800
0.686400 0.390400 0.012000
0.705600 0.390400 0.012000
0.225600 0.391200 0.011200
0.207200 0.392000 0.011200
0.263200 0.392000 0.011200
0.296800 0.392000 0.011200
0.487200 0.392000 0.008800
0.499200 0.392000 0.011200
0.190400 0.392800 0.011200
0.244000 0.392800 0.011200
0.473600 0.394400 0.011200
0.168000 0.396000 0.012800
0.152800 0.396800 0.012800
0.904800 0.403200 0.016800
0.881600 0.405600 0.012000
0.848000 0.407200 0.013600
0.812000 0.408000 0.008800
0.824800 0.408000 0.011200
0.864000 0.408000 0.009600
0.729600 0.409600 0.013600
0.776000 0.409600 0.011200
0.569600 0.410400 0.013600
0.587200 0.410400 0.008800
0.755200 0.410400 0.014400
0.794400 0.410400 0.012800
0.596800 0.411200 0.015200
0.546400 0.412800 0.013600
0.616800 0.412800 0.012800
0.708800 0.412800 0.011200
0.329600 0.413600 0.011200
0.420000 0.413600 0.015200
0.428000 0.413600 0.013600
0.500800 0.413600 0.011200
0.517600 0.413600 0.011200
0.532800 0.413600 0.008800
0.637600 0.413600 0.011200
0.655200 0.413600 0.012800
0.692000 0.413600 0.010400
0.368000 0.414400 0.011200
0.383200 0.414400 0.011200
0.675200 0.414400 0.011200
0.275200 0.415200 0.011200
0.348000 0.415200 0.013600
0.443200 0.415200 0.011200
0.255200 0.416000 0.012000
0.291200 0.416000 0.008800
0.411200 0.416000 0.004800
0.484000 0.416000 0.011200
0.302400 0.416800 0.008800
0.315200 0.416800 0.008800
0.462400 0.416800 0.013600
0.236800 0.418400 0.011200
0.400000 0.418400 0.013600
0.188000 0.420800 0.011200
0.204000 0.420800 0.011200
0.156800 0.421600 0.016800
0.173600 0.421600 0.008800
0.220000 0.421600 0.011200
0.861600 0.434400 0.013600
0.882400 0.434400 0.016800
0.836000 0.436800 0.016000
0.586400 0.438400 0.011200
0.700800 0.438400 0.014400
0.761600 0.438400 0.012000
0.635200 0.439200 0.011200
0.779200 0.439200 0.008800
0.810400 0.439200 0.011200
0.570400 0.440000 0.010400
0.724000 0.440000 0.012800
0.744800 0.440000 0.013600
0.794400 0.440000 0.011200
0.540000 0.440800 0.010400
0.604000 0.440800 0.011200
0.618400 0.440800 0.011200
0.670400 0.440800 0.011200
0.486400 0.441600 0.014400
0.507200 0.441600 0.008800
0.524800 0.441600 0.011200
0.555200 0.441600 0.010400
0.653600 0.441600 0.012000
0.681600 0.441600 0.016800
0.495200 0.442400 0.008800
0.468800 0.443200 0.013600
0.440800 0.444000 0.012800
0.458400 0.444000 0.008800
0.407200 0.444800 0.011200
0.372800 0.445600 0.012800
0.390400 0.445600 0.011200
0.423200 0.446400 0.008800
0.294400 0.447200 0.012800
0.349600 0.447200 0.013600
0.248800 0.448000 0.011200
0.264800 0.448000 0.011200
0.280000 0.448000 0.010400
0.312800 0.448000 0.011200
0.227200 0.448800 0.012800
0.330400 0.448800 0.011200
0.194400 0.449600 0.011200
0.210400 0.449600 0.008800
0.149600 0.450400 0.014400
0.170400 0.450400 0.007200
0.158400 0.451200 0.007200
0.180800 0.451200 0.008800
0.858400 0.464800 0.013600
0.881600 0.465600 0.016000
0.541600 0.466400 0.013600
0.556800 0.466400 0.008800
0.838400 0.466400 0.013600
0.506400 0.468000 0.012800
0.567200 0.468000 0.008800
0.603200 0.468000 0.013600
0.520800 0.468800 0.011200
0.584000 0.468800 0.011200
0.624800 0.468800 0.011200
0.642400 0.468800 0.011200
0.658400 0.468800 0.011200
0.677600 0.468800 0.012800
0.819200 0.468800 0.011200
0.368000 0.469600 0.012800
0.386400 0.469600 0.011200
0.444000 0.469600 0.013600
0.487200 0.469600 0.013600
0.712000 0.469600 0.010400
0.724800 0.469600 0.011200
0.800000 0.469600 0.012800
0.402400 0.470400 0.012800
0.464000 0.470400 0.011200
0.694400 0.470400 0.011200
0.744800 0.470400 0.012800
0.776800 0.470400 0.016000
0.784800 0.470400 0.013600
0.423200 0.471200 0.011200
0.344800 0.472800 0.013600
0.761600 0.472800 0.012800
0.323200 0.473600 0.013600
0.288800 0.474400 0.011200
0.304000 0.474400 0.010400
0.265600 0.476000 0.016000
0.228000 0.476800 0.008800
0.248000 0.477600 0.013600
0.173600 0.478400 0.013600
0.192800 0.478400 0.013600
0.156800 0.479200 0.013600
0.213600 0.480000 0.011200
0.890400 0.492800 0.015200
0.851200 0.494400 0.012000
0.870400 0.494400 0.012800
0.501600 0.495200 0.013600
0.537600 0.495200 0.013600
0.791200 0.495200 0.012800
0.468800 0.496000 0.012800
0.552800 0.496000 0.008800
0.616000 0.496000 0.008800
0.772800 0.496000 0.012000
0.810400 0.496000 0.011200
0.830400 0.496000 0.012800
0.416800 0.496800 0.012800
0.487200 0.496800 0.011200
0.519200 0.496800 0.008800
0.564000 0.496800 0.008800
0.576800 0.496800 0.008800
0.591200 0.496800 0.008800
0.601600 0.496800 0.008000
0.626400 0.496800 0.008800
0.638400 0.496800 0.007200
0.748800 0.496800 0.013600
0.376000 0.497600 0.007200
0.436800 0.497600 0.009600
0.450400 0.497600 0.010400
0.509600 0.497600 0.016000
0.388000 0.498400 0.008800
0.402400 0.498400 0.008800
0.726400 0.498400 0.012800
0.693600 0.499200 0.007200
0.649600 0.500000 0.011200
0.667200 0.500000 0.011200
0.682400 0.500000 0.008800
0.315200 0.500800 0.010400
0.364800 0.500800 0.008800
0.706400 0.500800 0.011200
0.298400 0.501600 0.010400
0.332000 0.501600 0.011200
0.282400 0.502400 0.011200
0.348000 0.502400 0.011200
0.253600 0.503200 0.008800
0.264000 0.503200 0.011200
0.201600 0.504000 0.008800
0.217600 0.504000 0.011200
0.236800 0.504000 0.012800
0.157600 0.505600 0.011200
0.171200 0.505600 0.012800
0.188800 0.505600 0.008800
0.900000 0.516000 0.011200
0.885600 0.516800 0.005600
0.892800 0.516800 0.005600
0.852000 0.517600 0.012800
0.872800 0.518400 0.011200
0.778400 0.520000 0.007200
0.835200 0.520000 0.011200
0.767200 0.520800 0.008800
0.794400 0.521600 0.012000
0.816000 0.521600 0.012800
0.600000 0.523200 0.013600
0.651200 0.523200 0.008800
0.548000 0.524000 0.011200
0.621600 0.524000 0.012800
0.636800 0.524000 0.010400
0.664000 0.524000 0.008800
0.677600 0.524000 0.010400
0.695200 0.524000 0.010400
0.711200 0.524000 0.011200
0.729600 0.524000 0.011200
0.748800 0.524000 0.012800
0.420000 0.524800 0.016800
0.462400 0.524800 0.008800
0.471200 0.524800 0.016800
0.490400 0.524800 0.015200
0.510400 0.524800 0.011200
0.582400 0.524800 0.011200
0.440000 0.525600 0.016800
0.449600 0.525600 0.008800
0.529600 0.525600 0.013600
0.208800 0.526400 0.008000
0.298400 0.526400 0.008800
0.566400 0.526400 0.012800
0.282400 0.527200 0.011200
0.308800 0.527200 0.008800
0.154400 0.528000 0.011200
0.169600 0.528000 0.009600
0.241600 0.528000 0.013600
0.263200 0.528000 0.011200
0.343200 0.528000 0.013600
0.383200 0.528000 0.011200
0.396800 0.528000 0.011200
0.192000 0.528800 0.013600
0.222400 0.528800 0.011200
0.324800 0.528800 0.011200
0.365600 0.528800 0.013600
0.184800 0.529600 0.016800
