0.188000 0.033600 0.019200
0.233600 0.034400 0.013600
0.251200 0.035200 0.011200
0.210400 0.036000 0.011200
0.268000 0.036800 0.013600
0.860000 0.039200 0.019200
0.839200 0.040000 0.016800
0.068000 0.060800 0.004800
0.084800 0.060800 0.013600
0.077600 0.061600 0.016800
0.049600 0.062400 0.016800
0.060000 0.062400 0.022400
0.257600 0.069600 0.011200
0.240000 0.070400 0.011200
0.272000 0.070400 0.008800
0.311200 0.070400 0.015200
0.132000 0.071200 0.022400
0.146400 0.071200 0.011200
0.287200 0.071200 0.013600
0.398400 0.071200 0.011200
0.492000 0.071200 0.011200
0.162400 0.072000 0.011200
0.207200 0.072000 0.011200
0.223200 0.072000 0.011200
0.295200 0.072000 0.008800
0.438400 0.072000 0.012800
0.476800 0.072000 0.011200
0.507200 0.072000 0.011200
0.333600 0.072800 0.013600
0.358400 0.072800 0.015200
0.416800 0.072800 0.013600
0.530400 0.072800 0.013600
0.748800 0.072800 0.011200
0.178400 0.073600 0.011200
0.378400 0.073600 0.013600
0.546400 0.073600 0.016800
0.764800 0.073600 0.011200
0.780800 0.073600 0.011200
0.796800 0.073600 0.012800
0.348000 0.074400 0.005600
0.457600 0.074400 0.012800
0.681600 0.074400 0.016000
0.728800 0.074400 0.013600
0.192000 0.075200 0.008800
0.568800 0.075200 0.011200
0.834400 0.075200 0.011200
0.556000 0.076000 0.016800
0.582400 0.076000 0.011200
0.597600 0.076000 0.011200
0.868800 0.076000 0.008800
0.617600 0.076800 0.013600
0.662400 0.076800 0.013600
0.710400 0.076800 0.013600
0.817600 0.076800 0.012800
0.854400 0.076800 0.012800
0.880000 0.077600 0.016800
0.640000 0.078400 0.012800
0.290400 0.097600 0.011200
0.137600 0.099200 0.013600
0.155200 0.099200 0.011200
0.388000 0.099200 0.013600
0.404000 0.099200 0.008800
0.420000 0.099200 0.011200
0.451200 0.099200 0.010400
0.493600 0.099200 0.013600
0.512000 0.099200 0.011200
0.552000 0.099200 0.013600
0.175200 0.100000 0.011200
0.192800 0.100000 0.010400
0.276000 0.100000 0.011200
0.318400 0.100000 0.016800
0.360000 0.100000 0.015200
0.436800 0.100000 0.011200
0.677600 0.100000 0.015200
0.226400 0.100800 0.011200
0.243200 0.100800 0.011200
0.468000 0.100800 0.012800
0.574400 0.100800 0.011200
0.654400 0.100800 0.011200
0.697600 0.100800 0.015200
0.708000 0.100800 0.011200
0.208000 0.101600 0.011200
0.259200 0.101600 0.010400
0.342400 0.101600 0.013600
0.532000 0.101600 0.012800
0.596000 0.101600 0.012800
0.855200 0.101600 0.011200
0.872000 0.101600 0.011200
0.888800 0.101600 0.013600
0.897600 0.101600 0.016000
0.724000 0.102400 0.011200
0.828000 0.102400 0.012800
0.842400 0.102400 0.008800
0.614400 0.103200 0.011200
0.741600 0.103200 0.012800
0.760000 0.103200 0.011200
0.775200 0.103200 0.011200
0.632000 0.104000 0.013600
0.793600 0.104000 0.011200
0.809600 0.104800 0.011200
0.063200 0.110400 0.034400
0.069600 0.112000 0.033600
0.410400 0.123200 0.010400
0.211200 0.124000 0.010400
0.227200 0.124000 0.011200
0.448800 0.124000 0.013600
0.178400 0.124800 0.011200
0.358400 0.124800 0.012000
0.428800 0.124800 0.011200
0.472000 0.124800 0.012800
0.136000 0.125600 0.015200
0.154400 0.125600 0.016800
0.194400 0.125600 0.011200
0.242400 0.125600 0.008800
0.262400 0.125600 0.013600
0.280800 0.125600 0.011200
0.394400 0.125600 0.011200
0.492000 0.125600 0.016000
0.510400 0.125600 0.013600
0.528800 0.125600 0.015200
0.681600 0.125600 0.013600
0.166400 0.126400 0.007200
0.299200 0.126400 0.011200
0.377600 0.126400 0.011200
0.502400 0.126400 0.016800
0.534400 0.126400 0.013600
0.573600 0.126400 0.016800
0.580000 0.126400 0.016000
0.552800 0.127200 0.011200
0.600800 0.127200 0.011200
0.613600 0.127200 0.008800
0.628800 0.127200 0.011200
0.320800 0.128000 0.013600
0.340800 0.128000 0.012800
0.664800 0.128000 0.011200
0.789600 0.128000 0.012000
0.868000 0.128000 0.013600
0.648000 0.128800 0.011200
0.720800 0.128800 0.008800
0.772800 0.128800 0.008800
0.882400 0.128800 0.020800
0.761600 0.129600 0.008800
0.826400 0.129600 0.012800
0.708000 0.130400 0.011200
0.735200 0.130400 0.011200
0.748800 0.130400 0.008800
0.808000 0.130400 0.011200
0.848800 0.130400 0.013600
0.690400 0.131200 0.018400
0.221600 0.148800 0.013600
0.444800 0.148800 0.016000
0.421600 0.149600 0.016000
0.396800 0.150400 0.012800
0.456000 0.150400 0.016000
0.136800 0.152000 0.016000
0.149600 0.152000 0.005600
0.184800 0.152000 0.013600
0.202400 0.152000 0.011200
0.286400 0.152000 0.012800
0.159200 0.152800 0.013600
0.233600 0.152800 0.011200
0.328800 0.152800 0.011200
0.347200 0.152800 0.012800
0.365600 0.152800 0.011200
0.502400 0.152800 0.013600
0.524000 0.152800 0.015200
0.267200 0.153600 0.011200
0.308000 0.153600 0.012800
0.380800 0.153600 0.008800
0.482400 0.153600 0.013600
0.547200 0.153600 0.012800
0.564000 0.153600 0.011200
0.762400 0.153600 0.016800
0.582400 0.154400 0.013600
0.627200 0.154400 0.015200
0.250400 0.155200 0.011200
0.588000 0.155200 0.016800
0.602400 0.155200 0.011200
0.733600 0.155200 0.016000
0.768800 0.155200 0.016000
0.682400 0.156000 0.015200
0.647200 0.156800 0.011200
0.706400 0.156800 0.015200
0.788800 0.157600 0.011200
0.805600 0.157600 0.011200
0.828800 0.159200 0.015200
0.855200 0.160800 0.016000
0.887200 0.160800 0.017600
0.865600 0.161600 0.013600
0.432800 0.176000 0.016800
0.291200 0.176800 0.013600
0.523200 0.176800 0.012800
0.225600 0.177600 0.011200
0.394400 0.177600 0.011200
0.440800 0.177600 0.016800
0.504000 0.177600 0.007200
0.205600 0.178400 0.013600
0.267200 0.178400 0.013600
0.415200 0.178400 0.012800
0.456800 0.178400 0.011200
0.474400 0.178400 0.011200
0.492800 0.178400 0.011200
0.544800 0.178400 0.012000
0.567200 0.178400 0.015200
0.628000 0.178400 0.013600
0.180000 0.179200 0.014400
0.244000 0.179200 0.012800
0.349600 0.179200 0.012000
0.368800 0.179200 0.013600
0.576800 0.179200 0.011200
0.612800 0.179200 0.011200
0.140000 0.180000 0.013600
0.159200 0.180000 0.011200
0.312800 0.180000 0.013600
0.329600 0.180000 0.011200
0.592000 0.180000 0.013600
0.736800 0.180000 0.016800
0.778400 0.180000 0.013600
0.636000 0.180800 0.016000
0.652800 0.180800 0.013600
0.760000 0.181600 0.012800
0.816000 0.181600 0.011200
0.670400 0.182400 0.013600
0.693600 0.182400 0.013600
0.800000 0.182400 0.011200
0.708000 0.183200 0.012800
0.844800 0.183200 0.012000
0.871200 0.183200 0.013600
0.678400 0.184800 0.015200
0.891200 0.185600 0.013600
0.359200 0.200800 0.008800
0.342400 0.201600 0.013600
0.526400 0.201600 0.013600
0.295200 0.202400 0.011200
0.336800 0.202400 0.015200
0.388800 0.202400 0.012800
0.473600 0.202400 0.012000
0.488000 0.202400 0.007200
0.504800 0.202400 0.013600
0.177600 0.203200 0.016000
0.316000 0.203200 0.011200
0.372000 0.203200 0.011200
0.453600 0.203200 0.011200
0.204800 0.204000 0.012800
0.268000 0.204000 0.013600
0.278400 0.204000 0.011200
0.414400 0.204000 0.012800
0.158400 0.204800 0.011200
0.434400 0.204800 0.011200
0.548000 0.204800 0.013600
0.629600 0.204800 0.012000
0.142400 0.205600 0.013600
0.227200 0.205600 0.013600
0.854400 0.205600 0.014400
0.881600 0.205600 0.019200
0.248000 0.206400 0.012800
0.574400 0.206400 0.014400
0.595200 0.206400 0.011200
0.612000 0.206400 0.011200
0.717600 0.206400 0.013600
0.651200 0.207200 0.010400
0.668800 0.207200 0.013600
0.784000 0.207200 0.013600
0.832800 0.207200 0.011200
0.694400 0.208000 0.012800
0.757600 0.208000 0.012800
0.804000 0.208000 0.011200
0.820000 0.208000 0.016800
0.739200 0.208800 0.011200
0.386400 0.227200 0.008800
0.354400 0.228000 0.013600
0.371200 0.228000 0.011200
0.414400 0.228000 0.012800
0.433600 0.228000 0.008800
0.446400 0.228000 0.008800
0.343200 0.228800 0.013600
0.397600 0.228800 0.011200
0.499200 0.228800 0.013600
0.516000 0.228800 0.019200
0.527200 0.228800 0.019200
0.280000 0.229600 0.015200
0.304800 0.229600 0.012800
0.324000 0.229600 0.012800
0.462400 0.229600 0.011200
0.479200 0.229600 0.011200
0.544000 0.229600 0.011200
0.562400 0.229600 0.012000
0.607200 0.231200 0.013600
0.631200 0.231200 0.013600
0.240800 0.232000 0.012800
0.260000 0.232000 0.011200
0.584000 0.232000 0.012800
0.712000 0.232000 0.011200
0.651200 0.232800 0.012800
0.670400 0.232800 0.011200
0.696000 0.232800 0.009600
0.841600 0.232800 0.011200
0.163200 0.233600 0.008800
0.189600 0.233600 0.011200
0.221600 0.233600 0.011200
0.683200 0.233600 0.007200
0.824800 0.233600 0.011200
0.859200 0.233600 0.016000
0.205600 0.234400 0.011200
0.731200 0.234400 0.014400
0.148000 0.235200 0.020800
0.174400 0.235200 0.008800
0.772000 0.235200 0.016800
0.755200 0.236000 0.012800
0.783200 0.236000 0.016800
0.807200 0.236000 0.013600
0.870400 0.236000 0.020800
0.884800 0.236800 0.016800
0.362400 0.256000 0.011200
0.397600 0.256800 0.013600
0.324800 0.257600 0.013600
0.308000 0.258400 0.013600
0.344000 0.258400 0.012800
0.380000 0.258400 0.011200
0.424000 0.258400 0.016800
0.440800 0.258400 0.011200
0.460800 0.259200 0.013600
0.608000 0.259200 0.013600
0.148000 0.260000 0.013600
0.583200 0.260000 0.013600
0.176000 0.260800 0.008000
0.231200 0.260800 0.013600
0.251200 0.260800 0.011200
0.481600 0.260800 0.012800
0.503200 0.260800 0.013600
0.544800 0.260800 0.012800
0.563200 0.260800 0.011200
0.163200 0.261600 0.008800
0.287200 0.261600 0.012800
0.524800 0.261600 0.013600
0.628000 0.261600 0.013600
0.739200 0.261600 0.012800
0.188800 0.262400 0.008800
0.205600 0.262400 0.011200
0.268800 0.262400 0.011200
0.672000 0.262400 0.016800
0.713600 0.262400 0.015200
0.721600 0.263200 0.015200
0.764800 0.263200 0.013600
0.648800 0.264000 0.013600
0.696800 0.264000 0.013600
0.782400 0.264000 0.011200
0.806400 0.264000 0.007200
0.861600 0.264000 0.013600
0.796000 0.265600 0.008000
0.820800 0.265600 0.016800
0.843200 0.265600 0.016000
0.832000 0.266400 0.005600
0.890400 0.266400 0.019200
0.378400 0.283200 0.013600
0.363200 0.284000 0.011200
0.439200 0.284000 0.013600
0.343200 0.285600 0.013600
0.398400 0.285600 0.012800
0.418400 0.285600 0.011200
0.456800 0.285600 0.016800
0.465600 0.285600 0.016000
0.484800 0.286400 0.012000
0.552000 0.287200 0.011200
0.591200 0.287200 0.016000
0.204800 0.288000 0.011200
0.304800 0.288000 0.011200
0.536000 0.288000 0.008800
0.223200 0.288800 0.016000
0.288800 0.288800 0.012800
0.322400 0.288800 0.012800
0.504000 0.288800 0.011200
0.520800 0.288800 0.011200
0.268000 0.289600 0.012000
0.570400 0.289600 0.013600
0.152000 0.290400 0.016800
0.169600 0.290400 0.011200
0.187200 0.290400 0.012800
0.233600 0.290400 0.008800
0.249600 0.290400 0.012800
0.620000 0.290400 0.015200
0.842400 0.290400 0.010400
0.824800 0.291200 0.011200
0.884000 0.291200 0.008800
0.719200 0.292000 0.011200
0.736000 0.292000 0.013600
0.757600 0.292000 0.011200
0.856800 0.292000 0.011200
0.698400 0.292800 0.013600
0.774400 0.292800 0.011200
0.791200 0.292800 0.011200
0.806400 0.292800 0.011200
0.873600 0.292800 0.008800
0.640000 0.294400 0.016800
0.650400 0.295200 0.018400
0.673600 0.295200 0.015200
0.436800 0.312800 0.008800
0.456800 0.313600 0.013600
0.169600 0.314400 0.011200
0.340800 0.314400 0.016800
0.372000 0.314400 0.013600
0.425600 0.314400 0.005600
0.297600 0.315200 0.015200
0.352000 0.315200 0.013600
0.417600 0.315200 0.014400
0.151200 0.316000 0.013600
0.209600 0.316000 0.013600
0.231200 0.316000 0.012800
0.252000 0.316000 0.012800
0.274400 0.316000 0.013600
0.320000 0.316000 0.013600
0.395200 0.316000 0.016000
0.476800 0.316000 0.012000
0.500000 0.316800 0.016000
0.546400 0.316800 0.012800
0.188000 0.317600 0.011200
0.865600 0.317600 0.016800
0.526400 0.318400 0.012800
0.564000 0.318400 0.011200
0.604000 0.318400 0.013600
0.625600 0.318400 0.012800
0.830400 0.318400 0.011200
0.843200 0.318400 0.016800
0.796800 0.319200 0.013600
0.816800 0.319200 0.009600
0.850400 0.319200 0.012800
0.584800 0.320000 0.013600
0.646400 0.320800 0.012000
0.666400 0.320800 0.011200
0.686400 0.320800 0.011200
0.752000 0.320800 0.012000
0.776000 0.320800 0.013600
0.700800 0.321600 0.008800
0.716000 0.322400 0.011200
0.732800 0.322400 0.011200
0.206400 0.339200 0.011200
0.355200 0.340000 0.013600
0.281600 0.340800 0.013600
0.366400 0.340800 0.013600
0.432000 0.340800 0.011200
0.242400 0.341600 0.011200
0.303200 0.341600 0.011200
0.334400 0.341600 0.011200
0.384000 0.341600 0.011200
0.448000 0.341600 0.010400
0.463200 0.341600 0.011200
0.148800 0.342400 0.013600
0.172000 0.342400 0.013600
0.191200 0.342400 0.011200
0.224800 0.342400 0.011200
0.259200 0.342400 0.011200
0.319200 0.342400 0.010400
0.401600 0.343200 0.011200
0.416800 0.343200 0.008800
0.487200 0.343200 0.014400
0.509600 0.344800 0.013600
0.533600 0.344800 0.013600
0.554400 0.344800 0.012000
0.632000 0.344800 0.011200
0.702400 0.344800 0.015200
0.823200 0.344800 0.014400
0.571200 0.345600 0.011200
0.592000 0.345600 0.013600
0.613600 0.345600 0.013600
0.645600 0.345600 0.011200
0.768000 0.345600 0.016000
0.723200 0.346400 0.011200
0.741600 0.346400 0.011200
0.786400 0.346400 0.013600
0.664000 0.347200 0.011200
0.678400 0.347200 0.011200
0.760800 0.347200 0.016000
0.804000 0.347200 0.010400
0.845600 0.347200 0.016000
0.872000 0.349600 0.013600
0.268000 0.364800 0.013600
0.293600 0.366400 0.012800
0.464800 0.366400 0.016800
0.232000 0.367200 0.011200
0.249600 0.367200 0.011200
0.375200 0.367200 0.013600
0.397600 0.367200 0.013600
0.171200 0.368000 0.008800
0.316000 0.368000 0.013600
0.355200 0.368000 0.011200
0.442400 0.368000 0.014400
0.474400 0.368000 0.016800
0.152800 0.368800 0.013600
0.181600 0.368800 0.008800
0.490400 0.368800 0.011200
0.675200 0.368800 0.013600
0.215200 0.369600 0.011200
0.338400 0.369600 0.011200
0.423200 0.369600 0.013600
0.512000 0.369600 0.012800
0.828800 0.369600 0.013600
0.198400 0.370400 0.011200
0.638400 0.370400 0.012000
0.655200 0.370400 0.011200
0.757600 0.370400 0.011200
0.778400 0.370400 0.013600
0.856000 0.370400 0.013600
0.586400 0.371200 0.012800
0.529600 0.372000 0.016800
0.604800 0.372000 0.011200
0.687200 0.372000 0.019200
0.698400 0.372000 0.011200
0.712800 0.372000 0.011200
0.731200 0.372000 0.011200
0.746400 0.372000 0.008800
0.800000 0.372000 0.015200
0.877600 0.372000 0.013600
0.560000 0.372800 0.013600
0.540000 0.373600 0.016800
0.620000 0.373600 0.011200
0.283200 0.391200 0.013600
0.238400 0.392000 0.013600
0.358400 0.392000 0.011200
0.152800 0.392800 0.016800
0.206400 0.392800 0.005600
0.262400 0.392800 0.011200
0.303200 0.392800 0.011200
0.377600 0.392800 0.011200
0.398400 0.392800 0.013600
0.442400 0.392800 0.008800
0.196000 0.393600 0.008800
0.219200 0.393600 0.011200
0.321600 0.393600 0.012000
0.340000 0.393600 0.011200
0.426400 0.393600 0.012000
0.707200 0.395200 0.013600
0.759200 0.395200 0.011200
0.772800 0.395200 0.016800
0.181600 0.396000 0.012800
0.452800 0.396000 0.008800
0.476800 0.396000 0.011200
0.493600 0.396000 0.012800
0.543200 0.396000 0.011200
0.580800 0.396000 0.015200
0.587200 0.396000 0.013600
0.624000 0.396000 0.012800
0.730400 0.396000 0.011200
0.750400 0.396000 0.013600
0.781600 0.396000 0.016000
0.164800 0.396800 0.013600
0.464000 0.396800 0.005600
0.512800 0.396800 0.011200
0.605600 0.396800 0.011200
0.824000 0.396800 0.014400
0.883200 0.396800 0.015200
0.561600 0.397600 0.011200
0.682400 0.397600 0.013600
0.530400 0.398400 0.013600
0.646400 0.398400 0.011200
0.660800 0.398400 0.011200
0.802400 0.399200 0.013600
0.845600 0.399200 0.011200
0.862400 0.400000 0.011200
0.285600 0.415200 0.013600
0.458400 0.416800 0.012800
0.225600 0.418400 0.013600
0.261600 0.418400 0.013600
0.311200 0.418400 0.011200
0.329600 0.418400 0.012800
0.348800 0.418400 0.012800
0.387200 0.418400 0.013600
0.424000 0.418400 0.011200
0.296000 0.419200 0.019200
0.405600 0.419200 0.012800
0.441600 0.419200 0.011200
0.244000 0.420000 0.011200
0.369600 0.420000 0.013600
0.153600 0.420800 0.018400
0.182400 0.420800 0.013600
0.478400 0.420800 0.011200
0.751200 0.420800 0.011200
0.201600 0.421600 0.012800
0.493600 0.421600 0.011200
0.544000 0.421600 0.012800
0.640000 0.421600 0.013600
0.766400 0.421600 0.008800
0.615200 0.422400 0.011200
0.661600 0.422400 0.014400
0.668800 0.422400 0.013600
0.684000 0.422400 0.011200
0.717600 0.422400 0.012800
0.734400 0.422400 0.011200
0.508800 0.423200 0.011200
0.524800 0.423200 0.011200
0.559200 0.423200 0.013600
0.576800 0.423200 0.012800
0.599200 0.423200 0.011200
0.699200 0.423200 0.008800
0.776800 0.423200 0.013600
0.794400 0.423200 0.011200
0.812000 0.423200 0.011200
0.856000 0.424000 0.013600
0.868000 0.424000 0.011200
0.832800 0.424800 0.015200
0.885600 0.425600 0.013600
0.909600 0.428800 0.015200
0.303200 0.443200 0.011200
0.319200 0.443200 0.008800
0.347200 0.444000 0.009600
0.384000 0.444000 0.014400
0.269600 0.444800 0.011200
0.286400 0.444800 0.011200
0.331200 0.444800 0.011200
0.411200 0.444800 0.012800
0.488000 0.444800 0.012800
0.574400 0.444800 0.016000
0.249600 0.445600 0.012800
0.364000 0.445600 0.011200
0.428800 0.445600 0.012800
0.582400 0.445600 0.016000
0.207200 0.446400 0.013600
0.449600 0.446400 0.011200
0.469600 0.446400 0.012800
0.636800 0.446400 0.012800
0.685600 0.446400 0.005600
0.190400 0.447200 0.011200
0.232800 0.447200 0.012800
0.602400 0.447200 0.013600
0.623200 0.447200 0.013600
0.508800 0.448000 0.013600
0.537600 0.448000 0.012800
0.556000 0.448000 0.011200
0.675200 0.448000 0.011200
0.701600 0.448000 0.011200
0.807200 0.448000 0.011200
0.894400 0.448000 0.012800
0.150400 0.448800 0.016000
0.172800 0.448800 0.013600
0.516800 0.448800 0.013600
0.654400 0.448800 0.013600
0.662400 0.448800 0.016000
0.757600 0.448800 0.010400
0.789600 0.448800 0.011200
0.874400 0.448800 0.010400
0.718400 0.449600 0.012800
0.741600 0.449600 0.011200
0.772000 0.449600 0.008800
0.856000 0.449600 0.011200
0.840000 0.450400 0.011200
0.823200 0.451200 0.011200
0.339200 0.468800 0.010400
0.382400 0.468800 0.011200
0.364800 0.469600 0.011200
0.395200 0.469600 0.011200
0.256000 0.470400 0.011200
0.273600 0.470400 0.011200
0.321600 0.470400 0.011200
0.354400 0.470400 0.008800
0.414400 0.470400 0.013600
0.238400 0.471200 0.011200
0.505600 0.471200 0.011200
0.289600 0.472000 0.011200
0.443200 0.472000 0.014400
0.484800 0.472000 0.012000
0.524800 0.472000 0.011200
0.608000 0.472000 0.010400
0.886400 0.472000 0.013600
0.221600 0.472800 0.011200
0.466400 0.472800 0.012800
0.700000 0.472800 0.012800
0.736800 0.472800 0.012000
0.778400 0.472800 0.011200
0.172000 0.473600 0.012000
0.306400 0.473600 0.011200
0.624800 0.473600 0.012800
0.719200 0.473600 0.011200
0.757600 0.473600 0.012800
0.187200 0.474400 0.008000
0.583200 0.474400 0.007200
0.644800 0.474400 0.011200
0.679200 0.474400 0.011200
0.797600 0.474400 0.013600
0.838400 0.474400 0.011200
0.203200 0.475200 0.011200
0.572800 0.475200 0.007200
0.593600 0.475200 0.007200
0.662400 0.475200 0.011200
0.820800 0.475200 0.011200
0.868800 0.475200 0.012000
0.152000 0.476000 0.013600
0.542400 0.476000 0.011200
0.559200 0.476000 0.011200
0.853600 0.476000 0.010400
0.190400 0.485600 0.005600
0.912800 0.492000 0.023200
0.335200 0.494400 0.016800
0.323200 0.495200 0.008800
0.344000 0.495200 0.013600
0.244000 0.496000 0.010400
0.308000 0.496000 0.008800
0.416800 0.496000 0.012800
0.362400 0.496800 0.013600
0.385600 0.496800 0.011200
0.399200 0.496800 0.010400
0.898400 0.496800 0.011200
0.259200 0.497600 0.008800
0.292000 0.497600 0.010400
0.438400 0.497600 0.011200
0.500800 0.497600 0.011200
0.588800 0.497600 0.011200
0.606400 0.497600 0.011200
0.686400 0.497600 0.008800
0.843200 0.497600 0.011200
0.228800 0.498400 0.011200
0.274400 0.498400 0.011200
0.456000 0.498400 0.011200
0.673600 0.498400 0.008800
0.717600 0.498400 0.016000
0.735200 0.498400 0.012800
0.823200 0.498400 0.012000
0.879200 0.498400 0.012800
0.211200 0.499200 0.013600
0.487200 0.499200 0.008800
0.634400 0.499200 0.011200
0.693600 0.499200 0.013600
0.789600 0.499200 0.011200
0.860800 0.499200 0.011200
0.155200 0.500000 0.012800
0.473600 0.500000 0.011200
0.519200 0.500000 0.011200
0.553600 0.500000 0.012000
0.572000 0.500000 0.008800
0.648000 0.500000 0.008800
0.659200 0.500000 0.008800
0.709600 0.500000 0.012800
0.755200 0.500000 0.011200
0.770400 0.500000 0.011200
0.805600 0.500000 0.008800
0.172800 0.500800 0.012000
0.620800 0.500800 0.008800
0.189600 0.501600 0.008800
0.534400 0.501600 0.011200
0.436000 0.519200 0.012800
0.344800 0.520000 0.011200
0.417600 0.520000 0.010400
0.248000 0.520800 0.011200
0.272000 0.520800 0.012800
0.311200 0.520800 0.011200
0.396800 0.520800 0.013600
0.218400 0.521600 0.010400
0.291200 0.521600 0.012000
0.328800 0.521600 0.011200
0.360000 0.521600 0.008800
0.375200 0.521600 0.011200
0.668800 0.521600 0.011200
0.688000 0.521600 0.011200
0.200800 0.522400 0.011200
0.232800 0.522400 0.008800
0.460000 0.522400 0.011200
0.476800 0.522400 0.010400
0.499200 0.522400 0.012800
0.580000 0.522400 0.011200
0.704800 0.522400 0.011200
0.720800 0.522400 0.010400
0.165600 0.523200 0.011200
0.542400 0.523200 0.011200
0.562400 0.523200 0.011200
0.603200 0.523200 0.014400
0.650400 0.523200 0.011200
0.738400 0.523200 0.012000
0.824000 0.523200 0.008800
0.845600 0.523200 0.013600
0.181600 0.524000 0.011200
0.521600 0.524000 0.012800
0.628800 0.524000 0.012000
0.762400 0.524000 0.013600
0.785600 0.524000 0.013600
0.809600 0.524000 0.010400
0.868000 0.524000 0.012800
0.154400 0.524800 0.013600
0.407200 0.541600 0.013600
0.452000 0.542400 0.013600
0.388800 0.543200 0.011200
0.432800 0.543200 0.012000
0.579200 0.543200 0.011200
0.368800 0.544000 0.012000
0.501600 0.544000 0.010400
0.476800 0.544800 0.015200
0.681600 0.544800 0.011200
0.829600 0.544800 0.011200
0.848800 0.544800 0.012000
0.305600 0.545600 0.008800
0.348800 0.545600 0.011200
0.560000 0.545600 0.013600
0.602400 0.545600 0.013600
0.624000 0.545600 0.011200
0.699200 0.545600 0.011200
0.736800 0.545600 0.013600
0.870400 0.545600 0.013600
0.267200 0.546400 0.015200
0.290400 0.546400 0.011200
0.330400 0.546400 0.019200
0.517600 0.546400 0.011200
0.536800 0.546400 0.012800
0.641600 0.546400 0.008800
0.653600 0.546400 0.005600
0.664800 0.546400 0.011200
0.716000 0.546400 0.011200
0.795200 0.546400 0.011200
0.813600 0.546400 0.011200
0.215200 0.547200 0.012800
0.320800 0.547200 0.022400
0.762400 0.547200 0.011200
0.780000 0.547200 0.011200
0.908000 0.547200 0.027200
0.161600 0.548000 0.016000
0.240800 0.548000 0.016000
0.920000 0.548800 0.029600
0.199200 0.549600 0.008800
0.184000 0.550400 0.011200
