0.182400 0.044000 0.032000
0.224000 0.044800 0.011200
0.205600 0.045600 0.011200
0.241600 0.045600 0.011200
0.260000 0.045600 0.013600
0.864800 0.052800 0.013600
0.844800 0.055200 0.016800
0.176800 0.090400 0.016000
0.154400 0.091200 0.016800
0.200800 0.091200 0.013600
0.217600 0.091200 0.024800
0.224800 0.092000 0.016800
0.245600 0.092800 0.024000
0.278400 0.092800 0.013600
0.313600 0.092800 0.013600
0.261600 0.093600 0.011200
0.337600 0.094400 0.013600
0.297600 0.095200 0.011200
0.358400 0.095200 0.016000
0.380800 0.095200 0.013600
0.399200 0.095200 0.012800
0.422400 0.095200 0.016000
0.444800 0.096000 0.013600
0.460000 0.096800 0.008800
0.471200 0.097600 0.019200
0.689600 0.097600 0.013600
0.487200 0.098400 0.013600
0.513600 0.098400 0.022400
0.531200 0.098400 0.016800
0.592800 0.098400 0.016800
0.612000 0.098400 0.013600
0.660000 0.098400 0.019200
0.728800 0.098400 0.015200
0.746400 0.098400 0.007200
0.570400 0.099200 0.013600
0.634400 0.099200 0.016800
0.706400 0.099200 0.013600
0.789600 0.099200 0.026400
0.872000 0.099200 0.028000
0.553600 0.100000 0.013600
0.757600 0.100000 0.008800
0.772800 0.100800 0.011200
0.854400 0.100800 0.013600
0.812800 0.101600 0.019200
0.884800 0.102400 0.021600
0.799200 0.103200 0.008800
0.836000 0.103200 0.011200
0.823200 0.104000 0.007200
0.155200 0.124000 0.016800
0.173600 0.124000 0.018400
0.284000 0.124000 0.013600
0.184000 0.125600 0.020800
0.200000 0.125600 0.011200
0.414400 0.125600 0.014400
0.218400 0.126400 0.011200
0.250400 0.126400 0.012800
0.289600 0.126400 0.016800
0.306400 0.126400 0.019200
0.316000 0.126400 0.020800
0.268000 0.127200 0.011200
0.332800 0.127200 0.013600
0.233600 0.128000 0.011200
0.512000 0.128800 0.008800
0.540000 0.128800 0.020800
0.354400 0.129600 0.013600
0.373600 0.129600 0.011200
0.454400 0.129600 0.015200
0.524800 0.129600 0.019200
0.570400 0.129600 0.011200
0.622400 0.129600 0.011200
0.394400 0.130400 0.013600
0.434400 0.130400 0.011200
0.480800 0.130400 0.013600
0.499200 0.130400 0.011200
0.588000 0.130400 0.011200
0.604800 0.130400 0.011200
0.660000 0.130400 0.013600
0.552800 0.131200 0.013600
0.640800 0.131200 0.013600
0.677600 0.131200 0.013600
0.696000 0.132000 0.015200
0.720000 0.132800 0.015200
0.725600 0.132800 0.019200
0.740800 0.133600 0.011200
0.780800 0.133600 0.011200
0.793600 0.133600 0.008800
0.808800 0.133600 0.012800
0.831200 0.133600 0.013600
0.864800 0.134400 0.007200
0.878400 0.134400 0.016800
0.761600 0.135200 0.013600
0.854400 0.136000 0.016000
0.150400 0.156000 0.016800
0.173600 0.156800 0.012800
0.220000 0.156800 0.008800
0.233600 0.156800 0.008800
0.269600 0.156800 0.015200
0.248800 0.157600 0.011200
0.322400 0.157600 0.019200
0.339200 0.157600 0.011200
0.353600 0.157600 0.008800
0.369600 0.157600 0.011200
0.385600 0.157600 0.011200
0.438400 0.157600 0.008800
0.476800 0.157600 0.008800
0.191200 0.158400 0.011200
0.206400 0.158400 0.008800
0.292800 0.158400 0.013600
0.312000 0.158400 0.016800
0.404800 0.158400 0.013600
0.487200 0.158400 0.007200
0.498400 0.158400 0.008800
0.512800 0.158400 0.011200
0.424000 0.159200 0.011200
0.448800 0.159200 0.008800
0.463200 0.159200 0.008800
0.531200 0.159200 0.012800
0.551200 0.159200 0.013600
0.572800 0.159200 0.012800
0.624000 0.159200 0.016800
0.591200 0.160000 0.011200
0.677600 0.160800 0.016800
0.686400 0.160800 0.019200
0.603200 0.161600 0.008800
0.641600 0.161600 0.013600
0.707200 0.161600 0.013600
0.725600 0.162400 0.011200
0.756800 0.162400 0.011200
0.658400 0.163200 0.013600
0.742400 0.163200 0.011200
0.894400 0.164000 0.013600
0.858400 0.164800 0.011200
0.876800 0.164800 0.012800
0.773600 0.165600 0.011200
0.789600 0.165600 0.008800
0.801600 0.165600 0.008000
0.836800 0.165600 0.013600
0.816800 0.167200 0.012800
0.375200 0.185600 0.016000
0.572000 0.186400 0.012800
0.214400 0.187200 0.011200
0.229600 0.187200 0.011200
0.536800 0.187200 0.005600
0.156000 0.188000 0.019200
0.177600 0.188000 0.013600
0.195200 0.188000 0.013600
0.254400 0.188000 0.016800
0.274400 0.188000 0.013600
0.435200 0.188000 0.013600
0.455200 0.188000 0.013600
0.494400 0.188000 0.012800
0.553600 0.188000 0.012800
0.605600 0.188000 0.015200
0.626400 0.188000 0.012800
0.652000 0.188000 0.013600
0.296800 0.188800 0.013600
0.318400 0.188800 0.013600
0.352800 0.188800 0.012800
0.393600 0.188800 0.013600
0.412800 0.188800 0.016800
0.529600 0.188800 0.005600
0.673600 0.188800 0.013600
0.706400 0.188800 0.016000
0.736000 0.188800 0.014400
0.788800 0.188800 0.012800
0.336000 0.189600 0.011200
0.477600 0.189600 0.013600
0.516800 0.189600 0.016800
0.768800 0.189600 0.013600
0.843200 0.189600 0.013600
0.879200 0.189600 0.013600
0.820800 0.190400 0.013600
0.896800 0.190400 0.013600
0.554400 0.243200 0.008800
0.560000 0.243200 0.003200
0.565600 0.243200 0.008800
0.576800 0.243200 0.006400
0.586400 0.244800 0.017600
0.543200 0.245600 0.009600
0.592800 0.245600 0.004800
0.537600 0.247200 0.004800
0.530400 0.248800 0.005600
0.600000 0.248800 0.005600
0.606400 0.251200 0.012800
0.518400 0.253600 0.011200
0.616000 0.256000 0.008000
0.512800 0.257600 0.004800
0.507200 0.261600 0.010400
0.612000 0.279200 0.005600
0.603200 0.280000 0.005600
0.579200 0.281600 0.010400
0.587200 0.281600 0.012000
0.592800 0.281600 0.008800
0.539200 0.282400 0.005600
0.547200 0.282400 0.005600
0.565600 0.283200 0.008800
0.516800 0.284000 0.008800
0.522400 0.284000 0.012800
0.530400 0.284000 0.005600
0.496800 0.286400 0.008000
0.499200 0.303200 0.011200
0.593600 0.322400 0.008800
0.584000 0.324800 0.006400
0.549600 0.325600 0.008000
0.573600 0.325600 0.007200
0.562400 0.326400 0.008000
