0.155200 0.035200 0.016800
0.208000 0.035200 0.011200
0.172800 0.036000 0.011200
0.191200 0.036000 0.011200
0.224800 0.036000 0.013600
0.460000 0.050400 0.016800
0.853600 0.050400 0.020800
0.480000 0.053600 0.013600
0.042400 0.066400 0.005600
0.031200 0.067200 0.013600
0.455200 0.069600 0.005600
0.184000 0.075200 0.012800
0.126400 0.076000 0.013600
0.135200 0.076000 0.005600
0.150400 0.076000 0.012000
0.166400 0.076000 0.008800
0.205600 0.076800 0.011200
0.220800 0.076800 0.008800
0.236800 0.078400 0.011200
0.254400 0.078400 0.012800
0.300800 0.078400 0.008800
0.444000 0.078400 0.020800
0.287200 0.079200 0.011200
0.314400 0.079200 0.011200
0.384000 0.079200 0.011200
0.429600 0.079200 0.008800
0.271200 0.080000 0.011200
0.332800 0.080000 0.012800
0.483200 0.080000 0.011200
0.368000 0.080800 0.010400
0.397600 0.080800 0.008800
0.409600 0.080800 0.007200
0.419200 0.080800 0.005600
0.467200 0.080800 0.011200
0.352800 0.081600 0.011200
0.450400 0.081600 0.015200
0.498400 0.082400 0.008800
0.523200 0.082400 0.005600
0.512800 0.083200 0.008800
0.532000 0.083200 0.013600
0.032000 0.084800 0.012000
0.545600 0.084800 0.008800
0.560000 0.085600 0.013600
0.568000 0.085600 0.005600
0.584000 0.085600 0.012800
0.602400 0.086400 0.008800
0.636000 0.087200 0.010400
0.650400 0.088000 0.008800
0.612000 0.088800 0.005600
0.621600 0.088800 0.008800
0.663200 0.088800 0.007200
0.684800 0.088800 0.016800
0.672800 0.089600 0.005600
0.704800 0.090400 0.011200
0.865600 0.090400 0.011200
0.722400 0.091200 0.011200
0.740800 0.091200 0.011200
0.833600 0.091200 0.008800
0.848800 0.091200 0.011200
0.756000 0.092000 0.008000
0.816000 0.092000 0.011200
0.800800 0.092800 0.011200
0.884000 0.092800 0.019200
0.768000 0.093600 0.008800
0.784800 0.095200 0.011200
0.148800 0.101600 0.016000
0.155200 0.101600 0.015200
0.130400 0.102400 0.015200
0.190400 0.103200 0.011200
0.286400 0.103200 0.016000
0.174400 0.104000 0.013600
0.310400 0.104800 0.012800
0.204800 0.105600 0.019200
0.294400 0.105600 0.016000
0.027200 0.106400 0.013600
0.218400 0.106400 0.011200
0.235200 0.106400 0.011200
0.272800 0.106400 0.013600
0.328000 0.106400 0.011200
0.345600 0.106400 0.011200
0.365600 0.106400 0.012800
0.385600 0.106400 0.013600
0.441600 0.106400 0.012800
0.251200 0.107200 0.011200
0.263200 0.107200 0.004800
0.421600 0.107200 0.012800
0.460800 0.108000 0.013600
0.513600 0.108000 0.012800
0.404000 0.108800 0.011200
0.478400 0.108800 0.013600
0.495200 0.108800 0.011200
0.532000 0.109600 0.008800
0.570400 0.109600 0.013600
0.544800 0.110400 0.013600
0.584800 0.110400 0.008800
0.552800 0.111200 0.005600
0.600800 0.112800 0.010400
0.629600 0.112800 0.011200
0.613600 0.113600 0.011200
0.650400 0.114400 0.013600
0.672800 0.115200 0.011200
0.692000 0.116000 0.012800
0.745600 0.116800 0.013600
0.762400 0.117600 0.013600
0.837600 0.117600 0.008800
0.852800 0.117600 0.011200
0.718400 0.118400 0.016800
0.824000 0.118400 0.011200
0.866400 0.118400 0.013600
0.782400 0.120000 0.011200
0.800800 0.120000 0.013600
0.872800 0.121600 0.012800
0.889600 0.121600 0.012800
0.222400 0.132000 0.008800
0.208000 0.132800 0.011200
0.146400 0.133600 0.012000
0.164800 0.133600 0.015200
0.188000 0.133600 0.013600
0.233600 0.133600 0.008800
0.247200 0.134400 0.008800
0.256800 0.134400 0.005600
0.274400 0.134400 0.014400
0.127200 0.135200 0.016800
0.174400 0.135200 0.019200
0.348800 0.135200 0.012800
0.290400 0.136000 0.008800
0.301600 0.136000 0.008800
0.314400 0.136000 0.013600
0.332000 0.136000 0.012800
0.459200 0.136000 0.012800
0.504800 0.136000 0.011200
0.324000 0.136800 0.005600
0.367200 0.136800 0.011200
0.488800 0.136800 0.011200
0.384000 0.137600 0.011200
0.417600 0.137600 0.009600
0.522400 0.137600 0.012000
0.402400 0.138400 0.011200
0.432000 0.138400 0.008800
0.442400 0.138400 0.007200
0.472800 0.138400 0.009600
0.542400 0.138400 0.012800
0.593600 0.138400 0.011200
0.636800 0.139200 0.008800
0.559200 0.140000 0.011200
0.576800 0.140000 0.011200
0.625600 0.140000 0.008800
0.650400 0.140000 0.008800
0.612000 0.140800 0.011200
0.664800 0.140800 0.010400
0.685600 0.143200 0.013600
0.704000 0.144000 0.011200
0.731200 0.144800 0.011200
0.748800 0.144800 0.010400
0.764000 0.144800 0.011200
0.868800 0.144800 0.012000
0.720000 0.145600 0.008800
0.850400 0.145600 0.008800
0.889600 0.145600 0.012800
0.784000 0.147200 0.011200
0.813600 0.147200 0.008800
0.800000 0.148000 0.008800
0.828000 0.148000 0.008800
0.840000 0.148000 0.007200
0.177600 0.158400 0.013600
0.234400 0.159200 0.012800
0.253600 0.159200 0.013600
0.200800 0.160000 0.011200
0.216800 0.160000 0.013600
0.300000 0.160800 0.013600
0.320800 0.160800 0.013600
0.184000 0.161600 0.013600
0.265600 0.161600 0.008800
0.281600 0.161600 0.011200
0.126400 0.162400 0.016800
0.140000 0.162400 0.016800
0.147200 0.162400 0.016800
0.161600 0.162400 0.011200
0.492800 0.162400 0.016000
0.502400 0.162400 0.018400
0.516000 0.162400 0.008800
0.529600 0.162400 0.008800
0.568000 0.163200 0.008800
0.337600 0.164000 0.018400
0.348000 0.164000 0.016800
0.416800 0.164000 0.012800
0.436800 0.164000 0.012800
0.457600 0.164000 0.012800
0.476000 0.164000 0.011200
0.554400 0.164000 0.008800
0.598400 0.164000 0.008800
0.364000 0.164800 0.012800
0.615200 0.164800 0.011200
0.655200 0.164800 0.011200
0.399200 0.165600 0.011200
0.542400 0.165600 0.008800
0.584000 0.165600 0.011200
0.635200 0.165600 0.012000
0.672000 0.165600 0.008800
0.883200 0.165600 0.011200
0.384000 0.166400 0.011200
0.720000 0.166400 0.008800
0.836000 0.166400 0.010400
0.688800 0.167200 0.011200
0.704800 0.167200 0.011200
0.736000 0.167200 0.008800
0.791200 0.167200 0.011200
0.748000 0.168000 0.011200
0.764800 0.168000 0.011200
0.780800 0.168000 0.010400
0.868000 0.168000 0.011200
0.814400 0.168800 0.013600
0.853600 0.168800 0.011200
0.185600 0.186400 0.012000
0.230400 0.186400 0.008800
0.609600 0.186400 0.008800
0.666400 0.186400 0.009600
0.243200 0.187200 0.008800
0.268000 0.187200 0.008000
0.534400 0.187200 0.010400
0.561600 0.187200 0.008800
0.569600 0.187200 0.013600
0.618400 0.187200 0.016800
0.722400 0.187200 0.012000
0.152800 0.188000 0.009600
0.168000 0.188000 0.011200
0.203200 0.188000 0.011200
0.216000 0.188000 0.008800
0.255200 0.188000 0.008800
0.279200 0.188000 0.008800
0.348800 0.188000 0.008000
0.518400 0.188000 0.010400
0.548800 0.188000 0.008800
0.596000 0.188000 0.008800
0.630400 0.188000 0.008800
0.643200 0.188000 0.007200
0.679200 0.188000 0.011200
0.309600 0.188800 0.011200
0.475200 0.188800 0.011200
0.505600 0.188800 0.005600
0.584000 0.188800 0.008800
0.652000 0.188800 0.005600
0.702400 0.188800 0.011200
0.740800 0.188800 0.011200
0.788800 0.188800 0.011200
0.138400 0.189600 0.008800
0.329600 0.189600 0.012800
0.358400 0.189600 0.008800
0.437600 0.189600 0.011200
0.456000 0.189600 0.011200
0.496000 0.189600 0.013600
0.756800 0.189600 0.010400
0.293600 0.190400 0.011200
0.372000 0.190400 0.008800
0.381600 0.190400 0.005600
0.775200 0.190400 0.008800
0.424800 0.191200 0.007200
0.805600 0.191200 0.008800
0.124000 0.192000 0.011200
0.396800 0.192000 0.011200
0.413600 0.192000 0.008800
0.839200 0.192000 0.011200
0.855200 0.192000 0.010400
0.821600 0.192800 0.010400
0.890400 0.192800 0.013600
0.872800 0.193600 0.011200
0.287200 0.213600 0.008800
0.214400 0.214400 0.010400
0.317600 0.214400 0.011200
0.363200 0.214400 0.013600
0.637600 0.214400 0.013600
0.712800 0.214400 0.013600
0.731200 0.214400 0.016800
0.172000 0.215200 0.011200
0.188000 0.215200 0.008800
0.231200 0.215200 0.010400
0.248000 0.215200 0.011200
0.272000 0.215200 0.012000
0.334400 0.215200 0.008800
0.347200 0.215200 0.008800
0.411200 0.215200 0.012800
0.520000 0.215200 0.013600
0.576000 0.215200 0.011200
0.656800 0.215200 0.011200
0.893600 0.215200 0.008800
0.123200 0.216000 0.015200
0.200000 0.216000 0.008800
0.298400 0.216000 0.011200
0.382400 0.216000 0.008800
0.392800 0.216000 0.013600
0.468000 0.216000 0.011200
0.622400 0.216000 0.008800
0.691200 0.216000 0.013600
0.740800 0.216000 0.016800
0.796000 0.216000 0.013600
0.851200 0.216000 0.011200
0.144000 0.216800 0.008800
0.153600 0.216800 0.016000
0.431200 0.216800 0.012800
0.484800 0.216800 0.009600
0.500800 0.216800 0.011200
0.541600 0.216800 0.011200
0.557600 0.216800 0.011200
0.608000 0.216800 0.011200
0.673600 0.216800 0.011200
0.756800 0.216800 0.011200
0.832000 0.216800 0.011200
0.869600 0.216800 0.009600
0.884000 0.216800 0.008800
0.131200 0.217600 0.016800
0.451200 0.217600 0.011200
0.591200 0.217600 0.011200
0.774400 0.218400 0.012000
0.815200 0.218400 0.011200
0.200000 0.238400 0.011200
0.289600 0.238400 0.008800
0.301600 0.239200 0.005600
0.311200 0.239200 0.007200
0.840800 0.239200 0.016000
0.168000 0.240000 0.011200
0.217600 0.240000 0.011200
0.257600 0.240000 0.011200
0.322400 0.240000 0.007200
0.404800 0.240000 0.008800
0.128000 0.240800 0.013600
0.275200 0.240800 0.011200
0.489600 0.240800 0.012800
0.549600 0.240800 0.011200
0.759200 0.240800 0.013600
0.862400 0.240800 0.011200
0.151200 0.241600 0.011200
0.185600 0.241600 0.011200
0.238400 0.241600 0.013600
0.333600 0.241600 0.008800
0.361600 0.241600 0.008800
0.375200 0.241600 0.008800
0.388800 0.241600 0.011200
0.470400 0.241600 0.011200
0.528800 0.241600 0.012800
0.565600 0.241600 0.011200
0.579200 0.241600 0.011200
0.617600 0.241600 0.013600
0.779200 0.241600 0.011200
0.828000 0.241600 0.011200
0.347200 0.242400 0.009600
0.420800 0.242400 0.010400
0.452000 0.242400 0.011200
0.508000 0.242400 0.011200
0.596800 0.242400 0.009600
0.639200 0.242400 0.011200
0.697600 0.242400 0.012800
0.718400 0.242400 0.012000
0.738400 0.242400 0.012000
0.798400 0.242400 0.012000
0.849600 0.242400 0.016800
0.878400 0.242400 0.013600
0.656800 0.243200 0.011200
0.676000 0.243200 0.012800
0.812000 0.243200 0.008800
0.436800 0.244000 0.008800
0.307200 0.263200 0.010400
0.320800 0.264000 0.009600
0.372000 0.264000 0.011200
0.412000 0.264000 0.016000
0.193600 0.264800 0.008800
0.207200 0.264800 0.013600
0.237600 0.264800 0.008800
0.252000 0.264800 0.011200
0.388800 0.264800 0.008800
0.606400 0.264800 0.011200
0.150400 0.265600 0.013600
0.170400 0.265600 0.016800
0.181600 0.265600 0.008800
0.224000 0.265600 0.008800
0.289600 0.265600 0.011200
0.355200 0.265600 0.008800
0.464000 0.265600 0.013600
0.712000 0.265600 0.011200
0.339200 0.266400 0.011200
0.481600 0.266400 0.011200
0.504000 0.266400 0.013600
0.521600 0.266400 0.012800
0.544800 0.266400 0.012800
0.269600 0.267200 0.012800
0.438400 0.267200 0.012800
0.624800 0.267200 0.011200
0.728000 0.267200 0.011200
0.744800 0.267200 0.011200
0.129600 0.268000 0.016800
0.641600 0.268000 0.011200
0.668000 0.268000 0.008800
0.682400 0.268000 0.010400
0.698400 0.268000 0.009600
0.759200 0.268000 0.008800
0.775200 0.268000 0.013600
0.796000 0.268000 0.013600
0.832800 0.268000 0.013600
0.857600 0.268000 0.014400
0.585600 0.268800 0.012800
0.656800 0.268800 0.008800
0.813600 0.268800 0.012000
0.880000 0.268800 0.015200
0.565600 0.269600 0.013600
0.632800 0.288000 0.011200
0.364800 0.288800 0.012800
0.383200 0.288800 0.011200
0.616000 0.288800 0.011200
0.537600 0.289600 0.008800
0.403200 0.290400 0.013600
0.504800 0.290400 0.012000
0.523200 0.290400 0.011200
0.599200 0.290400 0.010400
0.650400 0.290400 0.011200
0.672000 0.290400 0.010400
0.711200 0.290400 0.011200
0.880800 0.290400 0.011200
0.466400 0.291200 0.011200
0.484000 0.291200 0.012800
0.554400 0.291200 0.011200
0.584800 0.291200 0.008800
0.684800 0.291200 0.008800
0.314400 0.292000 0.013600
0.349600 0.292000 0.008800
0.416800 0.292000 0.011200
0.571200 0.292000 0.008800
0.822400 0.292000 0.011200
0.866400 0.292000 0.008800
0.698400 0.292800 0.008800
0.732800 0.292800 0.013600
0.839200 0.292800 0.008800
0.853600 0.292800 0.008800
0.236800 0.293600 0.013600
0.294400 0.293600 0.013600
0.336000 0.293600 0.011200
0.448000 0.293600 0.011200
0.432000 0.294400 0.011200
0.756000 0.294400 0.011200
0.805600 0.294400 0.010400
0.168800 0.295200 0.011200
0.192800 0.295200 0.016000
0.214400 0.295200 0.013600
0.772800 0.295200 0.011200
0.789600 0.295200 0.009600
0.255200 0.296000 0.011200
0.272000 0.296000 0.013600
0.152800 0.297600 0.011200
0.124800 0.298400 0.013600
0.138400 0.298400 0.008800
0.708800 0.316000 0.012800
0.837600 0.316000 0.011200
0.465600 0.316800 0.013600
0.561600 0.316800 0.012800
0.674400 0.316800 0.008800
0.690400 0.316800 0.011200
0.768000 0.316800 0.012000
0.790400 0.316800 0.012800
0.820000 0.316800 0.010400
0.856800 0.316800 0.012000
0.428800 0.317600 0.010400
0.445600 0.317600 0.010400
0.580000 0.317600 0.011200
0.595200 0.317600 0.012000
0.614400 0.317600 0.015200
0.624800 0.317600 0.007200
0.641600 0.317600 0.011200
0.657600 0.317600 0.011200
0.730400 0.317600 0.011200
0.807200 0.317600 0.008800
0.877600 0.317600 0.016000
0.353600 0.318400 0.008800
0.412800 0.318400 0.008800
0.487200 0.318400 0.012000
0.504800 0.318400 0.011200
0.522400 0.318400 0.011200
0.322400 0.319200 0.012800
0.383200 0.319200 0.012800
0.400800 0.319200 0.008800
0.540800 0.319200 0.011200
0.748000 0.319200 0.011200
0.340000 0.320000 0.010400
0.365600 0.320000 0.008800
0.288000 0.320800 0.011200
0.304000 0.320800 0.011200
0.259200 0.321600 0.008800
0.270400 0.321600 0.016800
0.121600 0.322400 0.013600
0.141600 0.322400 0.012800
0.163200 0.323200 0.011200
0.180800 0.323200 0.009600
0.194400 0.324000 0.008800
0.208000 0.324000 0.008800
0.246400 0.324000 0.011200
0.220800 0.324800 0.011200
0.234400 0.324800 0.011200
0.684000 0.340800 0.011200
0.740800 0.340800 0.011200
0.774400 0.340800 0.013600
0.722400 0.341600 0.011200
0.756000 0.341600 0.011200
0.636800 0.342400 0.011200
0.652800 0.342400 0.011200
0.668800 0.342400 0.008800
0.704800 0.342400 0.012000
0.844800 0.342400 0.013600
0.484800 0.343200 0.015200
0.620000 0.343200 0.008800
0.793600 0.343200 0.008800
0.521600 0.344000 0.011200
0.588800 0.344000 0.011200
0.606400 0.344000 0.011200
0.805600 0.344000 0.008800
0.821600 0.344000 0.011200
0.887200 0.344000 0.012800
0.395200 0.344800 0.012800
0.492800 0.344800 0.016800
0.539200 0.344800 0.016800
0.568800 0.344800 0.012800
0.868000 0.344800 0.012800
0.378400 0.345600 0.015200
0.416000 0.345600 0.011200
0.436800 0.345600 0.013600
0.506400 0.345600 0.008800
0.550400 0.345600 0.019200
0.452800 0.346400 0.011200
0.372000 0.347200 0.013600
0.468000 0.347200 0.011200
0.345600 0.348000 0.008800
0.358400 0.348000 0.008800
0.160800 0.348800 0.005600
0.320800 0.348800 0.008800
0.331200 0.348800 0.008800
0.171200 0.349600 0.008800
0.187200 0.349600 0.011200
0.288800 0.349600 0.013600
0.120800 0.350400 0.017600
0.146400 0.350400 0.011200
0.233600 0.350400 0.011200
0.251200 0.350400 0.011200
0.268000 0.350400 0.011200
0.132000 0.351200 0.008800
0.219200 0.351200 0.008800
0.305600 0.351200 0.011200
0.205600 0.352800 0.011200
0.854400 0.365600 0.012000
0.873600 0.365600 0.013600
0.753600 0.367200 0.015200
0.732800 0.368000 0.012800
0.880000 0.368000 0.014400
0.712000 0.368800 0.012800
0.781600 0.369600 0.012800
0.803200 0.369600 0.011200
0.821600 0.369600 0.011200
0.672800 0.370400 0.010400
0.692000 0.370400 0.012800
0.836800 0.370400 0.011200
0.523200 0.371200 0.008800
0.553600 0.371200 0.008000
0.622400 0.371200 0.013600
0.642400 0.371200 0.011200
0.657600 0.371200 0.008800
0.379200 0.372000 0.015200
0.543200 0.372000 0.005600
0.564800 0.372000 0.011200
0.385600 0.372800 0.014400
0.403200 0.372800 0.013600
0.510400 0.372800 0.011200
0.533600 0.372800 0.007200
0.583200 0.372800 0.011200
0.600000 0.372800 0.008800
0.343200 0.373600 0.007200
0.360000 0.373600 0.012800
0.423200 0.373600 0.010400
0.438400 0.373600 0.013600
0.447200 0.373600 0.005600
0.478400 0.373600 0.009600
0.330400 0.374400 0.016800
0.463200 0.374400 0.011200
0.493600 0.374400 0.011200
0.197600 0.376000 0.012800
0.264000 0.376000 0.011200
0.278400 0.376000 0.007200
0.291200 0.376000 0.010400
0.324800 0.376000 0.013600
0.147200 0.376800 0.019200
0.130400 0.377600 0.013600
0.215200 0.377600 0.011200
0.232800 0.377600 0.011200
0.248800 0.377600 0.008800
0.176800 0.378400 0.012000
0.308000 0.378400 0.011200
0.157600 0.379200 0.016800
0.880000 0.393600 0.014400
0.817600 0.394400 0.015200
0.637600 0.395200 0.012800
0.696800 0.395200 0.011200
0.799200 0.395200 0.012000
0.840800 0.395200 0.011200
0.576800 0.396000 0.015200
0.616800 0.396000 0.011200
0.675200 0.396000 0.013600
0.718400 0.396000 0.013600
0.764800 0.396000 0.011200
0.599200 0.396800 0.011200
0.657600 0.396800 0.011200
0.780800 0.396800 0.011200
0.859200 0.396800 0.013600
0.415200 0.397600 0.012800
0.436800 0.397600 0.013600
0.485600 0.397600 0.011200
0.541600 0.397600 0.011200
0.554400 0.397600 0.016800
0.749600 0.397600 0.011200
0.737600 0.398400 0.009600
0.397600 0.399200 0.012000
0.455200 0.399200 0.011200
0.504000 0.399200 0.012800
0.524800 0.399200 0.011200
0.236800 0.400000 0.013600
0.469600 0.400000 0.009600
0.206400 0.400800 0.008800
0.346400 0.400800 0.012800
0.378400 0.400800 0.011200
0.362400 0.401600 0.011200
0.216800 0.402400 0.008800
0.269600 0.402400 0.010400
0.285600 0.402400 0.011200
0.193600 0.403200 0.009600
0.252800 0.403200 0.009600
0.324800 0.403200 0.011200
0.127200 0.404000 0.012800
0.143200 0.404000 0.010400
0.160800 0.404000 0.012000
0.178400 0.404000 0.008800
0.307200 0.404000 0.012000
0.626400 0.417600 0.013600
0.684000 0.419200 0.015200
0.656800 0.420000 0.013600
0.829600 0.420000 0.016000
0.883200 0.420000 0.016000
0.597600 0.420800 0.010400
0.611200 0.420800 0.008800
0.820000 0.420800 0.008800
0.875200 0.420800 0.013600
0.578400 0.421600 0.011200
0.702400 0.421600 0.011200
0.765600 0.421600 0.012800
0.846400 0.421600 0.011200
0.860800 0.421600 0.008800
0.274400 0.422400 0.011200
0.517600 0.422400 0.012800
0.552000 0.422400 0.009600
0.718400 0.422400 0.008800
0.732000 0.422400 0.008800
0.784800 0.422400 0.011200
0.255200 0.423200 0.011200
0.291200 0.423200 0.008800
0.437600 0.423200 0.011200
0.564000 0.423200 0.008800
0.179200 0.424000 0.012800
0.207200 0.424000 0.011200
0.224800 0.424000 0.010400
0.237600 0.424000 0.008800
0.458400 0.424000 0.013600
0.480000 0.424000 0.011200
0.497600 0.424000 0.011200
0.746400 0.424000 0.011200
0.806400 0.424000 0.015200
0.399200 0.424800 0.012000
0.417600 0.424800 0.011200
0.304800 0.425600 0.011200
0.322400 0.425600 0.010400
0.344000 0.425600 0.012800
0.383200 0.425600 0.005600
0.196000 0.426400 0.011200
0.374400 0.426400 0.008800
0.534400 0.426400 0.011200
0.126400 0.427200 0.011200
0.143200 0.428000 0.011200
0.160800 0.428000 0.011200
0.360800 0.428800 0.011200
0.885600 0.444000 0.013600
0.772800 0.445600 0.016000
0.780800 0.445600 0.013600
0.852000 0.445600 0.011200
0.869600 0.445600 0.010400
0.232000 0.446400 0.011200
0.674400 0.446400 0.011200
0.693600 0.446400 0.012800
0.812800 0.446400 0.011200
0.832000 0.446400 0.011200
0.313600 0.447200 0.012000
0.758400 0.447200 0.008800
0.795200 0.447200 0.010400
0.290400 0.448000 0.012800
0.657600 0.448000 0.011200
0.712000 0.448000 0.011200
0.747200 0.448000 0.007200
0.256800 0.448800 0.009600
0.273600 0.448800 0.011200
0.332000 0.448800 0.011200
0.639200 0.448800 0.013600
0.198400 0.449600 0.011200
0.216000 0.449600 0.011200
0.244000 0.449600 0.011200
0.735200 0.449600 0.011200
0.180000 0.450400 0.011200
0.348000 0.450400 0.011200
0.389600 0.450400 0.013600
0.148000 0.451200 0.016000
0.367200 0.451200 0.011200
0.616800 0.451200 0.012800
0.162400 0.452000 0.011200
0.526400 0.452000 0.008800
0.540800 0.452000 0.011200
0.559200 0.452000 0.011200
0.591200 0.452000 0.016000
0.126400 0.452800 0.013600
0.140000 0.452800 0.016000
0.408000 0.452800 0.011200
0.425600 0.453600 0.011200
0.441600 0.453600 0.008800
0.456800 0.453600 0.015200
0.478400 0.453600 0.010400
0.492800 0.453600 0.011200
0.575200 0.453600 0.011200
0.510400 0.454400 0.013600
0.829600 0.467200 0.016800
0.889600 0.468800 0.013600
0.770400 0.469600 0.008800
0.838400 0.469600 0.015200
0.815200 0.470400 0.011200
0.854400 0.470400 0.011200
0.872000 0.470400 0.011200
0.304800 0.471200 0.016000
0.711200 0.471200 0.009600
0.741600 0.471200 0.010400
0.726400 0.472000 0.008800
0.756800 0.472000 0.008800
0.785600 0.472000 0.011200
0.228800 0.472800 0.012800
0.249600 0.472800 0.012000
0.668800 0.472800 0.011200
0.802400 0.472800 0.011200
0.269600 0.473600 0.012000
0.288800 0.473600 0.011200
0.312800 0.473600 0.013600
0.331200 0.473600 0.011200
0.352800 0.473600 0.012800
0.698400 0.473600 0.009600
0.188800 0.474400 0.011200
0.208800 0.474400 0.012000
0.616800 0.474400 0.013600
0.652800 0.474400 0.011200
0.684000 0.474400 0.008800
0.168800 0.475200 0.011200
0.369600 0.475200 0.011200
0.387200 0.475200 0.011200
0.143200 0.476000 0.009600
0.636000 0.476000 0.011200
0.158400 0.476800 0.008800
0.504000 0.476800 0.008800
0.595200 0.476800 0.011200
0.128000 0.477600 0.011200
0.424800 0.477600 0.011200
0.450400 0.477600 0.005600
0.460800 0.477600 0.008800
0.476000 0.477600 0.011200
0.490400 0.477600 0.008800
0.551200 0.477600 0.012000
0.571200 0.477600 0.012800
0.404800 0.478400 0.011200
0.440000 0.478400 0.011200
0.512000 0.478400 0.012800
0.531200 0.479200 0.011200
0.815200 0.492800 0.008800
0.741600 0.493600 0.016800
0.340000 0.494400 0.011200
0.690400 0.494400 0.012800
0.696000 0.494400 0.012000
0.790400 0.494400 0.008800
0.827200 0.494400 0.011200
0.165600 0.495200 0.011200
0.267200 0.495200 0.011200
0.306400 0.495200 0.008800
0.321600 0.495200 0.009600
0.730400 0.495200 0.008800
0.767200 0.495200 0.011200
0.803200 0.495200 0.008800
0.843200 0.495200 0.008800
0.189600 0.496000 0.011200
0.288800 0.496000 0.010400
0.373600 0.496000 0.010400
0.390400 0.496000 0.008800
0.488800 0.496000 0.011200
0.673600 0.496000 0.011200
0.779200 0.496000 0.007200
0.148000 0.496800 0.008800
0.205600 0.496800 0.008800
0.216800 0.496800 0.007200
0.228000 0.496800 0.008800
0.248000 0.496800 0.011200
0.472800 0.496800 0.009600
0.572000 0.496800 0.009600
0.653600 0.496800 0.011200
0.715200 0.496800 0.010400
0.752800 0.496800 0.008800
0.858400 0.496800 0.011200
0.132800 0.497600 0.009600
0.496800 0.497600 0.011200
0.508800 0.497600 0.008800
0.524800 0.497600 0.008800
0.553600 0.497600 0.010400
0.636000 0.497600 0.009600
0.358400 0.498400 0.011200
0.409600 0.498400 0.011200
0.428800 0.498400 0.012800
0.536000 0.498400 0.010400
0.619200 0.498400 0.010400
0.882400 0.498400 0.016000
0.434400 0.499200 0.012800
0.453600 0.499200 0.011200
0.586400 0.500000 0.008800
0.873600 0.500000 0.023200
0.601600 0.500800 0.010400
0.240000 0.514400 0.008800
0.254400 0.515200 0.009600
0.315200 0.516000 0.012800
0.678400 0.516000 0.013600
0.188000 0.516800 0.012800
0.272800 0.516800 0.013600
0.294400 0.516800 0.011200
0.333600 0.516800 0.012800
0.205600 0.517600 0.008800
0.220000 0.517600 0.011200
0.668800 0.517600 0.013600
0.174400 0.518400 0.008800
0.352800 0.518400 0.011200
0.466400 0.518400 0.009600
0.502400 0.518400 0.011200
0.633600 0.518400 0.010400
0.650400 0.518400 0.011200
0.696000 0.518400 0.011200
0.792000 0.518400 0.008800
0.806400 0.518400 0.011200
0.827200 0.518400 0.013600
0.848800 0.518400 0.013600
0.876000 0.518400 0.009600
0.133600 0.519200 0.019200
0.160000 0.519200 0.008800
0.372000 0.519200 0.012800
0.419200 0.519200 0.012800
0.484000 0.519200 0.011200
0.518400 0.519200 0.013600
0.524800 0.519200 0.013600
0.540800 0.519200 0.011200
0.728800 0.519200 0.011200
0.744800 0.519200 0.011200
0.761600 0.519200 0.011200
0.147200 0.520000 0.008800
0.392800 0.520000 0.013600
0.438400 0.520000 0.009600
0.452000 0.520000 0.008800
0.561600 0.520000 0.012800
0.616800 0.520000 0.011200
0.712800 0.520000 0.011200
0.777600 0.520000 0.011200
0.860800 0.520000 0.008800
0.580000 0.520800 0.011200
0.928000 0.520800 0.032000
0.596800 0.522400 0.011200
