0.150400 0.031200 0.025600
0.166400 0.032800 0.011200
0.202400 0.032800 0.011200
0.219200 0.032800 0.013600
0.186400 0.033600 0.011200
0.856800 0.037600 0.017600
0.705600 0.066400 0.019200
0.679200 0.067200 0.011200
0.691200 0.068800 0.008800
0.599200 0.069600 0.013600
0.663200 0.069600 0.011200
0.880800 0.069600 0.024800
0.554400 0.070400 0.011200
0.616800 0.070400 0.011200
0.634400 0.070400 0.009600
0.731200 0.070400 0.019200
0.761600 0.070400 0.012800
0.864800 0.070400 0.012800
0.568800 0.071200 0.008800
0.579200 0.071200 0.017600
0.648800 0.071200 0.008800
0.744000 0.072000 0.008800
0.844000 0.072000 0.013600
0.452800 0.072800 0.013600
0.470400 0.072800 0.013600
0.484000 0.072800 0.008800
0.539200 0.072800 0.008800
0.798400 0.072800 0.011200
0.819200 0.072800 0.015200
0.513600 0.073600 0.009600
0.526400 0.073600 0.008800
0.784800 0.073600 0.013600
0.259200 0.074400 0.011200
0.432800 0.074400 0.016800
0.461600 0.074400 0.004800
0.497600 0.074400 0.008800
0.176000 0.075200 0.019200
0.277600 0.075200 0.013600
0.322400 0.075200 0.012800
0.361600 0.075200 0.010400
0.160000 0.076000 0.012800
0.184800 0.076000 0.016800
0.200000 0.076000 0.008800
0.244000 0.076000 0.008800
0.300800 0.076000 0.014400
0.377600 0.076000 0.008800
0.407200 0.076000 0.007200
0.422400 0.076000 0.019200
0.218400 0.076800 0.012000
0.338400 0.076800 0.008800
0.348800 0.076800 0.008800
0.393600 0.076800 0.011200
0.232800 0.077600 0.005600
0.139200 0.078400 0.011200
0.124000 0.079200 0.013600
0.656000 0.097600 0.011200
0.674400 0.097600 0.011200
0.693600 0.097600 0.012000
0.876800 0.097600 0.019200
0.605600 0.098400 0.013600
0.639200 0.098400 0.010400
0.738400 0.098400 0.008800
0.767200 0.098400 0.013600
0.801600 0.098400 0.007200
0.624000 0.099200 0.011200
0.709600 0.099200 0.008800
0.723200 0.099200 0.009600
0.752800 0.099200 0.008800
0.788000 0.099200 0.011200
0.809600 0.099200 0.005600
0.833600 0.099200 0.007200
0.884800 0.099200 0.014400
0.586400 0.100000 0.011200
0.823200 0.100000 0.008800
0.847200 0.100000 0.011200
0.864000 0.100000 0.011200
0.568800 0.100800 0.011200
0.408000 0.101600 0.011200
0.553600 0.101600 0.010400
0.359200 0.102400 0.008800
0.503200 0.102400 0.011200
0.535200 0.102400 0.011200
0.471200 0.103200 0.008800
0.518400 0.103200 0.011200
0.248800 0.104000 0.008800
0.372800 0.104000 0.008800
0.388800 0.104000 0.012800
0.425600 0.104000 0.016800
0.459200 0.104000 0.007200
0.485600 0.104000 0.012800
0.265600 0.104800 0.011200
0.329600 0.104800 0.011200
0.345600 0.104800 0.008800
0.437600 0.104800 0.005600
0.447200 0.104800 0.008800
0.155200 0.105600 0.011200
0.189600 0.105600 0.011200
0.204800 0.105600 0.008800
0.220000 0.105600 0.011200
0.238400 0.105600 0.018400
0.312800 0.105600 0.008800
0.284000 0.106400 0.011200
0.300000 0.106400 0.008800
0.124800 0.107200 0.013600
0.140800 0.107200 0.008800
0.172800 0.107200 0.011200
0.739200 0.123200 0.012800
0.627200 0.124000 0.008800
0.637600 0.124000 0.016800
0.704000 0.124000 0.012800
0.652000 0.124800 0.008800
0.723200 0.124800 0.010400
0.776800 0.124800 0.011200
0.660800 0.125600 0.005600
0.675200 0.125600 0.011200
0.686400 0.125600 0.011200
0.759200 0.125600 0.013600
0.596000 0.126400 0.008800
0.612000 0.126400 0.011200
0.819200 0.126400 0.011200
0.833600 0.126400 0.016800
0.840800 0.126400 0.013600
0.585600 0.127200 0.016800
0.797600 0.127200 0.015200
0.856800 0.127200 0.010400
0.568000 0.128000 0.012800
0.870400 0.128800 0.008800
0.883200 0.128800 0.019200
0.534400 0.129600 0.011200
0.550400 0.129600 0.011200
0.462400 0.130400 0.016800
0.482400 0.130400 0.008800
0.470400 0.131200 0.016800
0.492800 0.131200 0.008800
0.503200 0.131200 0.005600
0.515200 0.132000 0.016800
0.430400 0.132800 0.011200
0.448000 0.132800 0.011200
0.308000 0.133600 0.005600
0.363200 0.133600 0.012000
0.384000 0.133600 0.012000
0.414400 0.133600 0.010400
0.249600 0.134400 0.011200
0.340800 0.134400 0.013600
0.400000 0.134400 0.008800
0.159200 0.135200 0.011200
0.172800 0.135200 0.008800
0.188000 0.135200 0.016800
0.263200 0.135200 0.010400
0.319200 0.135200 0.016800
0.197600 0.136000 0.008800
0.297600 0.136000 0.008800
0.140000 0.136800 0.013600
0.213600 0.136800 0.015200
0.235200 0.136800 0.008800
0.282400 0.136800 0.012800
0.124000 0.137600 0.013600
0.840800 0.152000 0.019200
0.849600 0.153600 0.016000
0.884800 0.153600 0.012800
0.736000 0.154400 0.008800
0.756000 0.154400 0.013600
0.802400 0.154400 0.016800
0.808800 0.154400 0.013600
0.828800 0.154400 0.016800
0.724000 0.155200 0.008800
0.868000 0.155200 0.011200
0.772000 0.156000 0.011200
0.788000 0.156000 0.011200
0.668000 0.156800 0.015200
0.701600 0.156800 0.008800
0.714400 0.156800 0.008800
0.649600 0.157600 0.015200
0.676800 0.157600 0.007200
0.600000 0.158400 0.010400
0.613600 0.158400 0.008800
0.628000 0.158400 0.019200
0.638400 0.158400 0.008000
0.688800 0.158400 0.008800
0.583200 0.159200 0.012000
0.498400 0.160800 0.008800
0.425600 0.161600 0.013600
0.510400 0.161600 0.007200
0.523200 0.161600 0.011200
0.566400 0.161600 0.008800
0.253600 0.162400 0.008800
0.407200 0.162400 0.011200
0.456000 0.162400 0.005600
0.538400 0.162400 0.011200
0.556800 0.162400 0.015200
0.238400 0.163200 0.011200
0.361600 0.163200 0.013600
0.380800 0.163200 0.011200
0.444000 0.163200 0.011200
0.485600 0.163200 0.008800
0.165600 0.164000 0.005600
0.187200 0.164000 0.008800
0.221600 0.164000 0.008800
0.272800 0.164000 0.005600
0.394400 0.164000 0.007200
0.468800 0.164000 0.011200
0.174400 0.164800 0.016800
0.199200 0.164800 0.008800
0.210400 0.164800 0.008800
0.264000 0.164800 0.007200
0.304800 0.164800 0.008800
0.347200 0.164800 0.005600
0.156000 0.165600 0.014400
0.288800 0.165600 0.012000
0.336000 0.165600 0.008800
0.124800 0.166400 0.019200
0.139200 0.166400 0.011200
0.320000 0.167200 0.011200
0.794400 0.184800 0.013600
0.845600 0.184800 0.007200
0.861600 0.184800 0.011200
0.880000 0.184800 0.016800
0.713600 0.185600 0.011200
0.731200 0.185600 0.011200
0.677600 0.186400 0.013600
0.751200 0.186400 0.014400
0.775200 0.186400 0.013600
0.815200 0.186400 0.013600
0.609600 0.187200 0.012800
0.630400 0.187200 0.013600
0.696000 0.187200 0.011200
0.587200 0.188000 0.013600
0.834400 0.188000 0.017600
0.592000 0.188800 0.015200
0.652800 0.188800 0.015200
0.413600 0.189600 0.016000
0.420800 0.189600 0.016800
0.439200 0.189600 0.013600
0.569600 0.189600 0.011200
0.478400 0.190400 0.011200
0.243200 0.191200 0.011200
0.384000 0.191200 0.008800
0.457600 0.191200 0.014400
0.467200 0.191200 0.004800
0.494400 0.191200 0.011200
0.553600 0.191200 0.010400
0.172800 0.192000 0.011200
0.228000 0.192000 0.011200
0.261600 0.192000 0.012800
0.265600 0.192000 0.016800
0.372800 0.192000 0.005600
0.209600 0.192800 0.011200
0.279200 0.192800 0.008800
0.296000 0.192800 0.011200
0.316000 0.192800 0.013600
0.395200 0.192800 0.018400
0.538400 0.192800 0.011200
0.158400 0.193600 0.010400
0.255200 0.193600 0.018400
0.337600 0.193600 0.011200
0.352000 0.193600 0.008800
0.363200 0.193600 0.007200
0.510400 0.193600 0.008800
0.521600 0.193600 0.008800
0.140800 0.194400 0.012800
0.194400 0.194400 0.013600
0.123200 0.196000 0.013600
0.880000 0.214400 0.013600
0.728000 0.215200 0.016800
0.864000 0.215200 0.011200
0.626400 0.216000 0.011200
0.664000 0.216000 0.013600
0.681600 0.216000 0.007200
0.738400 0.216000 0.016800
0.694400 0.216800 0.011200
0.710400 0.216800 0.011200
0.789600 0.216800 0.011200
0.607200 0.217600 0.016800
0.646400 0.217600 0.012800
0.757600 0.217600 0.012800
0.825600 0.217600 0.013600
0.848000 0.217600 0.011200
0.596000 0.218400 0.016800
0.774400 0.218400 0.011200
0.806400 0.218400 0.012800
0.527200 0.219200 0.011200
0.545600 0.219200 0.011200
0.561600 0.219200 0.011200
0.145600 0.220000 0.015200
0.152000 0.220000 0.016800
0.211200 0.220000 0.016800
0.248800 0.220000 0.005600
0.512800 0.220000 0.005600
0.577600 0.220000 0.012800
0.168800 0.220800 0.011200
0.183200 0.220800 0.008800
0.194400 0.220800 0.011200
0.221600 0.220800 0.008800
0.235200 0.220800 0.011200
0.335200 0.220800 0.008800
0.352000 0.220800 0.011200
0.380800 0.220800 0.011200
0.410400 0.220800 0.009600
0.445600 0.220800 0.012800
0.465600 0.220800 0.011200
0.261600 0.221600 0.008800
0.286400 0.221600 0.013600
0.303200 0.221600 0.005600
0.319200 0.221600 0.011200
0.368000 0.221600 0.008800
0.397600 0.221600 0.011200
0.484000 0.221600 0.011200
0.125600 0.222400 0.013600
0.272800 0.222400 0.008800
0.294400 0.222400 0.015200
0.427200 0.222400 0.011200
0.504000 0.222400 0.013600
0.879200 0.241600 0.016800
0.885600 0.242400 0.016800
0.576000 0.243200 0.011200
0.684000 0.244000 0.007200
0.714400 0.244000 0.008800
0.728000 0.244000 0.008800
0.744000 0.244000 0.011200
0.858400 0.244000 0.013600
0.595200 0.244800 0.013600
0.673600 0.244800 0.008800
0.699200 0.244800 0.011200
0.797600 0.244800 0.012800
0.838400 0.244800 0.013600
0.558400 0.245600 0.011200
0.618400 0.245600 0.011200
0.640000 0.245600 0.013600
0.657600 0.245600 0.011200
0.760000 0.245600 0.011200
0.816800 0.245600 0.011200
0.420000 0.246400 0.016800
0.480000 0.246400 0.011200
0.498400 0.246400 0.011200
0.520800 0.246400 0.013600
0.541600 0.246400 0.011200
0.779200 0.246400 0.011200
0.409600 0.247200 0.016800
0.297600 0.248000 0.011200
0.436800 0.248000 0.012800
0.160800 0.248800 0.008800
0.282400 0.248800 0.011200
0.314400 0.248800 0.011200
0.329600 0.248800 0.011200
0.461600 0.248800 0.013600
0.124000 0.249600 0.011200
0.137600 0.249600 0.018400
0.244000 0.249600 0.015200
0.268800 0.249600 0.011200
0.394400 0.249600 0.011200
0.147200 0.250400 0.019200
0.190400 0.250400 0.008800
0.206400 0.250400 0.011200
0.222400 0.250400 0.011200
0.348000 0.250400 0.011200
0.362400 0.250400 0.011200
0.175200 0.251200 0.011200
0.378400 0.252000 0.010400
0.584800 0.268000 0.014400
0.592800 0.268800 0.015200
0.604000 0.269600 0.016000
0.728000 0.269600 0.011200
0.610400 0.270400 0.012800
0.744000 0.270400 0.011200
0.789600 0.270400 0.008800
0.806400 0.270400 0.012800
0.567200 0.271200 0.012800
0.711200 0.271200 0.011200
0.855200 0.271200 0.011200
0.868800 0.271200 0.008800
0.760800 0.272000 0.012800
0.779200 0.272000 0.007200
0.840000 0.272000 0.008800
0.885600 0.272000 0.013600
0.532000 0.272800 0.012800
0.548800 0.272800 0.011200
0.676800 0.272800 0.011200
0.662400 0.273600 0.008800
0.693600 0.273600 0.011200
0.825600 0.273600 0.011200
0.456000 0.274400 0.011200
0.513600 0.274400 0.011200
0.631200 0.274400 0.013600
0.648000 0.274400 0.011200
0.392800 0.275200 0.008800
0.403200 0.275200 0.008800
0.494400 0.275200 0.012000
0.122400 0.276000 0.011200
0.316800 0.276000 0.011200
0.377600 0.276000 0.010400
0.416000 0.276000 0.018400
0.437600 0.276000 0.011200
0.476000 0.276000 0.012800
0.138400 0.276800 0.008800
0.248000 0.276800 0.012000
0.266400 0.276800 0.011200
0.281600 0.276800 0.011200
0.300000 0.276800 0.011200
0.331200 0.276800 0.007200
0.160800 0.277600 0.005600
0.184000 0.277600 0.008800
0.196000 0.277600 0.016800
0.339200 0.277600 0.016800
0.151200 0.278400 0.008800
0.168000 0.278400 0.012000
0.174400 0.278400 0.005600
0.204000 0.278400 0.013600
0.219200 0.278400 0.010400
0.232000 0.278400 0.008800
0.351200 0.278400 0.007200
0.363200 0.279200 0.008800
0.872800 0.296800 0.013600
0.819200 0.298400 0.007200
0.829600 0.299200 0.016800
0.856000 0.299200 0.019200
0.714400 0.300800 0.008800
0.743200 0.300800 0.005600
0.844800 0.300800 0.011200
0.730400 0.301600 0.011200
0.753600 0.301600 0.008800
0.767200 0.301600 0.008800
0.807200 0.301600 0.008800
0.779200 0.302400 0.008800
0.500000 0.303200 0.012800
0.520800 0.303200 0.013600
0.659200 0.303200 0.012800
0.689600 0.303200 0.007200
0.703200 0.303200 0.008800
0.463200 0.304000 0.013600
0.574400 0.304000 0.011200
0.593600 0.304000 0.013600
0.641600 0.304000 0.008800
0.678400 0.304000 0.008800
0.792000 0.304000 0.010400
0.314400 0.304800 0.011200
0.332800 0.304800 0.012800
0.394400 0.304800 0.011200
0.445600 0.304800 0.011200
0.297600 0.305600 0.008800
0.378400 0.305600 0.011200
0.557600 0.305600 0.011200
0.616000 0.305600 0.011200
0.631200 0.305600 0.008800
0.429600 0.306400 0.011200
0.481600 0.306400 0.011200
0.540000 0.306400 0.011200
0.121600 0.307200 0.017600
0.130400 0.307200 0.021600
0.160800 0.307200 0.011200
0.196800 0.307200 0.011200
0.260000 0.307200 0.011200
0.414400 0.307200 0.013600
0.178400 0.308000 0.012800
0.243200 0.308000 0.011200
0.279200 0.308000 0.013600
0.364000 0.308000 0.008800
0.144000 0.308800 0.011200
0.212000 0.308800 0.011200
0.227200 0.308800 0.010400
0.349600 0.308800 0.008800
0.316000 0.325600 0.006400
0.874400 0.329600 0.013600
0.820000 0.330400 0.011200
0.839200 0.330400 0.012800
0.648000 0.331200 0.019200
0.710400 0.331200 0.008800
0.720000 0.331200 0.016800
0.736800 0.331200 0.011200
0.767200 0.331200 0.011200
0.804800 0.331200 0.011200
0.856800 0.331200 0.011200
0.784000 0.332000 0.013600
0.580800 0.332800 0.008800
0.632000 0.332800 0.011200
0.659200 0.332800 0.019200
0.699200 0.332800 0.005600
0.751200 0.332800 0.008800
0.614400 0.333600 0.011200
0.689600 0.333600 0.015200
0.484000 0.334400 0.008800
0.596800 0.334400 0.011200
0.673600 0.334400 0.011200
0.163200 0.335200 0.011200
0.182400 0.335200 0.012800
0.347200 0.335200 0.011200
0.122400 0.336000 0.013600
0.138400 0.336000 0.009600
0.149600 0.336000 0.005600
0.201600 0.336000 0.011200
0.280000 0.336000 0.008800
0.469600 0.336000 0.011200
0.569600 0.336000 0.016800
0.306400 0.336800 0.014400
0.315200 0.336800 0.007200
0.326400 0.336800 0.014400
0.335200 0.336800 0.005600
0.368000 0.336800 0.013600
0.386400 0.336800 0.011200
0.452800 0.336800 0.012800
0.494400 0.336800 0.016800
0.552000 0.336800 0.012800
0.265600 0.337600 0.010400
0.434400 0.337600 0.013600
0.512800 0.337600 0.013600
0.219200 0.338400 0.011200
0.250400 0.338400 0.011200
0.290400 0.338400 0.018400
0.419200 0.338400 0.008800
0.546400 0.338400 0.016000
0.404800 0.339200 0.011200
0.234400 0.340000 0.008800
0.532800 0.340000 0.013600
0.832800 0.360000 0.011200
0.880000 0.360000 0.013600
0.769600 0.360800 0.018400
0.851200 0.360800 0.011200
0.865600 0.360800 0.008800
0.143200 0.361600 0.007200
0.172000 0.361600 0.011200
0.777600 0.361600 0.016800
0.119200 0.362400 0.018400
0.132000 0.362400 0.008800
0.156800 0.362400 0.009600
0.708000 0.362400 0.007200
0.756800 0.362400 0.008800
0.805600 0.362400 0.010400
0.819200 0.362400 0.008800
0.187200 0.363200 0.018400
0.619200 0.363200 0.008800
0.696000 0.363200 0.009600
0.724000 0.363200 0.012000
0.742400 0.363200 0.011200
0.790400 0.363200 0.008800
0.193600 0.364000 0.013600
0.198400 0.364000 0.011200
0.556000 0.364000 0.011200
0.630400 0.364000 0.016800
0.358400 0.364800 0.008800
0.573600 0.364800 0.011200
0.601600 0.364800 0.012800
0.212800 0.365600 0.013600
0.291200 0.365600 0.004000
0.298400 0.365600 0.005600
0.325600 0.365600 0.008800
0.440800 0.365600 0.011200
0.477600 0.365600 0.012000
0.496000 0.365600 0.011200
0.539200 0.365600 0.010400
0.587200 0.365600 0.008800
0.233600 0.366400 0.011200
0.251200 0.366400 0.011200
0.267200 0.366400 0.011200
0.282400 0.366400 0.012800
0.343200 0.366400 0.012000
0.370400 0.366400 0.011200
0.425600 0.366400 0.008800
0.459200 0.366400 0.011200
0.523200 0.366400 0.011200
0.653600 0.366400 0.013600
0.510400 0.367200 0.008800
0.671200 0.367200 0.008800
0.400800 0.368000 0.007200
0.415200 0.368000 0.011200
0.683200 0.368000 0.008800
0.311200 0.368800 0.011200
0.389600 0.369600 0.016000
0.837600 0.387200 0.004800
0.809600 0.388000 0.012800
0.827200 0.388000 0.013600
0.117600 0.388800 0.013600
0.132800 0.388800 0.012800
0.141600 0.388800 0.004000
0.148800 0.388800 0.005600
0.161600 0.388800 0.011200
0.180000 0.388800 0.011200
0.847200 0.388800 0.013600
0.197600 0.389600 0.011200
0.792000 0.389600 0.008800
0.862400 0.389600 0.011200
0.692000 0.391200 0.013600
0.719200 0.391200 0.015200
0.742400 0.391200 0.012800
0.747200 0.391200 0.016000
0.761600 0.391200 0.011200
0.779200 0.391200 0.011200
0.216000 0.392000 0.012000
0.340800 0.392000 0.011200
0.500800 0.392000 0.008800
0.884800 0.392000 0.015200
0.246400 0.392800 0.008800
0.300800 0.392800 0.008800
0.320000 0.392800 0.013600
0.353600 0.392800 0.005600
0.376000 0.392800 0.011200
0.392800 0.392800 0.008800
0.582400 0.392800 0.011200
0.608800 0.392800 0.016000
0.617600 0.392800 0.016800
0.632000 0.392800 0.013600
0.653600 0.392800 0.012800
0.672800 0.392800 0.011200
0.260800 0.393600 0.011200
0.287200 0.393600 0.008800
0.558400 0.393600 0.008800
0.570400 0.393600 0.006400
0.598400 0.393600 0.008800
0.232000 0.394400 0.012800
0.273600 0.394400 0.008800
0.361600 0.394400 0.013600
0.407200 0.394400 0.011200
0.422400 0.394400 0.011200
0.468800 0.394400 0.014400
0.544800 0.394400 0.011200
0.439200 0.395200 0.008800
0.478400 0.395200 0.004800
0.488000 0.395200 0.008800
0.527200 0.395200 0.011200
0.452800 0.396000 0.011200
0.510400 0.396000 0.016000
0.856800 0.412800 0.012800
0.880000 0.412800 0.012800
0.728000 0.414400 0.008800
0.803200 0.414400 0.007200
0.840000 0.414400 0.009600
0.121600 0.415200 0.013600
0.689600 0.415200 0.011200
0.739200 0.415200 0.011200
0.776000 0.415200 0.011200
0.817600 0.415200 0.016800
0.192800 0.416000 0.011200
0.708000 0.416000 0.013600
0.756800 0.416000 0.011200
0.792800 0.416000 0.008800
0.827200 0.416000 0.008800
0.160800 0.416800 0.007200
0.172000 0.416800 0.016000
0.204800 0.416800 0.008800
0.288800 0.416800 0.011200
0.358400 0.416800 0.011200
0.375200 0.416800 0.013600
0.220800 0.417600 0.011200
0.240000 0.417600 0.011200
0.564000 0.417600 0.011200
0.670400 0.417600 0.012000
0.258400 0.418400 0.010400
0.272800 0.418400 0.008800
0.304800 0.418400 0.011200
0.347200 0.418400 0.016800
0.385600 0.418400 0.005600
0.395200 0.418400 0.016000
0.440000 0.418400 0.011200
0.514400 0.418400 0.010400
0.578400 0.418400 0.011200
0.594400 0.418400 0.012800
0.612800 0.418400 0.016800
0.137600 0.419200 0.008800
0.149600 0.419200 0.008000
0.322400 0.419200 0.013600
0.404800 0.419200 0.013600
0.420800 0.419200 0.011200
0.455200 0.419200 0.008800
0.493600 0.419200 0.012800
0.528800 0.419200 0.009600
0.544800 0.419200 0.011200
0.623200 0.419200 0.016800
0.637600 0.419200 0.011200
0.474400 0.420000 0.011200
0.653600 0.420800 0.011200
0.840000 0.439200 0.007200
0.283200 0.440800 0.008800
0.851200 0.440800 0.008800
0.293600 0.441600 0.015200
0.316800 0.441600 0.012800
0.826400 0.441600 0.010400
0.117600 0.442400 0.013600
0.268800 0.442400 0.011200
0.336000 0.442400 0.011200
0.794400 0.442400 0.011200
0.810400 0.442400 0.011200
0.864000 0.442400 0.008800
0.876000 0.442400 0.008800
0.144800 0.443200 0.008800
0.248800 0.443200 0.012800
0.349600 0.443200 0.013600
0.169600 0.444000 0.016800
0.210400 0.444000 0.011200
0.358400 0.444000 0.005600
0.374400 0.444000 0.011200
0.388800 0.444000 0.008800
0.508000 0.444000 0.008800
0.592800 0.444000 0.008800
0.601600 0.444000 0.016000
0.616800 0.444000 0.012800
0.636000 0.444000 0.008800
0.649600 0.444000 0.010400
0.692000 0.444000 0.007200
0.739200 0.444000 0.008800
0.779200 0.444000 0.011200
0.132000 0.444800 0.008800
0.153600 0.444800 0.013600
0.179200 0.444800 0.019200
0.192800 0.444800 0.011200
0.228000 0.444800 0.013600
0.527200 0.444800 0.012800
0.547200 0.444800 0.012800
0.564000 0.444800 0.008800
0.579200 0.444800 0.008800
0.678400 0.444800 0.008800
0.728800 0.444800 0.008800
0.886400 0.444800 0.016800
0.399200 0.445600 0.016800
0.434400 0.445600 0.012000
0.452800 0.445600 0.010400
0.487200 0.445600 0.014400
0.496000 0.445600 0.008800
0.666400 0.445600 0.008800
0.716000 0.445600 0.008800
0.415200 0.446400 0.012000
0.471200 0.446400 0.012800
0.703200 0.446400 0.008800
0.757600 0.446400 0.013600
0.092800 0.464000 0.011200
0.049600 0.465600 0.011200
0.064000 0.465600 0.008800
0.078400 0.465600 0.010400
0.033600 0.467200 0.010400
0.139200 0.468000 0.008800
0.248000 0.468000 0.014400
0.196800 0.468800 0.008800
0.207200 0.468800 0.005600
0.237600 0.468800 0.005600
0.289600 0.468800 0.013600
0.308800 0.468800 0.011200
0.344800 0.468800 0.016800
0.844800 0.468800 0.011200
0.164000 0.469600 0.011200
0.182400 0.469600 0.011200
0.219200 0.469600 0.008800
0.230400 0.469600 0.005600
0.268000 0.469600 0.013600
0.328000 0.469600 0.012000
0.817600 0.469600 0.008800
0.831200 0.469600 0.009600
0.865600 0.469600 0.015200
0.122400 0.470400 0.013600
0.148800 0.470400 0.008800
0.354400 0.470400 0.008800
0.450400 0.470400 0.011200
0.366400 0.471200 0.016800
0.393600 0.471200 0.008800
0.508000 0.471200 0.016800
0.746400 0.471200 0.011200
0.807200 0.471200 0.008800
0.373600 0.472000 0.014400
0.383200 0.472000 0.005600
0.400800 0.472000 0.013600
0.434400 0.472000 0.011200
0.516000 0.472000 0.019200
0.728800 0.472000 0.011200
0.760000 0.472000 0.008800
0.777600 0.472000 0.011200
0.794400 0.472000 0.011200
0.417600 0.472800 0.011200
0.589600 0.473600 0.008800
0.602400 0.473600 0.008800
0.614400 0.473600 0.008800
0.625600 0.473600 0.008800
0.641600 0.473600 0.013600
0.666400 0.473600 0.013600
0.684800 0.473600 0.013600
0.706400 0.473600 0.013600
0.468800 0.474400 0.012800
0.488800 0.474400 0.013600
0.530400 0.475200 0.011200
0.545600 0.475200 0.011200
0.561600 0.475200 0.011200
0.576800 0.475200 0.009600
0.223200 0.496000 0.016000
0.241600 0.496000 0.011200
0.198400 0.496800 0.013600
0.256800 0.496800 0.011200
0.842400 0.496800 0.019200
0.176800 0.497600 0.013600
0.162400 0.498400 0.008800
0.277600 0.498400 0.016000
0.319200 0.498400 0.008800
0.134400 0.499200 0.011200
0.150400 0.499200 0.008800
0.300000 0.499200 0.013600
0.345600 0.499200 0.011200
0.332000 0.500000 0.011200
0.872000 0.500000 0.021600
0.367200 0.500800 0.016800
0.383200 0.500800 0.012800
0.119200 0.501600 0.024000
0.400800 0.501600 0.008800
0.489600 0.501600 0.013600
0.732800 0.501600 0.010400
0.817600 0.501600 0.008800
0.858400 0.501600 0.010400
0.388000 0.502400 0.020000
0.415200 0.502400 0.008800
0.429600 0.502400 0.008800
0.444800 0.502400 0.012000
0.461600 0.502400 0.008800
0.471200 0.502400 0.008800
0.506400 0.502400 0.011200
0.621600 0.502400 0.012000
0.832800 0.502400 0.008800
0.524000 0.503200 0.013600
0.532800 0.503200 0.005600
0.639200 0.503200 0.011200
0.683200 0.503200 0.013600
0.702400 0.503200 0.011200
0.727200 0.503200 0.004800
0.560000 0.504000 0.011200
0.603200 0.504000 0.011200
0.654400 0.504000 0.020800
0.718400 0.504000 0.012800
0.770400 0.504000 0.012800
0.804000 0.504000 0.008800
0.544000 0.504800 0.008800
0.790400 0.504800 0.011200
0.664000 0.505600 0.019200
0.752800 0.505600 0.016800
0.581600 0.506400 0.015200
