0.388000 0.244000 0.011200
0.396000 0.244000 0.015200
0.415200 0.244000 0.008800
0.404800 0.244800 0.007200
0.424800 0.244800 0.013600
0.430400 0.244800 0.009600
0.446400 0.244800 0.011200
0.453600 0.244800 0.005600
0.460800 0.244800 0.011200
0.465600 0.244800 0.008000
0.488800 0.247200 0.012800
0.493600 0.247200 0.003200
0.498400 0.247200 0.008800
0.504000 0.247200 0.008800
0.515200 0.247200 0.005600
0.532000 0.247200 0.013600
0.480800 0.248000 0.010400
0.524000 0.248000 0.007200
0.550400 0.248000 0.012800
0.556800 0.248000 0.013600
0.564800 0.248000 0.012800
0.572000 0.248000 0.014400
0.581600 0.248800 0.005600
0.588800 0.249600 0.015200
0.425600 0.263200 0.010400
0.460800 0.263200 0.010400
0.441600 0.264800 0.008800
0.476800 0.264800 0.010400
0.484800 0.264800 0.003200
0.492000 0.264800 0.005600
0.498400 0.265600 0.012000
0.504000 0.266400 0.008800
0.520000 0.266400 0.007200
0.535200 0.266400 0.011200
0.528800 0.267200 0.005600
0.548000 0.267200 0.011200
0.553600 0.268000 0.008800
0.359200 0.291200 0.008800
0.364800 0.291200 0.003200
0.410400 0.291200 0.011200
0.428800 0.291200 0.008800
0.440800 0.291200 0.008800
0.378400 0.292000 0.008000
0.552000 0.293600 0.015200
0.558400 0.294400 0.011200
0.599200 0.294400 0.017600
0.516000 0.295200 0.012800
0.573600 0.295200 0.008800
0.604000 0.295200 0.016800
0.525600 0.296000 0.005600
0.585600 0.296000 0.019200
0.531200 0.296800 0.010400
0.440000 0.314400 0.011200
0.453600 0.315200 0.013600
0.504800 0.315200 0.008000
0.359200 0.316000 0.008000
0.368800 0.316000 0.007200
0.462400 0.316000 0.005600
0.469600 0.316000 0.005600
0.479200 0.316000 0.007200
0.513600 0.316000 0.005600
0.383200 0.316800 0.008800
0.389600 0.316800 0.003200
0.396000 0.316800 0.009600
0.490400 0.316800 0.011200
0.528800 0.316800 0.005600
0.554400 0.316800 0.008800
0.564800 0.316800 0.016800
0.522400 0.317600 0.011200
0.539200 0.317600 0.012800
0.571200 0.317600 0.012800
0.358400 0.338400 0.009600
0.364800 0.339200 0.005600
0.370400 0.339200 0.008800
0.396000 0.339200 0.012000
0.380000 0.340000 0.005600
0.388000 0.340000 0.005600
0.550400 0.354400 0.007200
0.560800 0.355200 0.007200
0.600800 0.355200 0.005600
0.608000 0.355200 0.011200
0.590400 0.356000 0.008800
0.432800 0.358400 0.019200
0.395200 0.360800 0.011200
0.422400 0.360800 0.008800
0.448000 0.360800 0.008800
0.574400 0.360800 0.011200
0.402400 0.361600 0.005600
0.457600 0.361600 0.016000
0.408800 0.362400 0.008800
0.359200 0.363200 0.008800
0.365600 0.364000 0.003200
0.372000 0.364000 0.005600
0.552800 0.365600 0.008800
0.561600 0.365600 0.007200
0.508800 0.366400 0.011200
0.516800 0.367200 0.013600
0.525600 0.367200 0.013600
0.532800 0.368000 0.010400
0.600800 0.368000 0.008800
0.608000 0.368000 0.005600
0.357600 0.385600 0.010400
0.370400 0.385600 0.009600
0.400000 0.385600 0.012800
0.420800 0.385600 0.018400
0.482400 0.385600 0.011200
0.432800 0.386400 0.008800
0.447200 0.386400 0.010400
0.461600 0.386400 0.011200
0.468800 0.386400 0.005600
0.477600 0.387200 0.012800
0.589600 0.388800 0.013600
0.579200 0.389600 0.011200
0.603200 0.389600 0.016800
0.519200 0.390400 0.009600
0.573600 0.390400 0.013600
0.508800 0.391200 0.008800
0.524800 0.391200 0.011200
0.531200 0.392000 0.011200
0.537600 0.392000 0.016000
0.546400 0.392000 0.008800
0.564800 0.392000 0.012800
0.753600 0.557600 0.031200
0.764800 0.557600 0.008800
0.756000 0.568000 0.005600
