0.273600 0.036000 0.012800
0.253600 0.036800 0.013600
0.292800 0.036800 0.016000
0.210400 0.037600 0.019200
0.232000 0.037600 0.011200
0.838400 0.044800 0.016800
0.857600 0.045600 0.016800
0.452000 0.064000 0.019200
0.431200 0.064800 0.013600
0.480000 0.064800 0.012800
0.321600 0.065600 0.019200
0.164000 0.066400 0.012800
0.180800 0.066400 0.008800
0.304800 0.066400 0.018400
0.409600 0.066400 0.013600
0.464000 0.066400 0.011200
0.520800 0.066400 0.016000
0.146400 0.067200 0.013600
0.190400 0.067200 0.016800
0.376800 0.067200 0.005600
0.386400 0.067200 0.013600
0.501600 0.067200 0.013600
0.556000 0.067200 0.011200
0.211200 0.068000 0.012800
0.228000 0.068000 0.008800
0.258400 0.068000 0.012000
0.344000 0.068000 0.017600
0.352800 0.068000 0.020000
0.367200 0.068000 0.008800
0.543200 0.068000 0.008800
0.279200 0.068800 0.013600
0.333600 0.068800 0.019200
0.595200 0.068800 0.011200
0.614400 0.068800 0.013600
0.241600 0.069600 0.008800
0.631200 0.071200 0.011200
0.649600 0.071200 0.012800
0.706400 0.071200 0.013600
0.577600 0.072000 0.013600
0.672800 0.072800 0.012800
0.689600 0.073600 0.010400
0.728000 0.073600 0.011200
0.746400 0.073600 0.011200
0.789600 0.073600 0.013600
0.766400 0.074400 0.013600
0.806400 0.075200 0.011200
0.822400 0.076000 0.011200
0.841600 0.076000 0.013600
0.863200 0.077600 0.013600
0.210400 0.091200 0.008000
0.397600 0.091200 0.011200
0.189600 0.092000 0.015200
0.223200 0.092000 0.011200
0.412800 0.092000 0.012800
0.153600 0.092800 0.011200
0.241600 0.092800 0.011200
0.312000 0.092800 0.011200
0.333600 0.092800 0.011200
0.352000 0.092800 0.011200
0.429600 0.092800 0.016800
0.451200 0.092800 0.005600
0.198400 0.093600 0.017600
0.266400 0.093600 0.008800
0.382400 0.093600 0.010400
0.464000 0.093600 0.011200
0.172000 0.094400 0.012000
0.253600 0.094400 0.008800
0.281600 0.094400 0.009600
0.295200 0.094400 0.008800
0.368000 0.094400 0.008800
0.442400 0.094400 0.016800
0.508800 0.094400 0.008800
0.520800 0.094400 0.008800
0.567200 0.094400 0.011200
0.481600 0.095200 0.011200
0.497600 0.095200 0.016800
0.535200 0.096000 0.011200
0.550400 0.096000 0.008800
0.141600 0.096800 0.021600
0.582400 0.097600 0.011200
0.596000 0.098400 0.011200
0.612000 0.099200 0.013600
0.648800 0.099200 0.011200
0.668000 0.099200 0.012800
0.700000 0.099200 0.012800
0.719200 0.099200 0.011200
0.747200 0.099200 0.016800
0.633600 0.100000 0.013600
0.683200 0.100000 0.008800
0.732800 0.100000 0.008800
0.796800 0.100000 0.008800
0.785600 0.100800 0.008800
0.768800 0.102400 0.013600
0.816800 0.102400 0.013600
0.848000 0.102400 0.011200
0.864800 0.102400 0.013600
0.832800 0.104000 0.010400
0.305600 0.117600 0.008800
0.348800 0.117600 0.011200
0.318400 0.119200 0.008800
0.332000 0.119200 0.009600
0.381600 0.119200 0.011200
0.422400 0.119200 0.008800
0.440800 0.119200 0.013600
0.219200 0.120000 0.016800
0.265600 0.120000 0.015200
0.295200 0.120000 0.005600
0.366400 0.120000 0.010400
0.396800 0.120000 0.011200
0.412000 0.120000 0.008800
0.168800 0.120800 0.013600
0.232000 0.120800 0.008800
0.248000 0.120800 0.012800
0.287200 0.120800 0.013600
0.144800 0.121600 0.016000
0.187200 0.121600 0.011200
0.208800 0.121600 0.008800
0.462400 0.121600 0.013600
0.479200 0.121600 0.011200
0.492800 0.121600 0.011200
0.198400 0.122400 0.007200
0.272800 0.122400 0.016800
0.508000 0.123200 0.008800
0.520000 0.123200 0.016800
0.527200 0.123200 0.013600
0.551200 0.124000 0.011200
0.697600 0.124000 0.013600
0.534400 0.124800 0.011200
0.567200 0.124800 0.011200
0.608000 0.124800 0.011200
0.644000 0.124800 0.013600
0.588800 0.125600 0.012800
0.625600 0.125600 0.011200
0.677600 0.125600 0.011200
0.661600 0.126400 0.011200
0.733600 0.126400 0.008000
0.720000 0.127200 0.012800
0.745600 0.128000 0.008800
0.837600 0.128000 0.011200
0.851200 0.128000 0.011200
0.762400 0.128800 0.011200
0.777600 0.128800 0.011200
0.793600 0.128800 0.011200
0.812800 0.128800 0.016800
0.822400 0.128800 0.016800
0.869600 0.128800 0.012800
0.392000 0.143200 0.008800
0.436800 0.143200 0.016000
0.377600 0.144000 0.013600
0.404800 0.144800 0.008800
0.444800 0.144800 0.013600
0.421600 0.145600 0.011200
0.193600 0.146400 0.011200
0.336000 0.146400 0.013600
0.355200 0.146400 0.012800
0.480800 0.146400 0.012800
0.565600 0.146400 0.016800
0.149600 0.147200 0.013600
0.324800 0.147200 0.008800
0.465600 0.147200 0.011200
0.500800 0.147200 0.008800
0.180800 0.148000 0.007200
0.210400 0.148000 0.011200
0.224800 0.148000 0.008800
0.238400 0.148000 0.008800
0.255200 0.148000 0.013600
0.272800 0.148000 0.008000
0.283200 0.148000 0.005600
0.293600 0.148000 0.014400
0.313600 0.148000 0.015200
0.512000 0.148000 0.011200
0.528000 0.148000 0.011200
0.553600 0.148000 0.008000
0.168800 0.148800 0.010400
0.574400 0.148800 0.014400
0.583200 0.148800 0.005600
0.541600 0.149600 0.008800
0.596000 0.150400 0.011200
0.615200 0.150400 0.012800
0.624800 0.150400 0.016800
0.647200 0.151200 0.012800
0.668800 0.152000 0.013600
0.750400 0.152000 0.013600
0.689600 0.152800 0.012800
0.710400 0.152800 0.012800
0.728800 0.153600 0.011200
0.876800 0.153600 0.019200
0.766400 0.154400 0.011200
0.861600 0.154400 0.011200
0.842400 0.155200 0.012800
0.784000 0.156000 0.011200
0.804000 0.156000 0.013600
0.821600 0.156000 0.012800
0.183200 0.170400 0.015200
0.173600 0.172000 0.008800
0.158400 0.172800 0.011200
0.201600 0.172800 0.010400
0.272000 0.172800 0.011200
0.336800 0.172800 0.013600
0.436000 0.172800 0.013600
0.456000 0.172800 0.012800
0.254400 0.173600 0.011200
0.308800 0.173600 0.012800
0.415200 0.173600 0.013600
0.475200 0.173600 0.013600
0.561600 0.173600 0.008800
0.217600 0.174400 0.009600
0.244800 0.174400 0.008800
0.288800 0.174400 0.011200
0.355200 0.174400 0.011200
0.391200 0.174400 0.012800
0.232000 0.175200 0.009600
0.371200 0.175200 0.011200
0.546400 0.175200 0.013600
0.575200 0.175200 0.008800
0.144000 0.176000 0.019200
0.489600 0.176000 0.011200
0.502400 0.176000 0.011200
0.519200 0.176000 0.013600
0.606400 0.176000 0.019200
0.592000 0.177600 0.013600
0.615200 0.178400 0.016800
0.733600 0.179200 0.008800
0.856000 0.179200 0.013600
0.650400 0.180000 0.016800
0.668800 0.180000 0.013600
0.700800 0.180000 0.008800
0.744000 0.180000 0.008800
0.784000 0.180000 0.013600
0.831200 0.180000 0.013600
0.626400 0.180800 0.019200
0.717600 0.180800 0.012800
0.762400 0.180800 0.012800
0.807200 0.180800 0.012800
0.883200 0.180800 0.016000
0.641600 0.181600 0.016000
0.687200 0.181600 0.011200
0.215200 0.197600 0.016800
0.268800 0.197600 0.013600
0.180800 0.198400 0.016800
0.250400 0.198400 0.013600
0.289600 0.198400 0.013600
0.400800 0.198400 0.012800
0.440800 0.198400 0.013600
0.200800 0.199200 0.016800
0.333600 0.199200 0.005600
0.343200 0.199200 0.015200
0.356800 0.199200 0.019200
0.420800 0.199200 0.012000
0.487200 0.199200 0.013600
0.168000 0.200000 0.011200
0.224800 0.200000 0.016800
0.237600 0.200000 0.011200
0.309600 0.200000 0.011200
0.324000 0.200000 0.008800
0.367200 0.200000 0.016800
0.460000 0.200000 0.008800
0.470400 0.200000 0.016000
0.384000 0.200800 0.011200
0.502400 0.200800 0.016800
0.150400 0.201600 0.013600
0.511200 0.201600 0.016800
0.528000 0.201600 0.012800
0.545600 0.201600 0.011200
0.560800 0.202400 0.008800
0.574400 0.203200 0.008800
0.584000 0.203200 0.011200
0.600000 0.203200 0.009600
0.614400 0.204000 0.008800
0.680800 0.204800 0.011200
0.697600 0.204800 0.012800
0.628000 0.205600 0.008800
0.644800 0.205600 0.011200
0.662400 0.206400 0.011200
0.703200 0.206400 0.012800
0.721600 0.206400 0.011200
0.824800 0.207200 0.012800
0.864800 0.207200 0.012800
0.734400 0.208000 0.016800
0.758400 0.208000 0.013600
0.807200 0.208000 0.011200
0.844800 0.208000 0.012800
0.884000 0.208000 0.013600
0.792000 0.208800 0.011200
0.776000 0.209600 0.011200
0.255200 0.224800 0.012800
0.295200 0.224800 0.016800
0.454400 0.224800 0.012800
0.149600 0.225600 0.012800
0.168000 0.226400 0.011200
0.184800 0.226400 0.011200
0.236800 0.226400 0.011200
0.325600 0.226400 0.011200
0.362400 0.226400 0.012800
0.473600 0.226400 0.013600
0.204800 0.227200 0.011200
0.220800 0.227200 0.009600
0.274400 0.227200 0.011200
0.309600 0.227200 0.011200
0.343200 0.227200 0.011200
0.398400 0.227200 0.009600
0.409600 0.227200 0.005600
0.424000 0.227200 0.011200
0.381600 0.228000 0.011200
0.439200 0.228000 0.008800
0.495200 0.228800 0.011200
0.578400 0.228800 0.014400
0.611200 0.228800 0.018400
0.654400 0.228800 0.012000
0.536000 0.229600 0.012800
0.556800 0.229600 0.015200
0.568000 0.229600 0.005600
0.635200 0.229600 0.011200
0.689600 0.229600 0.011200
0.515200 0.230400 0.012800
0.596000 0.230400 0.016800
0.621600 0.230400 0.019200
0.703200 0.230400 0.008800
0.672800 0.231200 0.011200
0.747200 0.232800 0.009600
0.715200 0.233600 0.011200
0.730400 0.233600 0.010400
0.760800 0.233600 0.010400
0.816800 0.233600 0.009600
0.834400 0.233600 0.012000
0.852800 0.233600 0.011200
0.783200 0.234400 0.013600
0.802400 0.234400 0.010400
0.865600 0.234400 0.008800
0.880800 0.236000 0.012800
0.207200 0.249600 0.011200
0.186400 0.250400 0.013600
0.242400 0.251200 0.010400
0.224800 0.252000 0.012000
0.324800 0.252000 0.018400
0.369600 0.252800 0.013600
0.388000 0.252800 0.011200
0.436000 0.252800 0.013600
0.168000 0.253600 0.015200
0.276000 0.253600 0.012000
0.404800 0.253600 0.008800
0.419200 0.253600 0.011200
0.449600 0.253600 0.011200
0.157600 0.254400 0.008800
0.257600 0.254400 0.011200
0.309600 0.254400 0.011200
0.334400 0.254400 0.018400
0.504000 0.254400 0.013600
0.294400 0.255200 0.011200
0.349600 0.255200 0.011200
0.466400 0.255200 0.011200
0.522400 0.255200 0.012000
0.556000 0.255200 0.013600
0.482400 0.256000 0.011200
0.582400 0.256000 0.013600
0.669600 0.256000 0.011200
0.144800 0.256800 0.017600
0.540800 0.256800 0.011200
0.564800 0.256800 0.016800
0.576800 0.256800 0.016000
0.654400 0.256800 0.013600
0.832800 0.256800 0.011200
0.849600 0.256800 0.011200
0.860800 0.256800 0.011200
0.634400 0.257600 0.013600
0.781600 0.257600 0.008800
0.795200 0.257600 0.008800
0.684800 0.258400 0.013600
0.709600 0.258400 0.013600
0.728800 0.258400 0.011200
0.749600 0.258400 0.013600
0.814400 0.258400 0.011200
0.876000 0.258400 0.011200
0.599200 0.259200 0.011200
0.613600 0.259200 0.011200
0.767200 0.259200 0.011200
0.887200 0.260800 0.016800
0.280800 0.278400 0.012800
0.172000 0.279200 0.016800
0.189600 0.279200 0.011200
0.242400 0.279200 0.015200
0.147200 0.280000 0.011200
0.220800 0.280000 0.016800
0.363200 0.280000 0.011200
0.208000 0.280800 0.013600
0.263200 0.280800 0.011200
0.299200 0.280800 0.011200
0.386400 0.280800 0.013600
0.449600 0.280800 0.013600
0.468800 0.280800 0.011200
0.511200 0.280800 0.013600
0.316800 0.281600 0.011200
0.332000 0.281600 0.008800
0.346400 0.281600 0.009600
0.404800 0.281600 0.013600
0.487200 0.281600 0.013600
0.427200 0.282400 0.013600
0.528800 0.282400 0.011200
0.704800 0.283200 0.009600
0.546400 0.284000 0.013600
0.718400 0.284000 0.008800
0.810400 0.284000 0.013600
0.731200 0.284800 0.008000
0.583200 0.285600 0.013600
0.622400 0.285600 0.011200
0.687200 0.285600 0.013600
0.772000 0.285600 0.013600
0.792800 0.285600 0.011200
0.854400 0.285600 0.016800
0.876000 0.285600 0.013600
0.564000 0.286400 0.013600
0.604000 0.286400 0.011200
0.640000 0.286400 0.011200
0.828800 0.286400 0.011200
0.660000 0.287200 0.013600
0.745600 0.287200 0.011200
0.893600 0.287200 0.016800
0.151200 0.303200 0.015200
0.174400 0.305600 0.012800
0.192000 0.305600 0.011200
0.211200 0.305600 0.011200
0.229600 0.306400 0.011200
0.262400 0.306400 0.011200
0.361600 0.306400 0.016800
0.285600 0.307200 0.012800
0.345600 0.307200 0.012800
0.386400 0.308000 0.011200
0.246400 0.308800 0.011200
0.371200 0.308800 0.016800
0.305600 0.309600 0.013600
0.324000 0.309600 0.011200
0.404000 0.309600 0.010400
0.422400 0.309600 0.012800
0.693600 0.309600 0.013600
0.443200 0.310400 0.012800
0.488800 0.311200 0.013600
0.650400 0.311200 0.008800
0.662400 0.311200 0.008800
0.461600 0.312000 0.013600
0.583200 0.312000 0.012800
0.617600 0.312000 0.008800
0.677600 0.312000 0.011200
0.699200 0.312000 0.015200
0.717600 0.312000 0.011200
0.734400 0.312000 0.011200
0.750400 0.312000 0.011200
0.769600 0.312000 0.012800
0.783200 0.312000 0.013600
0.508800 0.312800 0.013600
0.532800 0.312800 0.013600
0.556000 0.312800 0.013600
0.569600 0.312800 0.008800
0.604000 0.312800 0.011200
0.636000 0.312800 0.013600
0.819200 0.312800 0.013600
0.844000 0.312800 0.012800
0.803200 0.313600 0.016800
0.860800 0.313600 0.013600
0.792000 0.315200 0.016800
0.884000 0.316800 0.016800
0.894400 0.319200 0.017600
0.339200 0.333600 0.015200
0.365600 0.333600 0.013600
0.148800 0.334400 0.019200
0.164800 0.334400 0.011200
0.184000 0.334400 0.013600
0.286400 0.334400 0.008800
0.300000 0.334400 0.008800
0.316800 0.334400 0.011200
0.388000 0.334400 0.012800
0.204800 0.335200 0.011200
0.220000 0.335200 0.013600
0.244800 0.335200 0.012800
0.268800 0.335200 0.013600
0.410400 0.335200 0.013600
0.495200 0.336800 0.013600
0.431200 0.337600 0.013600
0.447200 0.337600 0.011200
0.461600 0.337600 0.011200
0.479200 0.337600 0.011200
0.540800 0.337600 0.019200
0.552000 0.338400 0.016800
0.572800 0.338400 0.015200
0.864000 0.338400 0.011200
0.882400 0.338400 0.012800
0.508800 0.339200 0.011200
0.683200 0.339200 0.011200
0.828800 0.339200 0.011200
0.844800 0.339200 0.011200
0.525600 0.340000 0.011200
0.640000 0.340000 0.013600
0.664000 0.340000 0.015200
0.772800 0.340000 0.011200
0.788000 0.340000 0.011200
0.804000 0.340000 0.011200
0.600000 0.340800 0.015200
0.700800 0.340800 0.012800
0.718400 0.340800 0.011200
0.754400 0.340800 0.011200
0.618400 0.342400 0.013600
0.736800 0.342400 0.012800
0.300000 0.362400 0.013600
0.480800 0.362400 0.012800
0.383200 0.363200 0.016800
0.878400 0.363200 0.013600
0.317600 0.364000 0.011200
0.336000 0.364000 0.013600
0.436000 0.364000 0.012800
0.500000 0.364000 0.012000
0.396000 0.364800 0.016800
0.416800 0.364800 0.013600
0.895200 0.364800 0.013600
0.152000 0.365600 0.016800
0.197600 0.365600 0.013600
0.226400 0.365600 0.019200
0.260000 0.365600 0.011200
0.276800 0.365600 0.011200
0.364800 0.365600 0.016800
0.456800 0.365600 0.013600
0.812800 0.365600 0.011200
0.835200 0.365600 0.015200
0.856000 0.365600 0.013600
0.168800 0.366400 0.013600
0.517600 0.366400 0.010400
0.530400 0.366400 0.007200
0.547200 0.366400 0.012000
0.766400 0.366400 0.011200
0.784000 0.366400 0.013600
0.570400 0.367200 0.013600
0.799200 0.367200 0.022400
0.181600 0.368000 0.013600
0.247200 0.368000 0.009600
0.621600 0.368000 0.008800
0.632000 0.368000 0.016800
0.732800 0.368000 0.011200
0.748800 0.368000 0.011200
0.590400 0.368800 0.011200
0.647200 0.368800 0.011200
0.665600 0.368800 0.012800
0.715200 0.368800 0.012800
0.608000 0.369600 0.011200
0.692800 0.369600 0.016000
0.156800 0.388800 0.015200
0.181600 0.389600 0.014400
0.242400 0.390400 0.012800
0.304000 0.390400 0.016000
0.420000 0.391200 0.008800
0.430400 0.391200 0.008800
0.205600 0.392000 0.013600
0.223200 0.392000 0.011200
0.260800 0.392000 0.011200
0.280800 0.392000 0.013600
0.445600 0.392000 0.012800
0.462400 0.392000 0.008800
0.475200 0.392000 0.011200
0.756000 0.392000 0.019200
0.373600 0.392800 0.008800
0.404800 0.392800 0.011200
0.495200 0.392800 0.013600
0.881600 0.392800 0.011200
0.893600 0.392800 0.016800
0.330400 0.393600 0.011200
0.347200 0.393600 0.011200
0.388800 0.393600 0.011200
0.548000 0.393600 0.013600
0.660000 0.393600 0.012800
0.840800 0.393600 0.011200
0.868000 0.393600 0.008800
0.361600 0.394400 0.008800
0.565600 0.394400 0.011200
0.598400 0.394400 0.012800
0.728800 0.394400 0.008800
0.781600 0.394400 0.013600
0.856000 0.394400 0.008800
0.513600 0.395200 0.011200
0.528000 0.395200 0.011200
0.580000 0.395200 0.008800
0.616000 0.395200 0.011200
0.633600 0.395200 0.015200
0.644000 0.395200 0.007200
0.684800 0.395200 0.011200
0.717600 0.395200 0.010400
0.742400 0.395200 0.009600
0.824000 0.395200 0.012000
0.668800 0.396000 0.016800
0.701600 0.397600 0.011200
0.804000 0.397600 0.013600
0.152000 0.416800 0.013600
0.192800 0.416800 0.012800
0.214400 0.417600 0.011200
0.168000 0.418400 0.012800
0.270400 0.418400 0.012000
0.439200 0.418400 0.012800
0.657600 0.418400 0.011200
0.231200 0.419200 0.011200
0.288800 0.419200 0.012800
0.416000 0.419200 0.016000
0.459200 0.419200 0.014400
0.480800 0.419200 0.011200
0.671200 0.419200 0.018400
0.249600 0.420000 0.012000
0.318400 0.420000 0.008800
0.347200 0.420000 0.011200
0.368800 0.420000 0.013600
0.389600 0.420000 0.013600
0.499200 0.420000 0.013600
0.519200 0.420000 0.013600
0.600800 0.420000 0.013600
0.620800 0.420000 0.013600
0.639200 0.420000 0.013600
0.648800 0.420000 0.004800
0.776000 0.420000 0.012000
0.852800 0.420000 0.013600
0.305600 0.420800 0.008800
0.527200 0.420800 0.011200
0.556800 0.420800 0.008800
0.681600 0.420800 0.018400
0.698400 0.420800 0.012800
0.736800 0.420800 0.013600
0.756000 0.420800 0.012800
0.795200 0.420800 0.011200
0.860800 0.420800 0.016800
0.877600 0.420800 0.016800
0.888000 0.420800 0.008800
0.331200 0.421600 0.008800
0.568800 0.421600 0.010400
0.584000 0.421600 0.011200
0.716800 0.421600 0.011200
0.835200 0.421600 0.012000
0.903200 0.421600 0.019200
0.541600 0.424000 0.011200
0.814400 0.424800 0.012800
0.183200 0.442400 0.013600
0.224000 0.442400 0.013600
0.160800 0.443200 0.016800
0.201600 0.444000 0.016800
0.248000 0.444000 0.013600
0.262400 0.444800 0.018400
0.526400 0.444800 0.016800
0.533600 0.444800 0.015200
0.272000 0.446400 0.016800
0.356000 0.446400 0.013600
0.845600 0.446400 0.011200
0.909600 0.446400 0.015200
0.317600 0.447200 0.012000
0.384000 0.447200 0.013600
0.465600 0.447200 0.016000
0.484800 0.447200 0.016800
0.511200 0.447200 0.011200
0.554400 0.447200 0.013600
0.573600 0.447200 0.011200
0.830400 0.447200 0.011200
0.859200 0.447200 0.011200
0.286400 0.448000 0.008800
0.299200 0.448000 0.008800
0.332800 0.448000 0.011200
0.419200 0.448000 0.013600
0.439200 0.448000 0.013600
0.496000 0.448000 0.020800
0.549600 0.448000 0.016000
0.730400 0.448000 0.011200
0.815200 0.448000 0.010400
0.880800 0.448000 0.014400
0.458400 0.448800 0.016800
0.596000 0.448800 0.015200
0.677600 0.448800 0.013600
0.796800 0.448800 0.013600
0.401600 0.449600 0.011200
0.644000 0.449600 0.008800
0.696800 0.449600 0.012800
0.629600 0.450400 0.011200
0.743200 0.450400 0.016800
0.768000 0.450400 0.016000
0.613600 0.451200 0.011200
0.714400 0.451200 0.012800
0.657600 0.452000 0.013600
0.666400 0.452000 0.004000
0.366400 0.470400 0.013600
0.383200 0.472000 0.012800
0.255200 0.472800 0.011200
0.537600 0.473600 0.016000
0.556000 0.473600 0.008800
0.907200 0.473600 0.008800
0.158400 0.474400 0.018400
0.237600 0.474400 0.012800
0.347200 0.474400 0.013600
0.442400 0.474400 0.011200
0.512000 0.474400 0.012800
0.585600 0.474400 0.013600
0.597600 0.474400 0.013600
0.875200 0.474400 0.011200
0.218400 0.475200 0.013600
0.319200 0.475200 0.016800
0.328000 0.475200 0.016800
0.408800 0.475200 0.011200
0.424000 0.475200 0.010400
0.528800 0.475200 0.013600
0.542400 0.475200 0.013600
0.568000 0.475200 0.011200
0.841600 0.475200 0.011200
0.858400 0.475200 0.011200
0.892000 0.475200 0.011200
0.174400 0.476000 0.019200
0.201600 0.476000 0.012800
0.276000 0.476000 0.013600
0.297600 0.476000 0.015200
0.460800 0.476000 0.011200
0.478400 0.476000 0.011200
0.493600 0.476000 0.011200
0.650400 0.476000 0.011200
0.668800 0.476000 0.012800
0.731200 0.476000 0.013600
0.755200 0.476000 0.011200
0.771200 0.476000 0.011200
0.184000 0.476800 0.019200
0.615200 0.476800 0.012000
0.788000 0.476800 0.011200
0.804000 0.476800 0.013600
0.824800 0.476800 0.011200
0.922400 0.476800 0.022400
0.632800 0.478400 0.011200
0.688800 0.478400 0.012800
0.707200 0.479200 0.012800
0.392800 0.498400 0.008800
0.256000 0.500000 0.008000
0.299200 0.500000 0.008800
0.377600 0.500000 0.011200
0.405600 0.500000 0.008000
0.284000 0.500800 0.011200
0.324800 0.500800 0.011200
0.340800 0.500800 0.011200
0.359200 0.500800 0.011200
0.548000 0.500800 0.011200
0.570400 0.500800 0.013600
0.732800 0.500800 0.008800
0.268000 0.501600 0.008800
0.311200 0.501600 0.008800
0.418400 0.501600 0.011200
0.477600 0.501600 0.015200
0.589600 0.501600 0.011200
0.751200 0.501600 0.013600
0.776000 0.501600 0.016000
0.864800 0.501600 0.013600
0.244000 0.502400 0.011200
0.456000 0.502400 0.011200
0.513600 0.502400 0.011200
0.608800 0.502400 0.013600
0.844800 0.502400 0.011200
0.208000 0.503200 0.011200
0.436800 0.503200 0.013600
0.530400 0.503200 0.011200
0.803200 0.503200 0.013600
0.828000 0.503200 0.011200
0.190400 0.504000 0.011200
0.222400 0.504000 0.011200
0.492800 0.504000 0.012800
0.698400 0.504800 0.013600
0.719200 0.504800 0.011200
0.156800 0.505600 0.013600
0.629600 0.505600 0.010400
0.646400 0.505600 0.011200
0.888800 0.505600 0.013600
0.173600 0.506400 0.011200
0.668800 0.507200 0.016000
0.910400 0.508000 0.013600
0.372000 0.524000 0.013600
0.344800 0.524800 0.015200
0.916800 0.524800 0.013600
0.938400 0.524800 0.016800
0.321600 0.525600 0.013600
0.244000 0.526400 0.013600
0.308000 0.526400 0.011200
0.419200 0.526400 0.016000
0.791200 0.526400 0.013600
0.829600 0.526400 0.011200
0.868800 0.526400 0.013600
0.222400 0.527200 0.013600
0.811200 0.527200 0.011200
0.846400 0.527200 0.012800
0.265600 0.528000 0.013600
0.288000 0.528000 0.013600
0.393600 0.528000 0.012800
0.765600 0.528000 0.013600
0.888800 0.528000 0.013600
0.199200 0.528800 0.013600
0.470400 0.528800 0.012800
0.515200 0.528800 0.013600
0.156000 0.529600 0.013600
0.178400 0.529600 0.012800
0.439200 0.529600 0.011200
0.453600 0.529600 0.011200
0.491200 0.529600 0.013600
0.548000 0.529600 0.013600
0.693600 0.529600 0.011200
0.627200 0.530400 0.015200
0.747200 0.530400 0.011200
0.531200 0.531200 0.011200
0.573600 0.531200 0.022400
0.589600 0.531200 0.011200
0.709600 0.531200 0.011200
0.605600 0.532000 0.011200
0.674400 0.532000 0.013600
0.651200 0.532800 0.013600
0.732000 0.533600 0.013600
