0.168000 0.034400 0.019200
0.192000 0.036800 0.011200
0.208800 0.038400 0.011200
0.227200 0.038400 0.011200
0.245600 0.039200 0.013600
0.830400 0.042400 0.027200
0.848000 0.045600 0.013600
0.053600 0.057600 0.022400
0.080000 0.057600 0.005600
0.108000 0.057600 0.024800
0.047200 0.058400 0.014400
0.068000 0.058400 0.010400
0.095200 0.059200 0.019200
0.296000 0.070400 0.018400
0.163200 0.071200 0.013600
0.324800 0.071200 0.013600
0.342400 0.071200 0.011200
0.184000 0.072000 0.013600
0.410400 0.072000 0.020000
0.200000 0.072800 0.008800
0.215200 0.072800 0.011200
0.234400 0.072800 0.011200
0.272000 0.072800 0.008800
0.284800 0.072800 0.008800
0.360800 0.072800 0.016000
0.148000 0.073600 0.022400
0.251200 0.073600 0.009600
0.307200 0.073600 0.008800
0.372000 0.073600 0.005600
0.440000 0.073600 0.012800
0.460800 0.073600 0.013600
0.482400 0.073600 0.011200
0.263200 0.074400 0.005600
0.396800 0.074400 0.008800
0.498400 0.074400 0.011200
0.544800 0.074400 0.019200
0.668000 0.074400 0.011200
0.687200 0.074400 0.012800
0.704800 0.074400 0.013600
0.382400 0.075200 0.019200
0.513600 0.075200 0.011200
0.766400 0.075200 0.016800
0.420000 0.076000 0.016800
0.724800 0.076000 0.011200
0.743200 0.076000 0.011200
0.757600 0.076000 0.017600
0.780800 0.076000 0.010400
0.844800 0.076000 0.012800
0.528800 0.076800 0.008800
0.556000 0.076800 0.005600
0.568800 0.076800 0.008800
0.579200 0.076800 0.016800
0.599200 0.076800 0.015200
0.795200 0.076800 0.005600
0.807200 0.076800 0.011200
0.828000 0.076800 0.011200
0.588000 0.077600 0.005600
0.864000 0.077600 0.013600
0.616000 0.078400 0.011200
0.631200 0.078400 0.011200
0.647200 0.079200 0.013600
0.067200 0.092000 0.023200
0.056800 0.093600 0.025600
0.470400 0.098400 0.013600
0.248000 0.099200 0.017600
0.271200 0.100000 0.011200
0.290400 0.100000 0.011200
0.401600 0.100000 0.015200
0.789600 0.100000 0.013600
0.810400 0.100000 0.012800
0.222400 0.100800 0.008800
0.236000 0.100800 0.008800
0.256000 0.100800 0.015200
0.337600 0.100800 0.007200
0.347200 0.100800 0.015200
0.428000 0.100800 0.013600
0.461600 0.100800 0.005600
0.829600 0.100800 0.011200
0.200800 0.101600 0.011200
0.212000 0.101600 0.005600
0.304800 0.101600 0.011200
0.325600 0.101600 0.011200
0.383200 0.101600 0.012800
0.448000 0.101600 0.011200
0.708000 0.101600 0.011200
0.756000 0.101600 0.011200
0.850400 0.101600 0.015200
0.168000 0.102400 0.011200
0.185600 0.102400 0.010400
0.366400 0.102400 0.012800
0.519200 0.102400 0.012800
0.650400 0.102400 0.011200
0.673600 0.102400 0.013600
0.724800 0.102400 0.011200
0.772000 0.102400 0.011200
0.860800 0.102400 0.011200
0.410400 0.103200 0.015200
0.537600 0.103200 0.011200
0.578400 0.103200 0.015200
0.693600 0.103200 0.011200
0.740800 0.103200 0.011200
0.151200 0.104000 0.016800
0.485600 0.104000 0.011200
0.501600 0.104000 0.010400
0.554400 0.104000 0.013600
0.600800 0.104000 0.013600
0.619200 0.104000 0.011200
0.634400 0.104800 0.008800
0.852000 0.125600 0.013600
0.211200 0.126400 0.013600
0.304000 0.126400 0.013600
0.344800 0.126400 0.013600
0.383200 0.126400 0.012800
0.832800 0.126400 0.011200
0.228800 0.127200 0.008800
0.244000 0.127200 0.011200
0.262400 0.127200 0.013600
0.283200 0.127200 0.012800
0.325600 0.127200 0.013600
0.486400 0.127200 0.008800
0.794400 0.127200 0.008800
0.807200 0.127200 0.008800
0.820800 0.127200 0.008800
0.366400 0.128000 0.011200
0.400000 0.128000 0.011200
0.452800 0.128000 0.016000
0.460000 0.128000 0.016800
0.497600 0.128000 0.011200
0.515200 0.128000 0.011200
0.548800 0.128000 0.011200
0.611200 0.128000 0.011200
0.631200 0.128000 0.012000
0.651200 0.128000 0.012000
0.174400 0.128800 0.013600
0.415200 0.128800 0.011200
0.473600 0.128800 0.008800
0.531200 0.128800 0.011200
0.564000 0.128800 0.008800
0.586400 0.128800 0.016000
0.780800 0.128800 0.008000
0.193600 0.129600 0.011200
0.428800 0.129600 0.019200
0.439200 0.129600 0.016800
0.594400 0.129600 0.013600
0.727200 0.129600 0.011200
0.745600 0.129600 0.012800
0.767200 0.129600 0.011200
0.574400 0.130400 0.005600
0.677600 0.130400 0.013600
0.696000 0.130400 0.011200
0.711200 0.130400 0.011200
0.149600 0.132800 0.015200
0.820800 0.151200 0.011200
0.837600 0.151200 0.008800
0.718400 0.152000 0.012000
0.756800 0.152000 0.013600
0.781600 0.152000 0.011200
0.678400 0.152800 0.010400
0.797600 0.152800 0.016000
0.808000 0.152800 0.005600
0.852000 0.152800 0.013600
0.500800 0.153600 0.019200
0.631200 0.153600 0.013600
0.697600 0.153600 0.011200
0.348800 0.154400 0.008800
0.368000 0.154400 0.012800
0.386400 0.154400 0.011200
0.586400 0.154400 0.012800
0.662400 0.154400 0.011200
0.489600 0.155200 0.016800
0.533600 0.155200 0.011200
0.549600 0.155200 0.011200
0.649600 0.155200 0.008800
0.737600 0.155200 0.011200
0.192000 0.156000 0.008800
0.268800 0.156000 0.008800
0.286400 0.156000 0.013600
0.402400 0.156000 0.011200
0.416000 0.156000 0.008800
0.432000 0.156000 0.011200
0.452000 0.156000 0.012800
0.603200 0.156000 0.012800
0.203200 0.156800 0.016800
0.217600 0.156800 0.011200
0.295200 0.156800 0.016800
0.325600 0.156800 0.016800
0.337600 0.156800 0.017600
0.518400 0.156800 0.011200
0.565600 0.156800 0.012800
0.178400 0.157600 0.011200
0.228800 0.157600 0.005600
0.255200 0.157600 0.011200
0.306400 0.157600 0.014400
0.240000 0.158400 0.008800
0.472000 0.158400 0.011200
0.146400 0.159200 0.016800
0.158400 0.159200 0.013600
0.698400 0.175200 0.013600
0.776000 0.175200 0.013600
0.854400 0.175200 0.013600
0.809600 0.176000 0.011200
0.628800 0.176800 0.008800
0.638400 0.176800 0.016000
0.716000 0.176800 0.011200
0.792000 0.176800 0.010400
0.840000 0.176800 0.011200
0.653600 0.177600 0.011200
0.676000 0.177600 0.013600
0.736000 0.177600 0.012800
0.755200 0.177600 0.011200
0.824000 0.177600 0.010400
0.596800 0.178400 0.011200
0.616000 0.178400 0.011200
0.579200 0.179200 0.013600
0.303200 0.180800 0.013600
0.363200 0.180800 0.011200
0.503200 0.180800 0.011200
0.552800 0.180800 0.011200
0.380000 0.181600 0.011200
0.395200 0.181600 0.011200
0.431200 0.181600 0.012800
0.450400 0.181600 0.011200
0.536800 0.181600 0.011200
0.286400 0.182400 0.011200
0.324800 0.182400 0.011200
0.413600 0.182400 0.013600
0.520000 0.182400 0.011200
0.165600 0.183200 0.012800
0.202400 0.183200 0.010400
0.344000 0.183200 0.012800
0.487200 0.183200 0.011200
0.150400 0.184000 0.013600
0.185600 0.184000 0.011200
0.249600 0.184000 0.013600
0.271200 0.184000 0.011200
0.470400 0.184000 0.012800
0.219200 0.184800 0.011200
0.234400 0.184800 0.011200
0.830400 0.205600 0.013600
0.784000 0.206400 0.016000
0.802400 0.206400 0.011200
0.849600 0.206400 0.013600
0.814400 0.207200 0.008000
0.684800 0.208000 0.019200
0.761600 0.208000 0.013600
0.568800 0.208800 0.013600
0.627200 0.208800 0.008800
0.667200 0.209600 0.012800
0.363200 0.210400 0.009600
0.588000 0.210400 0.013600
0.607200 0.210400 0.013600
0.638400 0.210400 0.008800
0.650400 0.210400 0.008800
0.744000 0.210400 0.011200
0.150400 0.211200 0.016800
0.210400 0.211200 0.008800
0.226400 0.211200 0.013600
0.248000 0.211200 0.010400
0.284000 0.211200 0.011200
0.303200 0.211200 0.013600
0.323200 0.211200 0.008800
0.348000 0.211200 0.011200
0.444800 0.211200 0.013600
0.529600 0.211200 0.015200
0.164000 0.212000 0.008800
0.180800 0.212000 0.011200
0.196000 0.212000 0.008800
0.232000 0.212000 0.013600
0.266400 0.212000 0.011200
0.332800 0.212000 0.008800
0.380000 0.212000 0.012000
0.481600 0.212000 0.011200
0.494400 0.212000 0.009600
0.548800 0.212000 0.011200
0.698400 0.212000 0.008800
0.397600 0.212800 0.011200
0.465600 0.212800 0.011200
0.507200 0.212800 0.008800
0.723200 0.212800 0.019200
0.425600 0.213600 0.008800
0.412800 0.214400 0.008800
0.710400 0.214400 0.008800
0.212000 0.234400 0.014400
0.313600 0.234400 0.015200
0.172000 0.235200 0.012000
0.192800 0.235200 0.012800
0.218400 0.236000 0.016800
0.232800 0.236000 0.010400
0.150400 0.236800 0.013600
0.264000 0.236800 0.011200
0.278400 0.236800 0.012800
0.297600 0.236800 0.011200
0.536800 0.236800 0.013600
0.700000 0.236800 0.011200
0.848800 0.236800 0.021600
0.860000 0.236800 0.020000
0.247200 0.237600 0.011200
0.478400 0.237600 0.013600
0.516800 0.237600 0.013600
0.677600 0.237600 0.015200
0.798400 0.237600 0.016800
0.832800 0.237600 0.019200
0.337600 0.238400 0.012800
0.711200 0.238400 0.011200
0.820800 0.238400 0.019200
0.441600 0.239200 0.011200
0.496000 0.239200 0.011200
0.622400 0.239200 0.012000
0.660000 0.239200 0.011200
0.729600 0.239200 0.012800
0.783200 0.239200 0.019200
0.358400 0.240000 0.012800
0.394400 0.240000 0.012800
0.556800 0.240000 0.016800
0.564800 0.240000 0.016000
0.592000 0.240000 0.008800
0.604800 0.240000 0.008800
0.746400 0.240000 0.011200
0.759200 0.240000 0.010400
0.773600 0.240000 0.019200
0.808000 0.240000 0.019200
0.375200 0.240800 0.011200
0.414400 0.240800 0.011200
0.424800 0.240800 0.013600
0.458400 0.240800 0.011200
0.580800 0.240800 0.008800
0.640800 0.241600 0.013600
0.176800 0.259200 0.013600
0.164800 0.260000 0.011200
0.192000 0.261600 0.011200
0.278400 0.261600 0.012000
0.148000 0.262400 0.012800
0.213600 0.262400 0.005600
0.260000 0.262400 0.011200
0.205600 0.263200 0.013600
0.230400 0.264000 0.011200
0.244800 0.264800 0.008800
0.295200 0.264800 0.008800
0.530400 0.264800 0.008800
0.728800 0.264800 0.013600
0.848000 0.264800 0.011200
0.326400 0.265600 0.008800
0.340800 0.265600 0.011200
0.352800 0.265600 0.013600
0.692800 0.265600 0.011200
0.722400 0.265600 0.016800
0.311200 0.266400 0.011200
0.415200 0.266400 0.011200
0.518400 0.266400 0.008800
0.625600 0.266400 0.012000
0.708800 0.266400 0.011200
0.431200 0.267200 0.011200
0.444800 0.267200 0.008800
0.461600 0.267200 0.011200
0.504800 0.267200 0.005600
0.544800 0.267200 0.008800
0.608000 0.267200 0.011200
0.642400 0.267200 0.010400
0.676800 0.267200 0.008800
0.744000 0.267200 0.011200
0.763200 0.267200 0.012800
0.781600 0.267200 0.011200
0.372000 0.268000 0.011200
0.388800 0.268000 0.016800
0.400800 0.268000 0.011200
0.494400 0.268000 0.008800
0.556000 0.268000 0.016800
0.576000 0.268000 0.016800
0.596800 0.268000 0.016800
0.661600 0.268000 0.012000
0.798400 0.268000 0.011200
0.832000 0.268000 0.011200
0.479200 0.269600 0.011200
0.816000 0.269600 0.011200
0.860000 0.269600 0.019200
0.208800 0.288000 0.016000
0.145600 0.289600 0.018400
0.156800 0.289600 0.008800
0.181600 0.289600 0.004800
0.171200 0.290400 0.008800
0.192000 0.290400 0.008800
0.233600 0.290400 0.011200
0.251200 0.292000 0.012800
0.272000 0.292800 0.013600
0.623200 0.292800 0.011200
0.643200 0.292800 0.012800
0.693600 0.292800 0.008800
0.290400 0.293600 0.011200
0.348800 0.293600 0.013600
0.428000 0.293600 0.012000
0.525600 0.293600 0.008800
0.554400 0.293600 0.012800
0.572000 0.293600 0.011200
0.705600 0.293600 0.008800
0.328000 0.294400 0.012800
0.445600 0.294400 0.011200
0.459200 0.294400 0.008800
0.472000 0.294400 0.008800
0.507200 0.294400 0.012800
0.536000 0.294400 0.016800
0.605600 0.294400 0.011200
0.660800 0.294400 0.011200
0.678400 0.294400 0.011200
0.735200 0.294400 0.011200
0.757600 0.294400 0.015200
0.780000 0.294400 0.011200
0.309600 0.295200 0.012800
0.367200 0.295200 0.011200
0.385600 0.295200 0.011200
0.408000 0.295200 0.013600
0.719200 0.295200 0.008800
0.840800 0.295200 0.011200
0.860000 0.295200 0.015200
0.588000 0.296000 0.011200
0.800000 0.296000 0.013600
0.822400 0.296000 0.012800
0.481600 0.296800 0.005600
0.491200 0.296800 0.013600
0.140800 0.318400 0.013600
0.156000 0.318400 0.008800
0.168000 0.318400 0.008800
0.180000 0.318400 0.007200
0.188800 0.318400 0.008800
0.202400 0.318400 0.008800
0.230400 0.318400 0.013600
0.512000 0.318400 0.012800
0.216800 0.319200 0.009600
0.620000 0.319200 0.014400
0.640000 0.319200 0.011200
0.677600 0.319200 0.011200
0.690400 0.319200 0.007200
0.252000 0.320000 0.013600
0.270400 0.320000 0.011200
0.396800 0.320000 0.013600
0.530400 0.320000 0.011200
0.545600 0.320000 0.012800
0.598400 0.320000 0.011200
0.656800 0.320000 0.011200
0.706400 0.320000 0.011200
0.287200 0.320800 0.011200
0.303200 0.320800 0.010400
0.318400 0.320800 0.011200
0.364800 0.320800 0.016000
0.436000 0.320800 0.013600
0.492800 0.320800 0.011200
0.566400 0.320800 0.011200
0.582400 0.320800 0.011200
0.839200 0.320800 0.007200
0.416000 0.321600 0.011200
0.455200 0.321600 0.011200
0.475200 0.321600 0.012000
0.753600 0.321600 0.013600
0.773600 0.321600 0.012000
0.828000 0.321600 0.005600
0.851200 0.321600 0.011200
0.865600 0.321600 0.013600
0.336800 0.322400 0.014400
0.792800 0.322400 0.013600
0.818400 0.323200 0.015200
0.724800 0.324000 0.015200
0.800800 0.324800 0.016000
0.178400 0.342400 0.008800
0.140800 0.343200 0.016800
0.194400 0.343200 0.010400
0.643200 0.343200 0.011200
0.656800 0.343200 0.011200
0.676000 0.343200 0.011200
0.150400 0.344000 0.008800
0.164800 0.344000 0.008800
0.260800 0.344000 0.005600
0.393600 0.344000 0.011200
0.692000 0.344000 0.011200
0.774400 0.344000 0.011200
0.208800 0.344800 0.008800
0.242400 0.344800 0.014400
0.252000 0.344800 0.013600
0.269600 0.344800 0.013600
0.374400 0.344800 0.011200
0.629600 0.344800 0.016800
0.221600 0.345600 0.008800
0.233600 0.345600 0.008800
0.408800 0.345600 0.008800
0.524800 0.345600 0.012800
0.545600 0.345600 0.012800
0.620800 0.345600 0.016000
0.284800 0.346400 0.011200
0.748800 0.346400 0.009600
0.760000 0.346400 0.007200
0.849600 0.346400 0.011200
0.340000 0.347200 0.012800
0.358400 0.347200 0.010400
0.420000 0.347200 0.008800
0.473600 0.347200 0.011200
0.505600 0.347200 0.010400
0.577600 0.347200 0.013600
0.608800 0.347200 0.005600
0.731200 0.347200 0.011200
0.788800 0.347200 0.008800
0.436800 0.348000 0.011200
0.489600 0.348000 0.010400
0.561600 0.348000 0.010400
0.599200 0.348000 0.008800
0.716000 0.348000 0.011200
0.804800 0.348000 0.010400
0.832000 0.348000 0.011200
0.868000 0.348000 0.016000
0.303200 0.348800 0.012000
0.320000 0.348800 0.011200
0.453600 0.348800 0.012800
0.705600 0.348800 0.018400
0.820000 0.348800 0.008800
0.200000 0.368000 0.011200
0.148000 0.369600 0.012800
0.216800 0.369600 0.011200
0.290400 0.369600 0.008800
0.300800 0.369600 0.005600
0.166400 0.370400 0.010400
0.183200 0.370400 0.011200
0.240000 0.370400 0.013600
0.259200 0.370400 0.011200
0.276000 0.370400 0.011200
0.320000 0.370400 0.013600
0.766400 0.370400 0.013600
0.791200 0.370400 0.013600
0.811200 0.370400 0.011200
0.854400 0.370400 0.014400
0.588000 0.371200 0.010400
0.638400 0.371200 0.011200
0.654400 0.371200 0.011200
0.674400 0.371200 0.013600
0.680000 0.371200 0.016800
0.692800 0.371200 0.008800
0.732800 0.371200 0.011200
0.828000 0.371200 0.013600
0.427200 0.372000 0.012000
0.515200 0.372000 0.013600
0.525600 0.372000 0.013600
0.545600 0.372000 0.011200
0.569600 0.372000 0.015200
0.493600 0.372800 0.012800
0.604000 0.372800 0.011200
0.622400 0.372800 0.011200
0.714400 0.372800 0.013600
0.337600 0.373600 0.012800
0.372800 0.373600 0.012800
0.408800 0.373600 0.011200
0.445600 0.373600 0.011200
0.746400 0.373600 0.013600
0.391200 0.374400 0.008800
0.464000 0.374400 0.011200
0.479200 0.374400 0.008800
0.356800 0.375200 0.013600
0.173600 0.392800 0.014400
0.216000 0.393600 0.013600
0.197600 0.394400 0.011200
0.238400 0.394400 0.011200
0.155200 0.395200 0.015200
0.256800 0.395200 0.008800
0.796000 0.395200 0.014400
0.837600 0.395200 0.015200
0.144000 0.396000 0.016800
0.268000 0.396000 0.007200
0.316800 0.396000 0.012800
0.417600 0.396000 0.011200
0.508000 0.396000 0.013600
0.845600 0.396000 0.016000
0.865600 0.396000 0.014400
0.284000 0.396800 0.011200
0.298400 0.396800 0.011200
0.340000 0.396800 0.013600
0.607200 0.396800 0.011200
0.820000 0.396800 0.012000
0.402400 0.397600 0.008800
0.441600 0.397600 0.015200
0.487200 0.397600 0.013600
0.642400 0.397600 0.012800
0.774400 0.397600 0.012800
0.361600 0.398400 0.011200
0.384000 0.398400 0.012800
0.532800 0.398400 0.012800
0.548000 0.398400 0.011200
0.561600 0.398400 0.008800
0.572800 0.398400 0.011200
0.588800 0.398400 0.011200
0.599200 0.398400 0.005600
0.622400 0.398400 0.010400
0.664800 0.398400 0.013600
0.688800 0.398400 0.016800
0.755200 0.398400 0.010400
0.482400 0.399200 0.013600
0.699200 0.399200 0.008800
0.738400 0.399200 0.012000
0.463200 0.400000 0.011200
0.719200 0.400000 0.014400
0.172000 0.418400 0.013600
0.195200 0.419200 0.011200
0.212000 0.419200 0.011200
0.232000 0.420000 0.012800
0.251200 0.420000 0.010400
0.293600 0.420000 0.012800
0.431200 0.420000 0.010400
0.607200 0.420000 0.010400
0.622400 0.420000 0.011200
0.147200 0.420800 0.014400
0.316800 0.420800 0.012800
0.350400 0.420800 0.010400
0.415200 0.420800 0.009600
0.471200 0.420800 0.012800
0.532000 0.420800 0.013600
0.591200 0.420800 0.009600
0.269600 0.421600 0.012800
0.336000 0.421600 0.011200
0.367200 0.421600 0.011200
0.384000 0.421600 0.011200
0.400800 0.421600 0.008800
0.448000 0.421600 0.012800
0.493600 0.421600 0.011200
0.512000 0.421600 0.012800
0.557600 0.421600 0.011200
0.577600 0.421600 0.011200
0.640000 0.421600 0.011200
0.652800 0.421600 0.011200
0.672000 0.421600 0.012800
0.540800 0.422400 0.013600
0.695200 0.422400 0.012800
0.886400 0.422400 0.005600
0.894400 0.422400 0.012800
0.898400 0.422400 0.009600
0.876800 0.423200 0.008800
0.716000 0.424000 0.011200
0.760000 0.424000 0.012800
0.780800 0.424000 0.011200
0.798400 0.424000 0.011200
0.832000 0.424000 0.011200
0.848000 0.424000 0.010400
0.863200 0.424000 0.011200
0.737600 0.424800 0.012800
0.817600 0.424800 0.011200
0.163200 0.441600 0.012800
0.210400 0.441600 0.013600
0.193600 0.442400 0.011200
0.250400 0.442400 0.013600
0.292000 0.442400 0.009600
0.179200 0.443200 0.011200
0.230400 0.443200 0.011200
0.272000 0.443200 0.013600
0.304800 0.443200 0.007200
0.316800 0.443200 0.016000
0.628000 0.443200 0.011200
0.672800 0.443200 0.011200
0.280800 0.444000 0.008800
0.340800 0.444000 0.009600
0.450400 0.444000 0.011200
0.545600 0.444000 0.012000
0.638400 0.444000 0.011200
0.656000 0.444000 0.011200
0.144000 0.444800 0.012800
0.325600 0.444800 0.016000
0.412800 0.444800 0.008800
0.429600 0.444800 0.012800
0.564000 0.444800 0.011200
0.587200 0.444800 0.013600
0.610400 0.444800 0.011200
0.693600 0.444800 0.013600
0.871200 0.444800 0.008800
0.356000 0.445600 0.011200
0.374400 0.445600 0.012000
0.485600 0.445600 0.010400
0.844000 0.445600 0.011200
0.517600 0.446400 0.008800
0.530400 0.446400 0.008800
0.595200 0.446400 0.013600
0.805600 0.446400 0.008800
0.830400 0.446400 0.011200
0.395200 0.447200 0.012800
0.460800 0.447200 0.008800
0.472000 0.447200 0.008800
0.756800 0.447200 0.013600
0.766400 0.447200 0.007200
0.796000 0.447200 0.013600
0.815200 0.447200 0.008800
0.860800 0.447200 0.013600
0.502400 0.448000 0.012800
0.718400 0.448000 0.013600
0.780000 0.448000 0.011200
0.740000 0.448800 0.011200
0.299200 0.466400 0.008800
0.215200 0.467200 0.011200
0.284000 0.467200 0.011200
0.230400 0.468000 0.009600
0.259200 0.468000 0.013600
0.267200 0.468000 0.013600
0.309600 0.468000 0.008800
0.324000 0.468000 0.009600
0.192000 0.468800 0.008800
0.201600 0.468800 0.008800
0.244000 0.468800 0.008800
0.341600 0.468800 0.012000
0.456800 0.468800 0.011200
0.640000 0.468800 0.008800
0.672000 0.468800 0.013600
0.180000 0.469600 0.008000
0.613600 0.469600 0.011200
0.653600 0.469600 0.011200
0.837600 0.469600 0.012800
0.863200 0.469600 0.016000
0.144800 0.470400 0.013600
0.161600 0.470400 0.013600
0.168800 0.470400 0.016800
0.491200 0.470400 0.016000
0.553600 0.470400 0.011200
0.571200 0.470400 0.011200
0.584000 0.470400 0.008800
0.597600 0.470400 0.011200
0.628800 0.470400 0.008800
0.756800 0.470400 0.011200
0.805600 0.470400 0.008800
0.820000 0.470400 0.010400
0.360800 0.471200 0.011200
0.374400 0.471200 0.008800
0.428800 0.471200 0.011200
0.444000 0.471200 0.011200
0.470400 0.471200 0.013600
0.528000 0.471200 0.010400
0.541600 0.471200 0.007200
0.697600 0.471200 0.013600
0.724800 0.471200 0.012800
0.402400 0.472000 0.011200
0.408800 0.472000 0.010400
0.739200 0.472000 0.008000
0.776000 0.472000 0.011200
0.476800 0.472800 0.012800
0.500000 0.472800 0.017600
0.513600 0.472800 0.008800
0.792800 0.472800 0.008800
0.387200 0.473600 0.011200
0.257600 0.489600 0.011200
0.277600 0.489600 0.011200
0.296000 0.489600 0.012800
0.233600 0.490400 0.013600
0.200000 0.492000 0.011200
0.216800 0.492000 0.009600
0.316000 0.492000 0.010400
0.333600 0.492800 0.011200
0.352000 0.492800 0.012000
0.871200 0.492800 0.013600
0.141600 0.493600 0.012800
0.157600 0.493600 0.011200
0.180000 0.494400 0.015200
0.456000 0.494400 0.016000
0.774400 0.494400 0.011200
0.850400 0.494400 0.013600
0.372800 0.495200 0.011200
0.397600 0.495200 0.011200
0.660800 0.495200 0.007200
0.672000 0.495200 0.008800
0.688000 0.495200 0.013600
0.708000 0.495200 0.008800
0.736000 0.495200 0.011200
0.755200 0.495200 0.011200
0.411200 0.496000 0.013600
0.419200 0.496000 0.013600
0.428000 0.496000 0.005600
0.464000 0.496000 0.013600
0.481600 0.496000 0.012800
0.546400 0.496000 0.012800
0.564800 0.496000 0.011200
0.636800 0.496000 0.011200
0.649600 0.496000 0.008000
0.696800 0.496000 0.008800
0.721600 0.496000 0.008800
0.806400 0.496000 0.011200
0.827200 0.496000 0.012800
0.443200 0.496800 0.011200
0.506400 0.496800 0.012000
0.614400 0.496800 0.013600
0.789600 0.496800 0.011200
0.526400 0.497600 0.011200
0.584000 0.497600 0.011200
0.599200 0.497600 0.008800
0.210400 0.513600 0.012800
0.228800 0.514400 0.010400
0.334400 0.514400 0.013600
0.248000 0.515200 0.015200
0.257600 0.515200 0.018400
0.270400 0.515200 0.008800
0.340800 0.515200 0.013600
0.280800 0.516000 0.008800
0.293600 0.516000 0.008800
0.164000 0.516800 0.012800
0.180800 0.516800 0.008800
0.190400 0.516800 0.013600
0.307200 0.516800 0.008800
0.319200 0.516800 0.008800
0.356800 0.516800 0.011200
0.397600 0.516800 0.012000
0.418400 0.516800 0.013600
0.540800 0.516800 0.007200
0.692000 0.516800 0.013600
0.743200 0.516800 0.013600
0.376800 0.517600 0.012000
0.443200 0.517600 0.010400
0.456800 0.517600 0.010400
0.474400 0.517600 0.011200
0.526400 0.517600 0.011200
0.664800 0.517600 0.011200
0.676000 0.517600 0.011200
0.720800 0.517600 0.013600
0.784000 0.517600 0.011200
0.871200 0.517600 0.005600
0.511200 0.518400 0.010400
0.556000 0.518400 0.012000
0.564000 0.518400 0.016800
0.588000 0.518400 0.008800
0.699200 0.518400 0.013600
0.802400 0.518400 0.009600
0.819200 0.518400 0.011200
0.840000 0.518400 0.012800
0.859200 0.518400 0.011200
0.575200 0.519200 0.008800
0.630400 0.519200 0.009600
0.646400 0.519200 0.011200
0.764800 0.519200 0.013600
0.144000 0.520000 0.013600
0.494400 0.520000 0.011200
0.609600 0.520000 0.013600
0.882400 0.520000 0.016800
0.198400 0.540000 0.015200
0.259200 0.540000 0.011200
0.447200 0.540000 0.015200
0.220800 0.540800 0.011200
0.270400 0.540800 0.018400
0.516000 0.540800 0.011200
0.648000 0.540800 0.013600
0.724800 0.540800 0.016800
0.241600 0.541600 0.012800
0.291200 0.541600 0.013600
0.314400 0.541600 0.013600
0.360000 0.541600 0.012800
0.380800 0.541600 0.011200
0.422400 0.541600 0.015200
0.496800 0.541600 0.012000
0.543200 0.541600 0.016800
0.699200 0.541600 0.016000
0.756000 0.541600 0.012800
0.399200 0.542400 0.011200
0.566400 0.542400 0.013600
0.580800 0.542400 0.011200
0.600800 0.542400 0.013600
0.620000 0.542400 0.013600
0.628800 0.542400 0.013600
0.772800 0.542400 0.011200
0.143200 0.543200 0.013600
0.177600 0.543200 0.013600
0.339200 0.543200 0.013600
0.470400 0.543200 0.013600
0.670400 0.543200 0.013600
0.791200 0.543200 0.022400
0.802400 0.543200 0.016800
0.840000 0.543200 0.008800
0.852800 0.543200 0.011200
0.160800 0.544000 0.011200
0.822400 0.544800 0.012800
0.868800 0.544800 0.021600
0.905600 0.552000 0.025600
0.919200 0.552800 0.031200
