0.148000 0.037600 0.028000
0.166400 0.039200 0.011200
0.856000 0.039200 0.020800
0.185600 0.040000 0.011200
0.200000 0.040800 0.008800
0.216000 0.040800 0.013600
0.419200 0.076000 0.016800
0.053600 0.076800 0.004000
0.400800 0.076800 0.011200
0.790400 0.077600 0.008800
0.822400 0.077600 0.011200
0.857600 0.077600 0.013600
0.383200 0.078400 0.011200
0.608800 0.078400 0.013600
0.724000 0.078400 0.013600
0.741600 0.078400 0.011200
0.759200 0.078400 0.012800
0.776000 0.078400 0.008800
0.806400 0.078400 0.011200
0.121600 0.079200 0.024000
0.189600 0.079200 0.013600
0.328000 0.079200 0.013600
0.362400 0.079200 0.013600
0.690400 0.079200 0.011200
0.706400 0.079200 0.008800
0.837600 0.079200 0.011200
0.041600 0.080000 0.016000
0.065600 0.080000 0.016800
0.076000 0.080000 0.020000
0.136800 0.080000 0.009600
0.204800 0.080000 0.013600
0.444000 0.080000 0.019200
0.150400 0.080800 0.008800
0.223200 0.080800 0.012800
0.241600 0.080800 0.011200
0.260800 0.080800 0.011200
0.280000 0.080800 0.013600
0.460000 0.080800 0.019200
0.573600 0.080800 0.011200
0.304800 0.081600 0.013600
0.344800 0.081600 0.008800
0.468000 0.081600 0.016800
0.590400 0.081600 0.011200
0.632800 0.081600 0.016000
0.653600 0.081600 0.013600
0.672000 0.081600 0.011200
0.876000 0.081600 0.016800
0.487200 0.082400 0.015200
0.527200 0.082400 0.011200
0.543200 0.082400 0.011200
0.164000 0.083200 0.020000
0.175200 0.083200 0.019200
0.508800 0.083200 0.011200
0.558400 0.083200 0.008800
0.045600 0.104800 0.014400
0.240000 0.108800 0.014400
0.330400 0.108800 0.008800
0.391200 0.108800 0.011200
0.778400 0.108800 0.011200
0.195200 0.109600 0.013600
0.302400 0.109600 0.011200
0.406400 0.109600 0.011200
0.804800 0.109600 0.005600
0.830400 0.109600 0.011200
0.374400 0.110400 0.008800
0.648800 0.110400 0.016800
0.720000 0.110400 0.011200
0.847200 0.110400 0.012800
0.219200 0.111200 0.013600
0.262400 0.111200 0.012800
0.284800 0.111200 0.016000
0.317600 0.111200 0.008800
0.357600 0.111200 0.011200
0.448000 0.111200 0.008800
0.464000 0.111200 0.012000
0.480000 0.111200 0.008800
0.491200 0.111200 0.008800
0.615200 0.111200 0.009600
0.668800 0.111200 0.008800
0.695200 0.111200 0.016800
0.738400 0.111200 0.011200
0.754400 0.111200 0.016800
0.764000 0.111200 0.008800
0.793600 0.111200 0.008800
0.816000 0.111200 0.008800
0.340000 0.112000 0.016000
0.423200 0.112000 0.008800
0.437600 0.112000 0.008800
0.509600 0.112000 0.013600
0.532800 0.112000 0.013600
0.554400 0.112000 0.011200
0.600800 0.112000 0.011200
0.628000 0.112000 0.005600
0.635200 0.112000 0.005600
0.678400 0.112000 0.016000
0.706400 0.112000 0.008800
0.868800 0.112000 0.016800
0.119200 0.112800 0.013600
0.148000 0.112800 0.008800
0.179200 0.112800 0.011200
0.570400 0.112800 0.008800
0.584000 0.112800 0.011200
0.136000 0.113600 0.008800
0.163200 0.114400 0.011200
0.327200 0.136800 0.011200
0.348000 0.138400 0.013600
0.368000 0.138400 0.014400
0.546400 0.138400 0.013600
0.819200 0.138400 0.016800
0.839200 0.138400 0.014400
0.310400 0.139200 0.011200
0.434400 0.139200 0.013600
0.450400 0.139200 0.010400
0.689600 0.139200 0.007200
0.709600 0.139200 0.014400
0.794400 0.139200 0.012000
0.811200 0.139200 0.016800
0.679200 0.140000 0.016800
0.732000 0.140000 0.016000
0.773600 0.140000 0.013600
0.867200 0.140000 0.016800
0.280000 0.140800 0.010400
0.295200 0.140800 0.008800
0.390400 0.140800 0.011200
0.464800 0.140800 0.008800
0.481600 0.140800 0.011200
0.753600 0.140800 0.013600
0.194400 0.141600 0.011200
0.264800 0.141600 0.010400
0.499200 0.141600 0.013600
0.629600 0.141600 0.011200
0.646400 0.141600 0.011200
0.663200 0.141600 0.011200
0.408800 0.142400 0.015200
0.611200 0.142400 0.013600
0.179200 0.143200 0.007200
0.230400 0.143200 0.012800
0.567200 0.143200 0.011200
0.586400 0.143200 0.014400
0.168000 0.144000 0.008800
0.211200 0.144000 0.011200
0.249600 0.144000 0.010400
0.521600 0.144000 0.016800
0.136000 0.144800 0.011200
0.152000 0.144800 0.011200
0.120800 0.146400 0.022400
0.843200 0.169600 0.016000
0.660800 0.170400 0.011200
0.676800 0.170400 0.011200
0.528800 0.171200 0.016000
0.556000 0.171200 0.011200
0.712000 0.171200 0.010400
0.864000 0.171200 0.013600
0.315200 0.172000 0.013600
0.337600 0.172000 0.013600
0.377600 0.172000 0.013600
0.400800 0.172000 0.013600
0.417600 0.172000 0.013600
0.438400 0.172000 0.011200
0.452800 0.172000 0.008800
0.645600 0.172000 0.011200
0.696800 0.172000 0.012000
0.820000 0.172000 0.013600
0.296000 0.172800 0.011200
0.358400 0.172800 0.013600
0.509600 0.172800 0.011200
0.572800 0.172800 0.011200
0.802400 0.172800 0.011200
0.241600 0.173600 0.008800
0.277600 0.173600 0.013600
0.468000 0.173600 0.011200
0.484000 0.173600 0.019200
0.595200 0.173600 0.016000
0.616000 0.173600 0.011200
0.631200 0.173600 0.008800
0.728800 0.173600 0.011200
0.744000 0.173600 0.011200
0.786400 0.173600 0.011200
0.166400 0.174400 0.013600
0.208000 0.174400 0.012800
0.227200 0.174400 0.011200
0.256000 0.174400 0.013600
0.768800 0.174400 0.015200
0.124000 0.175200 0.016800
0.189600 0.175200 0.016000
0.147200 0.176000 0.012800
0.868800 0.199200 0.016800
0.840800 0.200000 0.016800
0.850400 0.200800 0.016800
0.192000 0.201600 0.016000
0.373600 0.201600 0.008800
0.385600 0.201600 0.008800
0.456000 0.201600 0.015200
0.288800 0.202400 0.019200
0.397600 0.202400 0.007200
0.545600 0.202400 0.024000
0.552000 0.202400 0.022400
0.717600 0.202400 0.013600
0.737600 0.202400 0.013600
0.801600 0.202400 0.011200
0.821600 0.202400 0.013600
0.220800 0.203200 0.016800
0.241600 0.203200 0.015200
0.353600 0.203200 0.015200
0.360000 0.203200 0.016800
0.407200 0.203200 0.007200
0.420000 0.203200 0.011200
0.512800 0.203200 0.012800
0.529600 0.203200 0.011200
0.567200 0.203200 0.011200
0.661600 0.203200 0.013600
0.697600 0.203200 0.013600
0.174400 0.204000 0.008800
0.259200 0.204000 0.011200
0.296800 0.204000 0.016800
0.315200 0.204000 0.012800
0.335200 0.204000 0.012800
0.436800 0.204000 0.012800
0.478400 0.204000 0.011200
0.494400 0.204000 0.011200
0.582400 0.204000 0.011200
0.621600 0.204000 0.011200
0.680000 0.204000 0.011200
0.760800 0.204000 0.015200
0.784000 0.204000 0.012800
0.143200 0.204800 0.016800
0.148800 0.204800 0.019200
0.638400 0.204800 0.011200
0.128000 0.205600 0.005600
0.164000 0.205600 0.008800
0.201600 0.205600 0.019200
0.272800 0.205600 0.011200
0.601600 0.205600 0.013600
0.120000 0.207200 0.015200
0.861600 0.228800 0.022400
0.831200 0.229600 0.011200
0.845600 0.229600 0.011200
0.867200 0.229600 0.016000
0.815200 0.230400 0.011200
0.378400 0.232800 0.016800
0.774400 0.232800 0.018400
0.799200 0.232800 0.008800
0.784000 0.233600 0.019200
0.183200 0.234400 0.018400
0.420800 0.234400 0.013600
0.162400 0.235200 0.013600
0.319200 0.235200 0.008800
0.361600 0.235200 0.009600
0.401600 0.235200 0.012800
0.714400 0.235200 0.016000
0.736800 0.235200 0.013600
0.757600 0.235200 0.013600
0.283200 0.236000 0.011200
0.300800 0.236000 0.013600
0.455200 0.236000 0.004800
0.465600 0.236000 0.013600
0.484000 0.236000 0.013600
0.632800 0.236000 0.013600
0.652800 0.236000 0.012800
0.671200 0.236000 0.011200
0.690400 0.236000 0.013600
0.120000 0.236800 0.016800
0.140800 0.236800 0.013600
0.196800 0.236800 0.005600
0.219200 0.236800 0.011200
0.304800 0.236800 0.013600
0.332000 0.236800 0.011200
0.347200 0.236800 0.009600
0.444000 0.236800 0.015200
0.504000 0.236800 0.016800
0.613600 0.236800 0.011200
0.205600 0.237600 0.005600
0.511200 0.237600 0.016800
0.572800 0.237600 0.015200
0.594400 0.237600 0.013600
0.239200 0.238400 0.012800
0.547200 0.238400 0.013600
0.258400 0.239200 0.016800
0.528800 0.240000 0.011200
0.828000 0.260800 0.012000
0.846400 0.260800 0.013600
0.868000 0.261600 0.016000
0.698400 0.263200 0.012800
0.750400 0.263200 0.013600
0.776000 0.263200 0.016000
0.812000 0.263200 0.008800
0.680000 0.264000 0.013600
0.798400 0.264000 0.013600
0.607200 0.264800 0.014400
0.630400 0.264800 0.013600
0.661600 0.264800 0.011200
0.719200 0.264800 0.013600
0.540000 0.265600 0.016000
0.644800 0.265600 0.011200
0.731200 0.265600 0.011200
0.586400 0.266400 0.013600
0.124000 0.267200 0.016800
0.312000 0.267200 0.019200
0.424000 0.267200 0.011200
0.466400 0.267200 0.016000
0.490400 0.267200 0.015200
0.513600 0.267200 0.013600
0.562400 0.267200 0.013600
0.220800 0.268000 0.015200
0.240000 0.268000 0.013600
0.340000 0.268000 0.013600
0.359200 0.268000 0.013600
0.277600 0.268800 0.013600
0.293600 0.268800 0.011200
0.408000 0.268800 0.011200
0.440800 0.268800 0.012800
0.158400 0.269600 0.016800
0.182400 0.269600 0.012800
0.199200 0.269600 0.013600
0.259200 0.269600 0.013600
0.387200 0.269600 0.016800
0.142400 0.270400 0.011200
0.844000 0.291200 0.015200
0.866400 0.292800 0.014400
0.799200 0.294400 0.012800
0.820000 0.294400 0.013600
0.729600 0.295200 0.013600
0.752000 0.295200 0.013600
0.436800 0.296000 0.011200
0.456000 0.296800 0.013600
0.500800 0.296800 0.011200
0.516000 0.296800 0.008800
0.663200 0.296800 0.011200
0.677600 0.296800 0.010400
0.710400 0.296800 0.011200
0.381600 0.297600 0.013600
0.475200 0.297600 0.016800
0.486400 0.297600 0.005600
0.612000 0.297600 0.008800
0.643200 0.297600 0.013600
0.693600 0.297600 0.011200
0.779200 0.297600 0.016800
0.232000 0.298400 0.013600
0.402400 0.298400 0.011200
0.566400 0.298400 0.013600
0.580800 0.298400 0.008800
0.596000 0.298400 0.011200
0.624800 0.298400 0.008800
0.148800 0.299200 0.013600
0.356000 0.299200 0.013600
0.420000 0.299200 0.011200
0.525600 0.299200 0.016800
0.544800 0.299200 0.013600
0.128000 0.300000 0.016800
0.169600 0.300000 0.011200
0.249600 0.300000 0.011200
0.267200 0.300000 0.012800
0.287200 0.300000 0.011200
0.336000 0.300000 0.011200
0.188800 0.300800 0.013600
0.209600 0.300800 0.013600
0.305600 0.300800 0.012800
0.321600 0.300800 0.008800
0.872800 0.320000 0.019200
0.825600 0.322400 0.022400
0.849600 0.323200 0.012800
0.731200 0.324800 0.013600
0.774400 0.325600 0.013600
0.752800 0.326400 0.013600
0.795200 0.327200 0.011200
0.811200 0.327200 0.011200
0.359200 0.328000 0.013600
0.439200 0.328000 0.013600
0.712000 0.328000 0.013600
0.200800 0.328800 0.013600
0.280800 0.328800 0.013600
0.301600 0.328800 0.013600
0.340000 0.328800 0.012800
0.379200 0.328800 0.016000
0.388000 0.328800 0.017600
0.400000 0.328800 0.008800
0.557600 0.328800 0.013600
0.578400 0.328800 0.011200
0.610400 0.328800 0.011200
0.645600 0.328800 0.011200
0.664000 0.328800 0.013600
0.691200 0.328800 0.016000
0.323200 0.329600 0.013600
0.416800 0.329600 0.013600
0.508800 0.329600 0.013600
0.533600 0.329600 0.015200
0.594400 0.329600 0.011200
0.628000 0.329600 0.011200
0.684800 0.329600 0.016800
0.128800 0.330400 0.019200
0.156800 0.330400 0.005600
0.168800 0.330400 0.011200
0.184800 0.330400 0.011200
0.260000 0.330400 0.012800
0.484000 0.330400 0.015200
0.145600 0.331200 0.008800
0.224000 0.331200 0.011200
0.240800 0.331200 0.011200
0.462400 0.332800 0.015200
0.861600 0.352800 0.015200
0.884800 0.352800 0.016800
0.843200 0.353600 0.008000
0.725600 0.354400 0.016000
0.408000 0.355200 0.013600
0.832000 0.355200 0.008800
0.277600 0.356000 0.008800
0.797600 0.356000 0.012800
0.817600 0.356000 0.011200
0.753600 0.356800 0.016000
0.220800 0.357600 0.015200
0.288800 0.357600 0.016800
0.308800 0.357600 0.013600
0.427200 0.357600 0.011200
0.445600 0.357600 0.013600
0.776000 0.357600 0.013600
0.367200 0.358400 0.013600
0.474400 0.358400 0.016800
0.570400 0.358400 0.014400
0.702400 0.358400 0.015200
0.136800 0.359200 0.019200
0.199200 0.359200 0.013600
0.243200 0.359200 0.011200
0.348000 0.359200 0.013600
0.387200 0.359200 0.013600
0.496800 0.359200 0.013600
0.518400 0.359200 0.013600
0.541600 0.359200 0.015200
0.592000 0.359200 0.013600
0.612000 0.359200 0.011200
0.629600 0.359200 0.012800
0.665600 0.359200 0.022400
0.156800 0.360000 0.012800
0.176800 0.360000 0.013600
0.262400 0.360000 0.011200
0.329600 0.360000 0.013600
0.649600 0.360000 0.016800
0.678400 0.360000 0.016800
0.124800 0.360800 0.021600
0.323200 0.388800 0.013600
0.708800 0.388800 0.019200
0.281600 0.389600 0.008800
0.300800 0.389600 0.013600
0.389600 0.389600 0.011200
0.404800 0.389600 0.011200
0.499200 0.389600 0.009600
0.857600 0.389600 0.013600
0.242400 0.390400 0.008800
0.255200 0.390400 0.008800
0.341600 0.390400 0.011200
0.357600 0.390400 0.011200
0.372800 0.390400 0.008800
0.467200 0.390400 0.012800
0.608800 0.390400 0.007200
0.687200 0.390400 0.013600
0.718400 0.390400 0.022400
0.740000 0.390400 0.013600
0.783200 0.390400 0.015200
0.832800 0.390400 0.015200
0.220800 0.391200 0.016000
0.435200 0.391200 0.011200
0.516000 0.391200 0.011200
0.564800 0.391200 0.011200
0.597600 0.391200 0.008800
0.668000 0.391200 0.011200
0.760800 0.391200 0.013600
0.184000 0.392000 0.011200
0.200800 0.392000 0.011200
0.268800 0.392000 0.008800
0.419200 0.392000 0.011200
0.484000 0.392000 0.011200
0.532800 0.392000 0.011200
0.548000 0.392000 0.011200
0.582400 0.392000 0.011200
0.648800 0.392000 0.013600
0.810400 0.392000 0.019200
0.074400 0.392800 0.030400
0.144800 0.392800 0.012800
0.164000 0.392800 0.013600
0.449600 0.392800 0.008800
0.624800 0.392800 0.013600
0.804800 0.392800 0.019200
0.876800 0.392800 0.016800
0.127200 0.393600 0.022400
0.372800 0.420800 0.011200
0.632800 0.420800 0.013600
0.393600 0.421600 0.013600
0.409600 0.421600 0.011200
0.442400 0.421600 0.013600
0.494400 0.421600 0.007200
0.614400 0.421600 0.013600
0.156000 0.422400 0.013600
0.179200 0.422400 0.013600
0.340800 0.422400 0.016800
0.357600 0.422400 0.011200
0.520000 0.422400 0.011200
0.848800 0.422400 0.004000
0.860000 0.422400 0.019200
0.203200 0.423200 0.015200
0.480800 0.423200 0.012000
0.504800 0.423200 0.008800
0.537600 0.423200 0.012000
0.571200 0.423200 0.011200
0.592800 0.423200 0.013600
0.649600 0.423200 0.011200
0.885600 0.423200 0.019200
0.299200 0.424000 0.013600
0.331200 0.424000 0.020800
0.556000 0.424000 0.011200
0.718400 0.424000 0.007200
0.839200 0.424000 0.015200
0.873600 0.424000 0.008800
0.892000 0.424000 0.016800
0.242400 0.424800 0.013600
0.260000 0.424800 0.012800
0.425600 0.424800 0.011200
0.662400 0.424800 0.019200
0.691200 0.424800 0.016800
0.706400 0.424800 0.009600
0.821600 0.424800 0.013600
0.141600 0.425600 0.008800
0.223200 0.425600 0.013600
0.277600 0.425600 0.013600
0.316800 0.425600 0.011200
0.460800 0.425600 0.011200
0.807200 0.425600 0.008800
0.735200 0.426400 0.013600
0.756000 0.426400 0.013600
0.127200 0.427200 0.020800
0.776000 0.427200 0.013600
0.792800 0.427200 0.011200
0.474400 0.448800 0.013600
0.317600 0.449600 0.008800
0.376800 0.449600 0.011200
0.400000 0.449600 0.013600
0.496000 0.449600 0.011200
0.306400 0.450400 0.013600
0.364000 0.450400 0.008800
0.422400 0.450400 0.013600
0.202400 0.451200 0.011200
0.336000 0.451200 0.011200
0.350400 0.451200 0.008800
0.447200 0.451200 0.014400
0.599200 0.451200 0.014400
0.166400 0.452000 0.013600
0.261600 0.452000 0.012000
0.283200 0.452000 0.013600
0.512800 0.452000 0.008800
0.544000 0.452000 0.012800
0.588800 0.452000 0.004800
0.220000 0.452800 0.011200
0.244800 0.452800 0.008800
0.525600 0.452800 0.008800
0.563200 0.452800 0.011200
0.579200 0.452800 0.015200
0.844800 0.452800 0.013600
0.187200 0.453600 0.011200
0.233600 0.453600 0.008800
0.616000 0.453600 0.013600
0.635200 0.453600 0.013600
0.659200 0.453600 0.013600
0.721600 0.454400 0.011200
0.768800 0.454400 0.012000
0.883200 0.454400 0.016000
0.148800 0.455200 0.012800
0.751200 0.455200 0.016800
0.785600 0.455200 0.011200
0.801600 0.455200 0.013600
0.674400 0.456000 0.008800
0.864000 0.456000 0.013600
0.128000 0.456800 0.013600
0.707200 0.456800 0.008800
0.739200 0.456800 0.019200
0.820800 0.456800 0.015200
0.692000 0.457600 0.011200
0.401600 0.478400 0.013600
0.436800 0.478400 0.011200
0.419200 0.479200 0.012800
0.259200 0.480000 0.012800
0.356000 0.480000 0.011200
0.376000 0.480000 0.016000
0.228000 0.480800 0.007200
0.339200 0.480800 0.012800
0.455200 0.480800 0.013600
0.837600 0.480800 0.016800
0.131200 0.481600 0.016800
0.204000 0.481600 0.007200
0.242400 0.481600 0.011200
0.303200 0.481600 0.012000
0.320000 0.481600 0.011200
0.474400 0.481600 0.012800
0.506400 0.481600 0.013600
0.546400 0.481600 0.012800
0.816000 0.481600 0.013600
0.154400 0.482400 0.013600
0.192800 0.482400 0.008800
0.216800 0.482400 0.008800
0.280800 0.482400 0.015200
0.491200 0.482400 0.011200
0.528800 0.482400 0.012800
0.777600 0.482400 0.011200
0.795200 0.482400 0.011200
0.864000 0.482400 0.013600
0.846400 0.483200 0.016800
0.696800 0.484000 0.012800
0.716000 0.484000 0.011200
0.733600 0.484000 0.012000
0.756000 0.484000 0.014400
0.886400 0.484800 0.013600
0.570400 0.485600 0.013600
0.585600 0.485600 0.008800
0.600000 0.485600 0.010400
0.615200 0.485600 0.010400
0.671200 0.485600 0.013600
0.177600 0.486400 0.011200
0.648000 0.486400 0.013600
0.901600 0.487200 0.024000
0.630400 0.488000 0.008800
0.125600 0.506400 0.008800
0.204800 0.507200 0.015200
0.232000 0.507200 0.015200
0.304800 0.507200 0.011200
0.320800 0.507200 0.013600
0.138400 0.508000 0.011200
0.161600 0.508000 0.005600
0.184000 0.508000 0.011200
0.392000 0.508000 0.016800
0.152800 0.508800 0.008800
0.252000 0.508800 0.015200
0.284000 0.508800 0.016800
0.328800 0.508800 0.016800
0.346400 0.508800 0.020000
0.401600 0.508800 0.016800
0.272000 0.509600 0.016800
0.375200 0.509600 0.012800
0.357600 0.510400 0.022400
0.418400 0.510400 0.012000
0.824000 0.510400 0.011200
0.461600 0.511200 0.016000
0.480000 0.511200 0.014400
0.572000 0.511200 0.019200
0.779200 0.511200 0.008800
0.437600 0.512000 0.011200
0.450400 0.512000 0.005600
0.532000 0.512000 0.008800
0.556800 0.512000 0.011200
0.630400 0.512000 0.011200
0.790400 0.512000 0.019200
0.840000 0.512000 0.011200
0.858400 0.512000 0.012800
0.489600 0.512800 0.005600
0.502400 0.512800 0.011200
0.517600 0.512800 0.011200
0.542400 0.512800 0.008800
0.582400 0.512800 0.018400
0.617600 0.512800 0.010400
0.648000 0.512800 0.011200
0.707200 0.512800 0.011200
0.724000 0.512800 0.013600
0.743200 0.512800 0.014400
0.764800 0.512800 0.011200
0.808000 0.512800 0.011200
0.600000 0.514400 0.012800
0.668000 0.514400 0.013600
0.689600 0.514400 0.013600
0.880800 0.516800 0.019200
